107 212 2878 250
107 464 2878 134
107 606 1435 80
1550 606 1435 80
107 688 71 112
179 688 56 112
236 688 197 112
435 688 55 112
491 688 56 112
548 688 55 112
605 688 55 112
661 688 56 112
718 688 112 112
831 688 186 112
1018 688 524 112
1550 688 74 112
1625 688 56 112
1682 688 197 112
1880 688 56 112
1937 688 55 112
1994 688 55 112
2050 688 56 112
2107 688 56 112
2164 688 112 112
2277 688 186 112
2464 688 521 112
107 801 71 1016
179 801 56 339
236 801 197 339
435 801 55 339
491 801 56 339
548 801 55 339
605 801 55 339
661 801 56 339
718 801 112 339
831 801 186 339
1018 801 524 339
1550 801 74 675
1625 801 56 339
1682 801 197 339
1880 801 56 339
1937 801 55 339
1994 801 55 339
2050 801 56 339
2107 801 56 339
2164 801 112 339
2277 801 186 339
2464 801 521 339
179 1141 56 339
236 1141 197 339
435 1141 55 339
491 1141 56 339
548 1141 55 339
605 1141 55 339
661 1141 56 339
718 1141 112 339
831 1141 186 339
1018 1141 524 339
1625 1141 56 335
1682 1141 197 335
1880 1141 56 335
1937 1141 55 335
1994 1141 55 335
2050 1141 56 335
2107 1141 56 335
2164 1141 112 335
2277 1141 186 335
2464 1141 521 335
179 1481 56 336
236 1481 197 336
435 1481 55 336
491 1481 56 336
548 1481 55 336
605 1481 55 336
661 1481 56 336
718 1481 112 336
831 1481 186 336
1018 1481 524 336
1550 1485 74 332
1625 1485 56 332
1682 1485 197 332
1880 1485 56 332
1937 1485 55 332
1994 1485 55 332
2050 1485 56 332
2107 1485 56 332
2164 1485 112 332
2277 1485 186 332
2464 1485 521 332
107 1825 1435 80
1550 1825 1435 80
107 1906 71 113
179 1906 56 113
236 1906 197 113
435 1906 55 113
491 1906 56 113
548 1906 55 113
605 1906 55 113
661 1906 56 113
718 1906 112 113
831 1906 186 113
1018 1906 524 113
1550 1906 74 113
1625 1906 56 113
1682 1906 197 113
1880 1906 56 113
1937 1906 55 113
1994 1906 55 113
2050 1906 56 113
2107 1906 56 113
2164 1906 112 113
2277 1906 186 113
2464 1906 521 113
107 2020 71 675
179 2020 56 339
236 2020 197 339
435 2020 55 339
491 2020 56 339
548 2020 55 339
605 2020 55 339
661 2020 56 339
718 2020 112 339
831 2020 186 339
1018 2020 524 339
1550 2020 74 675
1625 2020 56 339
1682 2020 197 339
1880 2020 56 339
1937 2020 55 339
1994 2020 55 339
2050 2020 56 339
2107 2020 56 339
2164 2020 112 339
2277 2020 186 339
2464 2020 521 339
179 2360 56 335
236 2360 197 335
435 2360 55 335
491 2360 56 335
548 2360 55 335
605 2360 55 335
661 2360 56 335
718 2360 112 335
831 2360 186 335
1018 2360 524 335
1625 2360 56 335
1682 2360 197 335
1880 2360 56 335
1937 2360 55 335
1994 2360 55 335
2050 2360 56 335
2107 2360 56 335
2164 2360 112 335
2277 2360 186 335
2464 2360 521 335
107 2704 1435 80
1550 2704 1435 80
107 2785 71 112
179 2785 56 112
236 2785 197 112
435 2785 55 112
491 2785 56 112
548 2785 55 112
605 2785 55 112
661 2785 56 112
718 2785 112 112
831 2785 186 112
1018 2785 524 112
1550 2785 74 112
1625 2785 56 112
1682 2785 197 112
1880 2785 56 112
1937 2785 55 112
1994 2785 55 112
2050 2785 56 112
2107 2785 56 112
2164 2785 112 112
2277 2785 186 112
2464 2785 521 112
107 2899 71 675
179 2899 56 339
236 2899 197 339
435 2899 55 339
491 2899 56 339
548 2899 55 339
605 2899 55 339
661 2899 56 339
718 2899 112 339
831 2899 186 339
1018 2899 524 339
1550 2899 74 675
1625 2899 56 339
1682 2899 197 339
1880 2899 56 339
1937 2899 55 339
1994 2899 55 339
2050 2899 56 339
2107 2899 56 339
2164 2899 112 339
2277 2899 186 339
2464 2899 521 339
179 3239 56 335
236 3239 197 335
435 3239 55 335
491 3239 56 335
548 3239 55 335
605 3239 55 335
661 3239 56 335
718 3239 112 335
831 3239 186 335
1018 3239 524 335
1625 3239 56 335
1682 3239 197 335
1880 3239 56 335
1937 3239 55 335
1994 3239 55 335
2050 3239 56 335
2107 3239 56 335
2164 3239 112 335
2277 3239 186 335
2464 3239 521 335
107 3583 71 669
179 3583 56 335
236 3583 197 335
435 3583 55 335
491 3583 56 335
548 3583 55 335
605 3583 55 335
661 3583 56 335
718 3583 112 335
831 3583 186 335
1018 3583 524 335
1550 3583 74 331
1625 3583 56 331
1682 3583 197 331
1880 3583 56 331
1937 3583 55 331
1994 3583 55 331
2050 3583 56 331
2107 3583 56 331
2164 3583 112 331
2277 3583 186 331
2464 3583 521 331
179 3919 56 333
236 3919 197 333
435 3919 55 333
491 3919 56 333
548 3919 55 333
605 3919 55 333
661 3919 56 333
718 3919 112 333
831 3919 186 333
1018 3919 524 333
1550 3923 1435 329
