14 13 2955 214
14 233 2955 218
14 457 2955 69
14 527 48 175
64 527 242 175
308 527 49 175
359 527 49 175
410 527 49 175
461 527 49 175
512 527 49 175
563 527 123 175
687 527 169 175
857 527 630 175
1496 527 52 175
1549 527 242 175
1793 527 50 175
1844 527 50 175
1895 527 50 175
1946 527 50 175
1997 527 50 175
2048 527 123 175
2173 527 168 175
2343 527 626 175
14 703 48 548
64 703 242 548
308 703 49 548
359 703 49 548
410 703 49 548
461 703 49 548
512 703 49 548
563 703 123 548
687 703 169 548
857 703 630 548
1496 703 52 548
1549 703 242 548
1793 703 50 548
1844 703 50 548
1895 703 50 548
1946 703 50 548
1997 703 50 548
2048 703 123 548
2173 703 168 548
2343 703 626 548
14 1252 48 548
64 1252 242 548
308 1252 49 548
359 1252 49 548
410 1252 49 548
461 1252 49 548
512 1252 49 548
563 1252 123 548
687 1252 169 548
857 1252 630 548
1496 1252 52 548
1549 1252 242 548
1793 1252 50 548
1844 1252 50 548
1895 1252 50 548
1946 1252 50 548
1997 1252 50 548
2048 1252 123 548
2173 1252 168 548
2343 1252 626 548
14 1801 48 548
64 1801 242 548
308 1801 49 548
359 1801 49 548
410 1801 49 548
461 1801 49 548
512 1801 49 548
563 1801 123 548
687 1801 169 548
857 1801 630 548
1496 1801 52 548
1549 1801 242 548
1793 1801 50 548
1844 1801 50 548
1895 1801 50 548
1946 1801 50 548
1997 1801 50 548
2048 1801 123 548
2173 1801 168 548
2343 1801 626 548
14 2350 48 548
64 2350 242 548
308 2350 49 548
359 2350 49 548
410 2350 49 548
461 2350 49 548
512 2350 49 548
563 2350 123 548
687 2350 169 548
857 2350 630 548
1496 2350 52 548
1549 2350 242 548
1793 2350 50 548
1844 2350 50 548
1895 2350 50 548
1946 2350 50 548
1997 2350 50 548
2048 2350 123 548
2173 2350 168 548
2343 2350 626 548
14 2899 48 547
64 2899 242 547
308 2899 49 547
359 2899 49 547
410 2899 49 547
461 2899 49 547
512 2899 49 547
563 2899 123 547
687 2899 169 547
857 2899 630 547
1496 2899 1473 547
14 3452 1477 786
1492 3452 1477 786
