19 20 2861 252
19 278 2861 186
19 469 2861 57
24 532 45 101
75 532 46 101
125 532 211 101
341 532 52 101
397 532 41 101
443 532 35 101
482 532 36 101
522 532 32 101
559 532 129 101
692 532 211 101
908 532 527 101
1461 532 45 101
1512 532 46 101
1562 532 211 101
1778 532 52 101
1834 532 41 101
1880 532 35 101
1920 532 35 101
1959 532 33 101
1996 532 127 101
2127 532 211 101
2343 532 532 101
24 637 45 3521
75 637 46 584
125 637 211 584
341 637 52 584
397 637 41 584
443 637 35 584
482 637 36 584
522 637 32 584
559 637 129 584
692 637 211 584
908 637 527 584
1461 637 45 1169
1512 637 46 584
1562 637 211 353
1778 637 52 584
1834 637 41 584
1880 637 35 584
1920 637 35 584
1959 637 33 584
1996 637 127 584
2127 637 211 584
2343 637 532 584
1649 1063 124 158
1562 1065 87 156
75 1225 46 584
125 1225 211 584
341 1225 52 584
397 1225 41 584
443 1225 35 584
482 1225 36 584
522 1225 32 584
559 1225 129 584
692 1225 211 584
908 1225 527 584
1512 1226 46 580
1562 1226 211 184
1778 1226 52 580
1834 1226 41 580
1880 1226 35 580
1920 1226 35 580
1959 1226 33 580
1996 1226 127 580
2127 1226 211 580
2343 1226 532 580
1723 1460 50 33
1562 1461 48 33
1724 1493 49 74
1562 1494 47 70
1562 1653 209 153
75 1814 46 584
125 1814 211 405
341 1814 52 584
397 1814 41 584
443 1814 35 584
482 1814 36 584
522 1814 32 584
559 1814 129 584
692 1814 211 584
908 1814 527 584
1461 1823 45 1754
1512 1823 46 577
1562 1823 211 145
1778 1823 52 577
1834 1823 41 577
1880 1823 35 577
1920 1823 35 577
1959 1823 33 577
1996 1823 127 577
2127 1823 211 577
2343 1823 532 577
125 2219 210 179
1570 2241 116 159
1696 2241 75 159
75 2402 46 584
125 2402 211 584
341 2402 52 584
397 2402 41 584
443 2402 35 584
482 2402 36 584
522 2402 32 584
559 2402 129 584
692 2402 211 584
908 2402 527 584
1512 2405 46 583
1562 2405 211 172
1778 2405 52 584
1834 2405 41 584
1880 2405 35 584
1920 2405 35 584
1959 2405 33 584
1996 2405 127 584
2127 2405 211 584
2343 2405 532 584
1728 2623 45 27
1562 2658 32 78
1733 2659 40 66
1562 2829 209 159
75 2990 46 584
125 2990 211 584
341 2990 52 584
397 2990 41 584
443 2990 35 584
482 2990 36 584
522 2990 32 584
559 2990 129 584
692 2990 211 584
908 2990 527 584
1778 2993 52 584
1834 2993 41 584
1880 2993 35 584
1920 2993 35 584
1959 2993 33 584
1996 2993 127 584
2127 2993 211 584
2343 2993 532 584
1512 2994 46 583
1562 2994 211 169
1562 3203 48 50
1723 3209 50 102
1562 3253 47 65
1562 3417 209 160
75 3579 46 579
125 3579 211 579
341 3579 52 579
397 3579 41 579
443 3579 35 579
482 3579 36 579
522 3579 32 579
559 3579 129 579
692 3579 211 579
908 3579 527 579
1776 3582 1099 576
1461 3583 315 575
