191 193 2856 220
191 415 2856 129
191 550 81 112
274 550 83 112
359 550 265 112
625 550 180 112
806 550 95 112
903 550 66 112
971 550 100 112
1073 550 157 112
1232 550 197 112
1430 550 254 112
1685 550 1362 112
191 663 81 2818
274 663 83 312
359 663 265 312
625 663 180 312
806 663 95 312
903 663 66 312
971 663 100 312
1073 663 157 312
1232 663 197 312
1430 663 254 312
1685 663 1362 312
274 977 83 312
359 977 265 312
625 977 180 312
806 977 95 312
903 977 66 312
971 977 100 312
1073 977 157 312
1232 977 197 312
1430 977 254 312
1685 977 1362 312
274 1290 83 312
359 1290 265 312
625 1290 180 312
806 1290 95 312
903 1290 66 312
971 1290 100 312
1073 1290 157 312
1232 1290 197 312
1430 1290 254 312
1685 1290 1362 312
274 1604 83 312
359 1604 265 312
625 1604 180 312
806 1604 95 312
903 1604 66 312
971 1604 100 312
1073 1604 157 312
1232 1604 197 312
1430 1604 254 312
1685 1604 1362 312
274 1917 83 312
359 1917 265 312
625 1917 180 312
806 1917 95 312
903 1917 66 312
971 1917 100 312
1073 1917 157 312
1232 1917 197 312
1430 1917 254 312
1685 1917 1362 312
274 2231 83 312
359 2231 265 312
625 2231 180 312
806 2231 95 312
903 2231 66 312
971 2231 100 312
1073 2231 157 312
1232 2231 197 312
1430 2231 254 312
1685 2231 1362 312
274 2545 83 312
359 2545 265 312
625 2545 180 312
806 2545 95 312
903 2545 66 312
971 2545 100 312
1073 2545 157 312
1232 2545 197 312
1430 2545 254 312
1685 2545 1362 312
274 2858 83 312
359 2858 265 312
625 2858 180 312
806 2858 95 312
903 2858 66 312
971 2858 100 312
1073 2858 157 312
1232 2858 197 312
1430 2858 254 312
1685 2858 1362 312
274 3172 83 309
359 3172 265 309
625 3172 180 309
806 3172 95 309
903 3172 66 309
971 3172 100 309
1073 3172 157 309
1232 3172 197 309
1430 3172 254 309
1685 3172 1362 309
191 3487 81 922
274 3487 83 310
359 3487 265 310
625 3487 180 310
806 3487 95 310
903 3487 66 310
971 3487 100 310
1073 3487 157 310
1232 3487 197 310
1430 3487 254 310
1685 3487 1362 310
359 3798 265 313
625 3798 180 313
806 3798 95 313
1685 3798 1362 313
274 3799 83 312
903 3799 66 312
971 3799 100 312
1073 3799 157 312
1232 3799 197 312
1430 3799 254 312
274 4112 83 297
359 4112 265 297
625 4112 180 297
806 4112 95 297
903 4112 66 297
971 4112 100 297
1073 4112 157 297
1232 4112 197 297
1430 4112 254 297
1685 4112 1362 297
