2086 2976 121 28
2209 2976 80 28
2291 2976 80 28
2372 2976 80 28
2454 2976 80 28
2536 2976 80 28
2617 2976 80 28
2699 2976 95 28
2795 2976 108 28
2086 3005 121 28
2209 3005 80 28
2291 3005 80 28
2372 3005 80 28
2454 3005 80 28
2536 3005 80 28
2617 3005 80 28
2699 3005 95 28
2795 3005 108 28
2086 3034 121 28
2209 3034 80 28
2291 3034 80 28
2372 3034 80 28
2454 3034 80 28
2536 3034 80 28
2617 3034 80 28
2699 3034 95 28
2795 3034 108 28
2086 3064 66 116
2154 3064 53 28
2209 3064 80 28
2291 3064 80 28
2372 3064 80 28
2454 3064 80 28
2536 3064 80 28
2617 3064 80 28
2699 3064 95 28
2795 3064 108 28
2154 3093 53 28
2209 3093 80 28
2291 3093 80 28
2372 3093 80 28
2454 3093 80 28
2536 3093 80 28
2617 3093 80 28
2699 3093 95 28
2795 3093 108 28
2154 3122 53 28
2209 3122 80 28
2291 3122 80 28
2372 3122 80 28
2454 3122 80 28
2536 3122 80 28
2617 3122 80 28
2699 3122 95 28
2795 3122 108 28
2154 3152 53 28
2209 3152 80 28
2291 3152 80 28
2372 3152 80 28
2454 3152 80 28
2536 3152 80 28
2617 3152 80 28
2699 3152 95 28
2795 3152 108 28
2086 3181 66 71
2154 3181 53 71
2209 3181 80 71
2291 3181 80 71
2372 3181 80 71
2454 3181 80 71
2536 3181 80 71
2617 3181 80 71
2699 3181 95 71
2795 3181 108 71
2086 3254 817 27
2086 3283 66 49
2154 3283 53 49
2209 3283 80 49
2291 3283 80 49
2372 3283 80 49
2454 3283 80 49
2536 3283 80 49
2617 3283 80 49
2699 3283 95 49
2795 3283 108 49
2086 3334 817 28
2086 3363 66 71
2154 3363 53 71
2209 3363 80 71
2291 3363 80 71
2372 3363 80 71
2454 3363 80 71
2536 3363 80 71
2617 3363 80 71
2699 3363 95 71
2795 3363 108 71
359 3570 66 62
427 3570 117 62
546 3570 635 62
359 3634 66 55
427 3634 117 55
546 3634 635 55
359 3690 66 56
427 3690 117 56
546 3690 635 56
359 3747 66 55
427 3747 117 55
546 3747 635 55
359 3804 66 55
427 3804 117 55
546 3804 635 55
359 3860 66 56
427 3860 117 56
546 3860 635 56
359 3917 66 55
427 3917 117 55
546 3917 635 55
359 3974 66 60
427 3974 117 60
546 3974 635 60
359 4035 66 55
427 4035 117 55
546 4035 635 55
359 4092 66 55
427 4092 117 55
546 4092 635 55
359 4149 66 55
427 4149 117 55
546 4149 635 55
359 4205 66 55
427 4205 117 55
546 4205 635 55
359 4262 66 55
427 4262 117 55
546 4262 635 55
359 4319 66 55
427 4319 117 55
546 4319 635 55
1219 3570 66 62
1287 3570 117 62
1406 3570 635 62
1219 3634 66 55
1287 3634 117 55
1406 3634 635 55
1219 3690 66 56
1287 3690 117 56
1406 3690 635 56
1219 3747 66 55
1287 3747 117 55
1406 3747 635 55
1219 3804 66 55
1287 3804 117 55
1406 3804 635 55
1219 3860 66 60
1287 3860 117 60
1406 3860 635 60
1219 3922 66 55
1287 3922 117 55
1406 3922 635 55
1219 3978 66 56
1287 3978 117 56
1406 3978 635 56
1219 4035 66 60
1287 4035 117 60
1406 4035 635 60
1219 4096 66 56
1287 4096 117 56
1406 4096 635 56
1219 4153 66 55
1287 4153 117 55
1406 4153 635 55
1219 4210 66 55
1287 4210 117 55
1406 4210 635 55
1219 4267 66 55
1287 4267 117 55
1406 4267 635 55
1219 4323 66 60
1287 4323 117 60
1406 4323 635 60
2078 3570 67 62
2146 3570 118 62
2265 3570 636 62
2078 3634 67 60
2146 3634 118 60
2265 3634 636 60
2078 3695 67 55
2146 3695 118 55
2265 3695 636 55
2078 3752 67 55
2146 3752 118 55
2265 3752 636 55
2078 3808 67 56
2146 3808 118 56
2265 3808 636 56
2078 3865 67 55
2146 3865 118 55
2265 3865 636 55
2078 3922 67 55
2146 3922 118 55
2265 3922 636 55
2078 3978 67 56
2146 3978 118 56
2265 3978 636 56
2078 4035 67 55
2146 4035 118 55
2265 4035 636 55
2078 4092 67 55
2146 4092 118 55
2265 4092 636 55
2078 4149 67 55
2146 4149 118 55
2265 4149 636 55
2078 4205 67 55
2146 4205 118 55
2265 4205 636 55
2078 4262 67 55
2146 4262 118 55
2265 4262 636 55
