106 183 2878 202
106 386 2878 69
106 464 1434 43
1549 464 1435 43
106 508 49 64
156 508 198 64
355 508 55 64
412 508 55 64
468 508 56 64
525 508 56 64
582 508 55 64
638 508 113 64
752 508 186 64
939 508 601 64
1549 508 52 64
1602 508 197 64
1800 508 56 64
1857 508 55 64
1914 508 55 64
1970 508 56 64
2027 508 56 64
2084 508 112 64
2197 508 186 64
2384 508 600 64
106 573 49 424
156 573 198 424
355 573 55 424
412 573 55 424
468 573 56 424
525 573 56 424
582 573 55 424
638 573 113 424
752 573 186 424
939 573 601 424
1549 573 52 254
1602 573 197 254
1800 573 56 254
1857 573 55 254
1914 573 55 254
1970 573 56 254
2027 573 56 254
2084 573 112 254
2197 573 186 254
2384 573 600 254
1549 828 52 254
1602 828 197 254
1800 828 56 254
1857 828 55 254
1914 828 55 254
1970 828 56 254
2027 828 56 254
2084 828 112 254
2197 828 186 254
2384 828 600 254
106 998 49 424
156 998 198 424
355 998 55 424
412 998 55 424
468 998 56 424
525 998 56 424
582 998 55 424
638 998 113 424
752 998 186 424
939 998 601 424
1549 1083 52 254
1602 1083 197 254
1800 1083 56 254
1857 1083 55 254
1914 1083 55 254
1970 1083 56 254
2027 1083 56 254
2084 1083 112 254
2197 1083 186 254
2384 1083 600 254
1549 1339 52 250
1602 1339 197 250
1800 1339 56 250
1857 1339 55 250
1914 1339 55 250
1970 1339 56 250
2027 1339 56 250
2084 1339 112 250
2197 1339 186 250
2384 1339 600 250
106 1424 49 420
156 1424 198 420
355 1424 55 420
412 1424 55 420
468 1424 56 420
525 1424 56 420
582 1424 55 420
638 1424 113 420
752 1424 186 420
939 1424 601 420
1549 1597 1435 44
1549 1642 52 64
1602 1642 197 64
1800 1642 56 64
1857 1642 55 64
1914 1642 55 64
1970 1642 56 64
2027 1642 56 64
2084 1642 112 64
2197 1642 186 64
2384 1642 600 64
1549 1707 52 250
1602 1707 197 250
1800 1707 56 250
1857 1707 55 250
1914 1707 55 250
1970 1707 56 250
2027 1707 56 250
2084 1707 112 250
2197 1707 186 250
2384 1707 600 250
106 1852 1434 44
106 1897 49 64
156 1897 198 64
355 1897 55 64
412 1897 55 64
468 1897 56 64
525 1897 56 64
582 1897 55 64
638 1897 113 64
752 1897 186 64
939 1897 601 64
106 1962 49 254
156 1962 198 254
355 1962 55 254
412 1962 55 254
468 1962 56 254
525 1962 56 254
582 1962 55 254
638 1962 113 254
752 1962 186 254
939 1962 601 254
1549 1966 1435 44
1549 2011 52 63
1602 2011 197 63
1800 2011 56 63
1857 2011 55 63
1914 2011 55 63
1970 2011 56 63
2027 2011 56 63
2084 2011 112 63
2197 2011 186 63
2384 2011 600 63
1549 2076 52 250
1602 2076 197 250
1800 2076 56 250
1857 2076 55 250
1914 2076 55 250
1970 2076 56 250
2027 2076 56 250
2084 2076 112 250
2197 2076 186 250
2384 2076 600 250
106 2217 49 254
156 2217 198 254
355 2217 55 254
412 2217 55 254
468 2217 56 254
525 2217 56 254
582 2217 55 254
638 2217 113 254
752 2217 186 254
939 2217 601 254
1549 2334 1435 44
1549 2379 52 64
1602 2379 197 64
1800 2379 56 64
1857 2379 55 64
1914 2379 55 64
1970 2379 56 64
2027 2379 56 64
2084 2379 112 64
2197 2379 186 64
2384 2379 600 64
1549 2444 52 254
1602 2444 197 254
1800 2444 56 254
1857 2444 55 254
1914 2444 55 254
1970 2444 56 254
2027 2444 56 254
2084 2444 112 254
2197 2444 186 254
2384 2444 600 254
106 2472 49 251
156 2472 198 251
355 2472 55 251
412 2472 55 251
468 2472 56 251
525 2472 56 251
582 2472 55 251
638 2472 113 251
752 2472 186 251
939 2472 601 251
1549 2699 52 250
1602 2699 197 250
1800 2699 56 250
1857 2699 55 250
1914 2699 55 250
1970 2699 56 250
2027 2699 56 250
2084 2699 112 250
2197 2699 186 250
2384 2699 600 250
106 2731 1434 44
106 2776 49 64
156 2776 198 64
355 2776 55 64
412 2776 55 64
468 2776 56 64
525 2776 56 64
582 2776 55 64
638 2776 113 64
752 2776 186 64
939 2776 601 64
106 2841 49 254
156 2841 198 254
355 2841 55 254
412 2841 55 254
468 2841 56 254
525 2841 56 254
582 2841 55 254
638 2841 113 254
752 2841 186 254
939 2841 601 254
1549 2958 1435 44
1549 3003 52 64
1602 3003 197 64
1800 3003 56 64
1857 3003 55 64
1914 3003 55 64
1970 3003 56 64
2027 3003 56 64
2084 3003 112 64
2197 3003 186 64
2384 3003 600 64
1549 3068 52 250
1602 3068 197 250
1800 3068 56 250
1857 3068 55 250
1914 3068 55 250
1970 3068 56 250
2027 3068 56 250
2084 3068 112 250
2197 3068 186 250
2384 3068 600 250
106 3096 49 250
156 3096 198 250
355 3096 55 250
412 3096 55 250
468 3096 56 250
525 3096 56 250
582 3096 55 250
638 3096 113 250
752 3096 186 250
939 3096 601 250
1549 3326 1435 44
106 3355 1434 44
1549 3371 52 64
1602 3371 197 64
1800 3371 56 64
1857 3371 55 64
1914 3371 55 64
1970 3371 56 64
2027 3371 56 64
2084 3371 112 64
2197 3371 186 64
2384 3371 600 64
106 3400 49 63
156 3400 198 63
355 3400 55 63
412 3400 55 63
468 3400 56 63
525 3400 56 63
582 3400 55 63
638 3400 113 63
752 3400 186 63
939 3400 601 63
1549 3436 52 254
1602 3436 197 254
1800 3436 56 254
1857 3436 55 254
1914 3436 55 254
1970 3436 56 254
2027 3436 56 254
2084 3436 112 254
2197 3436 186 254
2384 3436 600 254
106 3465 49 250
156 3465 198 250
355 3465 55 250
412 3465 55 250
468 3465 56 250
525 3465 56 250
582 3465 55 250
638 3465 113 250
752 3465 186 250
939 3465 601 250
1549 3691 52 251
1602 3691 197 251
1800 3691 56 251
1857 3691 55 251
1914 3691 55 251
1970 3691 56 251
2027 3691 56 251
2084 3691 112 251
2197 3691 186 251
2384 3691 600 251
106 3723 1434 44
106 3768 49 64
156 3768 198 64
355 3768 55 64
412 3768 55 64
468 3768 56 64
525 3768 56 64
582 3768 55 64
638 3768 113 64
752 3768 186 64
939 3768 601 64
106 3833 49 254
156 3833 198 254
355 3833 55 254
412 3833 55 254
468 3833 56 254
525 3833 56 254
582 3833 55 254
638 3833 113 254
752 3833 186 254
939 3833 601 254
1549 3950 1435 414
106 4088 49 250
156 4088 198 250
355 4088 55 250
412 4088 55 250
468 4088 56 250
525 4088 56 250
582 4088 55 250
638 4088 113 250
752 4088 186 250
939 4088 601 250
