13 13 2896 260
13 274 2896 98
13 377 1445 63
1464 377 1445 63
13 446 51 167
65 446 50 167
116 446 187 167
304 446 50 167
355 446 50 167
406 446 50 167
457 446 50 167
508 446 50 167
559 446 141 167
701 446 198 167
900 446 558 167
1464 446 51 167
1516 446 50 167
1567 446 187 167
1755 446 50 167
1806 446 50 167
1857 446 50 167
1908 446 50 167
1959 446 50 167
2010 446 141 167
2152 446 198 167
2351 446 558 167
13 614 51 1015
65 614 50 295
116 614 187 138
304 614 50 509
355 614 50 509
406 614 50 509
457 614 51 509
509 614 49 509
559 614 141 509
701 614 198 509
900 614 558 509
116 787 34 109
257 793 46 104
65 909 48 214
116 1003 76 120
220 1003 82 120
65 1124 50 336
116 1124 187 297
304 1124 50 505
355 1124 50 505
406 1124 50 505
457 1124 51 505
509 1124 49 505
559 1124 141 505
701 1124 198 505
900 1124 558 505
172 1421 131 59
65 1460 49 169
175 1488 128 141
116 1492 58 137
13 1635 1445 62
1516 614 50 481
1567 614 187 481
1755 614 50 481
1806 614 50 481
1857 614 50 481
1908 614 51 481
1960 614 49 481
2010 614 141 481
2152 614 198 481
2351 614 558 481
1516 1096 50 308
1567 1096 187 271
1755 1096 50 481
1806 1096 50 481
1857 1096 50 481
1908 1096 51 481
1960 1096 49 481
2010 1096 141 481
2152 1096 198 481
2351 1096 558 481
1516 1405 48 172
1567 1487 94 90
1662 1487 42 90
1712 1487 25 90
1516 1578 50 339
1567 1578 187 329
1755 1578 50 481
1806 1578 50 481
1857 1578 50 481
1908 1578 51 481
1960 1578 49 481
2010 1578 141 481
2152 1578 198 481
2351 1578 558 481
1621 1914 133 145
1516 1918 48 141
1516 2060 50 480
1567 2060 187 288
1755 2060 50 480
1806 2060 50 480
1857 2060 50 480
1908 2060 51 480
1960 2060 49 480
2010 2060 141 480
2152 2060 198 480
2351 2060 558 480
1698 2348 56 36
1567 2353 126 22
1698 2384 24 27
1516 2541 50 481
1567 2541 187 481
1755 2541 50 481
1806 2541 50 481
1857 2541 50 481
1908 2541 51 481
1960 2541 49 481
2010 2541 141 481
2152 2541 198 481
2351 2541 558 481
65 1703 50 480
116 1703 187 127
304 1703 50 480
355 1703 50 480
406 1703 50 480
457 1703 51 480
509 1703 49 480
559 1703 141 480
701 1703 198 480
900 1703 558 480
270 1903 33 106
116 1906 23 106
128 2068 75 115
208 2068 95 115
65 2184 50 481
116 2184 187 119
304 2184 50 481
355 2184 50 481
406 2184 50 481
457 2184 51 481
509 2184 49 481
559 2184 141 481
701 2184 198 481
900 2184 558 481
116 2562 64 103
232 2562 71 103
65 2666 50 481
116 2666 187 481
304 2666 50 481
355 2666 50 481
406 2666 50 481
457 2666 51 481
509 2666 49 481
559 2666 141 481
701 2666 198 481
900 2666 558 481
