58 273 1387 69
1447 273 1387 69
58 343 63 37
122 343 367 37
490 343 277 37
768 343 301 37
1070 343 139 37
1210 343 167 37
1378 343 67 37
1447 343 63 37
1511 343 367 37
1879 343 277 37
2157 343 301 37
2459 343 139 37
2599 343 167 37
2767 343 67 37
58 381 63 34
122 381 367 34
490 381 277 34
768 381 301 34
1070 381 139 34
1210 381 167 34
1378 381 67 34
1447 381 63 34
1511 381 367 34
1879 381 277 34
2157 381 301 34
2459 381 139 34
2599 381 167 34
2767 381 67 34
58 416 63 34
122 416 367 34
490 416 277 34
768 416 301 34
1070 416 139 34
1210 416 167 34
1378 416 67 34
1447 416 63 34
1511 416 367 34
1879 416 277 34
2157 416 301 34
2459 416 139 34
2599 416 167 34
2767 416 67 34
58 451 63 34
122 451 367 34
490 451 277 34
768 451 301 34
1070 451 139 34
1210 451 167 34
1378 451 67 34
1447 451 63 34
1511 451 367 34
1879 451 277 34
2157 451 301 34
2459 451 139 34
2599 451 167 34
2767 451 67 34
58 486 63 34
122 486 367 34
490 486 277 34
768 486 301 34
1070 486 139 34
1210 486 167 34
1378 486 67 34
1447 486 63 34
1511 486 367 34
1879 486 277 34
2157 486 301 34
2459 486 139 34
2599 486 167 34
2767 486 67 34
58 521 63 34
122 521 367 34
490 521 277 34
768 521 301 34
1070 521 139 34
1210 521 167 34
1378 521 67 34
1447 521 63 34
1511 521 367 34
1879 521 277 34
2157 521 301 34
2459 521 139 34
2599 521 167 34
2767 521 67 34
58 556 63 34
122 556 367 34
490 556 277 34
768 556 301 34
1070 556 139 34
1210 556 167 34
1378 556 67 34
1447 556 63 34
1511 556 367 34
1879 556 277 34
2157 556 301 34
2459 556 139 34
2599 556 167 34
2767 556 67 34
58 591 63 34
122 591 367 34
490 591 277 34
768 591 301 34
1070 591 139 34
1210 591 167 34
1378 591 67 34
1447 591 63 34
1511 591 367 34
1879 591 277 34
2157 591 301 34
2459 591 139 34
2599 591 167 34
2767 591 67 34
58 626 63 33
122 626 367 33
490 626 277 33
768 626 301 33
1070 626 139 33
1210 626 167 33
1378 626 67 33
1447 626 63 33
1511 626 367 33
1879 626 277 33
2157 626 301 33
2459 626 139 33
2599 626 167 33
2767 626 67 33
58 660 63 34
122 660 367 34
490 660 277 34
768 660 301 34
1070 660 139 34
1210 660 167 34
1378 660 67 34
1447 660 63 34
1511 660 367 34
1879 660 277 34
2157 660 301 34
2459 660 139 34
2599 660 167 34
2767 660 67 34
58 695 63 34
122 695 367 34
490 695 277 34
768 695 301 34
1070 695 139 34
1210 695 167 34
1378 695 67 34
1447 695 63 34
1511 695 367 34
1879 695 277 34
2157 695 301 34
2459 695 139 34
2599 695 167 34
2767 695 67 34
58 730 63 34
122 730 367 34
490 730 277 34
768 730 301 34
1070 730 139 34
1210 730 167 34
1378 730 67 34
1447 730 63 34
1511 730 367 34
1879 730 277 34
2157 730 301 34
2459 730 139 34
2599 730 167 34
2767 730 67 34
58 765 63 34
122 765 367 34
490 765 277 34
768 765 301 34
1070 765 139 34
1210 765 167 34
1378 765 67 34
1447 765 63 34
1511 765 367 34
1879 765 277 34
2157 765 301 34
2459 765 139 34
2599 765 167 34
2767 765 67 34
58 800 63 34
122 800 367 34
490 800 277 34
768 800 301 34
1070 800 139 34
1210 800 167 34
1378 800 67 34
1447 800 63 34
1511 800 367 34
1879 800 277 34
2157 800 301 34
2459 800 139 34
2599 800 167 34
2767 800 67 34
58 835 63 34
122 835 367 34
490 835 277 34
768 835 301 34
1070 835 139 34
1210 835 167 34
1378 835 67 34
1447 835 63 34
1511 835 367 34
1879 835 277 34
2157 835 301 34
2459 835 139 34
2599 835 167 34
2767 835 67 34
58 870 63 34
122 870 367 34
490 870 277 34
768 870 301 34
1070 870 139 34
1210 870 167 34
1378 870 67 34
1447 870 63 34
1511 870 367 34
1879 870 277 34
2157 870 301 34
2459 870 139 34
2599 870 167 34
2767 870 67 34
58 905 63 34
122 905 367 34
490 905 277 34
768 905 301 34
1070 905 139 34
1210 905 167 34
1378 905 67 34
1447 905 63 34
1511 905 367 34
1879 905 277 34
2157 905 301 34
2459 905 139 34
2599 905 167 34
2767 905 67 34
58 940 63 34
122 940 367 34
490 940 277 34
768 940 301 34
1070 940 139 34
1210 940 167 34
1378 940 67 34
1447 940 63 34
1511 940 367 34
1879 940 277 34
2157 940 301 34
2459 940 139 34
2599 940 167 34
2767 940 67 34
58 975 63 34
122 975 367 34
490 975 277 34
768 975 301 34
1070 975 139 34
1210 975 167 34
1378 975 67 34
1447 975 63 34
1511 975 367 34
1879 975 277 34
2157 975 301 34
2459 975 139 34
2599 975 167 34
2767 975 67 34
58 1010 63 34
122 1010 367 34
490 1010 277 34
768 1010 301 34
1070 1010 139 34
1210 1010 167 34
1378 1010 67 34
1447 1010 63 34
1511 1010 367 34
1879 1010 277 34
2157 1010 301 34
2459 1010 139 34
2599 1010 167 34
2767 1010 67 34
58 1045 63 34
122 1045 367 34
490 1045 277 34
768 1045 301 34
1070 1045 139 34
1210 1045 167 34
1378 1045 67 34
1447 1045 63 34
1511 1045 367 34
1879 1045 277 34
2157 1045 301 34
2459 1045 139 34
2599 1045 167 34
2767 1045 67 34
58 1080 63 33
122 1080 367 33
490 1080 277 33
768 1080 301 33
1070 1080 139 33
1210 1080 167 33
1378 1080 67 33
1447 1080 63 33
1511 1080 367 33
1879 1080 277 33
2157 1080 301 33
2459 1080 139 33
2599 1080 167 33
2767 1080 67 33
58 1114 63 34
122 1114 367 34
490 1114 277 34
768 1114 301 34
1070 1114 139 34
1210 1114 167 34
1378 1114 67 34
1447 1114 63 34
1511 1114 367 34
1879 1114 277 34
2157 1114 301 34
2459 1114 139 34
2599 1114 167 34
2767 1114 67 34
58 1149 63 34
122 1149 367 34
490 1149 277 34
768 1149 301 34
1070 1149 139 34
1210 1149 167 34
1378 1149 67 34
1447 1149 63 34
1511 1149 367 34
1879 1149 277 34
2157 1149 301 34
2459 1149 139 34
2599 1149 167 34
2767 1149 67 34
58 1184 63 34
122 1184 367 34
490 1184 277 34
768 1184 301 34
1070 1184 139 34
1210 1184 167 34
1378 1184 67 34
1447 1184 63 34
1511 1184 367 34
1879 1184 277 34
2157 1184 301 34
2459 1184 139 34
2599 1184 167 34
2767 1184 67 34
58 1219 63 34
122 1219 367 34
490 1219 277 34
768 1219 301 34
1070 1219 139 34
1210 1219 167 34
1378 1219 67 34
1447 1219 63 34
1511 1219 367 34
1879 1219 277 34
2157 1219 301 34
2459 1219 139 34
2599 1219 167 34
2767 1219 67 34
58 1254 63 34
122 1254 367 34
490 1254 277 34
768 1254 301 34
1070 1254 139 34
1210 1254 167 34
1378 1254 67 34
1447 1254 63 34
1511 1254 367 34
1879 1254 277 34
2157 1254 301 34
2459 1254 139 34
2599 1254 167 34
2767 1254 67 34
58 1289 63 34
122 1289 367 34
490 1289 277 34
768 1289 301 34
1070 1289 139 34
1210 1289 167 34
1378 1289 67 34
1447 1289 63 34
1511 1289 367 34
1879 1289 277 34
2157 1289 301 34
2459 1289 139 34
2599 1289 167 34
2767 1289 67 34
58 1324 63 34
122 1324 367 34
490 1324 277 34
768 1324 301 34
1070 1324 139 34
1210 1324 167 34
1378 1324 67 34
1447 1324 63 34
1511 1324 367 34
1879 1324 277 34
2157 1324 301 34
2459 1324 139 34
2599 1324 167 34
2767 1324 67 34
58 1359 63 34
122 1359 367 34
490 1359 277 34
768 1359 301 34
1070 1359 139 34
1210 1359 167 34
1378 1359 67 34
1447 1359 63 34
1511 1359 367 34
1879 1359 277 34
2157 1359 301 34
2459 1359 139 34
2599 1359 167 34
2767 1359 67 34
58 1394 63 34
122 1394 367 34
490 1394 277 34
768 1394 301 34
1070 1394 139 34
1210 1394 167 34
1378 1394 67 34
1447 1394 63 34
1511 1394 367 34
1879 1394 277 34
2157 1394 301 34
2459 1394 139 34
2599 1394 167 34
2767 1394 67 34
58 1429 63 34
122 1429 367 34
490 1429 277 34
768 1429 301 34
1070 1429 139 34
1210 1429 167 34
1378 1429 67 34
1447 1429 63 34
1511 1429 367 34
1879 1429 277 34
2157 1429 301 34
2459 1429 139 34
2599 1429 167 34
2767 1429 67 34
58 1464 63 34
122 1464 367 34
490 1464 277 34
768 1464 301 34
1070 1464 139 34
1210 1464 167 34
1378 1464 67 34
1447 1464 63 34
1511 1464 367 34
1879 1464 277 34
2157 1464 301 34
2459 1464 139 34
2599 1464 167 34
2767 1464 67 34
58 1499 63 34
122 1499 367 34
490 1499 277 34
768 1499 301 34
1070 1499 139 34
1210 1499 167 34
1378 1499 67 34
1447 1499 63 34
1511 1499 367 34
1879 1499 277 34
2157 1499 301 34
2459 1499 139 34
2599 1499 167 34
2767 1499 67 34
58 1534 63 33
122 1534 367 33
490 1534 277 33
768 1534 301 33
1070 1534 139 33
1210 1534 167 33
1378 1534 67 33
1447 1534 63 33
1511 1534 367 33
1879 1534 277 33
2157 1534 301 33
2459 1534 139 33
2599 1534 167 33
2767 1534 67 33
58 1568 63 34
122 1568 367 34
490 1568 277 34
768 1568 301 34
1070 1568 139 34
1210 1568 167 34
1378 1568 67 34
1447 1568 63 34
1511 1568 367 34
1879 1568 277 34
2157 1568 301 34
2459 1568 139 34
2599 1568 167 34
2767 1568 67 34
58 1603 63 34
122 1603 367 34
490 1603 277 34
768 1603 301 34
1070 1603 139 34
1210 1603 167 34
1378 1603 67 34
1447 1603 63 34
1511 1603 367 34
1879 1603 277 34
2157 1603 301 34
2459 1603 139 34
2599 1603 167 34
2767 1603 67 34
58 1638 63 34
122 1638 367 34
490 1638 277 34
768 1638 301 34
1070 1638 139 34
1210 1638 167 34
1378 1638 67 34
1447 1638 63 34
1511 1638 367 34
1879 1638 277 34
2157 1638 301 34
2459 1638 139 34
2599 1638 167 34
2767 1638 67 34
58 1673 63 34
122 1673 367 34
490 1673 277 34
768 1673 301 34
1070 1673 139 34
1210 1673 167 34
1378 1673 67 34
1447 1673 63 34
1511 1673 367 34
1879 1673 277 34
2157 1673 301 34
2459 1673 139 34
2599 1673 167 34
2767 1673 67 34
58 1708 63 34
122 1708 367 34
490 1708 277 34
768 1708 301 34
1070 1708 139 34
1210 1708 167 34
1378 1708 67 34
1447 1708 63 34
1511 1708 367 34
1879 1708 277 34
2157 1708 301 34
2459 1708 139 34
2599 1708 167 34
2767 1708 67 34
58 1743 63 34
122 1743 367 34
490 1743 277 34
768 1743 301 34
1070 1743 139 34
1210 1743 167 34
1378 1743 67 34
1447 1743 63 34
1511 1743 367 34
1879 1743 277 34
2157 1743 301 34
2459 1743 139 34
2599 1743 167 34
2767 1743 67 34
58 1778 63 34
122 1778 367 34
490 1778 277 34
768 1778 301 34
1070 1778 139 34
1210 1778 167 34
1378 1778 67 34
1447 1778 63 34
1511 1778 367 34
1879 1778 277 34
2157 1778 301 34
2459 1778 139 34
2599 1778 167 34
2767 1778 67 34
58 1813 63 34
122 1813 367 34
490 1813 277 34
768 1813 301 34
1070 1813 139 34
1210 1813 167 34
1378 1813 67 34
1447 1813 63 34
1511 1813 367 34
1879 1813 277 34
2157 1813 301 34
2459 1813 139 34
2599 1813 167 34
2767 1813 67 34
58 1848 63 34
122 1848 367 34
490 1848 277 34
768 1848 301 34
1070 1848 139 34
1210 1848 167 34
1378 1848 67 34
1447 1848 63 34
1511 1848 367 34
1879 1848 277 34
2157 1848 301 34
2459 1848 139 34
2599 1848 167 34
2767 1848 67 34
58 1883 63 34
122 1883 367 34
490 1883 277 34
768 1883 301 34
1070 1883 139 34
1210 1883 167 34
1378 1883 67 34
1447 1883 63 34
1511 1883 367 34
1879 1883 277 34
2157 1883 301 34
2459 1883 139 34
2599 1883 167 34
2767 1883 67 34
58 1918 63 34
122 1918 367 34
490 1918 277 34
768 1918 301 34
1070 1918 139 34
1210 1918 167 34
1378 1918 67 34
1447 1918 63 34
1511 1918 367 34
1879 1918 277 34
2157 1918 301 34
2459 1918 139 34
2599 1918 167 34
2767 1918 67 34
58 1953 63 34
122 1953 367 34
490 1953 277 34
768 1953 301 34
1070 1953 139 34
1210 1953 167 34
1378 1953 67 34
1447 1953 63 34
1511 1953 367 34
1879 1953 277 34
2157 1953 301 34
2459 1953 139 34
2599 1953 167 34
2767 1953 67 34
58 1988 63 33
122 1988 367 33
490 1988 277 33
768 1988 301 33
1070 1988 139 33
1210 1988 167 33
1378 1988 67 33
1447 1988 63 33
1511 1988 367 33
1879 1988 277 33
2157 1988 301 33
2459 1988 139 33
2599 1988 167 33
2767 1988 67 33
58 2022 63 34
122 2022 367 34
490 2022 277 34
768 2022 301 34
1070 2022 139 34
1210 2022 167 34
1378 2022 67 34
1447 2022 63 34
1511 2022 367 34
1879 2022 277 34
2157 2022 301 34
2459 2022 139 34
2599 2022 167 34
2767 2022 67 34
58 2057 63 34
122 2057 367 34
490 2057 277 34
768 2057 301 34
1070 2057 139 34
1210 2057 167 34
1378 2057 67 34
1447 2057 63 34
1511 2057 367 34
1879 2057 277 34
2157 2057 301 34
2459 2057 139 34
2599 2057 167 34
2767 2057 67 34
58 2092 63 34
122 2092 367 34
490 2092 277 34
768 2092 301 34
1070 2092 139 34
1210 2092 167 34
1378 2092 67 34
1447 2092 63 34
1511 2092 367 34
1879 2092 277 34
2157 2092 301 34
2459 2092 139 34
2599 2092 167 34
2767 2092 67 34
58 2127 63 34
122 2127 367 34
490 2127 277 34
768 2127 301 34
1070 2127 139 34
1210 2127 167 34
1378 2127 67 34
1447 2127 63 34
1511 2127 367 34
1879 2127 277 34
2157 2127 301 34
2459 2127 139 34
2599 2127 167 34
2767 2127 67 34
58 2162 63 34
122 2162 367 34
490 2162 277 34
768 2162 301 34
1070 2162 139 34
1210 2162 167 34
1378 2162 67 34
1447 2162 63 34
1511 2162 367 34
1879 2162 277 34
2157 2162 301 34
2459 2162 139 34
2599 2162 167 34
2767 2162 67 34
58 2197 63 34
122 2197 367 34
490 2197 277 34
768 2197 301 34
1070 2197 139 34
1210 2197 167 34
1378 2197 67 34
1447 2197 63 34
1511 2197 367 34
1879 2197 277 34
2157 2197 301 34
2459 2197 139 34
2599 2197 167 34
2767 2197 67 34
58 2232 63 34
122 2232 367 34
490 2232 277 34
768 2232 301 34
1070 2232 139 34
1210 2232 167 34
1378 2232 67 34
1447 2232 63 34
1511 2232 367 34
1879 2232 277 34
2157 2232 301 34
2459 2232 139 34
2599 2232 167 34
2767 2232 67 34
58 2267 63 34
122 2267 367 34
490 2267 277 34
768 2267 301 34
1070 2267 139 34
1210 2267 167 34
1378 2267 67 34
1447 2267 63 34
1511 2267 367 34
1879 2267 277 34
2157 2267 301 34
2459 2267 139 34
2599 2267 167 34
2767 2267 67 34
58 2302 63 34
122 2302 367 34
490 2302 277 34
768 2302 301 34
1070 2302 139 34
1210 2302 167 34
1378 2302 67 34
1447 2302 63 34
1511 2302 367 34
1879 2302 277 34
2157 2302 301 34
2459 2302 139 34
2599 2302 167 34
2767 2302 67 34
58 2337 63 34
122 2337 367 34
490 2337 277 34
768 2337 301 34
1070 2337 139 34
1210 2337 167 34
1378 2337 67 34
1447 2337 63 34
1511 2337 367 34
1879 2337 277 34
2157 2337 301 34
2459 2337 139 34
2599 2337 167 34
2767 2337 67 34
58 2372 63 34
122 2372 367 34
490 2372 277 34
768 2372 301 34
1070 2372 139 34
1210 2372 167 34
1378 2372 67 34
1447 2372 63 34
1511 2372 367 34
1879 2372 277 34
2157 2372 301 34
2459 2372 139 34
2599 2372 167 34
2767 2372 67 34
58 2407 63 34
122 2407 367 34
490 2407 277 34
768 2407 301 34
1070 2407 139 34
1210 2407 167 34
1378 2407 67 34
1447 2407 63 34
1511 2407 367 34
1879 2407 277 34
2157 2407 301 34
2459 2407 139 34
2599 2407 167 34
2767 2407 67 34
58 2442 63 33
122 2442 367 33
490 2442 277 33
768 2442 301 33
1070 2442 139 33
1210 2442 167 33
1378 2442 67 33
1447 2442 63 33
1511 2442 367 33
1879 2442 277 33
2157 2442 301 33
2459 2442 139 33
2599 2442 167 33
2767 2442 67 33
58 2476 63 34
122 2476 367 34
490 2476 277 34
768 2476 301 34
1070 2476 139 34
1210 2476 167 34
1378 2476 67 34
1447 2476 63 34
1511 2476 367 34
1879 2476 277 34
2157 2476 301 34
2459 2476 139 34
2599 2476 167 34
2767 2476 67 34
58 2511 63 34
122 2511 367 34
490 2511 277 34
768 2511 301 34
1070 2511 139 34
1210 2511 167 34
1378 2511 67 34
1447 2511 63 34
1511 2511 367 34
1879 2511 277 34
2157 2511 301 34
2459 2511 139 34
2599 2511 167 34
2767 2511 67 34
58 2546 63 34
122 2546 367 34
490 2546 277 34
768 2546 301 34
1070 2546 139 34
1210 2546 167 34
1378 2546 67 34
1447 2546 63 34
1511 2546 367 34
1879 2546 277 34
2157 2546 301 34
2459 2546 139 34
2599 2546 167 34
2767 2546 67 34
58 2581 63 34
122 2581 367 34
490 2581 277 34
768 2581 301 34
1070 2581 139 34
1210 2581 167 34
1378 2581 67 34
1447 2581 63 34
1511 2581 367 34
1879 2581 277 34
2157 2581 301 34
2459 2581 139 34
2599 2581 167 34
2767 2581 67 34
58 2616 63 34
122 2616 367 34
490 2616 277 34
768 2616 301 34
1070 2616 139 34
1210 2616 167 34
1378 2616 67 34
1447 2616 63 34
1511 2616 367 34
1879 2616 277 34
2157 2616 301 34
2459 2616 139 34
2599 2616 167 34
2767 2616 67 34
58 2651 63 34
122 2651 367 34
490 2651 277 34
768 2651 301 34
1070 2651 139 34
1210 2651 167 34
1378 2651 67 34
1447 2651 63 34
1511 2651 367 34
1879 2651 277 34
2157 2651 301 34
2459 2651 139 34
2599 2651 167 34
2767 2651 67 34
58 2686 63 34
122 2686 367 34
490 2686 277 34
768 2686 301 34
1070 2686 139 34
1210 2686 167 34
1378 2686 67 34
1447 2686 63 34
1511 2686 367 34
1879 2686 277 34
2157 2686 301 34
2459 2686 139 34
2599 2686 167 34
2767 2686 67 34
58 2721 63 34
122 2721 367 34
490 2721 277 34
768 2721 301 34
1070 2721 139 34
1210 2721 167 34
1378 2721 67 34
1447 2721 63 34
1511 2721 367 34
1879 2721 277 34
2157 2721 301 34
2459 2721 139 34
2599 2721 167 34
2767 2721 67 34
58 2756 63 34
122 2756 367 34
490 2756 277 34
768 2756 301 34
1070 2756 139 34
1210 2756 167 34
1378 2756 67 34
1447 2756 63 34
1511 2756 367 34
1879 2756 277 34
2157 2756 301 34
2459 2756 139 34
2599 2756 167 34
2767 2756 67 34
58 2791 63 34
122 2791 367 34
490 2791 277 34
768 2791 301 34
1070 2791 139 34
1210 2791 167 34
1378 2791 67 34
1447 2791 63 34
1511 2791 367 34
1879 2791 277 34
2157 2791 301 34
2459 2791 139 34
2599 2791 167 34
2767 2791 67 34
58 2826 63 34
122 2826 367 34
490 2826 277 34
768 2826 301 34
1070 2826 139 34
1210 2826 167 34
1378 2826 67 34
1447 2826 63 34
1511 2826 367 34
1879 2826 277 34
2157 2826 301 34
2459 2826 139 34
2599 2826 167 34
2767 2826 67 34
58 2861 63 34
122 2861 367 34
490 2861 277 34
768 2861 301 34
1070 2861 139 34
1210 2861 167 34
1378 2861 67 34
1447 2861 63 34
1511 2861 367 34
1879 2861 277 34
2157 2861 301 34
2459 2861 139 34
2599 2861 167 34
2767 2861 67 34
58 2896 63 33
122 2896 367 33
490 2896 277 33
768 2896 301 33
1070 2896 139 33
1210 2896 167 33
1378 2896 67 33
1447 2896 63 33
1511 2896 367 33
1879 2896 277 33
2157 2896 301 33
2459 2896 139 33
2599 2896 167 33
2767 2896 67 33
58 2930 63 34
122 2930 367 34
490 2930 277 34
768 2930 301 34
1070 2930 139 34
1210 2930 167 34
1378 2930 67 34
1447 2930 63 34
1511 2930 367 34
1879 2930 277 34
2157 2930 301 34
2459 2930 139 34
2599 2930 167 34
2767 2930 67 34
58 2965 63 34
122 2965 367 34
490 2965 277 34
768 2965 301 34
1070 2965 139 34
1210 2965 167 34
1378 2965 67 34
1447 2965 63 34
1511 2965 367 34
1879 2965 277 34
2157 2965 301 34
2459 2965 139 34
2599 2965 167 34
2767 2965 67 34
58 3000 63 34
122 3000 367 34
490 3000 277 34
768 3000 301 34
1070 3000 139 34
1210 3000 167 34
1378 3000 67 34
1447 3000 63 34
1511 3000 367 34
1879 3000 277 34
2157 3000 301 34
2459 3000 139 34
2599 3000 167 34
2767 3000 67 34
58 3035 63 34
122 3035 367 34
490 3035 277 34
768 3035 301 34
1070 3035 139 34
1210 3035 167 34
1378 3035 67 34
1447 3035 63 34
1511 3035 367 34
1879 3035 277 34
2157 3035 301 34
2459 3035 139 34
2599 3035 167 34
2767 3035 67 34
58 3070 63 34
122 3070 367 34
490 3070 277 34
768 3070 301 34
1070 3070 139 34
1210 3070 167 34
1378 3070 67 34
1447 3070 63 34
1511 3070 367 34
1879 3070 277 34
2157 3070 301 34
2459 3070 139 34
2599 3070 167 34
2767 3070 67 34
58 3105 63 34
122 3105 367 34
490 3105 277 34
768 3105 301 34
1070 3105 139 34
1210 3105 167 34
1378 3105 67 34
1447 3105 63 34
1511 3105 367 34
1879 3105 277 34
2157 3105 301 34
2459 3105 139 34
2599 3105 167 34
2767 3105 67 34
58 3140 63 34
122 3140 367 34
490 3140 277 34
768 3140 301 34
1070 3140 139 34
1210 3140 167 34
1378 3140 67 34
1447 3140 63 34
1511 3140 367 34
1879 3140 277 34
2157 3140 301 34
2459 3140 139 34
2599 3140 167 34
2767 3140 67 34
58 3175 63 34
122 3175 367 34
490 3175 277 34
768 3175 301 34
1070 3175 139 34
1210 3175 167 34
1378 3175 67 34
1447 3175 63 34
1511 3175 367 34
1879 3175 277 34
2157 3175 301 34
2459 3175 139 34
2599 3175 167 34
2767 3175 67 34
58 3210 63 34
122 3210 367 34
490 3210 277 34
768 3210 301 34
1070 3210 139 34
1210 3210 167 34
1378 3210 67 34
1447 3210 63 34
1511 3210 367 34
1879 3210 277 34
2157 3210 301 34
2459 3210 139 34
2599 3210 167 34
2767 3210 67 34
58 3245 63 34
122 3245 367 34
490 3245 277 34
768 3245 301 34
1070 3245 139 34
1210 3245 167 34
1378 3245 67 34
1447 3245 63 34
1511 3245 367 34
1879 3245 277 34
2157 3245 301 34
2459 3245 139 34
2599 3245 167 34
2767 3245 67 34
58 3280 63 34
122 3280 367 34
490 3280 277 34
768 3280 301 34
1070 3280 139 34
1210 3280 167 34
1378 3280 67 34
1447 3280 63 34
1511 3280 367 34
1879 3280 277 34
2157 3280 301 34
2459 3280 139 34
2599 3280 167 34
2767 3280 67 34
58 3315 63 34
122 3315 367 34
490 3315 277 34
768 3315 301 34
1070 3315 139 34
1210 3315 167 34
1378 3315 67 34
1447 3315 63 34
1511 3315 367 34
1879 3315 277 34
2157 3315 301 34
2459 3315 139 34
2599 3315 167 34
2767 3315 67 34
58 3350 63 33
122 3350 367 33
490 3350 277 33
768 3350 301 33
1070 3350 139 33
1210 3350 167 33
1378 3350 67 33
1447 3350 63 33
1511 3350 367 33
1879 3350 277 33
2157 3350 301 33
2459 3350 139 33
2599 3350 167 33
2767 3350 67 33
58 3384 63 34
122 3384 367 34
490 3384 277 34
768 3384 301 34
1070 3384 139 34
1210 3384 167 34
1378 3384 67 34
1447 3384 63 34
1511 3384 367 34
1879 3384 277 34
2157 3384 301 34
2459 3384 139 34
2599 3384 167 34
2767 3384 67 34
58 3419 63 34
122 3419 367 34
490 3419 277 34
768 3419 301 34
1070 3419 139 34
1210 3419 167 34
1378 3419 67 34
1447 3419 63 34
1511 3419 367 34
1879 3419 277 34
2157 3419 301 34
2459 3419 139 34
2599 3419 167 34
2767 3419 67 34
58 3454 63 34
122 3454 367 34
490 3454 277 34
768 3454 301 34
1070 3454 139 34
1210 3454 167 34
1378 3454 67 34
1447 3454 63 34
1511 3454 367 34
1879 3454 277 34
2157 3454 301 34
2459 3454 139 34
2599 3454 167 34
2767 3454 67 34
58 3489 63 34
122 3489 367 34
490 3489 277 34
768 3489 301 34
1070 3489 139 34
1210 3489 167 34
1378 3489 67 34
1447 3489 63 34
1511 3489 367 34
1879 3489 277 34
2157 3489 301 34
2459 3489 139 34
2599 3489 167 34
2767 3489 67 34
58 3524 63 34
122 3524 367 34
490 3524 277 34
768 3524 301 34
1070 3524 139 34
1210 3524 167 34
1378 3524 67 34
1447 3524 63 34
1511 3524 367 34
1879 3524 277 34
2157 3524 301 34
2459 3524 139 34
2599 3524 167 34
2767 3524 67 34
58 3559 1387 69
1447 3559 63 34
1511 3559 367 34
1879 3559 277 34
2157 3559 301 34
2459 3559 139 34
2599 3559 167 34
2767 3559 67 34
1447 3594 63 34
1511 3594 367 34
1879 3594 277 34
2157 3594 301 34
2459 3594 139 34
2599 3594 167 34
2767 3594 67 34
58 3629 63 34
122 3629 367 34
490 3629 277 34
768 3629 301 34
1070 3629 139 34
1210 3629 167 34
1378 3629 67 34
1447 3629 63 34
1511 3629 367 34
1879 3629 277 34
2157 3629 301 34
2459 3629 139 34
2599 3629 167 34
2767 3629 67 34
58 3664 63 34
122 3664 367 34
490 3664 277 34
768 3664 301 34
1070 3664 139 34
1210 3664 167 34
1378 3664 67 34
1447 3664 63 34
1511 3664 367 34
1879 3664 277 34
2157 3664 301 34
2459 3664 139 34
2599 3664 167 34
2767 3664 67 34
58 3699 63 34
122 3699 367 34
490 3699 277 34
768 3699 301 34
1070 3699 139 34
1210 3699 167 34
1378 3699 67 34
1447 3699 63 34
1511 3699 367 34
1879 3699 277 34
2157 3699 301 34
2459 3699 139 34
2599 3699 167 34
2767 3699 67 34
58 3734 63 34
122 3734 367 34
490 3734 277 34
768 3734 301 34
1070 3734 139 34
1210 3734 167 34
1378 3734 67 34
1447 3734 63 34
1511 3734 367 34
1879 3734 277 34
2157 3734 301 34
2459 3734 139 34
2599 3734 167 34
2767 3734 67 34
58 3769 63 34
122 3769 367 34
490 3769 277 34
768 3769 301 34
1070 3769 139 34
1210 3769 167 34
1378 3769 67 34
1447 3769 63 34
1511 3769 367 34
1879 3769 277 34
2157 3769 301 34
2459 3769 139 34
2599 3769 167 34
2767 3769 67 34
58 3804 63 33
122 3804 367 33
490 3804 277 33
768 3804 301 33
1070 3804 139 33
1210 3804 167 33
1378 3804 67 33
1447 3804 63 33
1511 3804 367 33
1879 3804 277 33
2157 3804 301 33
2459 3804 139 33
2599 3804 167 33
2767 3804 67 33
58 3838 63 34
122 3838 367 34
490 3838 277 34
768 3838 301 34
1070 3838 139 34
1210 3838 167 34
1378 3838 67 34
1447 3838 63 34
1511 3838 367 34
1879 3838 277 34
2157 3838 301 34
2459 3838 139 34
2599 3838 167 34
2767 3838 67 34
58 3873 63 34
122 3873 367 34
490 3873 277 34
768 3873 301 34
1070 3873 139 34
1210 3873 167 34
1378 3873 67 34
1447 3873 63 34
1511 3873 367 34
1879 3873 277 34
2157 3873 301 34
2459 3873 139 34
2599 3873 167 34
2767 3873 67 34
