13 13 2896 260
13 274 2896 98
13 378 1445 67
1464 378 1445 67
13 451 51 167
65 451 50 167
116 451 187 167
304 451 50 167
355 451 50 167
406 451 50 167
457 451 50 167
508 451 50 167
559 451 141 167
701 451 198 167
900 451 558 167
1464 451 54 167
1519 451 50 167
1570 451 186 167
1757 451 50 167
1808 451 50 167
1859 451 50 167
1910 451 51 167
1962 451 50 167
2013 451 141 167
2155 451 198 167
2354 451 555 167
13 619 51 507
65 619 50 507
116 619 187 272
304 619 50 507
355 619 50 507
406 619 50 507
457 619 51 507
509 619 49 507
559 619 141 507
701 619 198 507
900 619 558 507
1464 619 54 481
1519 619 50 481
1570 619 186 481
1757 619 50 481
1808 619 50 481
1859 619 50 481
1910 619 51 481
1962 619 50 481
2013 619 141 481
2155 619 198 481
2354 619 555 481
116 1006 187 120
1464 1101 54 104
1519 1101 50 104
1570 1101 186 104
1757 1101 50 104
1808 1101 50 104
1859 1101 50 104
1910 1101 51 104
1962 1101 50 104
2013 1101 141 104
2155 1101 198 104
2354 1101 555 104
13 1132 1445 67
65 1205 50 479
116 1205 187 262
304 1205 50 479
355 1205 50 479
406 1205 50 479
457 1205 51 479
509 1205 49 479
559 1205 141 479
701 1205 198 479
900 1205 558 479
1464 1205 54 1763
1519 1205 50 169
1570 1205 186 127
1757 1205 50 377
1808 1205 50 377
1859 1205 50 377
1910 1205 51 377
1962 1205 50 377
2013 1205 141 377
2155 1205 198 377
2354 1205 555 377
1519 1374 49 92
1519 1466 50 116
1570 1466 186 116
116 1572 187 112
1519 1583 50 481
1570 1583 186 297
1757 1583 50 301
1808 1583 50 481
1859 1583 50 481
1910 1583 51 481
1962 1583 50 481
2013 1583 141 481
2155 1583 198 481
2354 1583 555 481
65 1685 50 312
116 1685 187 121
304 1685 50 481
355 1685 50 481
406 1685 50 481
457 1685 51 481
509 1685 49 481
559 1685 141 481
701 1685 198 481
900 1685 558 481
116 1889 25 24
1570 1955 186 109
1757 1955 50 109
65 1997 49 61
65 2058 50 108
116 2060 187 106
1519 2065 50 481
1570 2065 186 292
1757 2065 50 304
1808 2065 50 481
1859 2065 50 481
1910 2065 51 481
1962 2065 50 481
2013 2065 141 481
2155 2065 198 481
2354 2065 555 481
65 2167 50 298
116 2167 187 263
304 2167 50 481
355 2167 50 481
406 2167 50 481
457 2167 51 481
509 2167 49 481
559 2167 141 481
701 2167 198 481
900 2167 558 481
1758 2369 49 69
1570 2438 186 108
1757 2438 50 108
65 2465 49 75
65 2540 50 108
116 2540 187 108
1519 2547 50 421
1570 2547 186 232
1757 2547 50 286
1808 2547 50 421
1859 2547 50 421
1910 2547 51 421
1962 2547 50 421
2013 2547 141 421
2155 2547 198 421
2354 2547 555 421
65 2649 50 312
116 2649 187 266
304 2649 50 397
355 2649 50 397
406 2649 50 397
457 2649 51 397
509 2649 49 397
559 2649 141 397
701 2649 198 397
900 2649 558 397
1757 2847 50 121
1570 2896 186 72
1464 2974 1445 66
65 3023 50 23
116 3023 187 23
65 3046 50 84
116 3046 187 84
304 3046 50 84
355 3046 50 84
406 3046 50 84
457 3046 51 84
509 3046 49 84
559 3046 141 84
701 3046 198 84
900 3046 558 84
