19 20 2861 252
19 278 2861 186
19 469 2861 57
24 532 45 101
75 532 46 101
125 532 211 101
341 532 52 101
397 532 41 101
443 532 35 101
482 532 36 101
522 532 32 101
559 532 127 101
691 532 211 101
906 532 532 101
1458 532 45 101
1509 532 46 101
1560 532 210 101
1775 532 52 101
1832 532 40 101
1877 532 35 101
1917 532 35 101
1956 532 33 101
1993 532 129 101
2126 532 211 101
2342 532 538 101
24 637 45 3521
75 637 46 702
125 637 211 702
341 637 52 702
397 637 41 702
443 637 35 702
482 637 36 702
522 637 32 702
559 637 127 702
691 637 211 702
906 637 532 702
1458 637 45 1407
1509 637 46 701
1560 637 210 217
1775 637 52 701
1832 637 40 701
1877 637 35 701
1917 637 35 701
1956 637 33 701
1993 637 129 701
2126 637 211 701
2342 637 538 701
1560 1110 210 228
75 1343 46 702
125 1343 211 702
341 1343 52 702
397 1343 41 702
443 1343 35 702
482 1343 36 702
522 1343 32 702
559 1343 127 702
691 1343 211 702
906 1343 532 702
1509 1343 46 701
1560 1343 210 701
1775 1343 52 701
1832 1343 40 701
1877 1343 35 701
1917 1343 35 701
1956 1343 33 701
1993 1343 129 701
2126 1343 211 701
2342 1343 538 701
75 2049 46 701
125 2049 211 701
341 2049 52 701
397 2049 41 701
443 2049 35 701
482 2049 36 701
522 2049 32 701
559 2049 127 701
691 2049 211 701
906 2049 532 701
1458 2061 45 2097
1509 2061 46 695
1560 2061 210 191
1775 2061 52 695
1832 2061 40 695
1877 2061 35 695
1917 2061 35 695
1956 2061 33 695
1993 2061 129 695
2126 2061 211 695
2342 2061 538 695
1560 2525 210 231
75 2755 46 701
125 2755 211 701
341 2755 52 701
397 2755 41 701
443 2755 35 701
482 2755 36 701
522 2755 32 701
559 2755 127 701
691 2755 211 701
906 2755 532 701
1509 2760 46 701
1560 2760 210 221
1775 2760 52 701
1832 2760 40 702
1877 2760 35 702
1917 2760 35 702
1956 2760 33 702
1993 2760 129 702
2126 2760 211 702
2342 2760 538 702
1560 3233 210 228
75 3461 46 697
125 3461 211 697
341 3461 52 697
397 3461 41 697
443 3461 35 697
482 3461 36 697
522 3461 32 697
559 3461 127 697
691 3461 211 697
906 3461 532 697
1775 3466 52 692
1832 3466 40 692
1877 3466 35 692
1917 3466 35 692
1956 3466 33 692
1993 3466 129 692
2126 3466 211 692
2342 3466 538 692
1509 3467 46 691
1560 3467 210 221
1560 3941 210 217
