107 212 2878 195
107 408 2878 105
107 521 1435 62
1550 521 1435 62
107 585 71 99
179 585 56 99
236 585 197 99
435 585 55 99
491 585 56 99
548 585 55 99
605 585 55 99
661 585 56 99
718 585 112 99
831 585 186 99
1019 585 523 99
1550 585 74 101
1625 585 56 101
1682 585 197 101
1880 585 56 101
1937 585 55 101
1994 585 55 101
2050 585 56 101
2107 585 56 101
2164 585 112 101
2277 585 186 101
2464 585 521 101
107 688 71 675
179 688 56 336
236 688 197 336
435 688 55 336
491 688 56 336
548 688 55 336
605 688 55 336
661 688 56 336
718 688 112 336
831 688 186 336
1018 688 524 336
1550 688 74 675
1625 688 56 339
1682 688 197 339
1880 688 56 339
1937 688 55 339
1994 688 55 339
2050 688 56 339
2107 688 56 339
2164 688 112 339
2277 688 186 339
2464 688 521 339
179 1026 56 337
236 1026 197 337
435 1026 55 337
491 1026 56 337
548 1026 55 337
605 1026 55 337
661 1026 56 337
718 1026 112 337
831 1026 186 337
1018 1026 524 337
1625 1028 56 335
1682 1028 197 335
1880 1028 56 335
1937 1028 55 335
1994 1028 55 335
2050 1028 56 335
2107 1028 56 335
2164 1028 112 335
2277 1028 186 335
2464 1028 521 335
107 1372 1435 62
1550 1372 74 671
1625 1372 56 335
1682 1372 197 335
1880 1372 56 335
1937 1372 55 335
1994 1372 55 335
2050 1372 56 335
2107 1372 56 335
2164 1372 112 335
2277 1372 186 335
2464 1372 521 335
107 1435 71 102
179 1435 56 102
236 1435 197 102
435 1435 55 102
491 1435 56 102
548 1435 55 102
605 1435 55 102
661 1435 56 102
718 1435 112 102
831 1435 186 102
1019 1435 523 102
107 1538 71 1356
179 1538 56 339
236 1538 197 339
435 1538 55 339
491 1538 56 339
548 1538 56 339
605 1538 55 339
661 1538 56 339
718 1538 112 339
831 1538 186 339
1018 1538 524 339
1625 1708 56 335
1682 1708 197 335
1880 1708 56 335
1937 1708 55 335
1994 1708 55 335
2050 1708 56 335
2107 1708 56 335
2164 1708 112 335
2277 1708 186 335
2464 1708 521 335
179 1878 56 339
236 1878 197 339
435 1878 55 339
491 1878 56 339
548 1878 56 339
605 1878 55 339
661 1878 56 339
718 1878 112 339
831 1878 186 339
1018 1878 524 339
1550 2052 74 332
1625 2052 56 332
1682 2052 197 332
1880 2052 56 332
1937 2052 55 332
1994 2052 55 332
2050 2052 56 332
2107 2052 56 332
2164 2052 112 332
2277 2052 186 332
2464 2052 521 332
179 2218 56 339
236 2218 197 339
435 2218 55 339
491 2218 56 339
548 2218 56 339
605 2218 55 339
661 2218 56 339
718 2218 112 339
831 2218 186 339
1018 2218 524 339
1550 2392 74 332
1625 2392 56 332
1682 2392 197 332
1880 2392 56 332
1937 2392 55 332
1994 2392 55 332
2050 2392 56 332
2107 2392 56 332
2164 2392 112 332
2277 2392 186 332
2464 2392 521 332
179 2558 56 336
236 2558 197 336
435 2558 55 336
491 2558 56 336
548 2558 56 336
605 2558 55 336
661 2558 56 336
718 2558 112 336
831 2558 186 336
1018 2558 524 336
1550 2732 74 672
1625 2732 56 336
1682 2732 197 336
1880 2732 56 336
1937 2732 55 336
1994 2732 55 336
2050 2732 56 336
2107 2732 56 336
2164 2732 112 336
2277 2732 186 336
2464 2732 521 336
107 2902 1435 63
107 2966 71 101
179 2966 56 101
236 2966 197 101
435 2966 55 101
491 2966 56 101
548 2966 55 101
605 2966 55 101
661 2966 56 101
718 2966 112 102
831 2966 186 101
1019 2966 523 101
107 3069 71 335
179 3069 56 335
236 3069 197 335
435 3069 55 335
491 3069 56 335
548 3069 55 335
605 3069 55 335
661 3069 56 335
718 3069 112 335
831 3069 186 335
1018 3069 524 335
1625 3069 56 335
1682 3069 197 335
1880 3069 56 335
1937 3069 55 335
1994 3069 55 335
2050 3069 56 335
2107 3069 56 335
2164 3069 112 335
2277 3069 186 335
2464 3069 521 335
107 3412 71 672
179 3412 56 336
236 3412 197 336
435 3412 55 336
491 3412 56 336
548 3412 55 336
605 3412 55 336
661 3412 56 336
718 3412 112 336
831 3412 186 336
1018 3412 524 336
1550 3412 1435 840
179 3749 56 335
236 3749 197 335
435 3749 55 335
491 3749 56 335
548 3749 55 335
605 3749 55 335
661 3749 56 335
718 3749 112 335
831 3749 186 335
1018 3749 524 335
107 4093 1435 159
