190 193 2860 220
190 415 2860 129
190 550 79 161
271 550 66 161
339 550 225 161
565 550 141 161
707 550 38 161
747 550 38 161
787 550 38 161
826 550 38 161
866 550 112 161
979 550 112 161
1093 550 525 161
1625 550 75 161
1702 550 66 161
1770 550 225 161
1997 550 140 161
2138 550 38 161
2178 550 38 161
2218 550 38 161
2257 550 38 161
2297 550 112 161
2410 550 112 161
2524 550 526 161
190 713 79 3699
271 713 66 527
339 713 225 527
565 713 141 527
707 713 38 527
747 713 38 527
787 713 38 527
826 713 38 527
866 713 112 527
979 713 112 527
1093 713 525 527
1625 713 75 2113
1702 713 66 527
1770 713 225 527
1997 713 140 527
2138 713 38 527
2178 713 38 527
2218 713 38 527
2257 713 38 527
2297 713 112 527
2410 713 112 527
2524 713 526 527
271 1241 66 527
339 1241 225 527
565 1241 141 527
707 1241 38 527
747 1241 38 527
787 1241 38 527
826 1241 38 527
866 1241 112 527
979 1241 112 527
1093 1241 525 527
1702 1242 66 528
1770 1242 225 528
1997 1242 140 528
2138 1242 38 528
2178 1242 38 528
2218 1242 38 528
2257 1242 38 528
2297 1242 112 528
2410 1242 112 528
2524 1242 526 528
271 1770 66 527
339 1770 225 527
565 1770 141 527
707 1770 38 527
747 1770 38 527
787 1770 38 527
826 1770 38 527
866 1770 112 527
979 1770 112 527
1093 1770 525 527
1702 1771 66 528
1770 1771 225 528
1997 1771 140 528
2138 1771 38 528
2178 1771 38 528
2218 1771 38 528
2257 1771 38 528
2297 1771 112 528
2410 1771 112 528
2524 1771 526 528
271 2299 66 527
339 2299 225 527
565 2299 141 527
707 2299 38 527
747 2299 38 527
787 2299 38 527
826 2299 38 527
866 2299 112 527
979 2299 112 527
1093 2299 525 527
1702 2301 66 525
1770 2301 225 525
1997 2301 140 525
2138 2301 38 525
2178 2301 38 525
2218 2301 38 525
2257 2301 38 525
2297 2301 112 525
2410 2301 112 525
2524 2301 526 525
271 2827 66 527
339 2827 225 527
565 2827 141 527
707 2827 38 527
747 2827 38 527
787 2827 38 527
826 2827 38 527
866 2827 112 527
979 2827 112 527
1093 2827 525 527
1625 2832 75 1580
1702 2832 66 526
1770 2832 225 526
1997 2832 140 526
2138 2832 38 526
2178 2832 38 526
2218 2832 38 526
2257 2832 38 526
2297 2832 112 526
2410 2832 112 526
2524 2832 526 526
271 3356 66 527
339 3356 225 527
565 3356 141 527
707 3356 38 527
747 3356 38 527
787 3356 38 527
826 3356 38 527
866 3356 112 527
979 3356 112 527
1093 3356 526 527
1702 3359 66 528
1770 3359 225 528
1997 3359 140 528
2138 3359 38 528
2178 3359 38 528
2218 3359 38 528
2257 3359 38 528
2297 3359 112 528
2410 3359 112 528
2524 3359 526 528
271 3885 66 527
339 3885 225 527
565 3885 141 527
707 3885 38 527
747 3885 38 527
787 3885 38 527
826 3885 38 527
866 3885 112 527
979 3885 112 527
1093 3885 525 527
1702 3889 66 523
1770 3889 225 523
1997 3889 140 523
2138 3889 38 523
2178 3889 38 523
2218 3889 38 523
2257 3889 38 523
2297 3889 112 523
2410 3889 112 523
2524 3889 526 523
