123 228 2877 304
123 534 2877 136
123 679 1435 85
1566 679 1434 85
123 765 72 136
196 765 56 136
253 765 197 136
451 765 56 136
508 765 56 136
565 765 55 136
622 765 55 136
678 765 56 136
735 765 112 136
848 765 186 136
1035 765 523 136
1566 765 75 136
1642 765 56 136
1699 765 197 136
1897 765 56 136
1954 765 55 136
2011 765 55 136
2067 765 56 136
2124 765 55 136
2181 765 112 136
2294 765 186 136
2481 765 519 136
123 902 72 789
196 902 56 396
253 902 197 396
451 902 56 396
508 902 56 396
565 902 55 396
622 902 55 396
678 902 56 396
735 902 112 396
848 902 186 396
1035 902 523 396
1566 902 75 1696
1642 902 56 282
1699 902 197 282
1897 902 56 282
1954 902 55 282
2011 902 55 282
2067 902 56 282
2124 902 55 282
2181 902 112 282
2294 902 186 282
2481 902 519 282
1642 1186 56 282
1699 1186 197 282
1897 1186 56 282
1954 1186 55 282
2011 1186 55 282
2067 1186 56 282
2124 1186 55 282
2181 1186 112 282
2294 1186 186 282
2481 1186 519 282
196 1299 56 392
253 1299 197 392
451 1299 56 392
508 1299 56 392
565 1299 55 392
622 1299 55 392
678 1299 56 392
735 1299 112 392
848 1299 186 392
1035 1299 523 392
1642 1469 56 282
1699 1469 197 282
1897 1469 56 282
1954 1469 55 282
2011 1469 55 282
2067 1469 56 282
2124 1469 55 282
2181 1469 112 282
2294 1469 186 282
2481 1469 519 282
123 1700 1435 84
1642 1753 56 282
1699 1753 197 282
1897 1753 56 282
1954 1753 55 282
2011 1753 55 282
2067 1753 56 282
2124 1753 55 282
2181 1753 112 282
2294 1753 186 282
2481 1753 519 282
123 1785 72 137
196 1785 56 137
253 1785 197 137
451 1785 56 137
508 1785 56 137
565 1785 55 137
622 1785 55 137
678 1785 56 137
735 1785 112 137
848 1785 186 137
1035 1785 523 137
123 1923 72 845
196 1923 56 282
253 1923 197 282
451 1923 56 282
508 1923 56 282
565 1923 55 282
622 1923 55 282
678 1923 56 282
735 1923 112 282
848 1923 186 282
1035 1923 523 282
1642 2036 56 282
1699 2036 197 282
1897 2036 56 282
1954 2036 55 282
2011 2036 55 282
2067 2036 56 282
2124 2036 55 282
2181 2036 112 282
2294 2036 186 282
2481 2036 519 282
196 2206 56 282
253 2206 197 282
451 2206 56 282
508 2206 56 282
565 2206 55 282
622 2206 55 282
678 2206 56 282
735 2206 112 282
848 2206 186 282
1035 2206 523 282
1642 2319 56 279
1699 2319 197 279
1897 2319 56 279
1954 2319 55 279
2011 2319 55 279
2067 2319 56 279
2124 2319 55 279
2181 2319 112 279
2294 2319 186 279
2481 2319 519 279
196 2490 56 278
253 2490 197 278
451 2490 56 278
508 2490 56 278
565 2490 55 278
622 2490 55 278
678 2490 56 278
735 2490 112 278
848 2490 186 278
1035 2490 523 278
1566 2607 75 1408
1642 2607 56 278
1699 2607 197 278
1897 2607 56 278
1954 2607 55 278
2011 2607 55 278
2067 2607 56 278
2124 2607 55 278
2181 2607 112 278
2294 2607 186 278
2481 2607 519 278
123 2777 72 842
196 2777 56 278
253 2777 197 278
451 2777 56 278
508 2777 56 278
565 2777 55 278
622 2777 55 278
678 2777 56 278
735 2777 112 278
848 2777 186 278
1035 2777 523 278
1642 2886 56 283
1699 2886 197 283
1897 2886 56 283
1954 2886 55 283
2011 2886 55 283
2067 2886 56 283
2124 2886 55 283
2181 2886 112 283
2294 2886 186 283
2481 2886 519 283
196 3056 56 283
253 3056 197 283
451 3056 56 283
508 3056 56 283
565 3056 55 283
622 3056 55 283
678 3056 56 283
735 3056 112 283
848 3056 186 283
1035 3056 523 283
1642 3170 56 282
1699 3170 197 282
1897 3170 56 282
1954 3170 55 282
2011 3170 55 282
2067 3170 56 282
2124 3170 55 282
2181 3170 112 282
2294 3170 186 282
2481 3170 519 282
196 3340 56 279
253 3340 197 279
451 3340 56 279
508 3340 56 279
565 3340 55 279
622 3340 55 279
678 3340 56 279
735 3340 112 279
848 3340 186 279
1035 3340 523 279
1642 3453 56 283
1699 3453 197 283
1897 3453 56 283
1954 3453 55 283
2011 3453 55 283
2067 3453 56 283
2124 3453 55 283
2181 3453 112 283
2294 3453 186 283
2481 3453 519 283
123 3627 1435 641
1642 3737 56 278
1699 3737 197 278
1897 3737 56 278
1954 3737 55 278
2011 3737 55 278
2067 3737 56 278
2124 3737 55 278
2181 3737 112 278
2294 3737 186 278
2481 3737 519 278
1566 4024 1434 244
