2086 2976 121 28
2209 2976 80 28
2291 2976 80 28
2372 2976 80 28
2454 2976 80 28
2536 2976 80 28
2617 2976 80 28
2699 2976 95 28
2795 2976 108 28
2086 3005 121 28
2209 3005 80 28
2291 3005 80 28
2372 3005 80 28
2454 3005 80 28
2536 3005 80 28
2617 3005 80 28
2699 3005 95 28
2795 3005 108 28
2086 3034 121 28
2209 3034 80 28
2291 3034 80 28
2372 3034 80 28
2454 3034 80 28
2536 3034 80 28
2617 3034 80 28
2699 3034 95 28
2795 3034 108 28
2086 3064 66 116
2154 3064 53 28
2209 3064 80 28
2291 3064 80 28
2372 3064 80 28
2454 3064 80 28
2536 3064 80 28
2617 3064 80 28
2699 3064 95 28
2795 3064 108 28
2154 3093 53 28
2209 3093 80 28
2291 3093 80 28
2372 3093 80 28
2454 3093 80 28
2536 3093 80 28
2617 3093 80 28
2699 3093 95 28
2795 3093 108 28
2154 3122 53 28
2209 3122 80 28
2291 3122 80 28
2372 3122 80 28
2454 3122 80 28
2536 3122 80 28
2617 3122 80 28
2699 3122 95 28
2795 3122 108 28
2154 3152 53 28
2209 3152 80 28
2291 3152 80 28
2372 3152 80 28
2454 3152 80 28
2536 3152 80 28
2617 3152 80 28
2699 3152 95 28
2795 3152 108 28
2086 3181 66 71
2154 3181 53 71
2209 3181 80 71
2291 3181 80 71
2372 3181 80 71
2454 3181 80 71
2536 3181 80 71
2617 3181 80 71
2699 3181 95 71
2795 3181 108 71
2086 3254 817 27
2086 3283 66 49
2154 3283 53 49
2209 3283 80 49
2291 3283 80 49
2372 3283 80 49
2454 3283 80 49
2536 3283 80 49
2617 3283 80 49
2699 3283 95 49
2795 3283 108 49
2086 3334 817 28
2086 3363 66 71
2154 3363 53 71
2209 3363 80 71
2291 3363 80 71
2372 3363 80 71
2454 3363 80 71
2536 3363 80 71
2617 3363 80 71
2699 3363 95 71
2795 3363 108 71
359 3559 112 62
472 3559 118 62
591 3559 1009 62
359 3622 112 44
472 3622 118 44
591 3622 1009 44
359 3668 112 44
472 3668 118 44
591 3668 1009 44
359 3713 112 44
472 3713 118 44
591 3713 1009 44
359 3758 112 44
472 3758 118 44
591 3758 1009 44
359 3804 112 44
472 3804 118 44
591 3804 1009 44
359 3849 112 44
472 3849 118 44
591 3849 1009 44
359 3894 112 44
472 3894 118 44
591 3894 1009 44
359 3940 112 44
472 3940 118 44
591 3940 1009 44
359 3985 112 44
472 3985 118 44
591 3985 1009 44
359 4031 112 43
472 4031 118 43
591 4031 1009 43
359 4076 112 44
472 4076 118 44
591 4076 1009 44
359 4121 112 44
472 4121 118 44
591 4121 1009 44
359 4167 112 43
472 4167 118 43
591 4167 1009 43
359 4212 112 44
472 4212 118 44
591 4212 1009 44
359 4257 112 44
472 4257 118 44
591 4257 1009 44
359 4303 112 43
472 4303 118 43
591 4303 1009 43
359 4348 112 44
472 4348 118 44
591 4348 1009 44
1660 3559 112 62
1773 3559 118 62
1892 3559 1009 62
1660 3622 112 44
1773 3622 118 44
1892 3622 1009 44
1660 3668 112 44
1773 3668 118 44
1892 3668 1009 44
1660 3713 112 44
1773 3713 118 44
1892 3713 1009 44
1660 3758 112 44
1773 3758 118 44
1892 3758 1009 44
1660 3804 112 44
1773 3804 118 44
1892 3804 1009 44
1660 3849 112 44
1773 3849 118 44
1892 3849 1009 44
1660 3894 112 44
1773 3894 118 44
1892 3894 1009 44
1660 3940 112 44
1773 3940 118 44
1892 3940 1009 44
1660 3985 112 44
1773 3985 118 44
1892 3985 1009 44
1660 4031 112 43
1773 4031 118 43
1892 4031 1009 43
1660 4076 112 44
1773 4076 118 44
1892 4076 1009 44
1660 4121 112 44
1773 4121 118 44
1892 4121 1009 44
1660 4167 112 43
1773 4167 118 43
1892 4167 1009 43
1660 4212 112 44
1773 4212 118 44
1892 4212 1009 44
1660 4257 112 44
1773 4257 118 44
1892 4257 1009 44
1660 4303 112 43
1773 4303 118 43
1892 4303 1009 43
