106 211 2878 214
106 426 2878 114
106 549 1434 68
1549 549 1435 68
106 618 72 96
179 618 56 96
236 618 197 96
434 618 56 96
491 618 56 96
548 618 55 96
604 618 56 96
661 618 56 96
718 618 112 96
831 618 186 96
1018 618 522 96
1549 618 74 96
1624 618 56 96
1681 618 197 96
1880 618 55 96
1936 618 56 96
1993 618 56 96
2050 618 55 96
2106 618 56 96
2163 618 112 96
2276 618 186 96
2464 618 520 96
106 715 72 1189
179 715 56 396
236 715 197 396
434 715 56 396
491 715 56 396
548 715 55 396
604 715 56 396
661 715 56 396
718 715 112 396
831 715 186 396
1018 715 522 396
1549 715 74 1186
1624 715 56 396
1681 715 197 396
1880 715 55 396
1936 715 56 396
1993 715 56 396
2050 715 55 396
2106 715 56 396
2163 715 112 396
2276 715 186 396
2464 715 520 396
179 1112 56 395
236 1112 197 395
434 1112 56 395
491 1112 56 395
548 1112 55 395
604 1112 56 395
661 1112 56 395
718 1112 112 395
831 1112 186 395
1018 1112 522 395
1624 1112 56 395
1681 1112 197 395
1880 1112 55 395
1936 1112 56 395
1993 1112 56 395
2050 1112 55 395
2106 1112 56 395
2163 1112 112 395
2276 1112 186 395
2464 1112 520 395
179 1509 56 395
236 1509 197 395
434 1509 56 395
491 1509 56 395
548 1509 55 395
604 1509 56 395
661 1509 56 395
718 1509 112 395
831 1509 186 395
1018 1509 522 395
1624 1509 56 392
1681 1509 197 392
1880 1509 55 392
1936 1509 56 392
1993 1509 56 392
2050 1509 55 392
2106 1509 56 392
2163 1509 112 392
2276 1509 186 392
2464 1509 520 392
106 1905 1434 41
1549 1909 1435 68
106 1954 1434 69
1549 1978 74 96
1624 1978 56 96
1681 1978 197 96
1880 1978 55 96
1936 1978 56 96
1993 1978 56 96
2050 1978 55 96
2106 1978 56 96
2163 1978 112 96
2276 1978 186 96
2464 1978 520 96
106 2024 72 96
179 2024 56 96
236 2024 197 96
434 2024 56 96
491 2024 56 96
548 2024 55 96
604 2024 56 96
661 2024 56 96
718 2024 112 96
831 2024 186 96
1018 2024 522 96
1549 2076 74 392
1624 2076 56 392
1681 2076 197 392
1880 2076 55 392
1936 2076 56 392
1993 2076 56 392
2050 2076 55 392
2106 2076 56 392
2163 2076 112 392
2276 2076 186 392
2464 2076 520 392
106 2121 72 1186
179 2121 56 396
236 2121 197 396
434 2121 56 396
491 2121 56 396
548 2121 55 396
604 2121 56 396
661 2121 56 396
718 2121 112 396
831 2121 186 396
1018 2121 522 396
1549 2476 1435 68
179 2518 56 395
236 2518 197 395
434 2518 56 395
491 2518 56 395
548 2518 55 395
604 2518 56 395
661 2518 56 395
718 2518 112 395
831 2518 186 395
1018 2518 522 395
1549 2545 74 96
1624 2545 56 96
1681 2545 197 96
1880 2545 55 96
1936 2545 56 96
1993 2545 56 96
2050 2545 55 96
2106 2545 56 96
2163 2545 112 96
2276 2545 186 96
2464 2545 520 96
1549 2642 74 392
1624 2642 56 392
1681 2642 197 392
1880 2642 55 392
1936 2642 56 392
1993 2642 56 392
2050 2642 55 392
2106 2642 56 392
2163 2642 112 392
2276 2642 186 392
2464 2642 520 392
179 2915 56 392
236 2915 197 392
434 2915 56 392
491 2915 56 392
548 2915 55 392
604 2915 56 392
661 2915 56 392
718 2915 112 392
831 2915 186 392
1018 2915 522 392
1549 3043 1435 68
1549 3112 74 96
1624 3112 56 96
1681 3112 197 96
1880 3112 55 96
1936 3112 56 96
1993 3112 56 96
2050 3112 55 96
2106 3112 56 96
2163 3112 112 96
2276 3112 186 96
2464 3112 520 96
1549 3209 74 789
1624 3209 56 396
1681 3209 197 396
1880 3209 55 396
1936 3209 56 396
1993 3209 56 396
2050 3209 55 396
2106 3209 56 396
2163 3209 112 396
2276 3209 186 396
2464 3209 520 396
106 3315 1434 936
1624 3606 56 392
1681 3606 197 392
1880 3606 55 392
1936 3606 56 392
1993 3606 56 392
2050 3606 55 392
2106 3606 56 392
2163 3606 112 392
2276 3606 186 392
2464 3606 520 392
1549 4007 1435 244
