20 19 2860 312
20 337 2860 181
20 524 2860 78
20 607 108 81
132 607 200 81
336 607 52 81
393 607 52 81
450 607 52 81
506 607 52 81
563 607 52 81
620 607 449 81
1073 607 493 81
1571 607 1309 81
20 692 108 321
132 692 200 32
336 692 52 321
393 692 52 321
450 692 52 321
506 692 52 321
563 692 52 321
620 692 449 321
1073 692 493 321
1571 692 1309 321
132 772 30 144
299 803 33 114
20 1018 108 321
132 1018 200 27
336 1018 52 321
393 1018 52 321
450 1018 52 321
506 1018 52 321
563 1018 52 321
620 1018 449 321
1073 1018 493 321
1571 1018 1309 321
303 1118 29 111
132 1134 34 91
20 1343 2860 81
20 1428 51 81
75 1428 53 81
132 1428 200 81
336 1428 52 81
393 1428 52 81
450 1428 52 81
506 1428 52 81
563 1428 52 81
620 1428 449 81
1073 1428 493 81
1571 1428 1309 81
20 1514 51 2596
75 1514 53 321
132 1514 200 321
336 1514 52 321
393 1514 52 321
450 1514 52 321
506 1514 52 321
563 1514 52 321
620 1514 449 321
1073 1514 493 321
1571 1514 1309 321
75 1839 53 321
132 1839 200 41
336 1839 52 321
393 1839 52 321
450 1839 52 321
506 1839 52 321
563 1839 52 321
620 1839 449 321
1073 1839 493 321
1571 1839 1309 321
132 1945 31 115
297 1956 35 100
75 2165 53 320
132 2165 200 28
336 2165 52 320
393 2165 52 320
450 2165 52 320
506 2165 52 320
563 2165 52 320
620 2165 449 320
1073 2165 493 320
1571 2165 1309 320
302 2242 30 127
132 2251 42 23
132 2283 35 84
75 2490 53 321
132 2490 200 35
336 2490 52 321
393 2490 52 321
450 2490 52 321
506 2490 52 321
563 2490 52 321
620 2490 449 321
1073 2490 493 321
1571 2490 1309 321
132 2614 28 86
301 2614 31 88
247 2624 22 36
75 2815 53 321
132 2815 200 38
336 2815 52 321
393 2815 52 321
450 2815 52 321
506 2815 52 321
563 2815 52 321
620 2815 449 321
1073 2815 493 321
1571 2815 1309 321
132 2902 38 117
293 2908 39 104
75 3141 53 321
132 3141 200 188
336 3141 52 321
393 3141 52 321
450 3141 52 321
506 3141 52 321
563 3141 52 321
620 3141 449 321
1073 3141 493 321
1571 3141 1309 321
75 3466 53 321
336 3466 52 321
393 3466 52 321
450 3466 52 321
506 3466 52 321
563 3466 52 321
620 3466 449 321
1073 3466 493 321
1571 3466 1309 321
75 3792 53 318
336 3792 52 318
393 3792 52 318
450 3792 52 318
506 3792 52 318
563 3792 52 318
620 3792 449 318
1073 3792 493 318
1571 3792 1309 318
291 3844 41 41
