19 20 2861 252
19 278 2861 186
19 469 2861 57
24 532 45 101
75 532 46 101
125 532 211 101
341 532 52 101
397 532 41 101
443 532 35 101
482 532 36 101
522 532 32 101
559 532 118 101
682 532 211 101
897 532 544 101
1458 532 45 101
1509 532 46 101
1560 532 210 101
1775 532 52 101
1832 532 40 101
1877 532 35 101
1917 532 35 101
1956 532 33 101
1993 532 119 101
2116 532 211 101
2331 532 548 101
24 637 45 3521
75 637 46 584
125 637 211 584
341 637 52 584
397 637 41 584
443 637 35 584
482 637 36 584
522 637 32 584
559 637 118 584
682 637 211 584
897 637 544 584
1458 637 45 1760
1509 637 46 584
1560 637 210 310
1775 637 52 584
1832 637 40 584
1877 637 35 584
1917 637 35 584
1956 637 33 584
1993 637 119 584
2116 637 211 584
2331 637 548 584
1560 947 153 29
1560 976 135 26
1560 1059 115 162
1675 1061 95 160
75 1225 46 584
125 1225 211 584
341 1225 52 584
397 1225 41 584
443 1225 35 584
482 1225 36 584
522 1225 32 584
559 1225 118 584
682 1225 211 584
897 1225 544 584
1509 1226 46 584
1560 1226 210 187
1775 1226 52 584
1832 1226 40 584
1877 1226 35 584
1917 1226 35 584
1956 1226 33 584
1993 1226 119 584
2116 1226 211 584
2331 1226 548 584
1560 1460 44 122
1728 1463 42 119
1741 1587 29 47
1648 1653 23 157
1715 1653 55 157
75 1814 46 584
125 1814 211 379
341 1814 52 584
397 1814 41 584
443 1814 35 584
482 1814 36 584
522 1814 32 584
559 1814 118 584
682 1814 211 584
897 1814 544 584
1509 1814 46 583
1560 1814 210 179
1775 1814 52 583
1832 1814 40 583
1877 1814 35 583
1917 1814 35 583
1956 1814 33 583
1993 1814 119 583
2116 1814 211 583
2331 1814 548 583
1560 2037 42 125
1721 2037 49 116
125 2193 201 205
1561 2235 209 162
75 2402 46 584
125 2402 211 584
341 2402 52 584
397 2402 41 584
443 2402 35 584
482 2402 36 584
522 2402 32 584
559 2402 118 584
682 2402 211 584
897 2402 544 584
1458 2414 45 1744
1509 2414 46 577
1560 2414 210 142
1775 2414 52 577
1832 2414 40 577
1877 2414 35 577
1917 2414 35 577
1956 2414 33 577
1993 2414 119 577
2116 2414 211 577
2331 2414 548 577
1568 2829 116 162
1695 2829 75 162
75 2990 46 584
125 2990 211 584
341 2990 52 584
397 2990 41 584
443 2990 35 584
482 2990 36 584
522 2990 32 584
559 2990 118 584
682 2990 211 584
897 2990 544 584
1509 2996 46 583
1560 2996 210 168
1775 2996 52 584
1832 2996 40 584
1877 2996 35 584
1917 2996 35 584
1956 2996 33 584
1993 2996 119 584
2116 2996 211 584
2331 2996 548 584
1727 3211 43 27
1732 3248 38 66
1560 3249 32 75
1561 3417 209 162
75 3579 46 579
125 3579 211 579
341 3579 52 579
397 3579 41 579
443 3579 35 579
482 3579 36 579
522 3579 32 579
559 3579 118 579
682 3579 211 579
897 3579 544 579
1775 3584 52 574
1832 3584 40 574
1877 3584 35 574
1917 3584 35 574
1956 3584 33 574
1993 3584 119 574
2116 3584 211 574
2331 3584 548 574
1509 3585 46 573
1560 3585 210 166
1560 3793 48 48
1722 3807 48 92
1560 3841 47 65
1561 4005 209 153
