2086 2976 121 28
2209 2976 80 28
2291 2976 80 28
2372 2976 80 28
2454 2976 80 28
2536 2976 80 28
2617 2976 80 28
2699 2976 95 28
2795 2976 108 28
2086 3005 121 28
2209 3005 80 28
2291 3005 80 28
2372 3005 80 28
2454 3005 80 28
2536 3005 80 28
2617 3005 80 28
2699 3005 95 28
2795 3005 108 28
2086 3034 121 28
2209 3034 80 28
2291 3034 80 28
2372 3034 80 28
2454 3034 80 28
2536 3034 80 28
2617 3034 80 28
2699 3034 95 28
2795 3034 108 28
2086 3064 66 116
2154 3064 53 28
2209 3064 80 28
2291 3064 80 28
2372 3064 80 28
2454 3064 80 28
2536 3064 80 28
2617 3064 80 28
2699 3064 95 28
2795 3064 108 28
2154 3093 53 28
2209 3093 80 28
2291 3093 80 28
2372 3093 80 28
2454 3093 80 28
2536 3093 80 28
2617 3093 80 28
2699 3093 95 28
2795 3093 108 28
2154 3122 53 28
2209 3122 80 28
2291 3122 80 28
2372 3122 80 28
2454 3122 80 28
2536 3122 80 28
2617 3122 80 28
2699 3122 95 28
2795 3122 108 28
2154 3152 53 28
2209 3152 80 28
2291 3152 80 28
2372 3152 80 28
2454 3152 80 28
2536 3152 80 28
2617 3152 80 28
2699 3152 95 28
2795 3152 108 28
2086 3181 66 71
2154 3181 53 71
2209 3181 80 71
2291 3181 80 71
2372 3181 80 71
2454 3181 80 71
2536 3181 80 71
2617 3181 80 71
2699 3181 95 71
2795 3181 108 71
2086 3254 817 27
2086 3283 66 49
2154 3283 53 49
2209 3283 80 49
2291 3283 80 49
2372 3283 80 49
2454 3283 80 49
2536 3283 80 49
2617 3283 80 49
2699 3283 95 49
2795 3283 108 49
2086 3334 817 28
2086 3363 66 71
2154 3363 53 71
2209 3363 80 71
2291 3363 80 71
2372 3363 80 71
2454 3363 80 71
2536 3363 80 71
2617 3363 80 71
2699 3363 95 71
2795 3363 108 71
359 3599 83 62
444 3599 134 62
580 3599 1021 62
359 3662 83 38
444 3662 134 38
580 3662 1021 38
359 3702 83 38
444 3702 134 38
580 3702 1021 38
359 3741 83 39
444 3741 134 39
580 3741 1021 39
359 3781 83 38
444 3781 134 38
580 3781 1021 38
359 3821 83 38
444 3821 134 38
580 3821 1021 38
359 3860 83 39
444 3860 134 39
580 3860 1021 39
359 3900 83 38
444 3900 134 38
580 3900 1021 38
359 3940 83 38
444 3940 134 38
580 3940 1021 38
359 3979 83 39
444 3979 134 39
580 3979 1021 39
359 4019 83 38
444 4019 134 38
580 4019 1021 38
359 4059 83 38
444 4059 134 38
580 4059 1021 38
359 4099 83 38
444 4099 134 38
580 4099 1021 38
359 4138 83 38
444 4138 134 38
580 4138 1021 38
359 4178 83 38
444 4178 134 38
580 4178 1021 38
359 4218 83 38
444 4218 134 38
580 4218 1021 38
359 4257 83 38
444 4257 134 38
580 4257 1021 38
359 4297 83 38
444 4297 134 38
580 4297 1021 38
359 4337 83 38
444 4337 134 38
580 4337 1021 38
1660 3599 83 62
1745 3599 134 62
1881 3599 1021 62
1660 3662 83 38
1745 3662 134 38
1881 3662 1021 38
1660 3702 83 38
1745 3702 134 38
1881 3702 1021 38
1660 3741 83 39
1745 3741 134 39
1881 3741 1021 39
1660 3781 83 38
1745 3781 134 38
1881 3781 1021 38
1660 3821 83 38
1745 3821 134 38
1881 3821 1021 38
1660 3860 83 39
1745 3860 134 39
1881 3860 1021 39
1660 3900 83 38
1745 3900 134 38
1881 3900 1021 38
1660 3940 83 38
1745 3940 134 38
1881 3940 1021 38
1660 3979 83 39
1745 3979 134 39
1881 3979 1021 39
1660 4019 83 38
1745 4019 134 38
1881 4019 1021 38
1660 4059 83 38
1745 4059 134 38
1881 4059 1021 38
1660 4099 83 38
1745 4099 134 38
1881 4099 1021 38
1660 4138 83 38
1745 4138 134 38
1881 4138 1021 38
1660 4178 83 38
1745 4178 134 38
1881 4178 1021 38
1660 4218 83 38
1745 4218 134 38
1881 4218 1021 38
1660 4257 83 38
1745 4257 134 38
1881 4257 1021 38
1660 4297 83 38
1745 4297 134 38
1881 4297 1021 38
