19 469 2861 57
24 532 45 101
75 532 46 101
125 532 211 101
341 532 52 101
397 532 41 101
443 532 35 101
482 532 36 101
522 532 32 101
559 532 97 101
661 532 211 101
876 532 562 101
1458 532 45 101
1509 532 46 101
1560 532 210 101
1775 532 52 101
1832 532 40 101
1877 532 35 101
1917 532 35 101
1956 532 33 101
1993 532 101 101
2098 532 211 101
2314 532 565 101
24 637 45 3521
75 637 46 388
125 637 211 388
341 637 52 388
397 637 41 388
443 637 35 388
482 637 36 388
522 637 32 388
559 637 97 388
661 637 211 388
876 637 562 388
1458 637 45 1958
1509 637 46 388
1560 637 210 88
1775 637 52 388
1832 637 40 388
1877 637 35 388
1917 637 35 388
1956 637 33 388
1993 637 101 388
2098 637 211 388
2314 637 565 388
1560 969 210 56
75 1029 46 388
125 1029 211 388
341 1029 52 388
397 1029 41 388
443 1029 35 388
482 1029 36 388
522 1029 32 388
559 1029 97 388
661 1029 211 388
876 1029 562 388
1509 1029 46 388
1560 1029 210 77
1775 1029 52 388
1832 1029 40 388
1877 1029 35 388
1917 1029 35 388
1956 1029 33 388
1993 1029 101 388
2098 1029 211 388
2314 1029 565 388
1729 1156 41 23
1560 1361 210 56
1509 1421 46 388
1560 1421 210 388
1775 1421 52 388
1832 1421 40 388
1877 1421 35 388
1917 1421 35 388
1956 1421 33 388
1993 1421 101 388
2098 1421 211 388
2314 1421 565 388
75 1422 46 387
125 1422 211 287
341 1422 52 387
397 1422 41 387
443 1422 35 387
482 1422 36 387
522 1422 32 387
559 1422 97 387
661 1422 211 387
876 1422 562 387
125 1746 211 63
75 1814 46 387
125 1814 211 387
341 1814 52 387
397 1814 41 387
443 1814 35 387
482 1814 36 387
522 1814 32 387
559 1814 97 387
661 1814 211 387
876 1814 562 387
1509 1814 46 387
1560 1814 210 267
1775 1814 52 387
1832 1814 40 387
1877 1814 35 387
1917 1814 35 387
1956 1814 33 387
1993 1814 101 387
2098 1814 211 387
2314 1814 565 387
1560 2093 137 25
1560 2139 210 62
75 2206 46 387
125 2206 211 387
341 2206 52 387
397 2206 41 388
443 2206 35 388
482 2206 36 388
522 2206 32 388
559 2206 97 388
661 2206 211 388
876 2206 562 388
1509 2206 46 389
1560 2206 210 389
1775 2206 52 389
1832 2206 40 389
1877 2206 35 389
1917 2206 35 389
1956 2206 33 389
1993 2206 101 389
2098 2206 211 389
2314 2206 565 389
397 2598 41 388
443 2598 35 388
482 2598 36 388
522 2598 32 388
559 2598 97 388
661 2598 211 388
876 2598 562 388
75 2599 46 386
125 2599 211 386
341 2599 52 386
1458 2612 45 1165
1509 2612 46 381
1560 2612 210 43
1775 2612 52 381
1832 2612 40 381
1877 2612 35 381
1917 2612 35 381
1956 2612 33 381
1993 2612 101 381
2098 2612 211 381
2314 2612 565 381
1560 2928 210 65
397 2990 41 388
443 2990 35 388
482 2990 36 388
522 2990 32 388
559 2990 97 388
661 2990 211 388
876 2990 562 388
75 2991 46 386
125 2991 211 386
341 2991 52 386
1509 2998 46 387
1560 2998 210 70
1775 2998 52 387
1832 2998 40 387
1877 2998 35 387
1917 2998 35 387
1956 2998 33 387
1993 2998 101 387
2098 2998 211 387
2314 2998 565 387
1560 3321 210 64
75 3383 46 387
125 3383 211 387
341 3383 52 387
397 3383 41 387
443 3383 35 387
482 3383 36 387
522 3383 32 387
559 3383 97 387
661 3383 211 387
876 3383 562 387
1509 3390 46 387
1560 3390 210 69
1775 3390 52 387
1832 3390 40 387
1877 3390 35 387
1917 3390 35 387
1956 3390 33 387
1993 3390 101 387
2098 3390 211 387
2314 3390 565 387
1560 3712 210 65
75 3775 46 383
125 3775 211 383
341 3775 52 383
397 3775 41 383
443 3775 35 383
482 3775 36 383
522 3775 32 383
559 3775 97 383
661 3775 211 383
876 3775 562 383
1458 3782 1421 376
