17 17 103 148
121 17 108 148
231 17 247 148
479 17 100 148
580 17 97 148
678 17 56 148
735 17 57 148
793 17 97 148
891 17 169 148
1061 17 349 148
1411 17 1463 148
17 166 103 3338
121 166 108 476
231 166 247 476
479 166 100 476
580 166 97 476
678 166 56 476
735 166 57 476
793 166 97 476
891 166 169 476
1061 166 349 476
1411 166 1463 476
121 643 108 476
231 643 247 476
479 643 100 476
580 643 97 476
678 643 56 476
735 643 57 476
793 643 97 476
891 643 169 476
1061 643 349 476
1411 643 1463 476
121 1120 108 476
231 1120 247 476
479 1120 100 476
580 1120 97 476
678 1120 56 476
735 1120 57 476
793 1120 97 476
891 1120 169 476
1061 1120 349 476
1411 1120 1463 476
121 1597 108 476
231 1597 247 476
479 1597 100 476
580 1597 97 476
678 1597 56 476
735 1597 57 476
793 1597 97 476
891 1597 169 476
1061 1597 349 476
1411 1597 1463 476
121 2074 108 476
231 2074 247 476
479 2074 100 476
580 2074 97 476
678 2074 56 476
735 2074 57 476
793 2074 97 476
891 2074 169 476
1061 2074 349 476
1411 2074 1463 476
121 2551 108 476
231 2551 247 476
479 2551 100 476
580 2551 97 476
678 2551 56 476
735 2551 57 476
793 2551 97 476
891 2551 169 476
1061 2551 349 476
1411 2551 1463 476
121 3028 108 476
231 3028 247 476
479 3028 100 476
580 3028 97 476
678 3028 56 476
735 3028 57 476
793 3028 97 476
891 3028 169 476
1061 3028 349 476
1411 3028 1463 476
17 3505 2858 475
