13 13 2896 260
13 274 2896 98
13 378 1443 68
1462 378 1447 68
13 452 50 166
64 452 50 166
115 452 186 166
302 452 51 166
354 452 50 166
405 452 50 166
456 452 50 166
507 452 50 166
558 452 141 166
700 452 198 166
899 452 557 166
1462 452 55 166
1518 452 50 166
1569 452 187 166
1757 452 50 166
1808 452 50 166
1859 452 50 166
1910 452 50 166
1961 452 50 166
2012 452 141 166
2154 452 198 166
2353 452 556 166
13 619 50 767
64 619 50 385
115 619 186 53
302 619 51 53
354 619 50 385
405 619 50 385
456 619 50 385
507 619 50 385
558 619 141 385
700 619 198 385
899 619 557 385
1462 619 55 1252
1518 619 50 419
1569 619 187 253
1757 619 50 419
1808 619 50 419
1859 619 50 419
1910 619 51 419
1962 619 49 419
2012 619 141 419
2154 619 198 419
2353 619 556 419
115 672 151 168
304 672 49 332
266 673 35 174
168 845 84 33
1609 898 116 36
180 938 66 66
115 940 65 64
246 940 55 64
1684 948 22 90
64 1005 50 381
115 1005 186 381
302 1005 51 381
354 1005 50 381
405 1005 50 381
456 1005 50 381
507 1005 50 381
558 1005 141 381
700 1005 198 381
899 1005 557 371
1518 1039 50 419
1569 1039 187 287
1757 1039 50 419
1808 1039 50 419
1859 1039 50 419
1910 1039 51 419
1962 1039 49 419
2012 1039 141 419
2154 1039 198 419
2353 1039 556 419
1569 1348 168 110
13 1392 1442 63
1518 1459 50 412
1569 1459 187 290
1757 1459 50 412
1808 1459 50 412
1859 1459 50 412
1910 1459 51 412
1962 1459 49 412
2012 1459 141 412
2154 1459 198 412
2353 1459 556 412
13 1461 50 410
64 1461 50 410
115 1461 186 222
302 1461 51 251
354 1461 50 410
405 1461 50 410
456 1461 50 410
507 1461 50 410
558 1461 141 410
700 1461 198 410
899 1461 556 410
304 1712 49 159
181 1732 68 27
1570 1749 186 43
184 1785 65 86
115 1789 69 82
251 1789 50 82
1570 1792 185 79
