190 193 2857 220
190 414 2857 130
190 550 100 113
291 550 305 113
597 550 208 113
807 550 95 113
903 550 44 113
949 550 168 113
1119 550 112 113
1232 550 180 113
1414 550 265 113
1680 550 1367 113
190 664 100 624
291 664 305 624
597 664 208 624
807 664 95 624
903 664 44 624
949 664 168 624
1119 664 112 624
1232 664 180 624
1414 664 265 624
1680 664 1367 624
190 1289 100 623
291 1289 305 623
597 1289 208 623
807 1289 95 623
903 1289 44 623
949 1289 168 623
1119 1289 112 623
1232 1289 180 623
1414 1289 265 623
1680 1289 1367 623
190 1914 100 623
291 1914 305 623
597 1914 208 623
807 1914 95 623
903 1914 44 623
949 1914 168 623
1119 1914 112 623
1232 1914 180 623
1414 1914 265 623
1680 1914 1367 623
190 2539 100 623
291 2539 305 623
597 2539 208 623
807 2539 95 623
903 2539 44 623
949 2539 168 623
1119 2539 112 623
1232 2539 180 623
1414 2539 265 623
1680 2539 1367 623
190 3163 100 623
291 3163 305 623
597 3163 208 623
807 3163 95 623
903 3163 44 623
949 3163 168 623
1119 3163 112 623
1232 3163 180 623
1414 3163 265 623
1680 3163 1367 623
190 3788 100 622
291 3788 305 622
597 3788 208 622
807 3788 95 622
903 3788 44 622
949 3788 168 622
1119 3788 112 622
1232 3788 180 622
1414 3788 265 622
1680 3788 1367 622
