14 13 2955 214
14 233 2955 218
14 457 2955 69
14 527 48 175
64 527 242 175
308 527 49 175
359 527 49 175
410 527 49 175
461 527 49 175
512 527 49 175
563 527 123 175
687 527 169 175
857 527 630 175
1496 527 52 175
1549 527 242 175
1793 527 50 175
1844 527 50 175
1895 527 50 175
1946 527 50 175
1997 527 50 175
2048 527 123 175
2173 527 168 175
2343 527 626 175
14 703 48 761
64 703 242 761
308 703 49 761
359 703 49 761
410 703 49 761
461 703 49 761
512 703 49 761
563 703 123 761
687 703 169 761
857 703 630 761
1496 703 52 761
1549 703 242 761
1793 703 50 761
1844 703 50 761
1895 703 50 761
1946 703 50 761
1997 703 50 761
2048 703 123 761
2173 703 168 761
2343 703 626 761
14 1466 48 761
64 1466 242 761
308 1466 49 761
359 1466 49 761
410 1466 49 761
461 1466 49 761
512 1466 49 761
563 1466 123 761
687 1466 169 761
857 1466 630 761
1496 1466 52 761
1549 1466 242 761
1793 1466 50 761
1844 1466 50 761
1895 1466 50 761
1946 1466 50 761
1997 1466 50 761
2048 1466 123 761
2173 1466 168 761
2343 1466 626 761
14 2228 48 759
64 2228 242 759
308 2228 49 759
359 2228 49 759
410 2228 49 759
461 2228 49 759
512 2228 49 759
563 2228 123 759
687 2228 169 759
857 2228 630 759
1496 2228 1473 759
14 2993 1477 893
1492 2993 1477 893
14 3892 2955 346
