14 90 2877 276
14 367 2877 193
14 569 1434 96
1457 569 1434 96
14 666 72 153
87 666 55 153
143 666 198 153
342 666 55 153
398 666 56 153
455 666 56 153
512 666 55 153
569 666 55 153
625 666 113 153
739 666 186 153
926 666 522 153
1457 666 74 153
1532 666 56 153
1589 666 197 153
1787 666 56 153
1844 666 56 153
1901 666 55 153
1958 666 55 153
2014 666 56 153
2071 666 112 153
2184 666 186 153
2371 666 520 153
14 820 72 846
87 820 55 424
143 820 198 424
342 820 55 424
398 820 56 424
455 820 56 424
512 820 55 424
569 820 55 424
625 820 113 424
739 820 186 424
926 820 522 424
1457 820 74 846
1532 820 56 424
1589 820 197 424
1787 820 56 424
1844 820 56 424
1901 820 55 424
1958 820 55 424
2014 820 56 424
2071 820 112 424
2184 820 186 424
2371 820 520 424
87 1245 55 421
143 1245 198 421
342 1245 55 421
398 1245 56 421
455 1245 56 421
512 1245 55 421
569 1245 55 421
625 1245 113 421
739 1245 186 421
926 1245 522 421
1532 1245 56 421
1589 1245 197 421
1787 1245 56 421
1844 1245 56 421
1901 1245 55 421
1958 1245 55 421
2014 1245 56 421
2071 1245 112 421
2184 1245 186 421
2371 1245 520 421
14 1674 1434 96
1457 1674 1434 96
14 1771 72 154
87 1771 55 154
143 1771 198 154
342 1771 55 154
398 1771 56 154
455 1771 56 154
512 1771 55 154
569 1771 55 154
625 1771 113 154
739 1771 186 154
926 1771 522 154
1457 1771 74 154
1532 1771 56 154
1589 1771 197 154
1787 1771 56 154
1844 1771 56 154
1901 1771 55 154
1958 1771 55 154
2014 1771 56 154
2071 1771 112 154
2184 1771 186 154
2371 1771 520 154
14 1926 72 1696
87 1926 55 424
143 1926 198 424
342 1926 55 424
398 1926 56 424
455 1926 56 424
512 1926 55 424
569 1926 55 424
625 1926 113 424
739 1926 186 424
926 1926 522 424
1457 1926 74 845
1532 1926 56 424
1589 1926 197 424
1787 1926 56 424
1844 1926 56 424
1901 1926 55 424
1958 1926 55 424
2014 1926 56 424
2071 1926 112 424
2184 1926 186 424
2371 1926 520 424
87 2351 55 424
143 2351 198 424
342 2351 55 424
398 2351 56 424
455 2351 56 424
512 2351 55 424
569 2351 55 424
625 2351 113 424
739 2351 186 424
926 2351 522 424
1532 2351 56 420
1589 2351 197 420
1787 2351 56 420
1844 2351 56 420
1901 2351 55 420
1958 2351 55 420
2014 2351 56 420
2071 2351 112 420
2184 2351 186 420
2371 2351 520 420
87 2776 55 424
143 2776 198 424
342 2776 55 424
398 2776 56 424
455 2776 56 424
512 2776 55 424
569 2776 55 424
625 2776 113 424
739 2776 186 424
926 2776 522 424
1457 2780 1434 96
1457 2877 74 153
1532 2877 56 153
1589 2877 197 153
1787 2877 56 153
1844 2877 56 153
1901 2877 55 153
1958 2877 55 153
2014 2877 56 153
2071 2877 112 153
2184 2877 186 153
2371 2877 520 153
1457 3031 74 846
1532 3031 56 424
1589 3031 197 424
1787 3031 56 424
1844 3031 56 424
1901 3031 55 424
1958 3031 55 424
2014 3031 56 424
2071 3031 112 424
2184 3031 186 424
2371 3031 520 424
87 3201 55 421
143 3201 198 421
342 3201 55 421
398 3201 56 421
455 3201 56 421
512 3201 55 421
569 3201 55 421
625 3201 113 421
739 3201 186 421
926 3201 522 421
1532 3456 56 421
1589 3456 197 421
1787 3456 56 421
1844 3456 56 421
1901 3456 55 421
1958 3456 55 421
2014 3456 56 421
2071 3456 112 421
2184 3456 186 421
2371 3456 520 421
14 3630 1434 499
1457 3885 1434 244
