20 19 2860 312
20 337 2860 181
20 524 2860 78
20 607 96 80
121 607 199 80
325 607 46 80
376 607 41 80
421 607 41 80
467 607 40 80
512 607 41 80
557 607 449 80
1011 607 540 80
1555 607 1322 80
20 692 96 357
121 692 199 49
325 692 46 357
376 692 41 357
421 692 41 357
467 692 40 357
512 692 41 357
557 692 449 357
1011 692 540 357
1555 692 1322 357
121 786 30 33
121 1017 199 32
20 1053 96 357
121 1053 199 46
325 1053 46 357
376 1053 41 357
421 1053 41 357
467 1053 40 357
512 1053 41 357
557 1053 449 357
1011 1053 540 357
1555 1053 1322 357
121 1378 199 32
20 1415 2857 80
20 1500 45 81
70 1500 46 81
121 1500 199 81
325 1500 46 81
376 1500 41 81
421 1500 41 81
467 1500 40 81
512 1500 41 81
557 1500 222 81
784 1500 222 81
1011 1500 426 81
1442 1500 57 81
1504 1500 47 81
1555 1500 200 81
1759 1500 47 81
1810 1500 41 81
1856 1500 40 81
1901 1500 41 81
1946 1500 41 81
1992 1500 222 81
2218 1500 223 81
2445 1500 432 81
20 1585 45 2525
70 1585 46 357
121 1585 199 46
325 1585 46 357
376 1585 41 357
421 1585 41 357
467 1585 40 357
512 1585 41 357
557 1585 222 357
784 1585 222 357
1011 1585 426 357
1442 1585 57 2525
1504 1585 47 357
1555 1585 200 47
1759 1585 47 357
1810 1585 41 357
1856 1585 40 357
1901 1585 41 357
1946 1585 41 357
1992 1585 222 357
2218 1585 223 357
2445 1585 432 357
297 1703 23 26
121 1910 199 32
1555 1910 200 32
70 1947 46 357
121 1947 199 54
325 1947 46 357
376 1947 41 357
421 1947 41 357
467 1947 40 357
512 1947 41 357
557 1947 222 357
784 1947 222 357
1011 1947 426 357
1504 1947 47 357
1555 1947 200 56
1759 1947 47 357
1810 1947 41 357
1856 1947 40 357
1901 1947 41 357
1946 1947 41 357
1992 1947 222 357
2218 1947 223 357
2445 1947 432 357
1555 2256 200 48
121 2273 199 31
70 2308 46 358
121 2308 199 34
325 2308 46 358
376 2308 41 358
421 2308 41 358
467 2308 40 358
512 2308 41 358
557 2308 222 358
784 2308 222 358
1011 2308 426 358
1504 2308 47 358
1555 2308 200 224
1759 2308 47 358
1810 2308 41 358
1856 2308 40 358
1901 2308 41 358
1946 2308 41 358
1992 2308 222 358
2218 2308 223 358
2445 2308 432 358
1555 2533 200 36
1555 2570 200 23
1555 2633 200 33
121 2634 199 32
70 2670 46 357
121 2670 199 61
325 2670 46 357
376 2670 41 357
421 2670 41 357
467 2670 40 357
512 2670 41 357
557 2670 222 357
784 2670 222 357
1011 2670 426 357
1504 2670 47 357
1555 2670 200 225
1759 2670 47 357
1810 2670 41 357
1856 2670 40 357
1901 2670 41 357
1946 2670 41 357
1992 2670 222 357
2218 2670 223 357
2445 2670 432 357
121 2996 199 31
1555 2996 200 31
70 3032 46 357
121 3032 199 50
325 3032 46 357
376 3032 41 357
421 3032 41 357
467 3032 40 357
512 3032 41 357
557 3032 222 357
784 3032 222 357
1011 3032 426 357
1504 3032 47 357
1555 3032 200 246
1759 3032 47 357
1810 3032 41 357
1856 3032 40 357
1901 3032 41 357
1946 3032 41 357
1992 3032 222 357
2218 3032 223 357
2445 3032 432 357
1555 3336 200 53
121 3357 199 32
70 3394 46 357
121 3394 199 265
325 3394 46 357
376 3394 41 357
421 3394 41 357
467 3394 40 357
512 3394 41 357
557 3394 222 357
784 3394 222 357
1011 3394 426 357
1504 3394 47 357
1555 3394 200 48
1759 3394 47 357
1810 3394 41 357
1856 3394 40 357
1901 3394 41 357
1946 3394 41 357
1992 3394 222 357
2218 3394 223 357
2445 3394 432 357
121 3713 199 38
1555 3717 200 34
70 3755 46 355
121 3755 199 60
325 3755 46 355
376 3755 41 355
421 3755 41 355
467 3755 40 355
512 3755 41 355
557 3755 222 355
784 3755 222 355
1011 3755 426 355
1504 3755 47 355
1555 3755 200 54
1759 3755 47 355
1810 3755 41 355
1856 3755 40 355
1901 3755 41 355
1946 3755 41 355
1992 3755 222 355
2218 3755 223 355
2445 3755 432 355
121 4081 199 29
1555 4081 200 29
