17 17 103 148
121 17 108 148
231 17 247 148
479 17 100 148
580 17 97 148
678 17 56 148
735 17 57 148
793 17 97 148
891 17 137 148
1029 17 381 148
1411 17 1464 148
17 166 103 1523
121 166 108 762
231 166 247 762
479 166 100 762
580 166 97 762
678 166 56 762
735 166 57 762
793 166 97 762
891 166 137 762
1029 166 381 762
1411 166 1464 762
121 929 108 760
231 929 247 760
479 929 100 760
580 929 97 760
678 929 56 760
735 929 57 760
793 929 97 760
891 929 137 760
1029 929 381 760
1411 929 1464 760
17 1695 103 2285
121 1695 108 759
231 1695 247 759
479 1695 100 759
580 1695 97 759
678 1695 56 759
735 1695 57 759
793 1695 97 759
891 1695 137 759
1029 1695 381 759
1411 1695 1464 759
121 2455 108 762
231 2455 247 762
479 2455 100 762
580 2455 97 762
678 2455 56 762
735 2455 57 762
793 2455 97 762
891 2455 137 762
1029 2455 381 762
1411 2455 1464 762
121 3218 108 762
231 3218 247 762
479 3218 100 762
580 3218 97 762
678 3218 56 762
735 3218 57 762
793 3218 97 762
891 3218 137 762
1029 3218 381 762
1411 3218 1464 762
