17 17 103 148
121 17 108 148
231 17 247 148
479 17 100 148
580 17 97 148
678 17 56 148
735 17 57 148
793 17 97 148
891 17 188 148
1080 17 274 148
1355 17 1519 148
17 166 103 3466
121 166 108 346
231 166 247 346
479 166 100 346
580 166 97 346
678 166 56 346
735 166 57 346
793 166 97 346
891 166 188 346
1080 166 274 346
1355 166 1519 346
121 513 108 345
231 513 247 345
479 513 100 345
580 513 97 345
678 513 56 345
735 513 57 345
793 513 97 345
891 513 188 345
1080 513 274 345
1355 513 1519 345
121 859 108 346
231 859 247 346
479 859 100 346
580 859 97 346
678 859 56 346
735 859 57 346
793 859 97 346
891 859 188 346
1080 859 274 346
1355 859 1519 346
121 1206 108 346
231 1206 247 346
479 1206 100 346
580 1206 97 346
678 1206 56 346
735 1206 57 346
793 1206 97 346
891 1206 188 346
1080 1206 274 346
1355 1206 1519 346
121 1553 108 345
231 1553 247 345
479 1553 100 345
580 1553 97 345
678 1553 56 345
735 1553 57 345
793 1553 97 345
891 1553 188 345
1080 1553 274 345
1355 1553 1519 345
121 1899 108 346
231 1899 247 346
479 1899 100 346
580 1899 97 346
678 1899 56 346
735 1899 57 346
793 1899 97 346
891 1899 188 346
1080 1899 274 346
1355 1899 1519 346
121 2246 108 346
231 2246 247 346
479 2246 100 346
580 2246 97 346
678 2246 56 346
735 2246 57 346
793 2246 97 346
891 2246 188 346
1080 2246 274 346
1355 2246 1519 346
121 2593 108 345
231 2593 247 345
479 2593 100 345
580 2593 97 345
678 2593 56 345
735 2593 57 345
793 2593 97 345
891 2593 188 345
1080 2593 274 345
1355 2593 1519 345
121 2939 108 346
231 2939 247 346
479 2939 100 346
580 2939 97 346
678 2939 56 346
735 2939 57 346
793 2939 97 346
891 2939 188 346
1080 2939 274 346
1355 2939 1519 346
121 3286 108 346
231 3286 247 346
479 3286 100 346
580 3286 97 346
678 3286 56 346
735 3286 57 346
793 3286 97 346
891 3286 188 346
1080 3286 274 346
1355 3286 1519 346
17 3633 2858 347
