1534 2442 323 44
1858 2442 329 44
2188 2442 272 44
1534 2487 323 44
1858 2487 329 44
2188 2487 272 44
1534 2532 323 45
1858 2532 329 45
2188 2532 272 45
1534 2578 323 44
1858 2578 329 44
2188 2578 272 44
1534 2623 323 44
1858 2623 329 44
2188 2623 272 44
1534 2668 323 45
1858 2668 329 45
2188 2668 272 45
1534 2714 323 44
1858 2714 329 44
2188 2714 272 44
1534 2997 192 45
1728 2997 192 45
1921 2997 332 45
2254 2997 582 45
1534 3043 192 183
1728 3043 192 183
1921 3043 332 45
2254 3043 582 45
1921 3089 332 45
2254 3089 582 45
1921 3135 332 45
2254 3135 582 45
1921 3181 332 45
2254 3181 582 45
1534 3227 192 183
1728 3227 192 183
1921 3227 332 46
2254 3227 582 46
1921 3274 332 45
2254 3274 582 45
1921 3320 332 45
2254 3320 582 45
1921 3366 332 44
2254 3366 582 44
1534 3466 180 46
1715 3466 314 46
2030 3466 806 46
1534 3513 180 138
1715 3513 314 45
2030 3513 806 45
1715 3559 314 46
2030 3559 806 46
1715 3606 314 45
2030 3606 806 45
