13 13 2896 71
13 89 55 167
69 89 50 167
120 89 186 167
307 89 50 167
358 89 50 167
409 89 50 167
460 89 50 167
511 89 50 167
562 89 141 167
704 89 197 167
902 89 559 167
1467 89 52 167
1520 89 50 167
1571 89 186 167
1758 89 50 167
1809 89 51 167
1861 89 49 167
1911 89 51 167
1963 89 50 167
2014 89 140 167
2155 89 198 167
2354 89 555 167
13 257 55 510
69 257 50 281
120 257 186 249
307 257 50 510
358 257 50 510
409 257 50 510
460 257 50 510
511 257 50 510
562 257 141 510
704 257 197 510
902 257 559 510
1467 257 52 1532
1520 257 50 304
1571 257 186 270
1758 257 51 510
1810 257 50 510
1861 257 49 510
1911 257 51 510
1963 257 50 510
2014 257 140 510
2155 257 198 510
2354 257 555 510
69 538 49 103
1520 597 49 26
69 641 50 126
120 641 186 126
1520 645 50 122
1571 645 186 122
13 768 55 1021
69 768 50 334
120 768 186 134
307 768 50 510
358 768 50 510
409 768 50 510
460 768 50 510
511 768 50 510
562 768 141 510
704 768 197 510
902 768 559 510
1520 768 50 336
1571 768 186 278
1758 768 51 510
1810 768 50 510
1861 768 49 510
1911 768 51 510
1963 768 50 510
2014 768 140 510
2155 768 198 510
2354 768 555 510
69 1104 49 50
1520 1104 49 47
1520 1151 50 127
1571 1151 186 127
69 1154 50 124
120 1154 186 124
69 1279 50 317
120 1279 186 141
307 1279 50 510
358 1279 50 510
409 1279 50 510
460 1279 50 510
511 1279 50 510
562 1279 141 510
704 1279 197 510
902 1279 559 510
1520 1279 50 320
1571 1279 186 284
1758 1279 51 510
1810 1279 50 510
1861 1279 49 510
1911 1279 51 510
1963 1279 50 510
2014 1279 140 510
2155 1279 198 510
2354 1279 555 510
1520 1599 49 69
69 1621 50 48
120 1629 186 21
120 1651 186 138
1520 1668 50 121
1571 1668 186 121
69 1670 50 119
13 1790 55 1021
69 1790 50 510
120 1790 186 510
307 1790 50 510
358 1790 50 510
409 1790 50 510
460 1790 50 510
511 1790 50 510
562 1790 141 510
704 1790 197 510
902 1790 559 510
69 2301 50 306
120 2301 186 271
307 2301 50 510
358 2301 50 510
409 2301 50 510
460 2301 50 510
511 2301 50 510
562 2301 141 510
704 2301 197 510
902 2301 559 510
69 2607 49 79
69 2686 50 125
120 2686 186 125
1520 1790 50 510
1571 1790 186 510
1758 1790 51 510
1810 1790 50 510
1861 1790 49 510
1911 1790 51 510
1963 1790 50 510
2014 1790 140 510
2155 1790 198 510
2354 1790 555 510
1520 2301 50 346
1571 2301 186 315
1758 2301 51 510
1810 2301 50 510
1861 2301 49 510
1911 2301 51 510
1963 2301 50 510
2014 2301 140 510
2155 2301 198 510
2354 2301 555 510
1520 2647 49 38
1520 2685 50 126
1571 2685 186 126
