14 13 2955 214
14 233 2955 218
14 457 71 175
86 457 435 175
523 457 78 175
602 457 78 175
682 457 77 175
761 457 78 175
840 457 78 175
920 457 338 175
1260 457 339 175
1600 457 1369 175
14 633 71 906
86 633 435 906
523 633 78 906
602 633 78 906
682 633 77 906
761 633 78 906
840 633 78 906
920 633 338 906
1260 633 339 906
1600 633 1369 906
14 1540 71 904
86 1540 435 904
523 1540 78 904
602 1540 78 904
682 1540 77 904
761 1540 78 904
840 1540 78 904
920 1540 338 904
1260 1540 339 904
1600 1540 1369 904
14 2450 1477 1788
1492 2450 1477 1788
