20 19 2860 312
20 337 2860 181
20 524 2860 78
20 607 108 81
132 607 200 81
336 607 52 81
393 607 52 81
450 607 52 81
506 607 52 81
563 607 52 81
620 607 449 81
1073 607 493 81
1571 607 1309 81
20 692 108 402
132 692 200 72
336 692 52 402
393 692 52 402
450 692 52 402
506 692 52 402
563 692 52 402
620 692 449 402
1073 692 493 402
1571 692 1309 402
132 812 30 144
299 843 33 114
132 1040 50 54
183 1040 31 54
220 1040 112 54
20 1099 108 402
132 1099 200 68
336 1099 52 402
393 1099 52 402
450 1099 52 402
506 1099 52 402
563 1099 52 402
620 1099 449 402
1073 1099 493 402
1571 1099 1309 402
303 1240 29 110
132 1255 34 92
132 1446 200 55
20 1505 2860 81
20 1590 51 81
75 1590 53 81
132 1590 200 81
336 1590 52 81
393 1590 52 81
450 1590 52 81
506 1590 52 81
563 1590 52 81
620 1590 449 81
1073 1590 493 81
1571 1590 1309 81
20 1676 51 2434
75 1676 53 402
132 1676 200 402
336 1676 52 402
393 1676 52 402
450 1676 52 402
506 1676 52 402
563 1676 52 402
620 1676 449 402
1073 1676 493 402
1571 1676 1309 402
75 2082 53 402
132 2082 200 218
336 2082 52 402
393 2082 52 402
450 2082 52 402
506 2082 52 402
563 2082 52 402
620 2082 449 402
1073 2082 493 402
1571 2082 1309 402
132 2430 76 54
253 2430 79 54
75 2489 53 402
132 2489 200 402
336 2489 52 402
393 2489 52 402
450 2489 52 402
506 2489 52 402
563 2489 52 402
620 2489 449 402
1073 2489 493 402
1571 2489 1309 402
75 2895 53 402
132 2895 200 344
336 2895 52 402
393 2895 52 402
450 2895 52 402
506 2895 52 402
563 2895 52 402
620 2895 449 402
1073 2895 493 402
1571 2895 1309 402
134 3239 198 58
75 3302 53 402
132 3302 200 219
336 3302 52 402
393 3302 52 402
450 3302 52 402
506 3302 52 402
563 3302 52 402
620 3302 449 402
1073 3302 493 402
1571 3302 1309 402
132 3651 101 53
235 3651 97 53
75 3708 53 402
132 3708 200 61
336 3708 52 402
393 3708 52 402
450 3708 52 402
506 3708 52 402
563 3708 52 402
620 3708 449 402
1073 3708 493 402
1571 3708 1309 402
132 4060 200 50
