190 187 2857 226
190 415 2857 129
190 550 82 111
274 550 83 111
359 550 265 111
625 550 180 111
807 550 94 111
903 550 66 111
971 550 100 111
1073 550 157 111
1232 550 197 111
1430 550 254 111
1685 550 1362 111
190 663 82 2493
274 663 83 414
359 663 265 414
625 663 180 414
807 663 94 414
903 663 66 414
971 663 100 414
1073 663 157 414
1232 663 197 414
1430 663 254 414
1685 663 1362 414
274 1079 83 415
359 1079 265 415
625 1079 180 415
807 1079 94 415
903 1079 66 415
971 1079 100 415
1073 1079 157 415
1232 1079 197 415
1430 1079 254 415
1685 1079 1362 415
274 1495 83 415
359 1495 265 415
625 1495 180 415
807 1495 94 415
903 1495 66 415
971 1495 100 415
1073 1495 157 415
1232 1495 197 415
1430 1495 254 415
1685 1495 1362 415
274 1911 83 415
359 1911 265 415
625 1911 180 415
807 1911 94 415
903 1911 66 415
971 1911 100 415
1073 1911 157 415
1232 1911 197 415
1430 1911 254 415
1685 1911 1362 415
274 2328 83 414
359 2328 265 414
625 2328 180 414
807 2328 94 414
903 2328 66 414
971 2328 100 414
1073 2328 157 414
1232 2328 197 414
1430 2328 254 414
1685 2328 1362 414
274 2744 83 412
359 2744 265 412
625 2744 180 412
807 2744 94 412
903 2744 66 412
971 2744 100 412
1073 2744 157 412
1232 2744 197 412
1430 2744 254 412
1685 2744 1362 412
190 3162 82 1243
274 3162 83 413
359 3162 265 413
625 3162 180 413
807 3162 94 413
903 3162 66 413
971 3162 100 413
1073 3162 157 413
1232 3162 197 413
1430 3162 254 413
1685 3162 1362 413
274 3576 83 415
359 3576 265 415
625 3576 180 415
807 3576 94 415
903 3576 66 415
971 3576 100 415
1073 3576 157 415
1232 3576 197 415
1430 3576 254 415
1685 3576 1362 415
274 3992 83 413
359 3992 265 413
625 3992 180 413
807 3992 94 413
903 3992 66 413
971 3992 100 413
1073 3992 157 413
1232 3992 197 413
1430 3992 254 413
1685 3992 1362 413
