2070 1801 129 32
2201 1801 372 32
2575 1801 372 32
2070 1835 86 58
2070 1894 129 44
2201 1894 185 44
2388 1894 185 44
2575 1894 185 44
2762 1894 185 44
291 2029 78 27
370 2029 44 27
415 2029 118 27
534 2029 632 27
291 2057 78 991
370 2057 44 28
415 2057 118 28
534 2057 632 28
370 2086 44 27
415 2086 118 27
534 2086 632 27
370 2114 44 27
415 2114 118 27
534 2114 632 27
370 2142 44 28
415 2142 118 28
534 2142 632 28
370 2171 44 27
415 2171 118 27
534 2171 632 27
370 2199 44 27
415 2199 118 27
534 2199 632 27
370 2227 44 28
415 2227 118 28
534 2227 632 28
370 2256 44 27
415 2256 118 27
534 2256 632 27
370 2284 44 27
415 2284 118 27
534 2284 632 27
370 2312 44 28
415 2312 118 28
534 2312 632 28
370 2341 44 27
415 2341 118 27
534 2341 632 27
370 2369 44 28
415 2369 118 28
534 2369 632 28
370 2398 44 27
415 2398 118 27
534 2398 632 27
370 2426 44 27
415 2426 118 27
534 2426 632 27
370 2454 44 28
415 2454 118 28
534 2454 632 28
370 2483 44 27
415 2483 118 27
534 2483 632 27
370 2511 44 27
415 2511 118 27
534 2511 632 27
370 2539 44 28
415 2539 118 28
534 2539 632 28
370 2568 44 27
415 2568 118 27
534 2568 632 27
370 2596 44 27
415 2596 118 27
534 2596 632 27
370 2624 44 28
415 2624 118 28
534 2624 632 28
370 2653 44 27
415 2653 118 27
534 2653 632 27
370 2681 44 27
415 2681 118 27
534 2681 632 27
370 2709 44 27
415 2709 118 27
534 2709 632 27
370 2737 44 28
415 2737 118 28
534 2737 632 28
370 2766 44 27
415 2766 118 27
534 2766 632 27
370 2794 44 27
415 2794 118 27
534 2794 632 27
370 2822 44 28
415 2822 118 28
534 2822 632 28
370 2851 44 27
415 2851 118 27
534 2851 632 27
370 2879 44 27
415 2879 118 27
534 2879 632 27
370 2907 44 28
415 2907 118 28
534 2907 632 28
370 2936 44 27
415 2936 118 27
534 2936 632 27
370 2964 44 27
415 2964 118 27
534 2964 632 27
370 2992 44 28
415 2992 118 28
534 2992 632 28
370 3021 44 27
415 3021 118 27
534 3021 632 27
291 3049 78 935
370 3049 44 28
415 3049 118 28
534 3049 632 28
370 3078 44 27
415 3078 118 27
534 3078 632 27
370 3106 44 27
415 3106 118 27
534 3106 632 27
370 3134 44 28
415 3134 118 28
534 3134 632 28
370 3163 44 27
415 3163 118 27
534 3163 632 27
370 3191 44 27
415 3191 118 27
534 3191 632 27
370 3219 44 28
415 3219 118 28
534 3219 632 28
370 3248 44 27
415 3248 118 27
534 3248 632 27
370 3276 44 27
415 3276 118 27
534 3276 632 27
370 3304 44 28
415 3304 118 28
534 3304 632 28
370 3333 44 27
415 3333 118 27
534 3333 632 27
370 3361 44 27
415 3361 118 27
534 3361 632 27
370 3389 44 28
415 3389 118 28
534 3389 632 28
370 3418 44 27
415 3418 118 27
534 3418 632 27
370 3446 44 27
415 3446 118 27
534 3446 632 27
370 3474 44 28
415 3474 118 28
534 3474 632 28
370 3503 44 27
415 3503 118 27
534 3503 632 27
370 3531 44 27
415 3531 118 27
534 3531 632 27
370 3559 44 28
415 3559 118 28
534 3559 632 28
370 3588 44 27
415 3588 118 27
534 3588 632 27
370 3616 44 27
415 3616 118 27
534 3616 632 27
370 3644 44 28
415 3644 118 28
534 3644 632 28
370 3673 44 27
415 3673 118 27
534 3673 632 27
370 3701 44 27
415 3701 118 27
534 3701 632 27
370 3729 44 28
415 3729 118 28
534 3729 632 28
370 3758 44 27
415 3758 118 27
534 3758 632 27
370 3786 44 28
415 3786 118 28
534 3786 632 28
370 3815 44 27
415 3815 118 27
534 3815 632 27
370 3843 44 27
415 3843 118 27
534 3843 632 27
370 3871 44 28
415 3871 118 28
534 3871 632 28
370 3900 44 27
415 3900 118 27
534 3900 632 27
370 3928 44 27
415 3928 118 27
534 3928 632 27
370 3956 44 28
415 3956 118 28
534 3956 632 28
291 3985 78 424
370 3985 44 27
415 3985 118 27
534 3985 632 27
370 4013 44 27
415 4013 118 27
534 4013 632 27
370 4041 44 28
415 4041 118 28
534 4041 632 28
370 4070 44 27
415 4070 118 27
534 4070 632 27
370 4098 44 27
415 4098 118 27
534 4098 632 27
370 4126 44 28
415 4126 118 28
534 4126 632 28
370 4155 44 27
415 4155 118 27
534 4155 632 27
370 4183 44 27
415 4183 118 27
534 4183 632 27
370 4211 44 28
415 4211 118 28
534 4211 632 28
370 4240 44 27
415 4240 118 27
534 4240 632 27
370 4268 44 27
415 4268 118 27
534 4268 632 27
370 4296 44 28
415 4296 118 28
534 4296 632 28
370 4325 44 27
415 4325 118 27
534 4325 632 27
370 4353 44 27
415 4353 118 27
534 4353 632 27
370 4381 44 28
415 4381 118 28
534 4381 632 28
1181 2029 78 27
1260 2029 44 27
1305 2029 118 27
1424 2029 632 27
1181 2057 78 566
1260 2057 44 28
1305 2057 118 28
1424 2057 632 28
1260 2086 44 27
1305 2086 118 27
1424 2086 632 27
1260 2114 44 27
1305 2114 118 27
1424 2114 632 27
1260 2142 44 28
1305 2142 118 28
1424 2142 632 28
1260 2171 44 27
1305 2171 118 27
1424 2171 632 27
1260 2199 44 27
1305 2199 118 27
1424 2199 632 27
1260 2227 44 28
1305 2227 118 28
1424 2227 632 28
1260 2256 44 27
1305 2256 118 27
1424 2256 632 27
1260 2284 44 27
1305 2284 118 27
1424 2284 632 27
1260 2312 44 28
1305 2312 118 28
1424 2312 632 28
1260 2341 44 27
1305 2341 118 27
1424 2341 632 27
1260 2369 44 28
1305 2369 118 28
1424 2369 632 28
1260 2398 44 27
1305 2398 118 27
1424 2398 632 27
1260 2426 44 27
1305 2426 118 27
1424 2426 632 27
1260 2454 44 28
1305 2454 118 28
1424 2454 632 28
1260 2483 44 27
1305 2483 118 27
1424 2483 632 27
1260 2511 44 27
1305 2511 118 27
1424 2511 632 27
1260 2539 44 28
1305 2539 118 28
1424 2539 632 28
1260 2568 44 27
1305 2568 118 27
1424 2568 632 27
1260 2596 44 27
1305 2596 118 27
1424 2596 632 27
1181 2624 78 906
1260 2624 44 28
1305 2624 118 28
1424 2624 632 28
1260 2653 44 27
1305 2653 118 27
1424 2653 632 27
1260 2681 44 27
1305 2681 118 27
1424 2681 632 27
1260 2709 44 28
1305 2709 118 28
1424 2709 632 28
1260 2738 44 27
1305 2738 118 27
1424 2738 632 27
1260 2766 44 27
1305 2766 118 27
1424 2766 632 27
1260 2794 44 28
1305 2794 118 28
1424 2794 632 28
1260 2823 44 27
1305 2823 118 27
1424 2823 632 27
1260 2851 44 27
1305 2851 118 27
1424 2851 632 27
1260 2879 44 28
1305 2879 118 28
1424 2879 632 28
1260 2908 44 27
1305 2908 118 27
1424 2908 632 27
1260 2936 44 27
1305 2936 118 27
1424 2936 632 27
1260 2964 44 28
1305 2964 118 28
1424 2964 632 28
1260 2993 44 27
1305 2993 118 27
1424 2993 632 27
1260 3021 44 27
1305 3021 118 27
1424 3021 632 27
1260 3049 44 28
1305 3049 118 28
1424 3049 632 28
1260 3078 44 27
1305 3078 118 27
1424 3078 632 27
1260 3106 44 28
1305 3106 118 28
1424 3106 632 28
1260 3135 44 27
1305 3135 118 27
1424 3135 632 27
1260 3163 44 27
1305 3163 118 27
1424 3163 632 27
1260 3191 44 28
1305 3191 118 28
1424 3191 632 28
1260 3220 44 27
1305 3220 118 27
1424 3220 632 27
1260 3248 44 27
1305 3248 118 27
1424 3248 632 27
1260 3276 44 28
1305 3276 118 28
1424 3276 632 28
1260 3305 44 27
1305 3305 118 27
1424 3305 632 27
1260 3333 44 27
1305 3333 118 27
1424 3333 632 27
1260 3361 44 28
1305 3361 118 28
1424 3361 632 28
1260 3390 44 27
1305 3390 118 27
1424 3390 632 27
1260 3418 44 27
1305 3418 118 27
1424 3418 632 27
1260 3446 44 28
1305 3446 118 28
1424 3446 632 28
1260 3475 44 27
1305 3475 118 27
1424 3475 632 27
1260 3503 44 27
1305 3503 118 27
1424 3503 632 27
1181 3531 78 878
1260 3531 44 28
1305 3531 118 28
1424 3531 632 28
1260 3560 44 27
1305 3560 118 27
1424 3560 632 27
1260 3588 44 27
1305 3588 118 27
1424 3588 632 27
1260 3616 44 28
1305 3616 118 28
1424 3616 632 28
1260 3645 44 27
1305 3645 118 27
1424 3645 632 27
1260 3673 44 27
1305 3673 118 27
1424 3673 632 27
1260 3701 44 28
1305 3701 118 28
1424 3701 632 28
1260 3730 44 27
1305 3730 118 27
1424 3730 632 27
1260 3758 44 27
1305 3758 118 27
1424 3758 632 27
1260 3786 44 28
1305 3786 118 28
1424 3786 632 28
1260 3815 44 27
1305 3815 118 27
1424 3815 632 27
1260 3843 44 28
1305 3843 118 28
1424 3843 632 28
1260 3872 44 27
1305 3872 118 27
1424 3872 632 27
1260 3900 44 27
1305 3900 118 27
1424 3900 632 27
1260 3928 44 28
1305 3928 118 28
1424 3928 632 28
1260 3957 44 27
1305 3957 118 27
1424 3957 632 27
1260 3985 44 27
1305 3985 118 27
1424 3985 632 27
1260 4013 44 28
1305 4013 118 28
1424 4013 632 28
1260 4042 44 27
1305 4042 118 27
1424 4042 632 27
1260 4070 44 27
1305 4070 118 27
1424 4070 632 27
1260 4098 44 28
1305 4098 118 28
1424 4098 632 28
1260 4127 44 27
1305 4127 118 27
1424 4127 632 27
1260 4155 44 27
1305 4155 118 27
1424 4155 632 27
1260 4183 44 28
1305 4183 118 28
1424 4183 632 28
1260 4212 44 27
1305 4212 118 27
1424 4212 632 27
1260 4240 44 27
1305 4240 118 27
1424 4240 632 27
1260 4268 44 28
1305 4268 118 28
1424 4268 632 28
1260 4297 44 27
1305 4297 118 27
1424 4297 632 27
1260 4325 44 27
1305 4325 118 27
1424 4325 632 27
1260 4353 44 28
1305 4353 118 28
1424 4353 632 28
1260 4382 44 27
1305 4382 118 27
1424 4382 632 27
2071 2029 78 27
2150 2029 44 27
2195 2029 118 27
2314 2029 633 27
2071 2057 78 481
2150 2057 44 28
2195 2057 118 28
2314 2057 633 28
2150 2086 44 27
2195 2086 118 27
2314 2086 633 27
2150 2114 44 27
2195 2114 118 27
2314 2114 633 27
2150 2142 44 28
2195 2142 118 28
2314 2142 633 28
2150 2171 44 27
2195 2171 118 27
2314 2171 633 27
2150 2199 44 27
2195 2199 118 27
2314 2199 633 27
2150 2227 44 28
2195 2227 118 28
2314 2227 633 28
2150 2256 44 27
2195 2256 118 27
2314 2256 633 27
2150 2284 44 27
2195 2284 118 27
2314 2284 633 27
2150 2312 44 28
2195 2312 118 28
2314 2312 633 28
2150 2341 44 27
2195 2341 118 27
2314 2341 633 27
2150 2369 44 28
2195 2369 118 28
2314 2369 633 28
2150 2398 44 27
2195 2398 118 27
2314 2398 633 27
2150 2426 44 27
2195 2426 118 27
2314 2426 633 27
2150 2454 44 28
2195 2454 118 28
2314 2454 633 28
2150 2483 44 27
2195 2483 118 27
2314 2483 633 27
2150 2511 44 27
2195 2511 118 27
2314 2511 633 27
2071 2539 78 793
2150 2539 44 28
2195 2539 118 28
2314 2539 633 28
2150 2568 44 27
2195 2568 118 27
2314 2568 633 27
2150 2596 44 27
2195 2596 118 27
2314 2596 633 27
2150 2624 44 28
2195 2624 118 28
2314 2624 633 28
2150 2653 44 27
2195 2653 118 27
2314 2653 633 27
2150 2681 44 27
2195 2681 118 27
2314 2681 633 27
2150 2709 44 28
2195 2709 118 28
2314 2709 633 28
2150 2738 44 27
2195 2738 118 27
2314 2738 633 27
2150 2766 44 27
2195 2766 118 27
2314 2766 633 27
2150 2794 44 28
2195 2794 118 28
2314 2794 633 28
2150 2823 44 27
2195 2823 118 27
2314 2823 633 27
2150 2851 44 27
2195 2851 118 27
2314 2851 633 27
2150 2879 44 28
2195 2879 118 28
2314 2879 633 28
2150 2908 44 27
2195 2908 118 27
2314 2908 633 27
2150 2936 44 27
2195 2936 118 27
2314 2936 633 27
2150 2964 44 28
2195 2964 118 28
2314 2964 633 28
2150 2993 44 27
2195 2993 118 27
2314 2993 633 27
2150 3021 44 27
2195 3021 118 27
2314 3021 633 27
2150 3049 44 28
2195 3049 118 28
2314 3049 633 28
2150 3078 44 27
2195 3078 118 27
2314 3078 633 27
2150 3106 44 28
2195 3106 118 28
2314 3106 633 28
2150 3135 44 27
2195 3135 118 27
2314 3135 633 27
2150 3163 44 27
2195 3163 118 27
2314 3163 633 27
2150 3191 44 28
2195 3191 118 28
2314 3191 633 28
2150 3220 44 27
2195 3220 118 27
2314 3220 633 27
2150 3248 44 27
2195 3248 118 27
2314 3248 633 27
2150 3276 44 28
2195 3276 118 28
2314 3276 633 28
2150 3305 44 27
2195 3305 118 27
2314 3305 633 27
2071 3333 78 1076
2150 3333 44 27
2195 3333 118 27
2314 3333 633 27
2150 3361 44 28
2195 3361 118 28
2314 3361 633 28
2150 3390 44 27
2195 3390 118 27
2314 3390 633 27
2150 3418 44 27
2195 3418 118 27
2314 3418 633 27
2150 3446 44 28
2195 3446 118 28
2314 3446 633 28
2150 3475 44 27
2195 3475 118 27
2314 3475 633 27
2150 3503 44 27
2195 3503 118 27
2314 3503 633 27
2150 3531 44 28
2195 3531 118 28
2314 3531 633 28
2150 3560 44 27
2195 3560 118 27
2314 3560 633 27
2150 3588 44 27
2195 3588 118 27
2314 3588 633 27
2150 3616 44 28
2195 3616 118 28
2314 3616 633 28
2150 3645 44 27
2195 3645 118 27
2314 3645 633 27
2150 3673 44 27
2195 3673 118 27
2314 3673 633 27
2150 3701 44 28
2195 3701 118 28
2314 3701 633 28
2150 3730 44 27
2195 3730 118 27
2314 3730 633 27
2150 3758 44 27
2195 3758 118 27
2314 3758 633 27
2150 3786 44 28
2195 3786 118 28
2314 3786 633 28
2150 3815 44 27
2195 3815 118 27
2314 3815 633 27
2150 3843 44 28
2195 3843 118 28
2314 3843 633 28
2150 3872 44 27
2195 3872 118 27
2314 3872 633 27
2150 3900 44 27
2195 3900 118 27
2314 3900 633 27
2150 3928 44 28
2195 3928 118 28
2314 3928 633 28
2150 3957 44 27
2195 3957 118 27
2314 3957 633 27
2150 3985 44 27
2195 3985 118 27
2314 3985 633 27
2150 4013 44 28
2195 4013 118 28
2314 4013 633 28
2150 4042 44 27
2195 4042 118 27
2314 4042 633 27
2150 4070 44 27
2195 4070 118 27
2314 4070 633 27
2150 4098 44 28
2195 4098 118 28
2314 4098 633 28
2150 4127 44 27
2195 4127 118 27
2314 4127 633 27
2150 4155 44 27
2195 4155 118 27
2314 4155 633 27
2150 4183 44 28
2195 4183 118 28
2314 4183 633 28
2150 4212 44 27
2195 4212 118 27
2314 4212 633 27
2150 4240 44 27
2195 4240 118 27
2314 4240 633 27
2150 4268 44 28
2195 4268 118 28
2314 4268 633 28
2150 4297 44 27
2195 4297 118 27
2314 4297 633 27
2150 4325 44 27
2195 4325 118 27
2314 4325 633 27
2150 4353 44 28
2195 4353 118 28
2314 4353 633 28
2150 4382 44 27
2195 4382 118 27
2314 4382 633 27
