14 13 2955 73
14 87 71 174
86 87 435 174
523 87 78 174
602 87 78 174
682 87 77 174
761 87 78 174
840 87 78 174
920 87 338 174
1260 87 339 174
1600 87 1369 174
14 263 71 566
86 263 435 566
523 263 78 566
602 263 78 566
682 263 77 566
761 263 78 566
840 263 78 566
920 263 338 566
1260 263 339 566
1600 263 1369 566
14 830 71 566
86 830 435 566
523 830 78 566
602 830 78 566
682 830 77 566
761 830 78 566
840 830 78 566
920 830 338 566
1260 830 339 566
1600 830 1369 566
14 1397 71 563
86 1397 435 563
523 1397 78 563
602 1397 78 563
682 1397 77 563
761 1397 78 563
840 1397 78 563
920 1397 338 563
1260 1397 339 563
1600 1397 1369 563
14 1971 2955 73
14 2045 71 175
86 2045 435 175
523 2045 78 175
602 2045 78 175
682 2045 77 175
761 2045 78 175
840 2045 78 175
920 2045 338 175
1260 2045 339 175
1600 2045 1369 175
14 2221 71 566
86 2221 435 566
523 2221 78 566
602 2221 78 566
682 2221 77 566
761 2221 78 566
840 2221 78 566
920 2221 338 566
1260 2221 339 566
1600 2221 1369 566
14 2789 71 565
86 2789 435 565
523 2789 78 565
602 2789 78 565
682 2789 77 565
761 2789 78 565
840 2789 78 565
920 2789 338 565
1260 2789 339 565
1600 2789 1369 565
14 3360 2955 878
