13 13 2896 260
13 274 2896 99
13 379 1444 67
1463 379 1446 67
13 452 50 167
64 452 50 167
115 452 187 167
303 452 50 167
354 452 50 167
405 452 50 167
456 452 50 167
507 452 51 167
559 452 140 167
700 452 198 167
899 452 558 167
1463 452 54 169
1518 452 51 169
1570 452 186 169
1757 452 50 169
1808 452 50 169
1859 452 50 169
1910 452 50 169
1961 452 51 169
2013 452 141 169
2155 452 197 169
2353 452 556 169
13 620 50 478
64 620 50 478
115 620 187 218
303 620 50 478
354 620 50 478
405 620 50 478
456 620 50 478
507 620 51 478
559 620 140 478
700 620 198 478
899 620 558 61
1463 622 54 550
1518 622 51 261
1570 622 186 79
1757 622 50 411
1808 622 50 411
1859 622 50 411
1910 622 50 411
1961 622 51 411
2013 622 141 411
2155 622 197 411
2353 622 556 411
899 681 559 417
1518 883 50 79
1518 962 51 71
1570 962 186 71
115 995 187 103
1518 1034 51 138
1570 1034 186 84
1757 1034 50 138
1808 1034 50 138
1859 1034 50 138
1910 1034 50 138
1961 1034 51 138
2013 1034 141 138
2155 1034 197 138
2353 1034 556 138
13 1104 1445 62
64 1172 50 410
115 1172 187 229
303 1172 50 410
354 1172 50 410
405 1172 50 410
456 1172 50 410
507 1172 51 410
559 1172 140 410
700 1172 198 410
899 1172 559 410
1463 1172 54 270
1518 1172 51 121
1757 1172 50 270
1808 1172 50 270
1859 1172 50 270
1910 1172 50 270
1961 1172 51 270
2013 1172 141 270
2155 1172 197 270
2353 1172 556 270
1570 1218 186 37
1518 1293 50 81
1518 1374 51 68
1570 1374 186 68
1463 1448 1446 62
115 1509 187 73
1463 1515 54 293
1518 1515 51 362
1570 1515 186 200
1757 1515 50 362
1808 1515 50 362
1859 1515 50 362
1910 1515 50 362
1961 1515 51 362
2013 1515 141 362
2155 1515 197 362
2353 1515 556 362
64 1583 50 411
115 1583 187 84
303 1583 50 411
354 1583 50 411
405 1583 50 411
456 1583 50 411
507 1583 51 411
559 1583 140 411
700 1583 198 411
899 1583 559 411
272 1763 30 28
1464 1808 53 69
1570 1829 186 48
1464 1878 53 362
1518 1878 51 362
1570 1878 186 209
1757 1878 50 362
1808 1878 50 362
1859 1878 50 362
1910 1878 50 362
1961 1878 51 362
2013 1878 141 362
2155 1878 197 362
2353 1878 556 362
115 1921 187 73
64 1995 50 412
115 1995 187 241
303 1995 50 412
354 1995 50 412
405 1995 50 412
456 1995 50 412
507 1995 51 412
559 1995 140 412
700 1995 198 412
899 1995 559 412
1570 2193 186 47
1464 2241 53 579
1518 2241 51 362
1570 2241 186 362
1757 2241 50 362
1808 2241 50 362
1859 2241 50 362
1910 2241 50 362
1961 2241 51 362
2013 2241 141 362
2155 2241 197 362
2353 2241 556 362
115 2338 187 69
64 2408 50 411
115 2408 187 411
303 2408 50 411
354 2408 50 411
405 2408 50 411
456 2408 50 411
507 2408 51 411
559 2408 140 411
700 2408 198 411
899 2408 559 411
1518 2604 51 216
1570 2604 186 195
1757 2604 50 216
1808 2604 50 216
1859 2604 50 216
1910 2604 50 216
1961 2604 51 216
2013 2604 141 216
2155 2604 197 216
2353 2604 556 216
1464 2820 53 146
1518 2820 51 146
1757 2820 50 146
1808 2820 50 146
1859 2820 50 146
1910 2820 50 146
1961 2820 51 146
2013 2820 141 146
2155 2820 197 146
2353 2820 556 146
1570 2876 186 90
