17 17 103 148
121 17 108 148
231 17 247 148
479 17 100 148
580 17 97 148
678 17 56 148
735 17 57 148
793 17 97 148
891 17 170 148
1062 17 348 148
1411 17 1463 148
17 166 103 3813
121 166 108 544
231 166 247 544
479 166 100 544
580 166 97 544
678 166 56 544
735 166 57 544
793 166 97 544
891 166 170 544
1062 166 348 544
1411 166 1463 544
121 711 108 544
231 711 247 544
479 711 100 544
580 711 97 544
678 711 56 544
735 711 57 544
793 711 97 544
891 711 170 544
1062 711 348 544
1411 711 1463 544
121 1256 108 543
231 1256 247 543
479 1256 100 543
580 1256 97 543
678 1256 56 543
735 1256 57 543
793 1256 97 543
891 1256 170 543
1062 1256 348 543
1411 1256 1463 543
121 1800 108 544
231 1800 247 544
479 1800 100 544
580 1800 97 544
678 1800 56 544
735 1800 57 544
793 1800 97 544
891 1800 170 544
1062 1800 348 544
1411 1800 1463 544
121 2345 108 544
231 2345 247 544
479 2345 100 544
580 2345 97 544
678 2345 56 544
735 2345 57 544
793 2345 97 544
891 2345 170 544
1062 2345 348 544
1411 2345 1463 544
121 2890 108 544
231 2890 247 544
479 2890 100 544
580 2890 97 544
678 2890 56 544
735 2890 57 544
793 2890 97 544
891 2890 170 544
1062 2890 348 544
1411 2890 1463 544
121 3435 108 544
231 3435 247 544
479 3435 100 544
580 3435 97 544
678 3435 56 544
735 3435 57 544
793 3435 97 544
891 3435 170 544
1062 3435 348 544
1411 3435 1463 544
