1534 2442 323 44
1858 2442 329 44
2188 2442 272 44
1534 2487 323 44
1858 2487 329 44
2188 2487 272 44
1534 2532 323 45
1858 2532 329 45
2188 2532 272 45
1534 2578 323 44
1858 2578 329 44
2188 2578 272 44
1534 2623 323 44
1858 2623 329 44
2188 2623 272 44
1534 2668 323 45
1858 2668 329 45
2188 2668 272 45
1534 2714 323 44
1858 2714 329 44
2188 2714 272 44
1534 2997 192 41
1728 2997 192 41
1921 2997 332 41
2254 2997 582 41
1534 3039 192 167
1728 3039 192 167
1921 3039 332 41
2254 3039 582 41
1921 3081 332 41
2254 3081 582 41
1921 3123 332 41
2254 3123 582 41
1921 3165 332 41
2254 3165 582 41
1534 3207 192 167
1728 3207 192 167
1921 3207 332 41
2254 3207 582 41
1921 3249 332 41
2254 3249 582 41
1921 3291 332 41
2254 3291 582 41
1921 3333 332 41
2254 3333 582 41
1534 3429 180 40
1715 3429 314 40
2030 3429 806 40
1534 3470 180 200
1715 3470 314 39
2030 3470 806 39
1715 3510 314 40
2030 3510 806 40
1715 3551 314 39
2030 3551 806 39
1715 3591 314 39
2030 3591 806 39
1715 3631 314 39
2030 3631 806 39
