14 89 2877 213
14 303 2877 114
14 426 1434 80
1457 426 1434 80
14 507 72 130
87 507 55 130
143 507 198 130
342 507 55 130
398 507 56 130
455 507 56 130
512 507 55 130
569 507 55 130
625 507 113 130
739 507 186 130
926 507 522 130
1457 507 74 130
1532 507 56 130
1589 507 197 130
1788 507 55 130
1844 507 56 130
1901 507 55 130
1958 507 55 130
2014 507 56 130
2071 507 112 130
2184 507 186 130
2371 507 520 130
14 638 72 1015
87 638 55 339
143 638 198 339
342 638 55 339
398 638 56 339
455 638 56 339
512 638 55 339
569 638 55 339
625 638 113 339
739 638 186 339
926 638 522 339
1457 638 74 1696
1532 638 56 339
1589 638 197 339
1787 638 56 339
1844 638 56 339
1901 638 55 339
1958 638 55 339
2014 638 56 339
2071 638 112 339
2184 638 186 339
2371 638 520 339
87 978 55 339
143 978 198 339
342 978 55 339
398 978 56 339
455 978 56 339
512 978 55 339
569 978 55 339
625 978 113 339
739 978 186 339
926 978 522 339
1532 978 56 339
1589 978 197 339
1787 978 56 339
1844 978 56 339
1901 978 55 339
1958 978 55 339
2014 978 56 339
2071 978 112 339
2184 978 186 339
2371 978 520 339
87 1318 55 335
143 1318 198 335
342 1318 55 335
398 1318 56 335
455 1318 56 335
512 1318 55 335
569 1318 55 335
625 1318 113 335
739 1318 186 335
926 1318 522 335
1532 1318 56 339
1589 1318 197 339
1787 1318 56 339
1844 1318 56 339
1901 1318 55 339
1958 1318 55 339
2014 1318 56 339
2071 1318 112 339
2184 1318 186 339
2371 1318 520 339
1532 1658 56 339
1589 1658 197 339
1787 1658 56 339
1844 1658 56 339
1901 1658 55 339
1958 1658 55 339
2014 1658 56 339
2071 1658 112 339
2184 1658 186 339
2371 1658 520 339
14 1662 1434 80
14 1743 72 130
87 1743 55 130
143 1743 198 130
342 1743 55 130
399 1743 55 130
455 1743 56 130
512 1743 55 130
569 1743 55 130
625 1743 112 130
739 1743 186 130
926 1743 522 129
14 1874 72 1015
87 1874 55 339
143 1874 198 339
342 1874 55 339
398 1874 56 339
455 1874 56 339
512 1874 55 339
569 1874 55 339
625 1874 113 339
739 1874 186 339
926 1874 522 339
1532 1998 56 336
1589 1998 197 336
1787 1998 56 336
1844 1998 56 336
1901 1998 55 336
1958 1998 55 336
2014 1998 56 336
2071 1998 112 336
2184 1998 186 336
2371 1998 520 336
87 2214 55 339
143 2214 198 339
342 2214 55 339
398 2214 56 339
455 2214 56 339
512 2214 55 339
569 2214 55 339
625 2214 113 339
739 2214 186 339
926 2214 522 339
1457 2342 1434 80
1457 2424 74 129
1532 2424 56 129
1589 2424 197 129
1788 2424 55 129
1844 2424 56 129
1901 2424 55 129
1958 2424 55 129
2014 2424 56 129
2071 2424 112 129
2184 2424 186 129
2371 2424 520 129
87 2554 55 335
143 2554 198 335
342 2554 55 335
398 2554 56 335
455 2554 56 335
512 2554 55 335
569 2554 55 335
625 2554 113 335
739 2554 186 335
926 2554 522 335
1457 2554 74 335
1532 2554 56 335
1589 2554 197 335
1787 2554 56 335
1844 2554 56 335
1901 2554 55 335
1958 2554 55 335
2014 2554 56 335
2071 2554 112 335
2184 2554 186 335
2371 2554 520 335
14 2898 1434 80
1457 2898 74 332
1532 2898 56 332
1589 2898 197 332
1787 2898 56 332
1844 2898 56 332
1901 2898 55 332
1958 2898 55 332
2014 2898 56 332
2071 2898 112 332
2184 2898 186 332
2371 2898 520 332
14 2979 72 129
87 2979 55 129
143 2979 198 129
342 2979 55 129
399 2979 55 129
455 2979 56 129
512 2979 55 129
569 2979 55 129
625 2979 112 129
739 2979 186 129
926 2979 522 129
14 3110 72 675
87 3110 55 339
143 3110 198 339
342 3110 55 339
398 3110 56 339
455 3110 56 339
512 3110 55 339
569 3110 55 339
625 3110 113 339
739 3110 186 339
926 3110 522 339
1457 3238 74 332
1532 3238 56 332
1589 3238 197 332
1787 3238 56 332
1844 3238 56 332
1901 3238 55 332
1958 3238 55 332
2014 3238 56 332
2071 3238 112 332
2184 3238 186 332
2371 3238 520 332
87 3450 55 335
143 3450 198 335
342 3450 55 335
398 3450 56 335
455 3450 56 335
512 3450 55 335
569 3450 55 335
625 3450 113 335
739 3450 186 335
926 3450 522 335
1457 3578 1434 550
14 3794 72 334
87 3794 55 334
143 3794 198 334
342 3794 55 334
398 3794 56 334
455 3794 56 334
512 3794 55 334
569 3794 55 334
625 3794 113 334
739 3794 186 334
926 3794 522 334
