6 6 2891 428
6 438 2891 240
6 682 2891 65
6 751 62 145
69 751 245 145
316 751 44 145
361 751 44 145
406 751 44 145
452 751 44 145
497 751 44 145
542 751 175 145
718 751 260 145
979 751 460 145
1459 751 65 145
1526 751 245 145
1772 751 44 145
1818 751 44 145
1863 751 44 145
1909 751 43 145
1954 751 44 145
1999 751 175 145
2175 751 259 145
2436 751 461 145
6 898 62 706
69 898 245 706
316 898 44 706
361 898 44 706
406 898 44 706
452 898 44 706
497 898 44 706
542 898 175 706
718 898 260 706
979 898 460 706
1459 898 65 706
1526 898 245 706
1772 898 44 706
1818 898 44 706
1863 898 44 706
1909 898 43 706
1954 898 44 706
1999 898 175 706
2175 898 259 706
2436 898 461 706
6 1608 2891 64
6 1676 62 144
69 1676 245 144
316 1676 44 144
361 1676 44 144
406 1676 44 144
452 1676 44 144
497 1676 44 144
542 1676 175 144
718 1676 260 144
979 1676 460 144
1459 1676 65 144
1526 1676 245 144
1772 1676 44 144
1818 1676 44 144
1863 1676 44 144
1909 1676 43 144
1954 1676 44 144
1999 1676 175 144
2175 1676 259 144
2436 1676 461 144
6 1822 62 480
69 1822 245 480
316 1822 44 480
361 1822 44 480
406 1822 44 480
452 1822 44 480
497 1822 44 480
542 1822 175 480
718 1822 260 480
979 1822 460 480
1459 1822 65 480
1526 1822 245 480
1772 1822 44 480
1818 1822 44 480
1863 1822 44 480
1909 1822 43 480
1954 1822 44 480
1999 1822 175 480
2175 1822 259 480
2436 1822 461 480
6 2304 62 480
69 2304 245 480
316 2304 44 480
361 2304 44 480
406 2304 44 480
452 2304 44 480
497 2304 44 480
542 2304 175 480
718 2304 260 480
979 2304 460 480
1459 2304 65 480
1526 2304 245 480
1772 2304 44 480
1818 2304 44 480
1863 2304 44 480
1909 2304 43 480
1954 2304 44 480
1999 2304 175 480
2175 2304 259 480
2436 2304 461 480
6 2786 62 480
69 2786 245 480
316 2786 44 480
361 2786 44 480
406 2786 44 480
452 2786 44 480
497 2786 44 480
542 2786 175 480
718 2786 260 480
979 2786 460 480
1459 2786 65 480
1526 2786 245 480
1772 2786 44 480
1818 2786 44 480
1863 2786 44 480
1909 2786 43 480
1954 2786 44 480
1999 2786 175 480
2175 2786 259 480
2436 2786 461 480
6 3267 62 479
69 3267 245 479
316 3267 44 479
361 3267 44 479
406 3267 44 479
452 3267 44 479
497 3267 44 479
542 3267 175 479
718 3267 260 479
979 3267 460 479
1459 3267 65 479
1526 3267 245 479
1772 3267 44 479
1818 3267 44 479
1863 3267 44 479
1909 3267 43 479
1954 3267 44 479
1999 3267 175 479
2175 3267 259 479
2436 3267 461 479
6 3750 2891 426
