1534 2442 323 44
1858 2442 329 44
2188 2442 272 44
1534 2487 323 44
1858 2487 329 44
2188 2487 272 44
1534 2532 323 45
1858 2532 329 45
2188 2532 272 45
1534 2578 323 44
1858 2578 329 44
2188 2578 272 44
1534 2623 323 44
1858 2623 329 44
2188 2623 272 44
1534 2668 323 45
1858 2668 329 45
2188 2668 272 45
1534 2714 323 44
1858 2714 329 44
2188 2714 272 44
1534 2997 192 46
1728 2997 192 46
1921 2997 332 46
2254 2997 582 46
1534 3044 192 185
1728 3044 192 185
1921 3044 332 45
2254 3044 582 45
1921 3090 332 46
2254 3090 582 46
1921 3137 332 46
2254 3137 582 46
1921 3184 332 45
2254 3184 582 45
1534 3230 192 186
1728 3230 192 186
1921 3230 332 46
2254 3230 582 46
1921 3277 332 46
2254 3277 582 46
1921 3324 332 45
2254 3324 582 45
1921 3370 332 46
2254 3370 582 46
1534 3468 180 45
1715 3468 326 45
2042 3468 794 45
1534 3514 180 137
1715 3514 326 45
2042 3514 794 45
1715 3560 326 46
2042 3560 794 46
1715 3607 326 44
2042 3607 794 44
