2086 2976 121 28
2209 2976 80 28
2291 2976 80 28
2372 2976 80 28
2454 2976 80 28
2536 2976 80 28
2617 2976 80 28
2699 2976 95 28
2795 2976 108 28
2086 3005 121 28
2209 3005 80 28
2291 3005 80 28
2372 3005 80 28
2454 3005 80 28
2536 3005 80 28
2617 3005 80 28
2699 3005 95 28
2795 3005 108 28
2086 3034 121 28
2209 3034 80 28
2291 3034 80 28
2372 3034 80 28
2454 3034 80 28
2536 3034 80 28
2617 3034 80 28
2699 3034 95 28
2795 3034 108 28
2086 3064 66 116
2154 3064 53 28
2209 3064 80 28
2291 3064 80 28
2372 3064 80 28
2454 3064 80 28
2536 3064 80 28
2617 3064 80 28
2699 3064 95 28
2795 3064 108 28
2154 3093 53 28
2209 3093 80 28
2291 3093 80 28
2372 3093 80 28
2454 3093 80 28
2536 3093 80 28
2617 3093 80 28
2699 3093 95 28
2795 3093 108 28
2154 3122 53 28
2209 3122 80 28
2291 3122 80 28
2372 3122 80 28
2454 3122 80 28
2536 3122 80 28
2617 3122 80 28
2699 3122 95 28
2795 3122 108 28
2154 3152 53 28
2209 3152 80 28
2291 3152 80 28
2372 3152 80 28
2454 3152 80 28
2536 3152 80 28
2617 3152 80 28
2699 3152 95 28
2795 3152 108 28
2086 3181 66 71
2154 3181 53 71
2209 3181 80 71
2291 3181 80 71
2372 3181 80 71
2454 3181 80 71
2536 3181 80 71
2617 3181 80 71
2699 3181 95 71
2795 3181 108 71
2086 3254 817 27
2086 3283 66 49
2154 3283 53 49
2209 3283 80 49
2291 3283 80 49
2372 3283 80 49
2454 3283 80 49
2536 3283 80 49
2617 3283 80 49
2699 3283 95 49
2795 3283 108 49
2086 3334 817 28
2086 3363 66 71
2154 3363 53 71
2209 3363 80 71
2291 3363 80 71
2372 3363 80 71
2454 3363 80 71
2536 3363 80 71
2617 3363 80 71
2699 3363 95 71
2795 3363 108 71
359 3579 112 83
472 3579 174 83
648 3579 952 83
359 3664 112 49
472 3664 174 49
648 3664 952 49
359 3715 112 49
472 3715 174 49
648 3715 952 49
359 3766 112 49
472 3766 174 49
648 3766 952 49
359 3817 112 49
472 3817 174 49
648 3817 952 49
359 3868 112 49
472 3868 174 49
648 3868 952 49
359 3919 112 50
472 3919 174 50
648 3919 952 50
359 3970 112 50
472 3970 174 50
648 3970 952 50
359 4021 112 50
472 4021 174 50
648 4021 952 50
359 4072 112 50
472 4072 174 50
648 4072 952 50
359 4123 112 50
472 4123 174 50
648 4123 952 50
359 4174 112 50
472 4174 174 50
648 4174 952 50
359 4225 112 50
472 4225 174 50
648 4225 952 50
359 4276 112 50
472 4276 174 50
648 4276 952 50
359 4327 112 50
472 4327 174 50
648 4327 952 50
1660 3579 112 83
1773 3579 174 83
1949 3579 952 83
1660 3664 112 49
1773 3664 174 49
1949 3664 952 49
1660 3715 112 49
1773 3715 174 49
1949 3715 952 49
1660 3766 112 49
1773 3766 174 49
1949 3766 952 49
1660 3817 112 49
1773 3817 174 49
1949 3817 952 49
1660 3868 112 49
1773 3868 174 49
1949 3868 952 49
1660 3919 112 50
1773 3919 174 50
1949 3919 952 50
1660 3970 112 50
1773 3970 174 50
1949 3970 952 50
1660 4021 112 50
1773 4021 174 50
1949 4021 952 50
1660 4072 112 50
1773 4072 174 50
1949 4072 952 50
1660 4123 112 50
1773 4123 174 50
1949 4123 952 50
1660 4174 112 50
1773 4174 174 50
1949 4174 952 50
1660 4225 112 50
1773 4225 174 50
1949 4225 952 50
1660 4276 112 50
1773 4276 174 50
1949 4276 952 50
1660 4327 112 50
1773 4327 174 50
1949 4327 952 50
