2086 2976 121 28
2209 2976 80 28
2291 2976 80 28
2372 2976 80 28
2454 2976 80 28
2536 2976 80 28
2617 2976 80 28
2699 2976 95 28
2795 2976 108 28
2086 3005 121 28
2209 3005 80 28
2291 3005 80 28
2372 3005 80 28
2454 3005 80 28
2536 3005 80 28
2617 3005 80 28
2699 3005 95 28
2795 3005 108 28
2086 3034 121 28
2209 3034 80 28
2291 3034 80 28
2372 3034 80 28
2454 3034 80 28
2536 3034 80 28
2617 3034 80 28
2699 3034 95 28
2795 3034 108 28
2086 3064 66 116
2154 3064 53 28
2209 3064 80 28
2291 3064 80 28
2372 3064 80 28
2454 3064 80 28
2536 3064 80 28
2617 3064 80 28
2699 3064 95 28
2795 3064 108 28
2154 3093 53 28
2209 3093 80 28
2291 3093 80 28
2372 3093 80 28
2454 3093 80 28
2536 3093 80 28
2617 3093 80 28
2699 3093 95 28
2795 3093 108 28
2154 3122 53 28
2209 3122 80 28
2291 3122 80 28
2372 3122 80 28
2454 3122 80 28
2536 3122 80 28
2617 3122 80 28
2699 3122 95 28
2795 3122 108 28
2154 3152 53 28
2209 3152 80 28
2291 3152 80 28
2372 3152 80 28
2454 3152 80 28
2536 3152 80 28
2617 3152 80 28
2699 3152 95 28
2795 3152 108 28
2086 3181 66 71
2154 3181 53 71
2209 3181 80 71
2291 3181 80 71
2372 3181 80 71
2454 3181 80 71
2536 3181 80 71
2617 3181 80 71
2699 3181 95 71
2795 3181 108 71
2086 3254 817 27
2086 3283 66 49
2154 3283 53 49
2209 3283 80 49
2291 3283 80 49
2372 3283 80 49
2454 3283 80 49
2536 3283 80 49
2617 3283 80 49
2699 3283 95 49
2795 3283 108 49
2086 3334 817 28
2086 3363 66 71
2154 3363 53 71
2209 3363 80 71
2291 3363 80 71
2372 3363 80 71
2454 3363 80 71
2536 3363 80 71
2617 3363 80 71
2699 3363 95 71
2795 3363 108 71
359 3616 66 62
427 3616 111 62
539 3616 635 62
359 3679 66 55
427 3679 111 55
539 3679 635 55
359 3736 66 55
427 3736 111 55
539 3736 635 55
359 3792 66 56
427 3792 111 56
539 3792 635 56
359 3849 66 62
427 3849 111 62
539 3849 635 62
359 3912 66 56
427 3912 111 56
539 3912 635 56
359 3969 66 55
427 3969 111 55
539 3969 635 55
359 4026 66 55
427 4026 111 55
539 4026 635 55
359 4083 66 55
427 4083 111 55
539 4083 635 55
359 4139 66 55
427 4139 111 55
539 4139 635 55
359 4196 66 55
427 4196 111 55
539 4196 635 55
359 4253 66 55
427 4253 111 55
539 4253 635 55
359 4309 66 62
427 4309 111 62
539 4309 635 62
1222 3616 67 62
1290 3616 111 62
1403 3616 635 62
1222 3679 67 56
1290 3679 111 56
1403 3679 635 56
1222 3737 67 56
1290 3737 111 56
1403 3737 635 56
1222 3794 67 57
1290 3794 111 57
1403 3794 635 57
1222 3852 67 56
1290 3852 111 56
1403 3852 635 56
1222 3910 67 56
1290 3910 111 56
1403 3910 635 56
1222 3967 67 57
1290 3967 111 57
1403 3967 635 57
1222 4025 67 56
1290 4025 111 56
1403 4025 635 56
1222 4083 67 56
1290 4083 111 56
1403 4083 635 56
1222 4140 67 57
1290 4140 111 57
1403 4140 635 57
1222 4198 67 56
1290 4198 111 56
1403 4198 635 56
1222 4256 67 56
1290 4256 111 56
1403 4256 635 56
1222 4313 67 57
1290 4313 111 57
1403 4313 635 57
2086 3616 66 62
2154 3616 111 62
2267 3616 634 62
2086 3679 66 55
2154 3679 111 55
2267 3679 634 55
2086 3736 66 55
2154 3736 111 55
2267 3736 634 55
2086 3792 66 56
2154 3792 111 56
2267 3792 634 56
2086 3849 66 55
2154 3849 111 55
2267 3849 634 55
2086 3906 66 55
2154 3906 111 55
2267 3906 634 55
2086 3962 66 56
2154 3962 111 56
2267 3962 634 56
2086 4019 66 55
2154 4019 111 55
2267 4019 634 55
2086 4076 66 55
2154 4076 111 55
2267 4076 634 55
2086 4133 66 55
2154 4133 111 55
2267 4133 634 55
2086 4189 66 55
2154 4189 111 55
2267 4189 634 55
2086 4246 66 55
2154 4246 111 55
2267 4246 634 55
