13 13 1446 58
1465 13 1444 58
13 77 50 168
64 77 50 168
115 77 187 168
303 77 50 168
354 77 50 168
405 77 50 168
456 77 50 167
507 77 51 167
559 77 141 168
701 77 198 168
900 77 559 168
1465 77 53 168
1519 77 50 168
1570 77 186 168
1757 77 50 168
1808 77 50 168
1859 77 50 168
1910 77 51 168
1962 77 50 168
2013 77 141 168
2155 77 198 168
2354 77 555 168
13 246 50 1923
64 246 50 480
115 246 187 129
303 246 50 480
354 246 50 480
405 246 50 480
456 246 51 480
508 246 50 480
559 246 141 480
701 246 198 480
900 246 559 480
1465 246 53 475
1519 246 50 326
1570 246 186 271
1757 246 50 475
1808 246 50 475
1859 246 50 475
1910 246 51 475
1962 246 50 475
2013 246 141 475
2155 246 198 475
2354 246 555 475
1519 572 49 35
1519 607 50 114
1570 607 186 114
115 611 187 115
1465 722 53 951
1519 722 50 475
1570 722 186 298
1757 722 50 300
1808 722 50 475
1859 722 50 475
1910 722 51 475
1962 722 50 475
2013 722 141 475
2155 722 198 475
2354 722 555 475
64 727 50 481
115 727 187 116
303 727 50 180
354 727 50 481
405 727 50 481
456 727 51 481
508 727 50 481
559 727 141 481
701 727 198 481
900 727 559 481
303 946 50 21
303 979 50 50
1570 1031 186 166
1757 1032 50 165
303 1036 50 29
305 1065 48 28
115 1093 187 115
303 1093 50 115
1519 1198 50 475
1570 1198 186 265
1757 1198 50 319
1808 1198 50 475
1859 1198 50 475
1910 1198 51 475
1962 1198 50 475
2013 1198 141 475
2155 1198 198 475
2354 1198 555 475
64 1209 50 293
115 1209 187 259
303 1209 50 481
354 1209 50 481
405 1209 50 481
456 1209 51 481
508 1209 50 481
559 1209 141 481
701 1209 198 481
900 1209 559 481
1758 1517 49 68
64 1578 50 112
115 1578 187 112
1570 1585 186 88
1757 1585 50 88
1465 1674 53 571
1519 1674 50 475
1570 1674 186 254
1757 1674 50 284
1808 1674 50 475
1859 1674 50 475
1910 1674 51 475
1962 1674 50 475
2013 1674 141 475
2155 1674 198 475
2354 1674 555 475
64 1691 50 478
115 1691 187 248
303 1691 50 478
354 1691 50 478
405 1691 50 478
456 1691 51 478
508 1691 50 478
559 1691 141 478
701 1691 198 478
900 1691 559 478
1758 1958 49 97
1570 2055 186 94
1757 2055 50 94
115 2059 187 110
1519 2150 50 95
1570 2150 186 95
1757 2150 50 95
1808 2150 50 95
1859 2150 50 95
1910 2150 51 95
1962 2150 50 95
2013 2150 141 95
2155 2150 198 95
2354 2150 555 95
13 2176 1446 62
64 2245 50 382
115 2245 187 255
303 2245 50 382
354 2245 50 382
405 2245 50 382
456 2245 51 382
508 2245 50 382
559 2245 141 382
701 2245 198 382
900 2245 559 382
1465 2245 53 381
1519 2245 50 381
1570 2245 186 381
1757 2245 50 381
1808 2245 50 381
1859 2245 50 381
1910 2245 51 381
1962 2245 50 381
2013 2245 141 381
2155 2245 198 381
2354 2245 555 381
64 2627 50 89
115 2627 187 89
303 2627 50 89
354 2627 50 89
405 2627 50 89
456 2627 51 89
508 2627 50 89
559 2627 141 89
701 2627 198 89
900 2627 559 89
1519 2627 50 475
1570 2627 186 275
1757 2627 50 289
1808 2627 50 475
1859 2627 50 475
1910 2627 51 475
1962 2627 50 475
2013 2627 141 475
2155 2627 198 475
2354 2627 555 475
1758 2916 49 88
1570 3004 186 98
1757 3004 50 98
