13 13 1446 64
1464 13 1445 64
13 83 50 167
64 83 50 167
115 83 186 167
302 83 51 167
354 83 50 167
405 83 50 167
456 83 50 166
507 83 50 166
558 83 141 167
700 83 198 167
899 83 560 167
1464 83 53 167
1518 83 50 167
1569 83 187 167
1757 83 50 167
1808 83 50 167
1859 83 50 167
1910 83 50 166
1961 83 50 166
2012 83 141 167
2154 83 198 167
2353 83 556 167
13 251 50 416
64 251 50 416
115 251 186 416
302 251 51 416
354 251 50 416
405 251 50 416
456 251 50 416
507 251 50 416
558 251 141 416
700 251 198 416
899 251 560 416
1464 251 53 837
1518 251 50 418
1569 251 187 418
1757 251 50 418
1808 251 50 418
1859 251 50 418
1910 251 51 418
1962 251 49 418
2012 251 141 418
2154 251 198 418
2353 251 556 418
1518 670 50 418
1569 670 187 418
1757 670 50 418
1808 670 50 418
1859 670 50 418
1910 670 51 418
1962 670 49 418
2012 670 141 418
2154 670 198 418
2353 670 556 418
13 673 1446 62
13 741 50 413
64 741 50 413
115 741 186 413
302 741 51 413
354 741 50 413
405 741 50 413
456 741 50 413
507 741 50 413
558 741 141 413
700 741 198 413
899 741 560 413
1464 1093 1445 65
13 1160 2896 415
