15 90 2877 275
15 366 2877 194
15 569 1433 104
1457 569 1435 104
15 674 71 145
87 674 56 145
144 674 197 145
343 674 55 145
399 674 56 145
456 674 56 145
513 674 55 145
569 674 56 145
626 674 112 145
739 674 186 145
927 674 521 145
1457 674 75 145
1533 674 56 145
1590 674 197 145
1788 674 56 145
1845 674 56 145
1902 674 55 145
1958 674 56 145
2015 674 56 145
2072 674 112 145
2185 674 186 145
2372 674 520 145
15 820 71 931
87 820 56 311
144 820 197 311
343 820 55 311
399 820 56 311
456 820 56 311
513 820 55 311
569 820 56 311
626 820 112 311
739 820 186 311
927 820 521 311
1457 820 75 931
1533 820 56 311
1590 820 197 311
1788 820 56 311
1845 820 56 311
1902 820 55 311
1958 820 56 311
2015 820 56 311
2072 820 112 311
2185 820 186 311
2372 820 520 311
87 1132 56 310
144 1132 197 310
343 1132 55 310
399 1132 56 310
456 1132 56 310
513 1132 55 310
569 1132 56 310
626 1132 112 310
739 1132 186 310
927 1132 521 310
1533 1132 56 311
1590 1132 197 311
1788 1132 56 311
1845 1132 56 311
1902 1132 55 311
1958 1132 56 311
2015 1132 56 311
2072 1132 112 311
2185 1132 186 311
2372 1132 520 311
87 1444 56 307
144 1444 197 307
343 1444 55 307
399 1444 56 307
456 1444 56 307
513 1444 55 307
569 1444 56 307
626 1444 112 307
739 1444 186 307
927 1444 521 307
1533 1444 56 307
1590 1444 197 307
1788 1444 56 307
1845 1444 56 307
1902 1444 55 307
1958 1444 56 307
2015 1444 56 307
2072 1444 112 307
2185 1444 186 307
2372 1444 520 307
15 1759 1433 105
1457 1759 1435 105
15 1865 71 144
87 1865 56 144
144 1865 197 144
343 1865 55 144
399 1865 56 144
456 1865 56 144
513 1865 55 144
569 1865 56 144
626 1865 112 144
739 1865 186 144
927 1865 521 144
1457 1865 75 144
1533 1865 56 144
1590 1865 197 144
1788 1865 56 144
1845 1865 56 144
1902 1865 55 144
1958 1865 56 144
2015 1865 56 144
2072 1865 112 144
2185 1865 186 144
2372 1865 520 144
15 2011 71 1554
87 2011 56 310
144 2011 197 310
343 2011 55 310
399 2011 56 310
456 2011 56 310
513 2011 55 310
569 2011 56 310
626 2011 112 310
739 2011 186 310
927 2011 521 310
1457 2011 75 618
1533 2011 56 310
1590 2011 197 310
1788 2011 56 310
1845 2011 56 310
1902 2011 55 310
1958 2011 56 310
2015 2011 56 310
2072 2011 112 310
2185 2011 186 310
2372 2011 520 310
87 2322 56 311
144 2322 197 311
343 2322 55 311
399 2322 56 311
456 2322 56 311
513 2322 55 311
569 2322 56 311
626 2322 112 311
739 2322 186 311
927 2322 521 311
1533 2322 56 307
1590 2322 197 307
1788 2322 56 307
1845 2322 56 307
1902 2322 55 307
1958 2322 56 307
2015 2322 56 307
2072 2322 112 307
2185 2322 186 307
2372 2322 520 307
87 2634 56 311
144 2634 197 311
343 2634 55 311
399 2634 56 311
456 2634 56 311
513 2634 55 311
569 2634 56 311
626 2634 112 311
739 2634 186 311
927 2634 521 311
1457 2638 1435 104
1457 2744 74 144
1532 2744 56 144
1589 2744 197 144
1788 2744 55 144
1844 2744 56 144
1901 2744 56 144
1958 2744 55 144
2014 2744 56 144
2071 2744 112 144
2184 2744 186 144
2372 2744 520 144
1457 2889 74 307
1532 2889 56 307
1589 2889 197 307
1788 2889 55 307
1844 2889 56 307
1901 2889 56 307
1958 2889 55 307
2014 2889 56 307
2071 2889 112 307
2184 2889 186 307
2372 2889 520 307
87 2946 56 311
144 2946 197 311
343 2946 55 311
399 2946 56 311
456 2946 56 311
513 2946 55 311
569 2946 56 311
626 2946 112 311
739 2946 186 311
927 2946 521 311
1457 3205 1435 104
87 3258 56 307
144 3258 197 307
343 3258 55 307
399 3258 56 307
456 3258 56 307
513 3258 55 307
569 3258 56 307
626 3258 112 307
739 3258 186 307
927 3258 521 307
1457 3310 75 145
1533 3310 1359 819
1457 3456 75 673
15 3573 1433 556
