58 273 1387 63
1447 273 1387 63
58 337 63 45
122 337 329 45
452 337 309 45
762 337 272 45
1035 337 124 45
1160 337 228 45
1389 337 56 45
1447 337 63 45
1511 337 329 45
1841 337 309 45
2151 337 272 45
2424 337 124 45
2549 337 228 45
2778 337 56 45
58 383 63 31
122 383 329 31
452 383 309 31
762 383 272 31
1035 383 124 31
1160 383 228 31
1389 383 56 31
1447 383 63 31
1511 383 329 31
1841 383 309 31
2151 383 272 31
2424 383 124 31
2549 383 228 31
2778 383 56 31
58 415 63 31
122 415 329 31
452 415 309 31
762 415 272 31
1035 415 124 31
1160 415 228 31
1389 415 56 31
1447 415 63 31
1511 415 329 31
1841 415 309 31
2151 415 272 31
2424 415 124 31
2549 415 228 31
2778 415 56 31
58 447 63 31
122 447 329 31
452 447 309 31
762 447 272 31
1035 447 124 31
1160 447 228 31
1389 447 56 31
1447 447 63 31
1511 447 329 31
1841 447 309 31
2151 447 272 31
2424 447 124 31
2549 447 228 31
2778 447 56 31
58 479 63 31
122 479 329 31
452 479 309 31
762 479 272 31
1035 479 124 31
1160 479 228 31
1389 479 56 31
1447 479 63 31
1511 479 329 31
1841 479 309 31
2151 479 272 31
2424 479 124 31
2549 479 228 31
2778 479 56 31
58 511 63 31
122 511 329 31
452 511 309 31
762 511 272 31
1035 511 124 31
1160 511 228 31
1389 511 56 31
1447 511 63 31
1511 511 329 31
1841 511 309 31
2151 511 272 31
2424 511 124 31
2549 511 228 31
2778 511 56 31
58 543 63 31
122 543 329 31
452 543 309 31
762 543 272 31
1035 543 124 31
1160 543 228 31
1389 543 56 31
1447 543 63 31
1511 543 329 31
1841 543 309 31
2151 543 272 31
2424 543 124 31
2549 543 228 31
2778 543 56 31
58 575 63 31
122 575 329 31
452 575 309 31
762 575 272 31
1035 575 124 31
1160 575 228 31
1389 575 56 31
1447 575 63 31
1511 575 329 31
1841 575 309 31
2151 575 272 31
2424 575 124 31
2549 575 228 31
2778 575 56 31
58 607 63 31
122 607 329 31
452 607 309 31
762 607 272 31
1035 607 124 31
1160 607 228 31
1389 607 56 31
1447 607 63 31
1511 607 329 31
1841 607 309 31
2151 607 272 31
2424 607 124 31
2549 607 228 31
2778 607 56 31
58 639 63 31
122 639 329 31
452 639 309 31
762 639 272 31
1035 639 124 31
1160 639 228 31
1389 639 56 31
1447 639 63 31
1511 639 329 31
1841 639 309 31
2151 639 272 31
2424 639 124 31
2549 639 228 31
2778 639 56 31
58 671 63 31
122 671 329 31
452 671 309 31
762 671 272 31
1035 671 124 31
1160 671 228 31
1389 671 56 31
1447 671 63 31
1511 671 329 31
1841 671 309 31
2151 671 272 31
2424 671 124 31
2549 671 228 31
2778 671 56 31
58 703 63 31
122 703 329 31
452 703 309 31
762 703 272 31
1035 703 124 31
1160 703 228 31
1389 703 56 31
1447 703 63 31
1511 703 329 31
1841 703 309 31
2151 703 272 31
2424 703 124 31
2549 703 228 31
2778 703 56 31
58 735 63 32
122 735 329 32
452 735 309 32
762 735 272 32
1035 735 124 32
1160 735 228 32
1389 735 56 32
1447 735 63 32
1511 735 329 32
1841 735 309 32
2151 735 272 32
2424 735 124 32
2549 735 228 32
2778 735 56 32
58 768 63 31
122 768 329 31
452 768 309 31
762 768 272 31
1035 768 124 31
1160 768 228 31
1389 768 56 31
1447 768 63 31
1511 768 329 31
1841 768 309 31
2151 768 272 31
2424 768 124 31
2549 768 228 31
2778 768 56 31
58 800 63 31
122 800 329 31
452 800 309 31
762 800 272 31
1035 800 124 31
1160 800 228 31
1389 800 56 31
1447 800 63 31
1511 800 329 31
1841 800 309 31
2151 800 272 31
2424 800 124 31
2549 800 228 31
2778 800 56 31
58 832 63 31
122 832 329 31
452 832 309 31
762 832 272 31
1035 832 124 31
1160 832 228 31
1389 832 56 31
1447 832 63 31
1511 832 329 31
1841 832 309 31
2151 832 272 31
2424 832 124 31
2549 832 228 31
2778 832 56 31
58 864 63 31
122 864 329 31
452 864 309 31
762 864 272 31
1035 864 124 31
1160 864 228 31
1389 864 56 31
1447 864 63 31
1511 864 329 31
1841 864 309 31
2151 864 272 31
2424 864 124 31
2549 864 228 31
2778 864 56 31
58 896 63 31
122 896 329 31
452 896 309 31
762 896 272 31
1035 896 124 31
1160 896 228 31
1389 896 56 31
1447 896 63 31
1511 896 329 31
1841 896 309 31
2151 896 272 31
2424 896 124 31
2549 896 228 31
2778 896 56 31
58 928 63 31
122 928 329 31
452 928 309 31
762 928 272 31
1035 928 124 31
1160 928 228 31
1389 928 56 31
1447 928 63 31
1511 928 329 31
1841 928 309 31
2151 928 272 31
2424 928 124 31
2549 928 228 31
2778 928 56 31
58 960 63 31
122 960 329 31
452 960 309 31
762 960 272 31
1035 960 124 31
1160 960 228 31
1389 960 56 31
1447 960 63 31
1511 960 329 31
1841 960 309 31
2151 960 272 31
2424 960 124 31
2549 960 228 31
2778 960 56 31
58 992 63 31
122 992 329 31
452 992 309 31
762 992 272 31
1035 992 124 31
1160 992 228 31
1389 992 56 31
1447 992 63 31
1511 992 329 31
1841 992 309 31
2151 992 272 31
2424 992 124 31
2549 992 228 31
2778 992 56 31
58 1024 63 31
122 1024 329 31
452 1024 309 31
762 1024 272 31
1035 1024 124 31
1160 1024 228 31
1389 1024 56 31
1447 1024 63 31
1511 1024 329 31
1841 1024 309 31
2151 1024 272 31
2424 1024 124 31
2549 1024 228 31
2778 1024 56 31
58 1056 63 31
122 1056 329 31
452 1056 309 31
762 1056 272 31
1035 1056 124 31
1160 1056 228 31
1389 1056 56 31
1447 1056 63 31
1511 1056 329 31
1841 1056 309 31
2151 1056 272 31
2424 1056 124 31
2549 1056 228 31
2778 1056 56 31
58 1088 63 32
122 1088 329 32
452 1088 309 32
762 1088 272 32
1035 1088 124 32
1160 1088 228 32
1389 1088 56 32
1447 1088 63 32
1511 1088 329 32
1841 1088 309 32
2151 1088 272 32
2424 1088 124 32
2549 1088 228 32
2778 1088 56 32
58 1121 63 31
122 1121 329 31
452 1121 309 31
762 1121 272 31
1035 1121 124 31
1160 1121 228 31
1389 1121 56 31
1447 1121 63 31
1511 1121 329 31
1841 1121 309 31
2151 1121 272 31
2424 1121 124 31
2549 1121 228 31
2778 1121 56 31
58 1153 63 31
122 1153 329 31
452 1153 309 31
762 1153 272 31
1035 1153 124 31
1160 1153 228 31
1389 1153 56 31
1447 1153 63 31
1511 1153 329 31
1841 1153 309 31
2151 1153 272 31
2424 1153 124 31
2549 1153 228 31
2778 1153 56 31
58 1185 63 31
122 1185 329 31
452 1185 309 31
762 1185 272 31
1035 1185 124 31
1160 1185 228 31
1389 1185 56 31
1447 1185 63 31
1511 1185 329 31
1841 1185 309 31
2151 1185 272 31
2424 1185 124 31
2549 1185 228 31
2778 1185 56 31
58 1217 63 31
122 1217 329 31
452 1217 309 31
762 1217 272 31
1035 1217 124 31
1160 1217 228 31
1389 1217 56 31
1447 1217 63 31
1511 1217 329 31
1841 1217 309 31
2151 1217 272 31
2424 1217 124 31
2549 1217 228 31
2778 1217 56 31
58 1249 63 31
122 1249 329 31
452 1249 309 31
762 1249 272 31
1035 1249 124 31
1160 1249 228 31
1389 1249 56 31
1447 1249 63 31
1511 1249 329 31
1841 1249 309 31
2151 1249 272 31
2424 1249 124 31
2549 1249 228 31
2778 1249 56 31
58 1281 63 31
122 1281 329 31
452 1281 309 31
762 1281 272 31
1035 1281 124 31
1160 1281 228 31
1389 1281 56 31
1447 1281 63 31
1511 1281 329 31
1841 1281 309 31
2151 1281 272 31
2424 1281 124 31
2549 1281 228 31
2778 1281 56 31
58 1313 63 31
122 1313 329 31
452 1313 309 31
762 1313 272 31
1035 1313 124 31
1160 1313 228 31
1389 1313 56 31
1447 1313 63 31
1511 1313 329 31
1841 1313 309 31
2151 1313 272 31
2424 1313 124 31
2549 1313 228 31
2778 1313 56 31
58 1345 63 31
122 1345 329 31
452 1345 309 31
762 1345 272 31
1035 1345 124 31
1160 1345 228 31
1389 1345 56 31
1447 1345 63 31
1511 1345 329 31
1841 1345 309 31
2151 1345 272 31
2424 1345 124 31
2549 1345 228 31
2778 1345 56 31
58 1377 63 31
122 1377 329 31
452 1377 309 31
762 1377 272 31
1035 1377 124 31
1160 1377 228 31
1389 1377 56 31
1447 1377 63 31
1511 1377 329 31
1841 1377 309 31
2151 1377 272 31
2424 1377 124 31
2549 1377 228 31
2778 1377 56 31
58 1409 63 31
122 1409 329 31
452 1409 309 31
762 1409 272 31
1035 1409 124 31
1160 1409 228 31
1389 1409 56 31
1447 1409 63 31
1511 1409 329 31
1841 1409 309 31
2151 1409 272 31
2424 1409 124 31
2549 1409 228 31
2778 1409 56 31
58 1441 63 32
122 1441 329 32
452 1441 309 32
762 1441 272 32
1035 1441 124 32
1160 1441 228 32
1389 1441 56 32
1447 1441 63 32
1511 1441 329 32
1841 1441 309 32
2151 1441 272 32
2424 1441 124 32
2549 1441 228 32
2778 1441 56 32
58 1474 63 31
122 1474 329 31
452 1474 309 31
762 1474 272 31
1035 1474 124 31
1160 1474 228 31
1389 1474 56 31
1447 1474 63 31
1511 1474 329 31
1841 1474 309 31
2151 1474 272 31
2424 1474 124 31
2549 1474 228 31
2778 1474 56 31
58 1506 63 31
122 1506 329 31
452 1506 309 31
762 1506 272 31
1035 1506 124 31
1160 1506 228 31
1389 1506 56 31
1447 1506 63 31
1511 1506 329 31
1841 1506 309 31
2151 1506 272 31
2424 1506 124 31
2549 1506 228 31
2778 1506 56 31
58 1538 63 31
122 1538 329 31
452 1538 309 31
762 1538 272 31
1035 1538 124 31
1160 1538 228 31
1389 1538 56 31
1447 1538 1387 63
58 1570 63 31
122 1570 329 31
452 1570 309 31
762 1570 272 31
1035 1570 124 31
1160 1570 228 31
1389 1570 56 31
58 1602 63 31
122 1602 329 31
452 1602 309 31
762 1602 272 31
1035 1602 124 31
1160 1602 228 31
1389 1602 56 31
1447 1602 63 31
1511 1602 329 31
1841 1602 309 31
2151 1602 272 31
2424 1602 124 31
2549 1602 228 31
2778 1602 56 31
58 1634 63 31
122 1634 329 31
452 1634 309 31
762 1634 272 31
1035 1634 124 31
1160 1634 228 31
1389 1634 56 31
1447 1634 63 31
1511 1634 329 31
1841 1634 309 31
2151 1634 272 31
2424 1634 124 31
2549 1634 228 31
2778 1634 56 31
58 1666 63 31
122 1666 329 31
452 1666 309 31
762 1666 272 31
1035 1666 124 31
1160 1666 228 31
1389 1666 56 31
1447 1666 63 31
1511 1666 329 31
1841 1666 309 31
2151 1666 272 31
2424 1666 124 31
2549 1666 228 31
2778 1666 56 31
58 1698 63 31
122 1698 329 31
452 1698 309 31
762 1698 272 31
1035 1698 124 31
1160 1698 228 31
1389 1698 56 31
1447 1698 63 31
1511 1698 329 31
1841 1698 309 31
2151 1698 272 31
2424 1698 124 31
2549 1698 228 31
2778 1698 56 31
58 1730 63 31
122 1730 329 31
452 1730 309 31
762 1730 272 31
1035 1730 124 31
1160 1730 228 31
1389 1730 56 31
1447 1730 63 31
1511 1730 329 31
1841 1730 309 31
2151 1730 272 31
2424 1730 124 31
2549 1730 228 31
2778 1730 56 31
58 1762 63 31
122 1762 329 31
452 1762 309 31
762 1762 272 31
1035 1762 124 31
1160 1762 228 31
1389 1762 56 31
1447 1762 63 31
1511 1762 329 31
1841 1762 309 31
2151 1762 272 31
2424 1762 124 31
2549 1762 228 31
2778 1762 56 31
58 1794 63 31
122 1794 329 31
452 1794 309 31
762 1794 272 31
1035 1794 124 31
1160 1794 228 31
1389 1794 56 31
1447 1794 63 31
1511 1794 329 31
1841 1794 309 31
2151 1794 272 31
2424 1794 124 31
2549 1794 228 31
2778 1794 56 31
58 1826 63 32
122 1826 329 32
452 1826 309 32
762 1826 272 32
1035 1826 124 32
1160 1826 228 32
1389 1826 56 32
1447 1826 63 32
1511 1826 329 32
1841 1826 309 32
2151 1826 272 32
2424 1826 124 32
2549 1826 228 32
2778 1826 56 32
58 1859 63 31
122 1859 329 31
452 1859 309 31
762 1859 272 31
1035 1859 124 31
1160 1859 228 31
1389 1859 56 31
1447 1859 63 31
1511 1859 329 31
1841 1859 309 31
2151 1859 272 31
2424 1859 124 31
2549 1859 228 31
2778 1859 56 31
58 1891 63 31
122 1891 329 31
452 1891 309 31
762 1891 272 31
1035 1891 124 31
1160 1891 228 31
1389 1891 56 31
1447 1891 63 31
1511 1891 329 31
1841 1891 309 31
2151 1891 272 31
2424 1891 124 31
2549 1891 228 31
2778 1891 56 31
58 1923 63 31
122 1923 329 31
452 1923 309 31
762 1923 272 31
1035 1923 124 31
1160 1923 228 31
1389 1923 56 31
1447 1923 63 31
1511 1923 329 31
1841 1923 309 31
2151 1923 272 31
2424 1923 124 31
2549 1923 228 31
2778 1923 56 31
58 1955 63 31
122 1955 329 31
452 1955 309 31
762 1955 272 31
1035 1955 124 31
1160 1955 228 31
1389 1955 56 31
1447 1955 63 31
1511 1955 329 31
1841 1955 309 31
2151 1955 272 31
2424 1955 124 31
2549 1955 228 31
2778 1955 56 31
58 1987 63 31
122 1987 329 31
452 1987 309 31
762 1987 272 31
1035 1987 124 31
1160 1987 228 31
1389 1987 56 31
1447 1987 63 31
1511 1987 329 31
1841 1987 309 31
2151 1987 272 31
2424 1987 124 31
2549 1987 228 31
2778 1987 56 31
58 2019 63 31
122 2019 329 31
452 2019 309 31
762 2019 272 31
1035 2019 124 31
1160 2019 228 31
1389 2019 56 31
1447 2019 63 31
1511 2019 329 31
1841 2019 309 31
2151 2019 272 31
2424 2019 124 31
2549 2019 228 31
2778 2019 56 31
58 2051 63 31
122 2051 329 31
452 2051 309 31
762 2051 272 31
1035 2051 124 31
1160 2051 228 31
1389 2051 56 31
1447 2051 63 31
1511 2051 329 31
1841 2051 309 31
2151 2051 272 31
2424 2051 124 31
2549 2051 228 31
2778 2051 56 31
58 2083 63 31
122 2083 329 31
452 2083 309 31
762 2083 272 31
1035 2083 124 31
1160 2083 228 31
1389 2083 56 31
1447 2083 63 31
1511 2083 329 31
1841 2083 309 31
2151 2083 272 31
2424 2083 124 31
2549 2083 228 31
2778 2083 56 31
58 2115 63 31
122 2115 329 31
452 2115 309 31
762 2115 272 31
1035 2115 124 31
1160 2115 228 31
1389 2115 56 31
1447 2115 63 31
1511 2115 329 31
1841 2115 309 31
2151 2115 272 31
2424 2115 124 31
2549 2115 228 31
2778 2115 56 31
58 2147 63 31
122 2147 329 31
452 2147 309 31
762 2147 272 31
1035 2147 124 31
1160 2147 228 31
1389 2147 56 31
1447 2147 63 31
1511 2147 329 31
1841 2147 309 31
2151 2147 272 31
2424 2147 124 31
2549 2147 228 31
2778 2147 56 31
58 2179 63 32
122 2179 329 32
452 2179 309 32
762 2179 272 32
1035 2179 124 32
1160 2179 228 32
1389 2179 56 32
1447 2179 63 32
1511 2179 329 32
1841 2179 309 32
2151 2179 272 32
2424 2179 124 32
2549 2179 228 32
2778 2179 56 32
58 2212 63 31
122 2212 329 31
452 2212 309 31
762 2212 272 31
1035 2212 124 31
1160 2212 228 31
1389 2212 56 31
1447 2212 63 31
1511 2212 329 31
1841 2212 309 31
2151 2212 272 31
2424 2212 124 31
2549 2212 228 31
2778 2212 56 31
58 2244 63 31
122 2244 329 31
452 2244 309 31
762 2244 272 31
1035 2244 124 31
1160 2244 228 31
1389 2244 56 31
1447 2244 63 31
1511 2244 329 31
1841 2244 309 31
2151 2244 272 31
2424 2244 124 31
2549 2244 228 31
2778 2244 56 31
58 2276 63 31
122 2276 329 31
452 2276 309 31
762 2276 272 31
1035 2276 124 31
1160 2276 228 31
1389 2276 56 31
1447 2276 63 31
1511 2276 329 31
1841 2276 309 31
2151 2276 272 31
2424 2276 124 31
2549 2276 228 31
2778 2276 56 31
58 2308 63 31
122 2308 329 31
452 2308 309 31
762 2308 272 31
1035 2308 124 31
1160 2308 228 31
1389 2308 56 31
1447 2308 63 31
1511 2308 329 31
1841 2308 309 31
2151 2308 272 31
2424 2308 124 31
2549 2308 228 31
2778 2308 56 31
58 2340 63 31
122 2340 329 31
452 2340 309 31
762 2340 272 31
1035 2340 124 31
1160 2340 228 31
1389 2340 56 31
1447 2340 63 31
1511 2340 329 31
1841 2340 309 31
2151 2340 272 31
2424 2340 124 31
2549 2340 228 31
2778 2340 56 31
58 2372 63 31
122 2372 329 31
452 2372 309 31
762 2372 272 31
1035 2372 124 31
1160 2372 228 31
1389 2372 56 31
1447 2372 63 31
1511 2372 329 31
1841 2372 309 31
2151 2372 272 31
2424 2372 124 31
2549 2372 228 31
2778 2372 56 31
58 2404 63 31
122 2404 329 31
452 2404 309 31
762 2404 272 31
1035 2404 124 31
1160 2404 228 31
1389 2404 56 31
1447 2404 63 31
1511 2404 329 31
1841 2404 309 31
2151 2404 272 31
2424 2404 124 31
2549 2404 228 31
2778 2404 56 31
58 2436 63 31
122 2436 329 31
452 2436 309 31
762 2436 272 31
1035 2436 124 31
1160 2436 228 31
1389 2436 56 31
1447 2436 63 31
1511 2436 329 31
1841 2436 309 31
2151 2436 272 31
2424 2436 124 31
2549 2436 228 31
2778 2436 56 31
58 2468 63 31
122 2468 329 31
452 2468 309 31
762 2468 272 31
1035 2468 124 31
1160 2468 228 31
1389 2468 56 31
1447 2468 63 31
1511 2468 329 31
1841 2468 309 31
2151 2468 272 31
2424 2468 124 31
2549 2468 228 31
2778 2468 56 31
58 2500 63 31
122 2500 329 31
452 2500 309 31
762 2500 272 31
1035 2500 124 31
1160 2500 228 31
1389 2500 56 31
1447 2500 63 31
1511 2500 329 31
1841 2500 309 31
2151 2500 272 31
2424 2500 124 31
2549 2500 228 31
2778 2500 56 31
58 2532 63 32
122 2532 329 32
452 2532 309 32
762 2532 272 32
1035 2532 124 32
1160 2532 228 32
1389 2532 56 32
1447 2532 63 32
1511 2532 329 32
1841 2532 309 32
2151 2532 272 32
2424 2532 124 32
2549 2532 228 32
2778 2532 56 32
58 2565 63 31
122 2565 329 31
452 2565 309 31
762 2565 272 31
1035 2565 124 31
1160 2565 228 31
1389 2565 56 31
1447 2565 63 31
1511 2565 329 31
1841 2565 309 31
2151 2565 272 31
2424 2565 124 31
2549 2565 228 31
2778 2565 56 31
58 2597 63 31
122 2597 329 31
452 2597 309 31
762 2597 272 31
1035 2597 124 31
1160 2597 228 31
1389 2597 56 31
1447 2597 63 31
1511 2597 329 31
1841 2597 309 31
2151 2597 272 31
2424 2597 124 31
2549 2597 228 31
2778 2597 56 31
58 2629 63 31
122 2629 329 31
452 2629 309 31
762 2629 272 31
1035 2629 124 31
1160 2629 228 31
1389 2629 56 31
1447 2629 63 31
1511 2629 329 31
1841 2629 309 31
2151 2629 272 31
2424 2629 124 31
2549 2629 228 31
2778 2629 56 31
58 2661 63 31
122 2661 329 31
452 2661 309 31
762 2661 272 31
1035 2661 124 31
1160 2661 228 31
1389 2661 56 31
1447 2661 63 31
1511 2661 329 31
1841 2661 309 31
2151 2661 272 31
2424 2661 124 31
2549 2661 228 31
2778 2661 56 31
58 2693 63 31
122 2693 329 31
452 2693 309 31
762 2693 272 31
1035 2693 124 31
1160 2693 228 31
1389 2693 56 31
1447 2693 63 31
1511 2693 329 31
1841 2693 309 31
2151 2693 272 31
2424 2693 124 31
2549 2693 228 31
2778 2693 56 31
58 2725 63 31
122 2725 329 31
452 2725 309 31
762 2725 272 31
1035 2725 124 31
1160 2725 228 31
1389 2725 56 31
1447 2725 63 31
1511 2725 329 31
1841 2725 309 31
2151 2725 272 31
2424 2725 124 31
2549 2725 228 31
2778 2725 56 31
58 2757 63 31
122 2757 329 31
452 2757 309 31
762 2757 272 31
1035 2757 124 31
1160 2757 228 31
1389 2757 56 31
1447 2757 63 31
1511 2757 329 31
1841 2757 309 31
2151 2757 272 31
2424 2757 124 31
2549 2757 228 31
2778 2757 56 31
58 2789 63 31
122 2789 329 31
452 2789 309 31
762 2789 272 31
1035 2789 124 31
1160 2789 228 31
1389 2789 56 31
1447 2789 63 31
1511 2789 329 31
1841 2789 309 31
2151 2789 272 31
2424 2789 124 31
2549 2789 228 31
2778 2789 56 31
58 2821 63 31
122 2821 329 31
452 2821 309 31
762 2821 272 31
1035 2821 124 31
1160 2821 228 31
1389 2821 56 31
1447 2821 63 31
1511 2821 329 31
1841 2821 309 31
2151 2821 272 31
2424 2821 124 31
2549 2821 228 31
2778 2821 56 31
58 2853 63 31
122 2853 329 31
452 2853 309 31
762 2853 272 31
1035 2853 124 31
1160 2853 228 31
1389 2853 56 31
1447 2853 63 31
1511 2853 329 31
1841 2853 309 31
2151 2853 272 31
2424 2853 124 31
2549 2853 228 31
2778 2853 56 31
58 2885 63 31
122 2885 329 31
452 2885 309 31
762 2885 272 31
1035 2885 124 31
1160 2885 228 31
1389 2885 56 31
1447 2885 63 31
1511 2885 329 31
1841 2885 309 31
2151 2885 272 31
2424 2885 124 31
2549 2885 228 31
2778 2885 56 31
58 2917 63 32
122 2917 329 32
452 2917 309 32
762 2917 272 32
1035 2917 124 32
1160 2917 228 32
1389 2917 56 32
1447 2917 63 32
1511 2917 329 32
1841 2917 309 32
2151 2917 272 32
2424 2917 124 32
2549 2917 228 32
2778 2917 56 32
58 2950 63 31
122 2950 329 31
452 2950 309 31
762 2950 272 31
1035 2950 124 31
1160 2950 228 31
1389 2950 56 31
1447 2950 63 31
1511 2950 329 31
1841 2950 309 31
2151 2950 272 31
2424 2950 124 31
2549 2950 228 31
2778 2950 56 31
58 2982 63 31
122 2982 329 31
452 2982 309 31
762 2982 272 31
1035 2982 124 31
1160 2982 228 31
1389 2982 56 31
1447 2982 63 31
1511 2982 329 31
1841 2982 309 31
2151 2982 272 31
2424 2982 124 31
2549 2982 228 31
2778 2982 56 31
58 3014 63 31
122 3014 329 31
452 3014 309 31
762 3014 272 31
1035 3014 124 31
1160 3014 228 31
1389 3014 56 31
1447 3014 63 31
1511 3014 329 31
1841 3014 309 31
2151 3014 272 31
2424 3014 124 31
2549 3014 228 31
2778 3014 56 31
58 3046 63 31
122 3046 329 31
452 3046 309 31
762 3046 272 31
1035 3046 124 31
1160 3046 228 31
1389 3046 56 31
1447 3046 63 31
1511 3046 329 31
1841 3046 309 31
2151 3046 272 31
2424 3046 124 31
2549 3046 228 31
2778 3046 56 31
58 3078 63 31
122 3078 329 31
452 3078 309 31
762 3078 272 31
1035 3078 124 31
1160 3078 228 31
1389 3078 56 31
1447 3078 63 31
1511 3078 329 31
1841 3078 309 31
2151 3078 272 31
2424 3078 124 31
2549 3078 228 31
2778 3078 56 31
58 3110 63 31
122 3110 329 31
452 3110 309 31
762 3110 272 31
1035 3110 124 31
1160 3110 228 31
1389 3110 56 31
1447 3110 63 31
1511 3110 329 31
1841 3110 309 31
2151 3110 272 31
2424 3110 124 31
2549 3110 228 31
2778 3110 56 31
58 3142 63 31
122 3142 329 31
452 3142 309 31
762 3142 272 31
1035 3142 124 31
1160 3142 228 31
1389 3142 56 31
1447 3142 63 31
1511 3142 329 31
1841 3142 309 31
2151 3142 272 31
2424 3142 124 31
2549 3142 228 31
2778 3142 56 31
58 3174 63 31
122 3174 329 31
452 3174 309 31
762 3174 272 31
1035 3174 124 31
1160 3174 228 31
1389 3174 56 31
1447 3174 63 31
1511 3174 329 31
1841 3174 309 31
2151 3174 272 31
2424 3174 124 31
2549 3174 228 31
2778 3174 56 31
58 3206 63 31
122 3206 329 31
452 3206 309 31
762 3206 272 31
1035 3206 124 31
1160 3206 228 31
1389 3206 56 31
1447 3206 63 31
1511 3206 329 31
1841 3206 309 31
2151 3206 272 31
2424 3206 124 31
2549 3206 228 31
2778 3206 56 31
58 3238 63 31
122 3238 329 31
452 3238 309 31
762 3238 272 31
1035 3238 124 31
1160 3238 228 31
1389 3238 56 31
1447 3238 63 31
1511 3238 329 31
1841 3238 309 31
2151 3238 272 31
2424 3238 124 31
2549 3238 228 31
2778 3238 56 31
58 3270 63 32
122 3270 329 32
452 3270 309 32
762 3270 272 32
1035 3270 124 32
1160 3270 228 32
1389 3270 56 32
1447 3270 63 32
1511 3270 329 32
1841 3270 309 32
2151 3270 272 32
2424 3270 124 32
2549 3270 228 32
2778 3270 56 32
58 3303 63 31
122 3303 329 31
452 3303 309 31
762 3303 272 31
1035 3303 124 31
1160 3303 228 31
1389 3303 56 31
1447 3303 63 31
1511 3303 329 31
1841 3303 309 31
2151 3303 272 31
2424 3303 124 31
2549 3303 228 31
2778 3303 56 31
58 3335 63 31
122 3335 329 31
452 3335 309 31
762 3335 272 31
1035 3335 124 31
1160 3335 228 31
1389 3335 56 31
1447 3335 63 31
1511 3335 329 31
1841 3335 309 31
2151 3335 272 31
2424 3335 124 31
2549 3335 228 31
2778 3335 56 31
58 3367 63 31
122 3367 329 31
452 3367 309 31
762 3367 272 31
1035 3367 124 31
1160 3367 228 31
1389 3367 56 31
1447 3367 63 31
1511 3367 329 31
1841 3367 309 31
2151 3367 272 31
2424 3367 124 31
2549 3367 228 31
2778 3367 56 31
58 3399 63 31
122 3399 329 31
452 3399 309 31
762 3399 272 31
1035 3399 124 31
1160 3399 228 31
1389 3399 56 31
1447 3399 63 31
1511 3399 329 31
1841 3399 309 31
2151 3399 272 31
2424 3399 124 31
2549 3399 228 31
2778 3399 56 31
58 3431 63 31
122 3431 329 31
452 3431 309 31
762 3431 272 31
1035 3431 124 31
1160 3431 228 31
1389 3431 56 31
1447 3431 63 31
1511 3431 329 31
1841 3431 309 31
2151 3431 272 31
2424 3431 124 31
2549 3431 228 31
2778 3431 56 31
58 3463 63 31
122 3463 329 31
452 3463 309 31
762 3463 272 31
1035 3463 124 31
1160 3463 228 31
1389 3463 56 31
1447 3463 63 31
1511 3463 329 31
1841 3463 309 31
2151 3463 272 31
2424 3463 124 31
2549 3463 228 31
2778 3463 56 31
58 3495 63 31
122 3495 329 31
452 3495 309 31
762 3495 272 31
1035 3495 124 31
1160 3495 228 31
1389 3495 56 31
1447 3495 63 31
1511 3495 329 31
1841 3495 309 31
2151 3495 272 31
2424 3495 124 31
2549 3495 228 31
2778 3495 56 31
58 3527 63 31
122 3527 329 31
452 3527 309 31
762 3527 272 31
1035 3527 124 31
1160 3527 228 31
1389 3527 56 31
1447 3527 63 31
1511 3527 329 31
1841 3527 309 31
2151 3527 272 31
2424 3527 124 31
2549 3527 228 31
2778 3527 56 31
58 3559 63 31
122 3559 329 31
452 3559 309 31
762 3559 272 31
1035 3559 124 31
1160 3559 228 31
1389 3559 56 31
1447 3559 63 31
1511 3559 329 31
1841 3559 309 31
2151 3559 272 31
2424 3559 124 31
2549 3559 228 31
2778 3559 56 31
58 3591 63 31
122 3591 329 31
452 3591 309 31
762 3591 272 31
1035 3591 124 31
1160 3591 228 31
1389 3591 56 31
1447 3591 63 31
1511 3591 329 31
1841 3591 309 31
2151 3591 272 31
2424 3591 124 31
2549 3591 228 31
2778 3591 56 31
58 3623 63 32
122 3623 329 32
452 3623 309 32
762 3623 272 32
1035 3623 124 32
1160 3623 228 32
1389 3623 56 32
1447 3623 63 32
1511 3623 329 32
1841 3623 309 32
2151 3623 272 32
2424 3623 124 32
2549 3623 228 32
2778 3623 56 32
58 3656 63 31
122 3656 329 31
452 3656 309 31
762 3656 272 31
1035 3656 124 31
1160 3656 228 31
1389 3656 56 31
1447 3656 63 31
1511 3656 329 31
1841 3656 309 31
2151 3656 272 31
2424 3656 124 31
2549 3656 228 31
2778 3656 56 31
58 3688 63 31
122 3688 329 31
452 3688 309 31
762 3688 272 31
1035 3688 124 31
1160 3688 228 31
1389 3688 56 31
1447 3688 63 31
1511 3688 329 31
1841 3688 309 31
2151 3688 272 31
2424 3688 124 31
2549 3688 228 31
2778 3688 56 31
58 3720 63 31
122 3720 329 31
452 3720 309 31
762 3720 272 31
1035 3720 124 31
1160 3720 228 31
1389 3720 56 31
1447 3720 63 31
1511 3720 329 31
1841 3720 309 31
2151 3720 272 31
2424 3720 124 31
2549 3720 228 31
2778 3720 56 31
58 3752 63 31
122 3752 329 31
452 3752 309 31
762 3752 272 31
1035 3752 124 31
1160 3752 228 31
1389 3752 56 31
1447 3752 63 31
1511 3752 329 31
1841 3752 309 31
2151 3752 272 31
2424 3752 124 31
2549 3752 228 31
2778 3752 56 31
58 3784 63 31
122 3784 329 31
452 3784 309 31
762 3784 272 31
1035 3784 124 31
1160 3784 228 31
1389 3784 56 31
1447 3784 63 31
1511 3784 329 31
1841 3784 309 31
2151 3784 272 31
2424 3784 124 31
2549 3784 228 31
2778 3784 56 31
58 3816 63 31
122 3816 329 31
452 3816 309 31
762 3816 272 31
1035 3816 124 31
1160 3816 228 31
1389 3816 56 31
1447 3816 63 31
1511 3816 329 31
1841 3816 309 31
2151 3816 272 31
2424 3816 124 31
2549 3816 228 31
2778 3816 56 31
58 3848 63 31
122 3848 329 31
452 3848 309 31
762 3848 272 31
1035 3848 124 31
1160 3848 228 31
1389 3848 56 31
1447 3848 63 31
1511 3848 329 31
1841 3848 309 31
2151 3848 272 31
2424 3848 124 31
2549 3848 228 31
2778 3848 56 31
58 3880 63 31
122 3880 329 31
452 3880 309 31
762 3880 272 31
1035 3880 124 31
1160 3880 228 31
1389 3880 56 31
1447 3880 63 31
1511 3880 329 31
1841 3880 309 31
2151 3880 272 31
2424 3880 124 31
2549 3880 228 31
2778 3880 56 31
