2086 2976 121 28
2209 2976 80 28
2291 2976 80 28
2372 2976 80 28
2454 2976 80 28
2536 2976 80 28
2617 2976 80 28
2699 2976 95 28
2795 2976 108 28
2086 3005 121 28
2209 3005 80 28
2291 3005 80 28
2372 3005 80 28
2454 3005 80 28
2536 3005 80 28
2617 3005 80 28
2699 3005 95 28
2795 3005 108 28
2086 3034 121 28
2209 3034 80 28
2291 3034 80 28
2372 3034 80 28
2454 3034 80 28
2536 3034 80 28
2617 3034 80 28
2699 3034 95 28
2795 3034 108 28
2086 3064 66 116
2154 3064 53 28
2209 3064 80 28
2291 3064 80 28
2372 3064 80 28
2454 3064 80 28
2536 3064 80 28
2617 3064 80 28
2699 3064 95 28
2795 3064 108 28
2154 3093 53 28
2209 3093 80 28
2291 3093 80 28
2372 3093 80 28
2454 3093 80 28
2536 3093 80 28
2617 3093 80 28
2699 3093 95 28
2795 3093 108 28
2154 3122 53 28
2209 3122 80 28
2291 3122 80 28
2372 3122 80 28
2454 3122 80 28
2536 3122 80 28
2617 3122 80 28
2699 3122 95 28
2795 3122 108 28
2154 3152 53 28
2209 3152 80 28
2291 3152 80 28
2372 3152 80 28
2454 3152 80 28
2536 3152 80 28
2617 3152 80 28
2699 3152 95 28
2795 3152 108 28
2086 3181 66 71
2154 3181 53 71
2209 3181 80 71
2291 3181 80 71
2372 3181 80 71
2454 3181 80 71
2536 3181 80 71
2617 3181 80 71
2699 3181 95 71
2795 3181 108 71
2086 3254 817 27
2086 3283 66 49
2154 3283 53 49
2209 3283 80 49
2291 3283 80 49
2372 3283 80 49
2454 3283 80 49
2536 3283 80 49
2617 3283 80 49
2699 3283 95 49
2795 3283 108 49
2086 3334 817 28
2086 3363 66 71
2154 3363 53 71
2209 3363 80 71
2291 3363 80 71
2372 3363 80 71
2454 3363 80 71
2536 3363 80 71
2617 3363 80 71
2699 3363 95 71
2795 3363 108 71
359 3555 125 60
485 3555 172 60
658 3555 942 60
359 3616 125 47
485 3616 172 47
658 3616 942 47
359 3664 125 47
485 3664 172 47
658 3664 942 47
359 3712 125 47
485 3712 172 47
658 3712 942 47
359 3761 125 46
485 3761 172 46
658 3761 942 46
359 3809 125 47
485 3809 172 47
658 3809 942 47
359 3857 125 47
485 3857 172 47
658 3857 942 47
359 3905 125 47
485 3905 172 47
658 3905 942 47
359 3953 125 47
485 3953 172 47
658 3953 942 47
359 4002 125 46
485 4002 172 46
658 4002 942 46
359 4050 125 46
485 4050 172 46
658 4050 942 46
359 4098 125 47
485 4098 172 47
658 4098 942 47
359 4146 125 47
485 4146 172 47
658 4146 942 47
359 4194 125 47
485 4194 172 47
658 4194 942 47
359 4243 125 46
485 4243 172 46
658 4243 942 46
359 4291 125 46
485 4291 172 46
658 4291 942 46
359 4339 125 47
485 4339 172 47
658 4339 942 47
1660 3555 125 60
1787 3555 171 60
1959 3555 942 60
1660 3616 125 47
1787 3616 171 47
1959 3616 942 47
1660 3664 125 47
1787 3664 171 47
1959 3664 942 47
1660 3712 125 47
1787 3712 171 47
1959 3712 942 47
1660 3761 125 46
1787 3761 171 46
1959 3761 942 46
1660 3809 125 47
1787 3809 171 47
1959 3809 942 47
1660 3857 125 47
1787 3857 171 47
1959 3857 942 47
1660 3905 125 47
1787 3905 171 47
1959 3905 942 47
1660 3953 125 47
1787 3953 171 47
1959 3953 942 47
1660 4002 125 46
1787 4002 171 46
1959 4002 942 46
1660 4050 125 46
1787 4050 171 46
1959 4050 942 46
1660 4098 125 47
1787 4098 171 47
1959 4098 942 47
1660 4146 125 47
1787 4146 171 47
1959 4146 942 47
1660 4194 125 47
1787 4194 171 47
1959 4194 942 47
1660 4243 125 46
1787 4243 171 46
1959 4243 942 46
1660 4291 125 46
1787 4291 171 46
1959 4291 942 46
1660 4339 125 47
1787 4339 171 47
1959 4339 942 47
