107 212 2878 250
107 464 2878 134
107 606 1435 80
1550 606 1435 80
107 688 71 112
179 688 56 112
236 688 197 112
435 688 55 112
491 688 56 112
548 688 55 112
605 688 55 112
661 688 56 112
718 688 112 112
831 688 186 112
1018 688 524 112
1550 688 74 112
1625 688 56 112
1682 688 197 112
1880 688 56 112
1937 688 55 112
1994 688 55 112
2050 688 56 112
2107 688 56 112
2164 688 112 112
2277 688 186 112
2464 688 521 112
107 801 71 1016
179 801 56 339
236 801 197 339
435 801 55 339
491 801 56 339
548 801 55 339
605 801 55 339
661 801 56 339
718 801 112 339
831 801 186 339
1018 801 524 339
1550 801 74 1696
1625 801 56 339
1682 801 197 339
1880 801 56 339
1937 801 55 339
1994 801 55 339
2050 801 56 339
2107 801 56 339
2164 801 112 339
2277 801 186 339
2464 801 521 339
179 1141 56 339
236 1141 197 339
435 1141 55 339
491 1141 56 339
548 1141 55 339
605 1141 55 339
661 1141 56 339
718 1141 112 339
831 1141 186 339
1018 1141 524 339
1625 1141 56 339
1682 1141 197 339
1880 1141 56 339
1937 1141 55 339
1994 1141 55 339
2050 1141 56 339
2107 1141 56 339
2164 1141 112 339
2277 1141 186 339
2464 1141 521 339
179 1481 56 336
236 1481 197 336
435 1481 55 336
491 1481 56 336
548 1481 55 336
605 1481 55 336
661 1481 56 336
718 1481 112 336
831 1481 186 336
1018 1481 524 336
1625 1481 56 339
1682 1481 197 339
1880 1481 56 339
1937 1481 55 339
1994 1481 55 339
2050 1481 56 339
2107 1481 56 339
2164 1481 112 339
2277 1481 186 339
2464 1481 521 339
1625 1821 56 339
1682 1821 197 339
1880 1821 56 339
1937 1821 55 339
1994 1821 55 339
2050 1821 56 339
2107 1821 56 339
2164 1821 112 339
2277 1821 186 339
2464 1821 521 339
107 1825 1435 80
107 1906 71 113
179 1906 56 113
236 1906 197 113
435 1906 55 113
491 1906 56 113
548 1906 55 113
605 1906 55 113
661 1906 56 113
718 1906 112 113
831 1906 186 113
1018 1906 524 113
107 2020 71 2036
179 2020 56 339
236 2020 197 339
435 2020 55 339
491 2020 56 339
548 2020 55 339
605 2020 55 339
661 2020 56 339
718 2020 112 339
831 2020 186 339
1018 2020 524 339
1625 2162 56 335
1682 2162 197 335
1880 2162 56 335
1937 2162 55 335
1994 2162 55 335
2050 2162 56 335
2107 2162 56 335
2164 2162 112 335
2277 2162 186 335
2464 2162 521 335
179 2360 56 339
236 2360 197 339
435 2360 55 339
491 2360 56 339
548 2360 55 339
605 2360 55 339
661 2360 56 339
718 2360 112 339
831 2360 186 339
1018 2360 524 339
1550 2505 1435 81
1550 2587 74 112
1625 2587 56 112
1682 2587 197 112
1880 2587 56 112
1937 2587 55 112
1994 2587 55 112
2050 2587 56 112
2107 2587 56 112
2164 2587 112 112
2277 2587 186 112
2464 2587 521 112
179 2700 56 339
236 2700 197 339
435 2700 55 339
491 2700 56 339
548 2700 55 339
605 2700 55 339
661 2700 56 339
718 2700 112 339
831 2700 186 339
1018 2700 524 339
1550 2700 74 1016
1625 2700 56 339
1682 2700 197 339
1880 2700 56 339
1937 2700 55 339
1994 2700 55 339
2050 2700 56 339
2107 2700 56 339
2164 2700 112 339
2277 2700 186 339
2464 2700 521 339
179 3040 56 339
236 3040 197 339
435 3040 55 339
491 3040 56 339
548 3040 55 339
605 3040 55 339
661 3040 56 339
718 3040 112 339
831 3040 186 339
1018 3040 524 339
1625 3040 56 339
1682 3040 197 339
1880 3040 56 339
1937 3040 55 339
1994 3040 55 339
2050 3040 56 339
2107 3040 56 339
2164 3040 112 339
2277 3040 186 339
2464 3040 521 339
179 3380 56 339
236 3380 197 339
435 3380 55 339
491 3380 56 339
548 3380 55 339
605 3380 55 339
661 3380 56 339
718 3380 112 339
831 3380 186 339
1018 3380 524 339
1625 3380 56 336
1682 3380 197 336
1880 3380 56 336
1937 3380 55 336
1994 3380 55 336
2050 3380 56 336
2107 3380 56 336
2164 3380 112 336
2277 3380 186 336
2464 3380 521 336
179 3721 56 335
236 3721 197 335
435 3721 55 335
491 3721 56 335
548 3721 55 335
605 3721 55 335
661 3721 56 335
718 3721 112 335
831 3721 186 335
1018 3721 524 335
1550 3724 1435 81
1550 3806 74 112
1625 3806 56 112
1682 3806 197 112
1880 3806 56 112
1937 3806 55 112
1994 3806 55 112
2050 3806 56 112
2107 3806 56 112
2164 3806 112 112
2277 3806 186 112
2464 3806 521 112
1550 3919 74 333
1625 3919 56 333
1682 3919 197 333
1880 3919 56 333
1937 3919 55 333
1994 3919 55 333
2050 3919 56 333
2107 3919 56 333
2164 3919 112 333
2277 3919 186 333
2464 3919 521 333
107 4064 1435 188
