17 17 103 148
121 17 108 148
231 17 247 148
479 17 100 148
580 17 97 148
678 17 56 148
735 17 57 148
793 17 97 148
891 17 172 148
1064 17 362 148
1427 17 1447 148
17 166 103 3812
121 166 108 346
231 166 247 346
479 166 100 346
580 166 97 346
678 166 56 346
735 166 57 346
793 166 97 346
891 166 172 346
1064 166 362 346
1427 166 1447 346
121 513 108 345
231 513 247 345
479 513 100 345
580 513 97 345
678 513 56 345
735 513 57 345
793 513 97 345
891 513 172 345
1064 513 362 345
1427 513 1447 345
121 859 108 346
231 859 247 346
479 859 100 346
580 859 97 346
678 859 56 346
735 859 57 346
793 859 97 346
891 859 172 346
1064 859 362 346
1427 859 1447 346
121 1206 108 346
231 1206 247 346
479 1206 100 346
580 1206 97 346
678 1206 56 346
735 1206 57 346
793 1206 97 346
891 1206 172 346
1064 1206 362 346
1427 1206 1447 346
121 1553 108 345
231 1553 247 345
479 1553 100 345
580 1553 97 345
678 1553 56 345
735 1553 57 345
793 1553 97 345
891 1553 172 345
1064 1553 362 345
1427 1553 1447 345
121 1899 108 346
231 1899 247 346
479 1899 100 346
580 1899 97 346
678 1899 56 346
735 1899 57 346
793 1899 97 346
891 1899 172 346
1064 1899 362 346
1427 1899 1447 346
121 2246 108 346
231 2246 247 346
479 2246 100 346
580 2246 97 346
678 2246 56 346
735 2246 57 346
793 2246 97 346
891 2246 172 346
1064 2246 362 346
1427 2246 1447 346
121 2593 108 345
231 2593 247 345
479 2593 100 345
580 2593 97 345
678 2593 56 345
735 2593 57 345
793 2593 97 345
891 2593 172 345
1064 2593 362 345
1427 2593 1447 345
121 2939 108 346
231 2939 247 346
479 2939 100 346
580 2939 97 346
678 2939 56 346
735 2939 57 346
793 2939 97 346
891 2939 172 346
1064 2939 362 346
1427 2939 1447 346
121 3286 108 346
231 3286 247 346
479 3286 100 346
580 3286 97 346
678 3286 56 346
735 3286 57 346
793 3286 97 346
891 3286 172 346
1064 3286 362 346
1427 3286 1447 346
121 3633 108 345
231 3633 247 345
479 3633 100 345
580 3633 97 345
678 3633 56 345
735 3633 57 345
793 3633 97 345
891 3633 172 345
1064 3633 362 345
1427 3633 1447 345
