19 20 2861 252
19 278 2861 186
19 469 2861 57
24 532 45 101
75 532 46 101
125 532 211 101
341 532 52 101
397 532 41 101
443 532 35 101
482 532 36 101
522 532 32 101
559 532 97 101
661 532 211 101
876 532 562 101
1458 532 45 101
1509 532 46 101
1560 532 210 101
1775 532 52 101
1832 532 40 101
1877 532 35 101
1917 532 35 101
1956 532 33 101
1993 532 99 101
2097 532 211 101
2312 532 565 101
24 637 45 3521
75 637 46 584
125 637 211 584
341 637 52 584
397 637 41 584
443 637 35 584
482 637 36 584
522 637 32 584
559 637 97 584
661 637 211 584
876 637 562 584
1458 637 45 1169
1509 637 46 584
1560 637 210 181
1775 637 52 584
1832 637 40 584
1877 637 35 584
1917 637 35 584
1956 637 33 584
1993 637 99 584
2097 637 211 584
2312 637 565 584
1560 1065 210 156
75 1225 46 584
125 1225 211 584
341 1225 52 584
397 1225 41 584
443 1225 35 584
482 1225 36 584
522 1225 32 584
559 1225 97 584
661 1225 211 584
876 1225 562 584
1509 1226 46 580
1560 1226 210 580
1775 1226 52 580
1832 1226 40 580
1877 1226 35 580
1917 1226 35 580
1956 1226 33 580
1993 1226 99 580
2097 1226 211 580
2312 1226 565 580
75 1814 46 584
125 1814 211 584
341 1814 52 584
397 1814 41 584
443 1814 35 584
482 1814 36 584
522 1814 32 584
559 1814 97 584
661 1814 211 584
876 1814 562 584
1458 1823 45 1754
1509 1823 46 577
1560 1823 210 145
1775 1823 52 577
1832 1823 40 577
1877 1823 35 577
1917 1823 35 577
1956 1823 33 577
1993 1823 99 577
2097 1823 211 577
2312 1823 565 577
1560 2241 210 159
75 2402 46 584
125 2402 211 584
341 2402 52 584
397 2402 41 584
443 2402 35 584
482 2402 36 584
522 2402 32 584
559 2402 97 584
661 2402 211 584
876 2402 562 584
1509 2405 46 583
1560 2405 210 172
1775 2405 52 583
1832 2405 40 584
1877 2405 35 584
1917 2405 35 584
1956 2405 33 584
1993 2405 99 584
2097 2405 211 584
2312 2405 565 584
1560 2829 210 159
75 2990 46 584
125 2990 211 584
341 2990 52 584
397 2990 41 584
443 2990 35 584
482 2990 36 584
522 2990 32 584
559 2990 97 584
661 2990 211 584
876 2990 562 584
1775 2993 52 584
1832 2993 40 584
1877 2993 35 584
1917 2993 35 584
1956 2993 33 584
1993 2993 99 584
2097 2993 211 584
2312 2993 565 584
1509 2994 46 583
1560 2994 210 169
1560 3417 210 160
75 3579 46 579
125 3579 211 579
341 3579 52 579
397 3579 41 579
443 3579 35 579
482 3579 36 579
522 3579 32 579
559 3579 97 579
661 3579 211 579
876 3579 562 579
1458 3583 1419 575
