14 90 2877 276
14 367 2877 193
14 569 1434 95
1456 569 1435 95
14 666 71 153
86 666 56 153
143 666 197 153
342 666 55 153
398 666 56 153
455 666 56 153
512 666 55 153
568 666 56 153
625 666 112 153
738 666 186 153
926 666 522 153
1456 666 75 153
1532 666 56 153
1589 666 197 153
1787 666 56 153
1844 666 56 153
1901 666 55 153
1957 666 56 153
2014 666 56 153
2071 666 112 153
2184 666 186 153
2371 666 520 153
14 820 71 1696
86 820 56 424
143 820 197 424
342 820 55 424
398 820 56 424
455 820 56 424
512 820 55 424
568 820 56 424
625 820 112 424
738 820 186 424
926 820 522 424
1456 820 75 1696
1532 820 56 424
1589 820 197 424
1787 820 56 424
1844 820 56 424
1901 820 55 424
1957 820 56 424
2014 820 56 424
2071 820 112 424
2184 820 186 424
2371 820 520 424
86 1245 56 424
143 1245 197 424
342 1245 55 424
398 1245 56 424
455 1245 56 424
512 1245 55 424
568 1245 56 424
625 1245 112 424
738 1245 186 424
926 1245 522 424
1532 1245 56 424
1589 1245 197 424
1787 1245 56 424
1844 1245 56 424
1901 1245 55 424
1957 1245 56 424
2014 1245 56 424
2071 1245 112 424
2184 1245 186 424
2371 1245 520 424
86 1670 56 424
143 1670 197 424
342 1670 55 424
398 1670 56 424
455 1670 56 424
512 1670 55 424
568 1670 56 424
625 1670 112 424
738 1670 186 424
926 1670 522 424
1532 1670 56 424
1589 1670 197 424
1787 1670 56 424
1844 1670 56 424
1901 1670 55 424
1957 1670 56 424
2014 1670 56 424
2071 1670 112 424
2184 1670 186 424
2371 1670 520 424
86 2096 56 420
143 2096 197 420
342 2096 55 420
398 2096 56 420
455 2096 56 420
512 2096 55 420
568 2096 56 420
625 2096 112 420
738 2096 186 420
926 2096 522 420
1532 2096 56 420
1589 2096 197 420
1787 2096 56 420
1844 2096 56 420
1901 2096 55 420
1957 2096 56 420
2014 2096 56 420
2071 2096 112 420
2184 2096 186 420
2371 2096 520 420
14 2524 1434 96
1456 2524 1435 96
14 2622 71 153
86 2622 56 153
143 2622 197 153
342 2622 55 153
398 2622 56 153
455 2622 56 153
512 2622 55 153
568 2622 56 153
625 2622 112 153
738 2622 186 153
926 2622 522 153
1456 2622 75 153
1532 2622 56 153
1589 2622 197 153
1787 2622 56 153
1844 2622 56 153
1901 2622 55 153
1957 2622 56 153
2014 2622 56 153
2071 2622 112 153
2184 2622 186 153
2371 2622 520 153
14 2776 71 1271
86 2776 56 424
143 2776 197 424
342 2776 55 424
398 2776 56 424
455 2776 56 424
512 2776 55 424
568 2776 56 424
625 2776 112 424
738 2776 186 424
926 2776 522 424
1456 2776 75 420
1532 2776 56 420
1589 2776 197 420
1787 2776 56 420
1844 2776 56 420
1901 2776 55 420
1957 2776 56 420
2014 2776 56 420
2071 2776 112 420
2184 2776 186 420
2371 2776 520 420
86 3201 56 424
143 3201 197 424
342 3201 55 424
398 3201 56 424
455 3201 56 424
512 3201 55 424
568 3201 56 424
625 3201 112 424
738 3201 186 424
926 3201 522 424
1456 3205 1435 96
1456 3302 75 153
1532 3302 56 153
1589 3302 197 153
1787 3302 56 153
1844 3302 56 153
1901 3302 55 153
1957 3302 56 153
2014 3302 56 153
2071 3302 112 153
2184 3302 186 153
2371 3302 520 153
1456 3456 75 421
1532 3456 56 421
1589 3456 197 421
1787 3456 56 421
1844 3456 56 421
1901 3456 55 421
1957 3456 56 421
2014 3456 56 421
2071 3456 112 421
2184 3456 186 421
2371 3456 520 421
87 3626 55 421
143 3626 197 421
342 3626 55 421
398 3626 56 421
455 3626 56 421
512 3626 55 421
568 3626 56 421
625 3626 112 421
738 3626 186 421
926 3626 522 421
1456 3885 1435 165
1457 4050 1434 79
14 4055 1434 74
