9 8 2903 223
9 233 2903 112
9 346 1450 67
1461 346 1451 67
9 414 47 140
58 414 55 140
115 414 196 140
313 414 78 140
392 414 38 140
432 414 38 140
472 414 38 140
511 414 38 140
551 414 135 140
687 414 208 140
1461 414 49 140
1512 414 55 140
1569 414 197 140
1767 414 78 140
1847 414 38 140
1886 414 38 140
1926 414 38 140
1966 414 38 140
2005 414 135 140
2141 414 208 140
897 415 562 139
2351 415 561 139
9 556 47 390
58 556 55 390
115 556 196 54
313 556 78 390
392 556 38 390
432 556 38 390
472 556 38 390
511 556 38 390
551 556 135 390
687 556 208 390
897 556 562 390
1461 556 49 390
1512 556 55 390
1569 556 197 61
1767 556 78 390
1847 556 38 390
1886 556 38 390
1926 556 38 390
1966 556 38 390
2005 556 135 390
2141 556 208 390
2351 556 561 390
115 893 196 53
1569 893 197 53
9 947 47 390
58 947 55 390
115 947 196 62
313 947 78 390
392 947 38 390
432 947 38 390
472 947 38 390
511 947 38 390
551 947 135 390
687 947 208 390
897 947 562 390
1461 947 49 390
1512 947 55 390
1569 947 197 62
1767 947 78 390
1847 947 38 390
1886 947 38 390
1926 947 38 390
1966 947 38 390
2005 947 135 390
2141 947 208 390
2351 947 561 390
1725 1054 41 21
1569 1246 197 21
115 1284 196 53
1569 1285 197 52
9 1339 1450 66
1461 1339 49 389
1512 1339 55 389
1569 1339 197 62
1767 1339 78 389
1847 1339 38 389
1886 1339 38 389
1926 1339 38 389
1966 1339 38 389
2005 1339 135 389
2141 1339 208 389
2351 1339 561 389
9 1407 47 140
58 1407 55 140
115 1407 196 140
313 1407 78 140
392 1407 38 140
432 1407 38 140
472 1407 38 140
511 1407 38 140
551 1407 135 140
687 1407 208 140
897 1407 562 140
1721 1436 45 33
9 1549 47 389
58 1549 55 389
115 1549 196 57
313 1549 78 389
392 1549 38 389
432 1549 38 389
472 1549 38 389
511 1549 38 389
551 1549 135 389
687 1549 208 389
897 1549 562 389
1569 1676 197 52
1461 1730 49 389
1512 1730 55 389
1569 1730 197 62
1767 1730 78 389
1847 1730 38 389
1886 1730 38 389
1926 1730 38 389
1966 1730 38 389
2005 1730 135 389
2141 1730 208 389
2351 1730 561 389
115 1886 196 52
9 1940 47 389
58 1940 55 389
115 1940 196 61
313 1940 78 389
392 1940 38 389
432 1940 38 389
472 1940 38 389
511 1940 38 389
551 1940 135 389
687 1940 208 389
897 1940 562 389
1569 2067 197 52
1461 2121 49 389
1512 2121 55 389
1569 2121 197 62
1767 2121 78 389
1847 2121 38 389
1886 2121 38 389
1926 2121 38 389
1966 2121 38 389
2005 2121 135 389
2141 2121 208 389
2351 2121 561 389
1569 2227 40 35
115 2277 196 52
9 2331 47 389
58 2331 55 389
115 2331 196 53
313 2331 78 389
392 2331 38 389
432 2331 38 389
472 2331 38 389
511 2331 38 389
551 2331 135 389
687 2331 208 389
897 2331 562 389
1569 2458 197 52
1461 2512 49 390
1512 2512 55 390
1569 2512 197 62
1767 2512 78 390
1847 2512 38 390
1886 2512 38 390
1926 2512 38 390
1966 2512 38 390
2005 2512 135 390
2141 2512 208 390
2351 2512 561 390
115 2668 196 52
9 2722 47 389
58 2722 55 389
115 2722 196 63
313 2722 78 253
392 2722 38 389
432 2722 38 389
472 2722 38 389
511 2722 38 389
551 2722 135 389
687 2722 208 389
897 2722 562 389
115 2835 40 21
1569 2849 197 53
1461 2903 49 390
1512 2903 55 390
1569 2903 197 61
1767 2903 78 390
1847 2903 38 390
1886 2903 38 390
1926 2903 38 390
1966 2903 38 390
2005 2903 135 390
2141 2903 208 390
2351 2903 561 390
313 3012 78 99
115 3059 196 52
9 3113 47 390
58 3113 55 390
115 3113 196 271
313 3113 78 390
392 3113 38 390
432 3113 38 390
472 3113 38 390
511 3113 38 390
551 3113 135 390
687 3113 208 390
897 3113 562 390
1569 3240 197 53
1461 3294 49 390
1512 3294 55 390
1569 3294 197 390
1767 3294 78 390
1847 3294 38 390
1886 3294 38 390
1926 3294 38 390
1966 3294 38 390
2005 3294 135 390
2141 3294 208 390
2351 3294 561 390
115 3409 196 94
9 3504 1450 67
9 3573 47 140
58 3573 55 140
115 3573 196 140
313 3573 78 140
392 3573 38 140
432 3573 38 140
472 3573 38 140
511 3573 38 140
551 3573 135 140
687 3573 208 140
897 3573 562 140
1461 3686 49 389
1512 3686 55 389
1569 3686 197 58
1767 3686 78 389
1847 3686 38 389
1886 3686 38 389
1926 3686 38 389
1966 3686 38 389
2005 3686 135 389
2141 3686 208 389
2351 3686 561 389
9 3714 47 173
58 3714 55 387
115 3714 196 62
313 3714 78 387
392 3714 38 387
432 3714 38 387
472 3714 38 387
511 3714 38 387
551 3714 135 387
687 3714 208 387
897 3714 562 387
9 3930 47 26
9 3997 47 104
1569 4023 197 52
115 4051 196 50
1461 4077 1451 24
