11 12 2965 269
11 287 2965 234
11 523 99 41
112 523 207 41
321 523 151 41
474 523 89 41
565 523 89 41
656 523 179 41
837 523 180 41
1019 523 281 41
1302 523 338 41
1642 523 1334 41
11 565 99 531
112 565 207 531
321 565 151 531
474 565 89 531
565 565 89 531
656 565 179 531
837 565 180 531
1019 565 281 531
1302 565 338 531
1642 565 1334 531
11 1098 99 531
112 1098 207 531
321 1098 151 531
474 1098 89 531
565 1098 89 531
656 1098 179 531
837 1098 180 531
1019 1098 281 531
1302 1098 338 531
1642 1098 1334 531
11 1631 99 527
112 1631 207 527
321 1631 151 527
474 1631 89 527
565 1631 89 527
656 1631 179 527
837 1631 180 527
1019 1631 281 527
1302 1631 338 527
1642 1631 1334 527
11 2169 2965 1947
