106 211 2878 333
106 545 2878 221
106 776 1435 95
1549 776 1435 95
106 873 72 153
179 873 56 153
236 873 197 153
434 873 56 153
491 873 56 153
548 873 55 153
605 873 55 153
661 873 56 153
718 873 112 153
831 873 186 153
1018 873 523 153
1549 873 75 153
1625 873 55 153
1682 873 197 153
1880 873 55 153
1937 873 55 153
1993 873 56 153
2050 873 56 153
2107 873 55 153
2163 873 113 153
2277 873 186 153
2464 873 520 153
106 1027 72 1271
179 1027 56 424
236 1027 197 424
434 1027 56 424
491 1027 56 424
548 1027 55 424
605 1027 55 424
661 1027 56 424
718 1027 112 424
831 1027 186 424
1018 1027 523 424
1549 1027 75 1271
1625 1027 55 424
1682 1027 197 424
1880 1027 55 424
1937 1027 55 424
1993 1027 56 424
2050 1027 56 424
2107 1027 55 424
2163 1027 113 424
2277 1027 186 424
2464 1027 520 424
179 1452 56 424
236 1452 197 424
434 1452 56 424
491 1452 56 424
548 1452 55 424
605 1452 55 424
661 1452 56 424
718 1452 112 424
831 1452 186 424
1018 1452 523 424
1625 1452 55 424
1682 1452 197 424
1880 1452 55 424
1937 1452 55 424
1993 1452 56 424
2050 1452 56 424
2107 1452 55 424
2163 1452 113 424
2277 1452 186 424
2464 1452 520 424
179 1877 56 421
236 1877 197 421
434 1877 56 421
491 1877 56 421
548 1877 55 421
605 1877 55 421
661 1877 56 421
718 1877 112 421
831 1877 186 421
1018 1877 523 421
1625 1877 55 421
1682 1877 197 421
1880 1877 56 421
1937 1877 55 421
1993 1877 56 421
2050 1877 56 421
2107 1877 55 421
2163 1877 113 421
2277 1877 186 421
2464 1877 520 421
106 2306 1435 96
1549 2306 1435 96
106 2403 72 154
179 2403 56 154
236 2403 197 154
434 2403 56 154
491 2403 56 154
548 2403 55 154
605 2403 55 154
661 2403 56 154
718 2403 112 154
831 2403 186 154
1018 2403 523 154
1549 2403 75 154
1625 2403 55 154
1682 2403 197 154
1880 2403 55 154
1937 2403 55 154
1993 2403 56 154
2050 2403 56 154
2107 2403 55 154
2163 2403 113 154
2277 2403 186 154
2464 2403 520 154
106 2558 72 1270
179 2558 56 424
236 2558 197 424
434 2558 56 424
491 2558 56 424
548 2558 55 424
605 2558 55 424
661 2558 56 424
718 2558 112 424
831 2558 186 424
1018 2558 523 424
1549 2558 75 420
1625 2558 55 420
1682 2558 197 420
1880 2558 55 420
1937 2558 55 420
1993 2558 56 420
2050 2558 56 420
2107 2558 55 420
2163 2558 113 420
2277 2558 186 420
2464 2558 520 420
179 2983 56 424
236 2983 197 424
434 2983 56 424
491 2983 56 424
548 2983 55 424
605 2983 55 424
661 2983 56 424
718 2983 112 424
831 2983 186 424
1018 2983 523 424
1549 2987 1435 95
1549 3084 75 153
1625 3084 55 153
1682 3084 197 153
1880 3084 56 153
1937 3084 55 153
1993 3084 56 153
2050 3084 56 153
2107 3084 55 153
2163 3084 113 153
2277 3084 186 153
2464 3084 520 153
1549 3238 75 846
1625 3238 55 424
1682 3238 197 424
1880 3238 56 424
1937 3238 55 424
1993 3238 56 424
2050 3238 56 424
2107 3238 55 424
2163 3238 113 424
2277 3238 186 424
2464 3238 520 424
179 3408 56 420
236 3408 197 420
434 3408 56 420
491 3408 56 420
548 3408 55 420
605 3408 55 420
661 3408 56 420
718 3408 112 420
831 3408 186 420
1018 3408 523 420
1625 3663 55 421
1682 3663 197 421
1880 3663 56 421
1937 3663 55 421
1993 3663 56 421
2050 3663 56 421
2107 3663 55 421
2163 3663 113 421
2277 3663 186 421
2464 3663 520 421
106 3837 1435 414
1549 4092 1435 159
