17 17 103 148
121 17 108 148
231 17 247 148
479 17 100 148
580 17 97 148
678 17 56 148
735 17 57 148
793 17 97 148
891 17 159 148
1051 17 359 148
1411 17 1463 148
17 166 103 3814
121 166 108 423
231 166 247 423
479 166 100 423
580 166 97 423
678 166 56 423
735 166 57 423
793 166 97 423
891 166 159 423
1051 166 359 423
1411 166 1463 423
121 590 108 423
231 590 247 423
479 590 100 423
580 590 97 423
678 590 56 423
735 590 57 423
793 590 97 423
891 590 159 423
1051 590 359 423
1411 590 1463 423
121 1014 108 423
231 1014 247 423
479 1014 100 423
580 1014 97 423
678 1014 56 423
735 1014 57 423
793 1014 97 423
891 1014 159 423
1051 1014 359 423
1411 1014 1463 423
121 1438 108 423
231 1438 247 423
479 1438 100 423
580 1438 97 423
678 1438 56 423
735 1438 57 423
793 1438 97 423
891 1438 159 423
1051 1438 359 423
1411 1438 1463 423
121 1862 108 423
231 1862 247 423
479 1862 100 423
580 1862 97 423
678 1862 56 423
735 1862 57 423
793 1862 97 423
891 1862 159 423
1051 1862 359 423
1411 1862 1463 423
121 2286 108 423
231 2286 247 423
479 2286 100 423
580 2286 97 423
678 2286 56 423
735 2286 57 423
793 2286 97 423
891 2286 159 423
1051 2286 359 423
1411 2286 1463 423
121 2710 108 423
231 2710 247 423
479 2710 100 423
580 2710 97 423
678 2710 56 423
735 2710 57 423
793 2710 97 423
891 2710 159 423
1051 2710 359 423
1411 2710 1463 423
121 3134 108 423
231 3134 247 423
479 3134 100 423
580 3134 97 423
678 3134 56 423
735 3134 57 423
793 3134 97 423
891 3134 159 423
1051 3134 359 423
1411 3134 1463 423
121 3558 108 422
231 3558 247 422
479 3558 100 422
580 3558 97 422
678 3558 56 422
735 3558 57 422
793 3558 97 422
891 3558 159 422
1051 3558 359 422
1411 3558 1463 422
