17 17 2858 248
17 273 1424 291
1449 273 402 291
1852 273 93 291
1946 273 929 291
17 572 1424 73
1449 572 1426 73
17 646 81 78
99 646 207 78
307 646 61 78
369 646 92 78
462 646 51 78
514 646 89 78
604 646 93 78
698 646 106 78
805 646 171 78
977 646 464 78
1449 646 79 78
1529 646 207 78
1737 646 62 78
1800 646 91 78
1892 646 51 78
1944 646 89 78
2034 646 94 78
2129 646 105 78
2235 646 172 78
2408 646 467 78
17 725 81 233
99 725 207 233
307 725 61 233
369 725 92 233
462 725 51 233
514 725 89 233
604 725 93 233
698 725 106 233
805 725 171 233
977 725 464 233
1449 725 79 233
1529 725 207 233
1737 725 62 233
1800 725 91 233
1892 725 51 233
1944 725 89 233
2034 725 94 233
2129 725 105 233
2235 725 172 233
2408 725 467 233
17 959 81 230
99 959 207 230
307 959 61 230
369 959 92 230
462 959 51 230
514 959 89 230
604 959 93 230
698 959 106 230
805 959 171 230
977 959 464 230
1449 959 79 230
1529 959 207 230
1737 959 62 230
1800 959 91 230
1892 959 51 230
1944 959 89 230
2034 959 94 230
2129 959 105 230
2235 959 172 230
2408 959 467 230
17 1195 1424 70
1449 1195 1426 70
17 1266 81 78
99 1266 207 78
307 1266 61 78
369 1266 92 78
462 1266 51 78
514 1266 89 78
604 1266 93 78
698 1266 106 78
805 1266 171 78
977 1266 464 78
1449 1266 79 78
1529 1266 207 78
1737 1266 62 78
1800 1266 91 78
1892 1266 51 78
1944 1266 89 78
2034 1266 94 78
2129 1266 105 78
2235 1266 172 78
2408 1266 467 78
17 1345 81 233
99 1345 207 233
307 1345 61 233
369 1345 92 233
462 1345 51 233
514 1345 89 233
604 1345 93 233
698 1345 106 233
805 1345 171 233
977 1345 464 233
1449 1345 79 233
1529 1345 207 233
1737 1345 62 233
1800 1345 91 233
1892 1345 51 233
1944 1345 89 233
2034 1345 94 233
2129 1345 105 233
2235 1345 172 233
2408 1345 467 233
17 1579 81 230
99 1579 207 230
307 1579 61 230
369 1579 92 230
462 1579 51 230
514 1579 89 230
604 1579 93 230
698 1579 106 230
805 1579 171 230
977 1579 464 230
1449 1579 79 230
1529 1579 207 230
1737 1579 62 230
1800 1579 91 230
1892 1579 51 230
1944 1579 89 230
2034 1579 94 230
2129 1579 105 230
2235 1579 172 230
2408 1579 467 230
17 1815 1424 70
1449 1815 1426 70
17 1886 81 78
99 1886 207 78
307 1886 61 78
369 1886 92 78
462 1886 51 78
514 1886 89 78
604 1886 93 78
698 1886 106 78
805 1886 171 78
977 1886 464 78
1449 1886 79 78
1529 1886 207 78
1737 1886 62 78
1800 1886 91 78
1892 1886 51 78
1944 1886 89 78
2034 1886 94 78
2129 1886 105 78
2235 1886 172 78
2408 1886 467 78
17 1965 81 233
99 1965 207 233
307 1965 61 233
369 1965 92 233
462 1965 51 233
514 1965 89 233
604 1965 93 233
698 1965 106 233
805 1965 171 233
977 1965 464 233
1449 1965 79 233
1529 1965 207 233
1737 1965 62 233
1800 1965 91 233
1892 1965 51 233
1944 1965 89 233
2034 1965 94 233
2129 1965 105 233
2235 1965 172 233
2408 1965 467 233
17 2199 81 232
99 2199 207 232
307 2199 61 232
369 2199 92 232
462 2199 51 232
514 2199 89 232
604 2199 93 232
698 2199 106 232
805 2199 171 232
977 2199 464 232
1449 2199 79 230
1529 2199 207 230
1737 2199 62 230
1800 2199 91 230
1892 2199 51 230
1944 2199 89 230
2034 2199 94 230
2129 2199 105 230
2235 2199 172 230
2408 2199 467 230
17 2432 81 230
99 2432 207 230
307 2432 61 230
369 2432 92 230
462 2432 51 230
514 2432 89 230
604 2432 93 230
698 2432 106 230
805 2432 171 230
977 2432 464 230
1449 2434 1426 71
1449 2506 79 78
1529 2506 207 78
1737 2506 62 78
1800 2506 91 78
1892 2506 51 78
1944 2506 89 78
2034 2506 94 78
2129 2506 105 78
2235 2506 172 78
2408 2506 467 78
1449 2585 79 232
1529 2585 207 232
1737 2585 62 232
1800 2585 91 232
1892 2585 51 232
1944 2585 89 232
2034 2585 94 232
2129 2585 105 232
2235 2585 172 232
2408 2585 467 232
17 2668 1424 70
17 2739 81 78
99 2739 207 78
307 2739 61 78
369 2739 92 78
462 2739 51 78
514 2739 89 78
604 2739 93 78
698 2739 106 78
805 2739 171 78
977 2739 464 78
17 2819 81 230
99 2819 207 230
307 2819 61 230
369 2819 92 230
462 2819 51 230
514 2819 89 230
604 2819 93 230
698 2819 106 230
805 2819 171 230
977 2819 464 230
1449 2819 79 232
1529 2819 207 232
1737 2819 62 232
1800 2819 91 232
1892 2819 51 232
1944 2819 89 232
2034 2819 94 232
2129 2819 105 232
2235 2819 172 232
2408 2819 467 232
1449 3052 79 230
1529 3052 207 230
1737 3052 62 230
1800 3052 91 230
1892 3052 51 230
1944 3052 89 230
2034 3052 94 230
2129 3052 105 230
2235 3052 172 230
2408 3052 467 230
17 3054 1424 71
17 3126 81 78
99 3126 207 78
307 3126 61 78
369 3126 92 78
462 3126 51 78
514 3126 89 78
604 3126 93 78
698 3126 106 78
805 3126 171 78
977 3126 464 78
17 3205 81 230
99 3205 207 230
307 3205 61 230
369 3205 92 230
462 3205 51 230
514 3205 89 230
604 3205 93 230
698 3205 106 230
805 3205 171 230
977 3205 464 230
1449 3288 1426 70
1449 3359 79 78
1529 3359 207 78
1737 3359 62 78
1800 3359 91 78
1892 3359 51 78
1944 3359 89 78
2034 3359 94 78
2129 3359 105 78
2235 3359 172 78
2408 3359 467 78
1449 3438 79 233
1529 3438 207 233
1737 3438 62 233
1800 3438 91 233
1892 3438 51 233
1944 3438 89 233
2034 3438 94 233
2129 3438 105 233
2235 3438 172 233
2408 3438 467 233
17 3441 1424 70
17 3512 81 78
99 3512 207 78
307 3512 61 78
369 3512 92 78
462 3512 51 78
514 3512 89 78
604 3512 93 78
698 3512 106 78
805 3512 171 78
977 3512 464 78
17 3592 81 232
99 3592 207 232
307 3592 61 232
369 3592 92 232
462 3592 51 232
514 3592 89 232
604 3592 93 232
698 3592 106 232
805 3592 171 232
977 3592 464 232
1449 3672 79 230
1529 3672 207 230
1737 3672 62 230
1800 3672 91 230
1892 3672 51 230
1944 3672 89 230
2034 3672 94 230
2129 3672 105 230
2235 3672 172 230
2408 3672 467 230
17 3825 81 232
99 3825 207 232
307 3825 61 232
369 3825 92 232
462 3825 51 232
514 3825 89 232
604 3825 93 232
698 3825 106 232
805 3825 171 232
977 3825 464 232
1449 3908 1426 150
