86 17 2721 284
86 302 2721 237
86 540 174 139
261 540 118 139
381 540 248 139
630 540 145 139
776 540 145 139
922 540 76 139
999 540 143 139
1143 540 142 139
1287 540 336 139
1624 540 336 139
1961 540 846 139
86 680 174 566
261 680 118 566
381 680 248 566
630 680 145 566
776 680 145 566
922 680 76 566
999 680 143 566
1143 680 142 566
1287 680 336 566
1624 680 336 566
1961 680 846 566
86 1247 174 1131
261 1247 118 566
381 1247 248 566
630 1247 145 566
776 1247 145 566
922 1247 76 566
999 1247 143 566
1143 1247 142 566
1287 1247 336 566
1624 1247 336 566
1961 1247 846 566
261 1814 118 564
381 1814 248 564
630 1814 145 564
776 1814 145 564
922 1814 76 564
999 1814 143 564
1143 1814 142 564
1287 1814 336 564
1624 1814 336 564
1961 1814 846 564
86 2384 1040 1504
1127 2384 1680 1504
86 3905 2721 85
