17 17 2858 248
17 273 1424 291
1449 273 402 291
1852 273 93 291
1946 273 929 291
17 572 1424 84
1449 572 1426 84
17 657 81 84
99 657 207 84
307 657 61 84
369 657 61 84
431 657 51 84
483 657 60 84
544 657 61 84
606 657 110 84
717 657 157 84
875 657 566 84
1449 657 79 84
1529 657 207 84
1737 657 62 84
1800 657 60 84
1861 657 51 84
1913 657 60 84
1974 657 62 84
2037 657 109 84
2148 657 157 84
2306 657 569 84
17 742 81 280
99 742 207 280
307 742 61 280
369 742 61 280
431 742 51 280
483 742 60 280
544 742 61 280
606 742 110 280
717 742 157 280
875 742 566 280
1449 742 79 280
1529 742 207 280
1737 742 62 280
1800 742 60 280
1861 742 51 280
1913 742 60 280
1974 742 62 280
2037 742 109 280
2148 742 157 280
2306 742 569 280
17 1023 81 277
99 1023 207 277
307 1023 61 277
369 1023 61 277
431 1023 51 277
483 1023 60 277
544 1023 61 277
606 1023 110 277
717 1023 157 277
875 1023 566 277
1449 1023 79 279
1529 1023 207 279
1737 1023 62 279
1800 1023 60 279
1861 1023 51 279
1913 1023 60 279
1974 1023 62 279
2037 1023 109 279
2148 1023 157 279
2306 1023 569 279
1449 1304 79 277
1529 1304 207 277
1737 1304 62 277
1800 1304 60 277
1861 1304 51 277
1913 1304 60 277
1974 1304 62 277
2037 1304 109 277
2148 1304 157 277
2306 1304 569 277
17 1306 1424 82
17 1389 81 84
99 1389 207 84
307 1389 61 84
369 1389 61 84
431 1389 51 84
483 1389 60 84
544 1389 61 84
606 1389 110 84
717 1389 157 84
875 1389 566 84
17 1474 81 279
99 1474 207 279
307 1474 61 279
369 1474 61 279
431 1474 51 279
483 1474 60 279
544 1474 61 279
606 1474 110 279
717 1474 157 279
875 1474 566 279
1449 1586 1426 82
1449 1669 79 84
1529 1669 207 84
1737 1669 62 84
1800 1669 60 84
1861 1669 51 84
1913 1669 60 84
1974 1669 62 84
2037 1669 109 84
2148 1669 157 84
2306 1669 569 84
17 1754 81 277
99 1754 207 277
307 1754 61 277
369 1754 61 277
431 1754 51 277
483 1754 60 277
544 1754 61 277
606 1754 110 277
717 1754 157 277
875 1754 566 277
1449 1754 79 280
1529 1754 207 280
1737 1754 62 280
1800 1754 60 280
1861 1754 51 280
1913 1754 60 280
1974 1754 62 280
2037 1754 109 280
2148 1754 157 280
2306 1754 569 280
1449 2035 79 279
1529 2035 207 279
1737 2035 62 279
1800 2035 60 279
1861 2035 51 279
1913 2035 60 279
1974 2035 62 279
2037 2035 109 279
2148 2035 157 279
2306 2035 569 279
17 2037 1424 82
17 2120 81 84
99 2120 207 84
307 2120 61 84
369 2120 61 84
431 2120 51 84
483 2120 60 84
544 2120 61 84
606 2120 110 84
717 2120 157 84
875 2120 566 84
17 2205 81 279
99 2205 207 279
307 2205 61 279
369 2205 61 279
431 2205 51 279
483 2205 60 279
544 2205 61 279
606 2205 110 279
717 2205 157 279
875 2205 566 279
1449 2315 79 278
1529 2315 207 278
1737 2315 62 278
1800 2315 60 278
1861 2315 51 278
1913 2315 60 278
1974 2315 62 278
2037 2315 109 278
2148 2315 157 278
2306 2315 569 278
17 2486 81 277
99 2486 207 277
307 2486 61 277
369 2486 61 277
431 2486 51 277
483 2486 60 277
544 2486 61 277
606 2486 110 277
717 2486 157 277
875 2486 566 277
1449 2598 1426 82
1449 2681 79 84
1529 2681 207 84
1737 2681 62 84
1800 2681 60 84
1861 2681 51 84
1913 2681 60 84
1974 2681 62 84
2037 2681 109 84
2148 2681 157 84
2306 2681 569 84
1449 2766 79 280
1529 2766 207 280
1737 2766 62 280
1800 2766 60 280
1861 2766 51 280
1913 2766 60 280
1974 2766 62 280
2037 2766 109 280
2148 2766 157 280
2306 2766 569 280
17 2768 1424 82
17 2851 81 84
99 2851 207 84
307 2851 61 84
369 2851 61 84
431 2851 51 84
483 2851 60 84
544 2851 61 84
606 2851 110 84
717 2851 157 84
875 2851 566 84
17 2936 81 280
99 2936 207 280
307 2936 61 280
369 2936 61 280
431 2936 51 280
483 2936 60 280
544 2936 61 280
606 2936 110 280
717 2936 157 280
875 2936 566 280
1449 3047 79 277
1529 3047 207 277
1737 3047 62 277
1800 3047 60 277
1861 3047 51 277
1913 3047 60 277
1974 3047 62 277
2037 3047 109 277
2148 3047 157 277
2306 3047 569 277
17 3217 81 279
99 3217 207 279
307 3217 61 279
369 3217 61 279
431 3217 51 279
483 3217 60 279
544 3217 61 279
606 3217 110 279
717 3217 157 279
875 3217 566 279
1449 3330 1426 81
1449 3412 79 84
1529 3412 207 84
1737 3412 62 84
1800 3412 60 84
1861 3412 51 84
1913 3412 60 84
1974 3412 62 84
2037 3412 109 84
2148 3412 157 84
2306 3412 569 84
17 3497 81 280
99 3497 207 280
307 3497 61 280
369 3497 61 280
431 3497 51 280
483 3497 60 280
544 3497 61 280
606 3497 110 280
717 3497 157 280
875 3497 566 280
1449 3497 79 278
1529 3497 207 278
1737 3497 62 278
1800 3497 60 278
1861 3497 51 278
1913 3497 60 278
1974 3497 62 278
2037 3497 109 278
2148 3497 157 278
2306 3497 569 278
17 3778 81 279
99 3778 207 279
307 3778 61 279
369 3778 61 279
431 3778 51 279
483 3778 60 279
544 3778 61 279
606 3778 110 279
717 3778 157 279
875 3778 566 279
1449 3780 1426 278
