88 68 2879 217
88 292 2879 191
88 490 50 209
140 490 54 209
196 490 225 209
423 490 55 209
480 490 55 209
536 490 55 209
593 490 55 209
650 490 55 209
706 490 169 209
877 490 225 209
1103 490 421 209
1531 490 52 209
1585 490 55 209
1642 490 225 209
1869 490 55 209
1925 490 55 209
1982 490 55 209
2039 490 55 209
2095 490 55 209
2152 490 168 209
2322 490 225 209
2549 490 418 209
88 706 50 444
140 706 54 444
196 706 225 66
423 706 55 444
480 706 55 444
536 706 55 444
593 706 55 444
650 706 55 444
706 706 169 444
877 706 225 444
1103 706 421 444
1531 706 52 896
1585 706 55 447
1642 706 225 80
1869 706 55 447
1925 706 55 447
1982 706 55 447
2039 706 55 447
2095 706 55 447
2152 706 168 447
2322 706 225 447
2549 706 418 447
1642 857 36 25
1642 1083 225 70
196 1084 225 66
1585 1155 55 447
1642 1155 225 78
1869 1155 55 447
1925 1155 55 447
1982 1155 55 447
2039 1155 55 447
2095 1155 55 447
2152 1155 168 447
2322 1155 225 447
2549 1155 418 447
88 1157 50 896
140 1157 54 447
196 1157 225 353
423 1157 55 447
480 1157 55 447
536 1157 55 447
593 1157 55 447
650 1157 55 447
706 1157 169 447
877 1157 225 447
1103 1157 421 447
196 1536 225 68
1642 1536 225 66
140 1606 54 447
196 1606 225 447
423 1606 55 447
480 1606 55 447
536 1606 55 447
593 1606 55 447
650 1606 55 447
706 1606 169 447
877 1606 225 447
1103 1606 421 447
1531 1609 52 1347
1585 1609 55 447
1642 1609 225 65
1869 1609 55 447
1925 1609 55 447
1982 1609 55 447
2039 1609 55 447
2095 1609 55 447
2152 1609 168 447
2322 1609 225 447
2549 1609 418 447
1642 1987 225 69
1585 2057 55 450
1642 2057 225 78
1869 2057 55 450
1925 2057 55 450
1982 2057 55 450
2039 2057 55 450
2095 2057 55 450
2152 2057 168 450
2322 2057 225 450
2549 2057 418 450
88 2060 50 896
140 2060 54 447
196 2060 225 75
423 2060 55 447
480 2060 55 447
536 2060 55 447
593 2060 55 447
650 2060 55 447
706 2060 169 447
877 2060 225 447
1103 2060 421 447
196 2439 225 68
1642 2439 225 68
140 2509 54 447
196 2509 225 78
423 2509 55 447
480 2509 55 447
536 2509 55 447
593 2509 55 447
650 2509 55 447
706 2509 169 447
877 2509 225 447
1103 2509 421 447
1585 2509 55 447
1642 2509 225 68
1869 2509 55 447
1925 2509 55 447
1982 2509 55 447
2039 2509 55 447
2095 2509 55 447
2152 2509 168 447
2322 2509 225 447
2549 2509 418 447
1642 2838 225 118
196 2889 225 67
88 2963 50 444
140 2963 54 444
196 2963 225 66
423 2963 55 444
480 2963 55 444
536 2963 55 444
593 2963 55 444
650 2963 55 444
706 2963 169 444
877 2963 225 444
1103 2963 421 444
1531 2963 1436 1344
196 3342 225 65
88 3414 50 893
140 3414 54 447
196 3414 225 77
423 3414 55 447
480 3414 55 447
536 3414 55 447
593 3414 55 447
650 3414 55 447
706 3414 169 447
877 3414 225 447
1103 3414 421 447
383 3556 38 29
196 3559 44 25
196 3793 225 68
140 3863 54 444
196 3863 225 444
423 3863 55 444
480 3863 55 444
536 3863 55 444
593 3863 55 444
650 3863 55 444
706 3863 169 444
877 3863 225 444
1103 3863 421 444
