17 17 2858 248
17 273 1424 291
1449 273 402 291
1852 273 93 291
1946 273 929 291
17 572 1424 96
1449 572 1426 90
1449 663 79 90
1529 663 207 90
1737 663 62 90
1800 663 91 90
1892 663 51 90
1944 663 89 90
2034 663 94 90
2129 663 85 90
2215 663 239 90
2455 663 420 90
17 669 81 95
99 669 207 95
307 669 61 95
369 669 92 95
462 669 51 95
514 669 89 95
604 669 93 95
698 669 86 95
785 669 238 95
1024 669 417 95
1449 754 79 342
1529 754 207 342
1737 754 62 342
1800 754 91 342
1892 754 51 342
1944 754 89 342
2034 754 94 342
2129 754 85 342
2215 754 239 342
2455 754 420 342
17 765 81 344
99 765 207 344
307 765 61 344
369 765 92 344
462 765 51 344
514 765 89 344
604 765 93 344
698 765 86 344
785 765 238 344
1024 765 417 344
1449 1101 1426 88
17 1110 81 344
99 1110 207 344
307 1110 61 344
369 1110 92 344
462 1110 51 344
514 1110 89 344
604 1110 93 344
698 1110 86 344
785 1110 238 344
1024 1110 417 344
1449 1190 79 89
1529 1190 207 89
1737 1190 62 89
1800 1190 91 89
1892 1190 51 89
1944 1190 89 89
2034 1190 94 89
2129 1190 85 89
2215 1190 239 89
2455 1190 420 89
1449 1280 79 344
1529 1280 207 344
1737 1280 62 344
1800 1280 91 344
1892 1280 51 344
1944 1280 89 344
2034 1280 94 344
2129 1280 85 344
2215 1280 239 344
2455 1280 420 344
17 1455 81 342
99 1455 207 342
307 1455 61 342
369 1455 92 342
462 1455 51 342
514 1455 89 342
604 1455 93 342
698 1455 86 342
785 1455 238 342
1024 1455 417 342
1449 1626 79 341
1529 1626 207 341
1737 1626 62 341
1800 1626 91 341
1892 1626 51 341
1944 1626 89 341
2034 1626 94 341
2129 1626 85 341
2215 1626 239 341
2455 1626 420 341
17 1803 1424 93
17 1897 81 95
99 1897 207 95
307 1897 61 95
369 1897 92 95
462 1897 51 95
514 1897 89 95
604 1897 93 95
698 1897 86 95
785 1897 238 95
1024 1897 417 95
1449 1973 1426 87
17 1993 81 344
99 1993 207 344
307 1993 61 344
369 1993 92 344
462 1993 51 344
514 1993 89 344
604 1993 93 344
698 1993 86 344
785 1993 238 344
1024 1993 417 344
1449 2061 79 90
1529 2061 207 90
1737 2061 62 90
1800 2061 91 90
1892 2061 51 90
1944 2061 89 90
2034 2061 94 90
2129 2061 85 90
2215 2061 239 90
2455 2061 420 90
1449 2152 79 344
1529 2152 207 344
1737 2152 62 344
1800 2152 91 344
1892 2152 51 344
1944 2152 89 344
2034 2152 94 344
2129 2152 85 344
2215 2152 239 344
2455 2152 420 344
17 2339 81 344
99 2339 207 344
307 2339 61 344
369 2339 92 344
462 2339 51 344
514 2339 89 344
604 2339 93 344
698 2339 86 344
785 2339 238 344
1024 2339 417 344
1449 2497 79 344
1529 2497 207 344
1737 2497 62 344
1800 2497 91 344
1892 2497 51 344
1944 2497 89 344
2034 2497 94 344
2129 2497 85 344
2215 2497 239 344
2455 2497 420 344
17 2684 81 344
99 2684 207 344
307 2684 61 344
369 2684 92 344
462 2684 51 344
514 2684 89 344
604 2684 93 344
698 2684 86 344
785 2684 238 344
1024 2684 417 344
1449 2843 79 341
1529 2843 207 341
1737 2843 62 341
1800 2843 91 341
1892 2843 51 341
1944 2843 89 341
2034 2843 94 341
2129 2843 85 341
2215 2843 239 341
2455 2843 420 341
17 3029 81 344
99 3029 207 344
307 3029 61 344
369 3029 92 344
462 3029 51 344
514 3029 89 344
604 3029 93 344
698 3029 86 344
785 3029 238 344
1024 3029 417 344
1449 3190 1426 87
1449 3278 79 90
1529 3278 207 90
1737 3278 62 90
1800 3278 91 90
1892 3278 51 90
1944 3278 89 90
2034 3278 94 90
2129 3278 85 90
2215 3278 239 90
2455 3278 420 90
1449 3369 79 344
1529 3369 207 344
1737 3369 62 344
1800 3369 91 344
1892 3369 51 344
1944 3369 89 344
2034 3369 94 344
2129 3369 85 344
2215 3369 239 344
2455 3369 420 344
17 3374 81 342
99 3374 207 342
307 3374 61 342
369 3374 92 342
462 3374 51 342
514 3374 89 342
604 3374 93 342
698 3374 86 342
785 3374 238 342
1024 3374 417 342
1449 3714 79 344
1529 3714 207 344
1737 3714 62 344
1800 3714 91 344
1892 3714 51 344
1944 3714 89 344
2034 3714 94 344
2129 3714 85 344
2215 3714 239 344
2455 3714 420 344
17 3722 1424 336
