88 68 2879 217
88 292 2879 191
88 490 50 209
140 490 54 209
196 490 225 209
423 490 55 209
480 490 55 209
536 490 55 209
593 490 55 209
650 490 55 209
706 490 169 209
877 490 225 209
1103 490 421 209
1531 490 52 209
1585 490 55 209
1642 490 225 209
1869 490 55 209
1925 490 55 209
1982 490 55 209
2039 490 55 209
2095 490 55 209
2152 490 168 209
2322 490 225 209
2549 490 418 209
88 706 50 1347
140 706 54 447
196 706 225 75
423 706 55 447
480 706 55 447
536 706 55 447
593 706 55 447
650 706 55 447
706 706 169 447
877 706 225 447
1103 706 421 447
1531 706 52 444
1585 706 55 444
1642 706 225 78
1869 706 55 444
1925 706 55 444
1982 706 55 444
2039 706 55 444
2095 706 55 444
2152 706 168 444
2322 706 225 444
2549 706 418 444
1642 846 23 22
196 1084 225 69
1642 1084 225 66
140 1155 54 449
196 1155 225 449
423 1155 55 449
480 1155 55 449
536 1155 55 449
593 1155 55 449
650 1155 55 449
706 1155 169 449
877 1155 225 449
1103 1155 421 449
1531 1157 52 896
1585 1157 55 447
1642 1157 225 73
1869 1157 55 447
1925 1157 55 447
1982 1157 55 447
2039 1157 55 447
2095 1157 55 447
2152 1157 168 447
2322 1157 225 447
2549 1157 418 447
1642 1489 50 24
1642 1535 225 69
140 1606 54 447
196 1606 225 76
423 1606 55 447
480 1606 55 447
536 1606 55 447
593 1606 55 447
650 1606 55 447
706 1606 169 447
877 1606 225 447
1103 1606 421 447
1585 1606 55 447
1642 1606 225 73
1869 1606 55 447
1925 1606 55 447
1982 1606 55 447
2039 1606 55 447
2095 1606 55 447
2152 1606 168 447
2322 1606 225 447
2549 1606 418 447
196 1987 225 66
1642 1987 225 66
88 2060 50 445
140 2060 54 445
196 2060 225 66
423 2060 55 445
480 2060 55 445
536 2060 55 445
593 2060 55 445
650 2060 55 445
706 2060 169 445
877 2060 225 445
1103 2060 421 445
1531 2060 52 445
1585 2060 55 445
1642 2060 225 286
1869 2060 55 445
1925 2060 55 445
1982 2060 55 445
2039 2060 55 445
2095 2060 55 445
2152 2060 168 445
2322 2060 225 445
2549 2060 418 445
1642 2348 225 157
196 2408 225 97
88 2511 50 896
140 2511 54 448
196 2511 225 448
423 2511 55 448
480 2511 55 448
536 2511 55 448
593 2511 55 448
650 2511 55 448
706 2511 169 448
877 2511 225 448
1103 2511 421 448
1531 2511 52 896
1585 2511 55 448
1642 2511 225 73
1869 2511 55 448
1925 2511 55 448
1982 2511 55 448
2039 2511 55 448
2095 2511 55 448
2152 2511 168 448
2322 2511 225 448
2549 2511 418 448
1642 2890 225 69
140 2960 54 447
196 2960 225 447
423 2960 55 447
480 2960 55 447
536 2960 55 447
593 2960 55 447
650 2960 55 447
706 2960 169 447
877 2960 225 447
1103 2960 421 447
1585 2960 55 447
1642 2960 225 310
1869 2960 55 447
1925 2960 55 447
1982 2960 55 447
2039 2960 55 447
2095 2960 55 447
2152 2960 168 447
2322 2960 225 447
2549 2960 418 447
1642 3295 194 21
1642 3342 225 65
88 3414 50 893
140 3414 54 447
196 3414 225 311
423 3414 55 447
480 3414 55 447
536 3414 55 447
593 3414 55 447
650 3414 55 447
706 3414 169 447
877 3414 225 447
1103 3414 421 447
1531 3414 1436 893
196 3726 225 26
196 3755 225 33
196 3793 225 68
140 3863 54 444
196 3863 225 69
423 3863 55 444
480 3863 55 444
536 3863 55 444
593 3863 55 444
650 3863 55 444
706 3863 169 444
877 3863 225 444
1103 3863 421 444
196 4244 225 63
