17 17 2858 248
17 273 1424 291
1449 273 402 291
1852 273 93 291
1946 273 929 291
17 572 1424 90
1449 572 1426 90
17 663 81 90
99 663 207 90
307 663 61 90
369 663 92 90
462 663 51 90
514 663 89 90
604 663 93 90
698 663 138 90
838 663 189 90
1028 663 413 90
1449 663 79 90
1529 663 207 90
1737 663 62 90
1800 663 91 90
1892 663 51 90
1944 663 89 90
2034 663 94 90
2129 663 138 90
2268 663 189 90
2459 663 416 90
17 754 81 648
99 754 207 648
307 754 61 648
369 754 92 648
462 754 51 648
514 754 89 648
604 754 93 648
698 754 138 648
838 754 189 648
1028 754 413 648
1449 754 79 648
1529 754 207 648
1737 754 62 648
1800 754 91 648
1892 754 51 648
1944 754 89 648
2034 754 94 648
2129 754 138 648
2268 754 189 648
2459 754 416 648
17 1408 1424 87
1449 1408 79 646
1529 1408 207 646
1737 1408 62 646
1800 1408 91 646
1892 1408 51 646
1944 1408 89 646
2034 1408 94 646
2129 1408 138 646
2268 1408 189 646
2459 1408 416 646
17 1496 81 90
99 1496 207 90
307 1496 61 90
369 1496 92 90
462 1496 51 90
514 1496 89 90
604 1496 93 90
698 1496 138 90
838 1496 189 90
1028 1496 413 90
17 1587 81 649
99 1587 207 649
307 1587 61 649
369 1587 92 649
462 1587 51 649
514 1587 89 649
604 1587 93 649
698 1587 138 649
838 1587 189 649
1028 1587 413 649
1449 2060 1426 87
1449 2148 79 90
1529 2148 207 90
1737 2148 62 90
1800 2148 91 90
1892 2148 51 90
1944 2148 89 90
2034 2148 94 90
2129 2148 138 90
2268 2148 189 90
2459 2148 416 90
1449 2239 79 649
1529 2239 207 649
1737 2239 62 649
1800 2239 91 649
1892 2239 51 649
1944 2239 89 649
2034 2239 94 649
2129 2239 138 649
2268 2239 189 649
2459 2239 416 649
17 2241 1424 88
17 2330 81 89
99 2330 207 89
307 2330 61 89
369 2330 92 89
462 2330 51 89
514 2330 89 89
604 2330 93 89
698 2330 138 89
838 2330 189 89
1028 2330 413 89
17 2421 81 648
99 2421 207 648
307 2421 61 648
369 2421 92 648
462 2421 51 648
514 2421 89 648
604 2421 93 648
698 2421 138 648
838 2421 189 648
1028 2421 413 648
1449 2893 1426 88
1449 2982 79 89
1529 2982 207 89
1737 2982 62 89
1800 2982 91 89
1892 2982 51 89
1944 2982 89 89
2034 2982 94 89
2129 2982 138 89
2268 2982 189 89
2459 2982 416 89
1449 3073 79 648
1529 3073 207 648
1737 3073 62 648
1800 3073 91 648
1892 3073 51 648
1944 3073 89 648
2034 3073 94 648
2129 3073 138 648
2268 3073 189 648
2459 3073 416 648
17 3075 1424 983
1449 3727 1426 331
