26 26 2714 210
26 240 2714 158
26 402 104 104
132 402 256 104
390 402 122 104
514 402 160 104
676 402 122 104
799 402 166 104
966 402 171 104
1139 402 254 104
1395 402 436 104
1833 402 907 104
26 508 104 195
132 508 256 149
390 508 122 195
514 508 160 195
676 508 122 195
799 508 166 195
966 508 171 195
1139 508 254 195
1395 508 436 195
1833 508 907 195
132 660 188 29
26 705 104 195
390 705 122 195
514 705 160 195
676 705 122 195
799 705 166 195
966 705 171 195
1139 705 254 195
1395 705 436 195
1833 705 907 195
132 752 76 98
313 752 75 92
333 852 55 48
132 856 57 44
26 901 104 195
390 901 122 195
514 901 160 195
676 901 122 195
799 901 166 195
966 901 171 195
1139 901 254 195
1395 901 436 195
1833 901 907 195
132 958 67 113
318 958 70 105
331 1063 57 33
132 1075 57 21
26 1098 104 195
390 1098 122 195
514 1098 160 195
676 1098 122 195
799 1098 166 195
966 1098 171 195
1139 1098 254 195
1395 1098 436 195
1833 1098 907 195
132 1172 74 73
319 1176 69 68
333 1251 55 42
132 1256 57 37
26 1295 104 194
390 1295 122 194
514 1295 160 194
676 1295 122 194
799 1295 166 194
966 1295 171 194
1139 1295 254 194
1395 1295 436 194
1833 1295 907 194
132 1339 76 150
312 1358 76 131
26 1491 104 195
132 1491 256 139
390 1491 122 195
514 1491 160 195
676 1491 122 195
799 1491 166 195
966 1491 171 195
1139 1491 254 195
1395 1491 436 195
1833 1491 907 195
225 1635 163 24
132 1653 57 33
26 1688 104 194
390 1688 122 194
514 1688 160 194
676 1688 122 194
799 1688 166 194
966 1688 171 194
1139 1688 254 194
1395 1688 436 194
1833 1688 907 194
132 1735 77 104
315 1741 73 99
132 1844 57 38
333 1846 55 36
26 1884 104 195
132 1884 256 182
390 1884 122 195
514 1884 160 195
676 1884 122 195
799 1884 166 195
966 1884 171 195
1139 1884 254 195
1395 1884 436 195
1833 1884 907 195
26 2081 104 195
390 2081 122 195
514 2081 160 195
676 2081 122 195
799 2081 166 195
966 2081 171 195
1139 2081 254 195
1395 2081 436 195
1833 2081 907 195
312 2130 76 77
132 2135 76 95
333 2218 55 58
132 2238 57 38
26 2278 104 194
390 2278 122 194
514 2278 160 194
676 2278 122 194
799 2278 166 194
966 2278 171 194
1139 2278 254 194
1395 2278 436 194
1833 2278 907 194
132 2367 73 38
332 2412 56 60
132 2414 57 58
26 2474 104 195
390 2474 122 195
514 2474 160 195
676 2474 122 195
799 2474 166 195
966 2474 171 195
1139 2474 254 195
1395 2474 436 195
1833 2474 907 195
332 2476 56 193
132 2538 74 131
26 2671 104 194
390 2671 122 194
514 2671 160 194
676 2671 122 194
799 2671 166 194
966 2671 171 194
1139 2671 254 194
1395 2671 436 194
1833 2671 907 194
312 2722 76 38
132 2743 78 55
332 2771 56 94
132 2816 57 49
26 2867 104 195
390 2867 122 195
514 2867 160 195
676 2867 122 195
799 2867 166 195
966 2867 171 195
1139 2867 254 195
1395 2867 436 195
1833 2867 907 195
315 2921 73 86
132 2935 73 79
332 3014 56 45
132 3018 57 44
26 3064 104 195
132 3064 256 192
390 3064 122 195
514 3064 160 195
676 3064 122 195
799 3064 166 195
966 3064 171 195
1139 3064 254 195
1395 3064 436 195
1833 3064 907 195
26 3260 104 195
132 3260 256 147
390 3260 122 195
514 3260 160 195
676 3260 122 195
799 3260 166 195
966 3260 171 195
1139 3260 254 195
1395 3260 436 195
1833 3260 907 195
132 3434 134 21
26 3457 104 195
132 3457 256 116
390 3457 122 195
514 3457 160 195
676 3457 122 195
799 3457 166 195
966 3457 171 195
1139 3457 254 195
1395 3457 436 195
1833 3457 907 195
297 3573 91 22
332 3608 56 44
132 3613 57 39
26 3654 104 194
132 3654 57 194
332 3654 56 194
390 3654 122 194
514 3654 160 194
676 3654 122 194
799 3654 166 194
966 3654 171 194
1139 3654 254 194
1395 3654 436 194
1833 3654 907 194
26 3850 104 193
390 3850 122 193
514 3850 160 193
676 3850 122 193
799 3850 166 193
966 3850 171 193
1139 3850 254 193
1395 3850 436 193
1833 3850 907 192
310 3889 78 126
132 3893 80 36
132 3929 79 76
132 4017 57 26
