17 17 2858 248
17 273 1424 291
1449 273 402 291
1852 273 93 291
1946 273 929 291
17 572 1424 90
1449 572 1426 90
17 663 81 90
99 663 207 90
307 663 61 90
369 663 92 90
462 663 51 90
514 663 89 90
604 663 93 90
698 663 119 90
818 663 175 90
994 663 447 90
1449 663 79 90
1529 663 207 90
1737 663 62 90
1800 663 91 90
1892 663 51 90
1944 663 89 90
2034 663 94 90
2129 663 118 90
2248 663 175 90
2424 663 451 90
17 754 81 551
99 754 207 551
307 754 61 551
369 754 92 551
462 754 51 551
514 754 89 551
604 754 93 551
698 754 119 551
818 754 175 551
994 754 447 551
1449 754 79 549
1529 754 207 549
1737 754 62 549
1800 754 91 549
1892 754 51 549
1944 754 89 549
2034 754 94 549
2129 754 118 549
2248 754 175 549
2424 754 451 549
17 1306 81 551
99 1306 207 551
307 1306 61 551
369 1306 92 551
462 1306 51 551
514 1306 89 551
604 1306 93 551
698 1306 119 551
818 1306 175 551
994 1306 447 551
1449 1309 1426 87
1449 1397 79 89
1529 1397 207 89
1737 1397 62 89
1800 1397 91 89
1892 1397 51 89
1944 1397 89 89
2034 1397 94 89
2129 1397 118 89
2248 1397 175 89
2424 1397 451 89
1449 1487 79 549
1529 1487 207 549
1737 1487 62 549
1800 1487 91 549
1892 1487 51 549
1944 1487 89 549
2034 1487 94 549
2129 1487 118 549
2248 1487 175 549
2424 1487 451 549
17 1858 81 551
99 1858 207 551
307 1858 61 551
369 1858 92 551
462 1858 51 551
514 1858 89 551
604 1858 93 551
698 1858 119 551
818 1858 175 551
994 1858 447 551
1449 2042 1426 87
1449 2130 79 90
1529 2130 207 90
1737 2130 62 90
1800 2130 91 90
1892 2130 51 90
1944 2130 89 90
2034 2130 94 90
2129 2130 118 90
2248 2130 175 90
2424 2130 451 90
1449 2221 79 551
1529 2221 207 551
1737 2221 62 551
1800 2221 91 551
1892 2221 51 551
1944 2221 89 551
2034 2221 94 551
2129 2221 118 551
2248 2221 175 551
2424 2221 451 551
17 2410 81 549
99 2410 207 549
307 2410 61 549
369 2410 92 549
462 2410 51 549
514 2410 89 549
604 2410 93 549
698 2410 119 549
818 2410 175 549
994 2410 447 549
1449 2773 79 549
1529 2773 207 549
1737 2773 62 549
1800 2773 91 549
1892 2773 51 549
1944 2773 89 549
2034 2773 94 549
2129 2773 118 549
2248 2773 175 549
2424 2773 451 549
17 2965 1424 87
17 3053 81 90
99 3053 207 90
307 3053 61 90
369 3053 92 90
462 3053 51 90
514 3053 89 90
604 3053 93 90
698 3053 119 90
818 3053 175 90
994 3053 447 90
17 3144 81 549
99 3144 207 549
307 3144 61 549
369 3144 92 549
462 3144 51 549
514 3144 89 549
604 3144 93 549
698 3144 119 549
818 3144 175 549
994 3144 447 549
1449 3327 1426 88
1449 3416 79 90
1529 3416 207 90
1737 3416 62 90
1800 3416 91 90
1892 3416 51 90
1944 3416 89 90
2034 3416 94 90
2129 3416 118 90
2248 3416 175 90
2424 3416 451 90
1449 3507 79 551
1529 3507 207 551
1737 3507 62 551
1800 3507 91 551
1892 3507 51 551
1944 3507 89 551
2034 3507 94 551
2129 3507 118 551
2248 3507 175 551
2424 3507 451 551
17 3698 1424 360
