978 142 38 40
1017 142 74 40
1092 142 251 40
1344 142 264 40
1609 142 303 40
978 183 38 1499
1017 183 74 39
1092 183 251 39
1344 183 264 39
1609 183 303 39
1017 224 74 39
1092 224 251 39
1344 224 264 39
1609 224 303 39
1017 264 74 40
1092 264 251 40
1344 264 264 40
1609 264 303 40
1017 305 74 39
1092 305 251 39
1344 305 264 39
1609 305 303 39
1017 345 74 40
1092 345 251 40
1344 345 264 40
1609 345 303 40
1017 386 74 39
1092 386 251 39
1344 386 264 39
1609 386 303 39
1017 426 74 40
1092 426 251 40
1344 426 264 40
1609 426 303 40
1017 467 74 39
1092 467 251 39
1344 467 264 39
1609 467 303 39
1017 508 74 39
1092 508 251 39
1344 508 264 39
1609 508 303 39
1017 548 74 40
1092 548 251 40
1344 548 264 40
1609 548 303 40
1017 589 74 39
1092 589 251 39
1344 589 264 39
1609 589 303 39
1017 629 74 40
1092 629 251 40
1344 629 264 40
1609 629 303 40
1017 670 74 39
1092 670 251 39
1344 670 264 39
1609 670 303 39
1017 710 74 40
1092 710 251 40
1344 710 264 40
1609 710 303 40
1017 751 74 40
1092 751 251 40
1344 751 264 40
1609 751 303 40
1017 792 74 39
1092 792 251 39
1344 792 264 39
1609 792 303 39
1017 832 74 40
1092 832 251 40
1344 832 264 40
1609 832 303 40
1017 873 74 39
1092 873 251 39
1344 873 264 39
1609 873 303 39
1017 913 74 40
1092 913 251 40
1344 913 264 40
1609 913 303 40
1017 954 74 39
1092 954 251 39
1344 954 264 39
1609 954 303 39
1017 995 74 39
1092 995 251 39
1344 995 264 39
1609 995 303 39
1017 1035 74 40
1092 1035 251 40
1344 1035 264 40
1609 1035 303 40
1017 1076 74 39
1092 1076 251 39
1344 1076 264 39
1609 1076 303 39
1017 1116 74 40
1092 1116 251 40
1344 1116 264 40
1609 1116 303 40
1017 1157 74 39
1092 1157 251 39
1344 1157 264 39
1609 1157 303 39
1017 1197 74 40
1092 1197 251 40
1344 1197 264 40
1609 1197 303 40
1017 1238 74 39
1092 1238 251 39
1344 1238 264 39
1609 1238 303 39
1017 1279 74 39
1092 1279 251 39
1344 1279 264 39
1609 1279 303 39
1017 1319 74 40
1092 1319 251 40
1344 1319 264 40
1609 1319 303 40
1017 1360 74 39
1092 1360 251 39
1344 1360 264 39
1609 1360 303 39
1017 1400 74 40
1092 1400 251 40
1344 1400 264 40
1609 1400 303 40
1017 1441 74 39
1092 1441 251 39
1344 1441 264 39
1609 1441 303 39
1017 1482 74 39
1092 1482 251 39
1344 1482 264 39
1609 1482 303 39
1017 1522 74 40
1092 1522 251 40
1344 1522 264 40
1609 1522 303 40
1017 1563 74 39
1092 1563 251 39
1344 1563 264 39
1609 1563 303 39
1017 1603 74 40
1092 1603 251 40
1344 1603 264 40
1609 1603 303 40
1017 1644 74 38
1092 1644 251 38
1344 1644 264 38
1609 1644 303 38
1927 142 38 40
1966 142 74 40
2041 142 251 40
2293 142 264 40
2558 142 303 40
1927 183 38 1743
1966 183 74 39
2041 183 251 39
2293 183 264 39
2558 183 303 39
1966 224 74 39
2041 224 251 39
2293 224 264 39
2558 224 303 39
1966 264 74 40
2041 264 251 40
2293 264 264 40
2558 264 303 40
1966 305 74 39
2041 305 251 39
2293 305 264 39
2558 305 303 39
1966 345 74 40
2041 345 251 40
2293 345 264 40
2558 345 303 40
1966 386 74 39
2041 386 251 39
2293 386 264 39
2558 386 303 39
1966 426 74 40
2041 426 251 40
2293 426 264 40
2558 426 303 40
1966 467 74 39
2041 467 251 39
2293 467 264 39
2558 467 303 39
1966 508 74 39
2041 508 251 39
2293 508 264 39
2558 508 303 39
1966 548 74 40
2041 548 251 40
2293 548 264 40
2558 548 303 40
1966 589 74 39
2041 589 251 39
2293 589 264 39
2558 589 303 39
1966 629 74 40
2041 629 251 40
2293 629 264 40
2558 629 303 40
1966 670 74 39
2041 670 251 39
2293 670 264 39
2558 670 303 39
1966 710 74 40
2041 710 251 40
2293 710 264 40
2558 710 303 40
1966 751 74 40
2041 751 251 40
2293 751 264 40
2558 751 303 40
1966 792 74 39
2041 792 251 39
2293 792 264 39
2558 792 303 39
1966 832 74 40
2041 832 251 40
2293 832 264 40
2558 832 303 40
1966 873 74 39
2041 873 251 39
2293 873 264 39
2558 873 303 39
1966 913 74 40
2041 913 251 40
2293 913 264 40
2558 913 303 40
1966 954 74 39
2041 954 251 39
2293 954 264 39
2558 954 303 39
1966 995 74 39
2041 995 251 39
2293 995 264 39
2558 995 303 39
1966 1035 74 40
2041 1035 251 40
2293 1035 264 40
2558 1035 303 40
1966 1076 74 39
2041 1076 251 39
2293 1076 264 39
2558 1076 303 39
1966 1116 74 40
2041 1116 251 40
2293 1116 264 40
2558 1116 303 40
1966 1157 74 39
2041 1157 251 39
2293 1157 264 39
2558 1157 303 39
1966 1197 74 40
2041 1197 251 40
2293 1197 264 40
2558 1197 303 40
1966 1238 74 39
2041 1238 251 39
2293 1238 264 39
2558 1238 303 39
1966 1279 74 39
2041 1279 251 39
2293 1279 264 39
2558 1279 303 39
1966 1319 74 40
2041 1319 251 40
2293 1319 264 40
2558 1319 303 40
1966 1360 74 39
2041 1360 251 39
2293 1360 264 39
2558 1360 303 39
1966 1400 74 40
2041 1400 251 40
2293 1400 264 40
2558 1400 303 40
1966 1441 74 39
2041 1441 251 39
2293 1441 264 39
2558 1441 303 39
1966 1482 74 39
2041 1482 251 39
2293 1482 264 39
2558 1482 303 39
1966 1522 74 40
2041 1522 251 40
2293 1522 264 40
2558 1522 303 40
1966 1563 74 39
2041 1563 251 39
2293 1563 264 39
2558 1563 303 39
1966 1603 74 40
2041 1603 251 40
2293 1603 264 40
2558 1603 303 40
1966 1644 74 39
2041 1644 251 39
2293 1644 264 39
2558 1644 303 39
1966 1684 74 40
2041 1684 251 40
2293 1684 264 40
2558 1684 303 40
1966 1725 74 39
2041 1725 251 39
2293 1725 264 39
2558 1725 303 39
1966 1766 74 39
2041 1766 251 39
2293 1766 264 39
2558 1766 303 39
1966 1806 74 40
2041 1806 251 40
2293 1806 264 40
2558 1806 303 40
1966 1847 74 39
2041 1847 251 39
2293 1847 264 39
2558 1847 303 39
1966 1887 74 39
2041 1887 251 39
2293 1887 264 39
2558 1887 303 39
69 183 74 39
144 183 251 39
396 183 263 39
661 183 303 39
69 224 74 39
144 224 251 39
396 224 263 39
661 224 303 39
69 264 74 40
144 264 251 40
396 264 263 40
661 264 303 40
69 305 74 39
144 305 251 39
396 305 263 39
661 305 303 39
69 345 74 40
144 345 251 40
396 345 263 40
661 345 303 40
69 386 74 39
144 386 251 39
396 386 263 39
661 386 303 39
69 426 74 40
144 426 251 40
396 426 263 40
661 426 303 40
69 467 74 39
144 467 251 39
396 467 263 39
661 467 303 39
69 508 74 39
144 508 251 39
396 508 263 39
661 508 303 39
69 548 74 40
144 548 251 40
396 548 263 40
661 548 303 40
69 589 74 39
144 589 251 39
396 589 263 39
661 589 303 39
69 629 74 40
144 629 251 40
396 629 263 40
661 629 303 40
69 670 74 39
144 670 251 39
396 670 263 39
661 670 303 39
69 710 74 40
144 710 251 40
396 710 263 40
661 710 303 40
69 751 74 40
144 751 251 40
396 751 263 40
661 751 303 40
69 792 74 39
144 792 251 39
396 792 263 39
661 792 303 39
69 832 74 40
144 832 251 40
396 832 263 40
661 832 303 40
69 873 74 39
144 873 251 39
396 873 263 39
661 873 303 39
69 913 74 40
144 913 251 40
396 913 263 40
661 913 303 40
69 954 74 39
144 954 251 39
396 954 263 39
661 954 303 39
69 995 74 39
144 995 251 39
396 995 263 39
661 995 303 39
69 1035 74 40
144 1035 251 40
396 1035 263 40
661 1035 303 40
69 1076 74 39
144 1076 251 39
396 1076 263 39
661 1076 303 39
69 1116 74 40
144 1116 251 40
396 1116 263 40
661 1116 303 40
69 1157 74 39
144 1157 251 39
396 1157 263 39
661 1157 303 39
69 1197 74 40
144 1197 251 40
396 1197 263 40
661 1197 303 40
69 1238 74 39
144 1238 251 39
396 1238 263 39
661 1238 303 39
69 1279 74 39
144 1279 251 39
396 1279 263 39
661 1279 303 39
69 1319 74 40
144 1319 251 40
396 1319 263 40
661 1319 303 40
69 1360 74 39
144 1360 251 39
396 1360 263 39
661 1360 303 39
69 1400 74 40
144 1400 251 40
396 1400 263 40
661 1400 303 40
69 1441 74 39
144 1441 251 39
396 1441 263 39
661 1441 303 39
69 1482 74 39
144 1482 251 39
396 1482 263 39
661 1482 303 39
69 1522 74 40
144 1522 251 40
396 1522 263 40
661 1522 303 40
69 1563 74 39
144 1563 251 39
396 1563 263 39
661 1563 303 39
69 1603 74 40
144 1603 251 40
396 1603 263 40
661 1603 303 40
69 1644 74 39
144 1644 251 39
396 1644 263 39
661 1644 303 39
69 1684 74 40
144 1684 251 40
396 1684 263 40
661 1684 303 40
69 1725 74 39
144 1725 251 39
396 1725 263 39
661 1725 303 39
69 1766 74 39
144 1766 251 39
396 1766 263 39
661 1766 303 39
69 1806 74 40
144 1806 251 40
396 1806 263 40
661 1806 303 40
69 1847 74 39
144 1847 251 39
396 1847 263 39
661 1847 303 39
69 1887 74 40
144 1887 251 40
396 1887 263 40
661 1887 303 40
69 1928 74 39
144 1928 251 39
396 1928 263 39
661 1928 303 39
69 1968 74 40
144 1968 251 40
396 1968 263 40
661 1968 303 40
1017 1685 74 39
1092 1685 251 39
1344 1685 264 39
1609 1685 303 39
1017 1725 74 39
1092 1725 251 39
1344 1725 264 39
1609 1725 303 39
1017 1766 74 39
1092 1766 251 39
1344 1766 264 39
1609 1766 303 39
1017 1806 74 40
1092 1806 251 40
1344 1806 264 40
1609 1806 303 40
1017 1847 74 39
1092 1847 251 39
1344 1847 264 39
1609 1847 303 39
1017 1887 74 40
1092 1887 251 40
1344 1887 264 40
1609 1887 303 40
1017 1928 74 39
1092 1928 251 39
1344 1928 264 39
1609 1928 303 39
1017 1968 74 40
1092 1968 251 40
1344 1968 264 40
1609 1968 303 40
69 2009 74 40
144 2009 251 40
396 2009 263 40
661 2009 303 40
69 2050 74 39
144 2050 251 39
396 2050 263 39
661 2050 303 39
69 2090 74 40
144 2090 251 40
396 2090 263 40
661 2090 303 40
69 2131 74 39
144 2131 251 39
396 2131 263 39
661 2131 303 39
69 2171 74 40
144 2171 251 40
396 2171 263 40
661 2171 303 40
69 2212 74 39
144 2212 251 39
396 2212 263 39
661 2212 303 39
69 2253 74 39
144 2253 251 39
396 2253 263 39
661 2253 303 39
69 2293 74 40
144 2293 251 40
396 2293 263 40
661 2293 303 40
69 2334 74 39
144 2334 251 39
396 2334 263 39
661 2334 303 39
69 2374 74 40
144 2374 251 40
396 2374 263 40
661 2374 303 40
69 2415 74 39
144 2415 251 39
396 2415 263 39
661 2415 303 39
69 2455 74 40
144 2455 251 40
396 2455 263 40
661 2455 303 40
69 2496 74 39
144 2496 251 39
396 2496 263 39
661 2496 303 39
69 2537 74 39
144 2537 251 39
396 2537 263 39
661 2537 303 39
69 2577 74 40
144 2577 251 40
396 2577 263 40
661 2577 303 40
69 2618 74 39
144 2618 251 39
396 2618 263 39
661 2618 303 39
69 2658 74 40
144 2658 251 40
396 2658 263 40
661 2658 303 40
69 2699 74 39
144 2699 251 39
396 2699 263 39
661 2699 303 39
69 2740 74 39
144 2740 251 39
396 2740 263 39
661 2740 303 39
69 2780 74 40
144 2780 251 40
396 2780 263 40
661 2780 303 40
69 2821 74 39
144 2821 251 39
396 2821 263 39
661 2821 303 39
69 2861 74 40
144 2861 251 40
396 2861 263 40
661 2861 303 40
69 2902 74 39
144 2902 251 39
396 2902 263 39
661 2902 303 39
69 2942 74 40
144 2942 251 40
396 2942 263 40
661 2942 303 40
69 2983 74 39
144 2983 251 39
396 2983 263 39
661 2983 303 39
69 3024 74 39
144 3024 251 39
396 3024 263 39
661 3024 303 39
69 3064 74 40
144 3064 251 40
396 3064 263 40
661 3064 303 40
69 3105 74 39
144 3105 251 39
396 3105 263 39
661 3105 303 39
69 3145 74 40
144 3145 251 40
396 3145 263 40
661 3145 303 40
69 3186 74 39
144 3186 251 39
396 3186 263 39
661 3186 303 39
69 3226 74 40
144 3226 251 40
396 3226 263 40
661 3226 303 40
69 3267 74 40
144 3267 251 40
396 3267 263 40
661 3267 303 40
69 3308 74 39
144 3308 251 39
396 3308 263 39
661 3308 303 39
69 3348 74 40
144 3348 251 40
396 3348 263 40
661 3348 303 40
69 3389 74 39
144 3389 251 39
396 3389 263 39
661 3389 303 39
69 3429 74 40
144 3429 251 40
396 3429 263 40
661 3429 303 40
69 3470 74 39
144 3470 251 39
396 3470 263 39
661 3470 303 39
69 3511 74 39
144 3511 251 39
396 3511 263 39
661 3511 303 39
69 3551 74 40
144 3551 251 40
396 3551 263 40
661 3551 303 40
69 3592 74 39
144 3592 251 39
396 3592 263 39
661 3592 303 39
69 3632 74 40
144 3632 251 40
396 3632 263 40
661 3632 303 40
69 3673 74 39
144 3673 251 39
396 3673 263 39
661 3673 303 39
69 3713 74 40
144 3713 251 40
396 3713 263 40
661 3713 303 40
69 3754 74 39
144 3754 251 39
396 3754 263 39
661 3754 303 39
69 3795 74 39
144 3795 251 39
396 3795 263 39
661 3795 303 39
69 3835 74 40
144 3835 251 40
396 3835 263 40
661 3835 303 40
69 3876 74 39
144 3876 251 39
396 3876 263 39
661 3876 303 39
69 3916 74 40
144 3916 251 40
396 3916 263 40
661 3916 303 40
69 3957 74 39
144 3957 251 39
396 3957 263 39
661 3957 303 39
69 3998 74 39
144 3998 251 39
396 3998 263 39
661 3998 303 39
1017 2009 74 40
1092 2009 251 40
1344 2009 264 40
1609 2009 303 40
1017 2050 74 39
1092 2050 251 39
1344 2050 264 39
1609 2050 303 39
1017 2090 74 40
1092 2090 251 40
1344 2090 264 40
1609 2090 303 40
1017 2131 74 39
1092 2131 251 39
1344 2131 264 39
1609 2131 303 39
1017 2171 74 40
1092 2171 251 40
1344 2171 264 40
1609 2171 303 40
1017 2212 74 39
1092 2212 251 39
1344 2212 264 39
1609 2212 303 39
1017 2253 74 39
1092 2253 251 39
1344 2253 264 39
1609 2253 303 39
1017 2293 74 40
1092 2293 251 40
1344 2293 264 40
1609 2293 303 40
1017 2334 74 39
1092 2334 251 39
1344 2334 264 39
1609 2334 303 39
1017 2374 74 40
1092 2374 251 40
1344 2374 264 40
1609 2374 303 40
1017 2415 74 39
1092 2415 251 39
1344 2415 264 39
1609 2415 303 39
1017 2455 74 40
1092 2455 251 40
1344 2455 264 40
1609 2455 303 40
1017 2496 74 39
1092 2496 251 39
1344 2496 264 39
1609 2496 303 39
1017 2537 74 39
1092 2537 251 39
1344 2537 264 39
1609 2537 303 39
1017 2577 74 40
1092 2577 251 40
1344 2577 264 40
1609 2577 303 40
1017 2618 74 39
1092 2618 251 39
1344 2618 264 39
1609 2618 303 39
1017 2658 74 40
1092 2658 251 40
1344 2658 264 40
1609 2658 303 40
1017 2699 74 39
1092 2699 251 39
1344 2699 264 39
1609 2699 303 39
1017 2740 74 39
1092 2740 251 39
1344 2740 264 39
1609 2740 303 39
1017 2780 74 40
1092 2780 251 40
1344 2780 264 40
1609 2780 303 40
1017 2821 74 39
1092 2821 251 39
1344 2821 264 39
1609 2821 303 39
1017 2861 74 40
1092 2861 251 40
1344 2861 264 40
1609 2861 303 40
1017 2902 74 39
1092 2902 251 39
1344 2902 264 39
1609 2902 303 39
1017 2942 74 40
1092 2942 251 40
1344 2942 264 40
1609 2942 303 40
1017 2983 74 39
1092 2983 251 39
1344 2983 264 39
1609 2983 303 39
1017 3024 74 39
1092 3024 251 39
1344 3024 264 39
1609 3024 303 39
1017 3064 74 40
1092 3064 251 40
1344 3064 264 40
1609 3064 303 40
1017 3105 74 39
1092 3105 251 39
1344 3105 264 39
1609 3105 303 39
1017 3145 74 40
1092 3145 251 40
1344 3145 264 40
1609 3145 303 40
1017 3186 74 39
1092 3186 251 39
1344 3186 264 39
1609 3186 303 39
1017 3226 74 40
1092 3226 251 40
1344 3226 264 40
1609 3226 303 40
1017 3267 74 40
1092 3267 251 40
1344 3267 264 40
1609 3267 303 40
1017 3308 74 39
1092 3308 251 39
1344 3308 264 39
1609 3308 303 39
1017 3348 74 40
1092 3348 251 40
1344 3348 264 40
1609 3348 303 40
1017 3389 74 39
1092 3389 251 39
1344 3389 264 39
1609 3389 303 39
1017 3429 74 40
1092 3429 251 40
1344 3429 264 40
1609 3429 303 40
1017 3470 74 39
1092 3470 251 39
1344 3470 264 39
1609 3470 303 39
1017 3511 74 39
1092 3511 251 39
1344 3511 264 39
1609 3511 303 39
1017 3551 74 40
1092 3551 251 40
1344 3551 264 40
1609 3551 303 40
1017 3592 74 39
1092 3592 251 39
1344 3592 264 39
1609 3592 303 39
1017 3632 74 40
1092 3632 251 40
1344 3632 264 40
1609 3632 303 40
1017 3673 74 39
1092 3673 251 39
1344 3673 264 39
1609 3673 303 39
1017 3713 74 40
1092 3713 251 40
1344 3713 264 40
1609 3713 303 40
1017 3754 74 39
1092 3754 251 39
1344 3754 264 39
1609 3754 303 39
1017 3795 74 39
1092 3795 251 39
1344 3795 264 39
1609 3795 303 39
1017 3835 74 40
1092 3835 251 40
1344 3835 264 40
1609 3835 303 40
1017 3876 74 39
1092 3876 251 39
1344 3876 264 39
1609 3876 303 39
1017 3916 74 40
1092 3916 251 40
1344 3916 264 40
1609 3916 303 40
1017 3957 74 39
1092 3957 251 39
1344 3957 264 39
1609 3957 303 39
1017 3998 74 39
1092 3998 251 39
1344 3998 264 39
1609 3998 303 39
1966 2009 74 40
2041 2009 251 40
2293 2009 264 40
2558 2009 303 40
1966 2050 74 39
2041 2050 251 39
2293 2050 264 39
2558 2050 303 39
1966 2090 74 40
2041 2090 251 40
2293 2090 264 40
2558 2090 303 40
1966 2131 74 39
2041 2131 251 39
2293 2131 264 39
2558 2131 303 39
1966 2171 74 40
2041 2171 251 40
2293 2171 264 40
2558 2171 303 40
1966 2212 74 39
2041 2212 251 39
2293 2212 264 39
2558 2212 303 39
1966 2253 74 39
2041 2253 251 39
2293 2253 264 39
2558 2253 303 39
1966 2293 74 40
2041 2293 251 40
2293 2293 264 40
2558 2293 303 40
1966 2334 74 39
2041 2334 251 39
2293 2334 264 39
2558 2334 303 39
1966 2374 74 40
2041 2374 251 40
2293 2374 264 40
2558 2374 303 40
1966 2415 74 39
2041 2415 251 39
2293 2415 264 39
2558 2415 303 39
1966 2455 74 40
2041 2455 251 40
2293 2455 264 40
2558 2455 303 40
1966 2496 74 39
2041 2496 251 39
2293 2496 264 39
2558 2496 303 39
1966 2537 74 39
2041 2537 251 39
2293 2537 264 39
2558 2537 303 39
1966 2577 74 40
2041 2577 251 40
2293 2577 264 40
2558 2577 303 40
1966 2618 74 39
2041 2618 251 39
2293 2618 264 39
2558 2618 303 39
1966 2658 74 40
2041 2658 251 40
2293 2658 264 40
2558 2658 303 40
1966 2699 74 39
2041 2699 251 39
2293 2699 264 39
2558 2699 303 39
1966 2740 74 39
2041 2740 251 39
2293 2740 264 39
2558 2740 303 39
1966 2780 74 40
2041 2780 251 40
2293 2780 264 40
2558 2780 303 40
1966 2821 74 39
2041 2821 251 39
2293 2821 264 39
2558 2821 303 39
1966 2861 74 40
2041 2861 251 40
2293 2861 264 40
2558 2861 303 40
1966 2902 74 39
2041 2902 251 39
2293 2902 264 39
2558 2902 303 39
1966 2942 74 40
2041 2942 251 40
2293 2942 264 40
2558 2942 303 40
1966 2983 74 39
2041 2983 251 39
2293 2983 264 39
2558 2983 303 39
1966 3024 74 39
2041 3024 251 39
2293 3024 264 39
2558 3024 303 39
1966 3064 74 40
2041 3064 251 40
2293 3064 264 40
2558 3064 303 40
1966 3105 74 39
2041 3105 251 39
2293 3105 264 39
2558 3105 303 39
1966 3145 74 40
2041 3145 251 40
2293 3145 264 40
2558 3145 303 40
1966 3186 74 39
2041 3186 251 39
2293 3186 264 39
2558 3186 303 39
1966 3226 74 40
2041 3226 251 40
2293 3226 264 40
2558 3226 303 40
1966 3267 74 40
2041 3267 251 40
2293 3267 264 40
2558 3267 303 40
1966 3308 74 39
2041 3308 251 39
2293 3308 264 39
2558 3308 303 39
1966 3348 74 40
2041 3348 251 40
2293 3348 264 40
2558 3348 303 40
1966 3389 74 39
2041 3389 251 39
2293 3389 264 39
2558 3389 303 39
1966 3429 74 40
2041 3429 251 40
2293 3429 264 40
2558 3429 303 40
1966 3470 74 39
2041 3470 251 39
2293 3470 264 39
2558 3470 303 39
1966 3511 74 39
2041 3511 251 39
2293 3511 264 39
2558 3511 303 39
1966 3551 74 40
2041 3551 251 40
2293 3551 264 40
2558 3551 303 40
1966 3592 74 39
2041 3592 251 39
2293 3592 264 39
2558 3592 303 39
1966 3632 74 40
2041 3632 251 40
2293 3632 264 40
2558 3632 303 40
1966 3673 74 39
2041 3673 251 39
2293 3673 264 39
2558 3673 303 39
1966 3713 74 40
2041 3713 251 40
2293 3713 264 40
2558 3713 303 40
1966 3754 74 39
2041 3754 251 39
2293 3754 264 39
2558 3754 303 39
1966 3795 74 39
2041 3795 251 39
2293 3795 264 39
2558 3795 303 39
1966 3835 74 40
2041 3835 251 40
2293 3835 264 40
2558 3835 303 40
1966 3876 74 39
2041 3876 251 39
2293 3876 264 39
2558 3876 303 39
1966 3916 74 40
2041 3916 251 40
2293 3916 264 40
2558 3916 303 40
1966 3957 74 39
2041 3957 251 39
2293 3957 264 39
2558 3957 303 39
1966 3998 74 39
2041 3998 251 39
2293 3998 264 39
2558 3998 303 39
