88 68 2879 217
88 292 2879 191
88 490 50 209
140 490 54 209
196 490 225 209
423 490 55 209
480 490 55 209
536 490 55 209
593 490 55 209
650 490 55 209
706 490 169 209
877 490 225 209
1103 490 421 209
1531 490 52 209
1585 490 55 209
1642 490 225 209
1869 490 55 209
1925 490 55 209
1982 490 55 209
2039 490 55 209
2095 490 55 209
2152 490 168 209
2322 490 225 209
2549 490 418 209
88 706 50 1146
140 706 54 380
196 706 225 42
423 706 55 380
480 706 55 380
536 706 55 380
593 706 55 380
650 706 55 380
706 706 169 380
877 706 225 380
1103 706 421 380
1531 706 52 377
1585 706 55 377
1642 706 225 32
1869 706 55 377
1925 706 55 377
1982 706 55 377
2039 706 55 377
2095 706 55 377
2152 706 168 377
2322 706 225 377
2549 706 418 377
196 1051 106 35
364 1051 57 35
1642 1051 57 32
1723 1051 31 32
1777 1051 90 32
140 1087 54 383
196 1087 225 48
423 1087 55 383
480 1087 55 383
536 1087 55 383
593 1087 55 383
650 1087 55 383
706 1087 169 383
877 1087 225 383
1103 1087 421 383
1531 1090 52 1530
1585 1090 55 380
1642 1090 225 318
1869 1090 55 380
1925 1090 55 380
1982 1090 55 380
2039 1090 55 380
2095 1090 55 380
2152 1090 168 380
2322 1090 225 380
2549 1090 418 380
196 1182 51 30
378 1183 43 32
196 1223 41 247
390 1225 31 81
1642 1408 224 62
140 1472 54 380
196 1472 225 380
423 1472 55 380
480 1472 55 380
536 1472 55 380
593 1472 55 380
650 1472 55 380
706 1472 169 380
877 1472 225 380
1103 1472 421 380
1585 1472 55 382
1642 1472 225 45
1869 1472 55 382
1925 1472 55 382
1982 1472 55 382
2039 1472 55 382
2095 1472 55 382
2152 1472 168 382
2322 1472 225 382
2549 1472 418 382
1642 1588 49 113
1823 1590 44 111
1660 1819 79 35
1787 1819 80 35
1585 1856 55 382
1642 1856 225 268
1869 1856 55 382
1925 1856 55 382
1982 1856 55 382
2039 1856 55 382
2095 1856 55 382
2152 1856 168 382
2322 1856 225 382
2549 1856 418 382
88 1858 50 1146
140 1858 54 380
196 1858 225 43
423 1858 55 380
480 1858 55 380
536 1858 55 380
593 1858 55 380
650 1858 55 380
706 1858 169 380
877 1858 225 380
1103 1858 421 380
387 1948 34 32
196 1955 47 38
196 1997 42 108
394 2000 27 99
1642 2128 222 23
1646 2156 213 82
140 2240 54 382
196 2240 225 45
423 2240 55 382
480 2240 55 382
536 2240 55 382
593 2240 55 382
650 2240 55 382
706 2240 169 382
877 2240 225 382
1103 2240 421 382
1585 2240 55 380
1642 2240 225 41
1869 2240 55 380
1925 2240 55 380
1982 2240 55 380
2039 2240 55 380
2095 2240 55 380
2152 2240 168 380
2322 2240 225 380
2549 2240 418 380
1820 2334 47 43
1642 2340 46 151
1821 2377 46 114
196 2588 212 34
1642 2588 130 32
1783 2588 84 32
140 2624 54 380
196 2624 225 40
423 2624 55 380
480 2624 55 380
536 2624 55 380
593 2624 55 380
650 2624 55 380
706 2624 169 380
877 2624 225 380
1103 2624 421 380
1531 2627 52 377
1585 2627 55 377
1642 2627 225 39
1869 2627 55 377
1925 2627 55 377
1982 2627 55 377
2039 2627 55 377
2095 2627 55 377
2152 2627 168 377
2322 2627 225 377
2549 2627 418 377
1642 2724 30 177
389 2742 32 28
1835 2748 32 32
196 2757 30 28
1836 2780 31 106
196 2971 51 33
252 2971 169 33
1664 2972 203 32
88 3011 50 377
140 3011 54 377
196 3011 225 41
423 3011 55 377
480 3011 55 377
536 3011 55 377
593 3011 55 377
650 3011 55 377
706 3011 169 377
877 3011 225 377
1103 3011 421 377
1531 3011 52 377
1585 3011 55 377
1642 3011 225 42
1869 3011 55 377
1925 3011 55 377
1982 3011 55 377
2039 3011 55 377
2095 3011 55 377
2152 3011 168 377
2322 3011 225 377
2549 3011 418 377
379 3104 42 139
196 3109 49 134
1839 3131 28 144
1642 3147 29 131
196 3356 225 32
1642 3356 225 32
88 3395 50 762
140 3395 54 380
196 3395 225 32
423 3395 55 380
480 3395 55 380
536 3395 55 380
593 3395 55 380
650 3395 55 380
706 3395 169 380
877 3395 225 380
1103 3395 421 380
1531 3395 52 762
1585 3395 55 380
1642 3395 225 380
1869 3395 55 380
1925 3395 55 380
1982 3395 55 380
2039 3395 55 380
2095 3395 55 380
2152 3395 168 380
2322 3395 225 380
2549 3395 418 380
196 3740 225 35
140 3777 54 380
196 3777 225 40
423 3777 55 380
480 3777 55 380
536 3777 55 380
593 3777 55 380
650 3777 55 380
706 3777 169 380
877 3777 225 380
1103 3777 421 380
1585 3777 55 380
1642 3777 225 43
1869 3777 55 380
1925 3777 55 380
1982 3777 55 380
2039 3777 55 380
2095 3777 55 380
2152 3777 168 380
2322 3777 225 380
2549 3777 418 380
1819 3876 48 27
1642 3878 50 23
196 3887 37 115
389 3903 32 92
1642 3909 39 90
1833 3910 34 87
196 4124 97 33
294 4124 127 33
1642 4124 115 33
1761 4124 106 33
88 4163 2879 144
