86 17 2721 284
86 302 2721 237
86 540 106 124
193 540 261 124
456 540 98 124
555 540 133 124
689 540 66 124
756 540 120 124
877 540 134 124
1013 540 195 124
1209 540 329 124
1539 540 1268 124
86 666 106 322
193 666 261 322
456 666 98 322
555 666 133 322
689 666 66 322
756 666 120 322
877 666 134 322
1013 666 195 322
1209 666 329 322
1539 666 1268 322
86 989 106 322
193 989 261 322
456 989 98 322
555 989 133 322
689 989 66 322
756 989 120 322
877 989 134 322
1013 989 195 322
1209 989 329 322
1539 989 1268 322
86 1312 106 322
193 1312 261 322
456 1312 98 322
555 1312 133 322
689 1312 66 322
756 1312 120 322
877 1312 134 322
1013 1312 195 322
1209 1312 329 322
1539 1312 1268 322
86 1635 106 322
193 1635 261 322
456 1635 98 322
555 1635 133 322
689 1635 66 322
756 1635 120 322
877 1635 134 322
1013 1635 195 322
1209 1635 329 322
1539 1635 1268 322
86 1958 106 322
193 1958 261 322
456 1958 98 322
555 1958 133 322
689 1958 66 322
756 1958 120 322
877 1958 134 322
1013 1958 195 322
1209 1958 329 322
1539 1958 1268 322
86 2281 106 320
193 2281 261 320
456 2281 98 320
555 2281 133 320
689 2281 66 320
756 2281 120 320
877 2281 134 320
1013 2281 195 320
1209 2281 329 320
1539 2281 1268 320
86 2607 2721 1315
