17 17 2858 233
17 261 2858 109
17 381 2858 72
17 454 100 88
118 454 251 88
370 454 99 88
470 454 132 88
603 454 90 88
695 454 125 88
821 454 130 88
952 454 173 88
1127 454 288 88
1416 454 1459 88
17 543 100 418
118 543 251 418
370 543 99 418
470 543 132 418
603 543 90 418
695 543 125 418
821 543 130 418
952 543 173 418
1127 543 288 418
1416 543 1459 418
17 962 100 417
118 962 251 417
370 962 99 417
470 962 132 417
603 962 90 417
695 962 125 417
821 962 130 417
952 962 173 417
1127 962 288 417
1416 962 1459 417
17 1380 100 418
118 1380 251 418
370 1380 99 418
470 1380 132 418
603 1380 90 418
695 1380 125 418
821 1380 130 418
952 1380 173 418
1127 1380 288 418
1416 1380 1459 418
17 1799 100 417
118 1799 251 417
370 1799 99 417
470 1799 132 417
603 1799 90 417
695 1799 125 417
821 1799 130 417
952 1799 173 417
1127 1799 288 417
1416 1799 1459 417
17 2217 100 413
118 2217 251 413
370 2217 99 413
470 2217 132 413
603 2217 90 413
695 2217 125 413
821 2217 130 413
952 2217 173 413
1127 2217 288 413
1416 2217 1459 413
17 2641 2858 219
17 2871 2858 107
17 2989 2858 71
17 3062 100 88
118 3062 251 88
370 3062 99 88
470 3062 132 88
603 3062 90 88
695 3062 125 88
821 3062 130 88
952 3062 173 88
1127 3062 288 88
1416 3062 1459 88
17 3151 100 301
118 3151 251 301
370 3151 99 301
470 3151 132 301
603 3151 90 301
695 3151 125 301
821 3151 130 301
952 3151 173 301
1127 3151 288 301
1416 3151 1459 301
17 3453 100 301
118 3453 251 301
370 3453 99 301
470 3453 132 301
603 3453 90 301
695 3453 125 301
821 3453 130 301
952 3453 173 301
1127 3453 288 301
1416 3453 1459 301
17 3756 100 301
118 3756 251 301
370 3756 99 301
470 3756 132 301
603 3756 90 301
695 3756 125 301
821 3756 130 301
952 3756 173 301
1127 3756 288 301
1416 3756 1459 301
