17 17 2858 248
17 273 1424 291
1449 273 402 291
1852 273 93 291
1946 273 929 291
17 572 1424 90
1449 572 1426 90
17 663 81 90
99 663 207 90
307 663 61 90
369 663 92 90
462 663 51 90
514 663 89 90
604 663 93 90
698 663 106 90
805 663 192 90
999 663 442 90
1449 663 79 90
1529 663 207 90
1737 663 62 90
1800 663 91 90
1892 663 51 90
1944 663 89 90
2034 663 94 90
2129 663 106 90
2236 663 192 90
2429 663 446 90
17 754 81 275
99 754 207 275
307 754 61 275
369 754 92 275
462 754 51 275
514 754 89 275
604 754 93 275
698 754 106 275
805 754 192 275
999 754 442 275
1449 754 79 275
1529 754 207 275
1737 754 62 275
1800 754 91 275
1892 754 51 275
1944 754 89 275
2034 754 94 275
2129 754 106 275
2236 754 192 275
2429 754 446 275
17 1030 81 272
99 1030 207 272
307 1030 61 272
369 1030 92 272
462 1030 51 272
514 1030 89 272
604 1030 93 272
698 1030 106 272
805 1030 192 272
999 1030 442 272
1449 1030 79 272
1529 1030 207 272
1737 1030 62 272
1800 1030 91 272
1892 1030 51 272
1944 1030 89 272
2034 1030 94 272
2129 1030 106 272
2236 1030 192 272
2429 1030 446 272
17 1308 1424 87
1449 1308 1426 87
17 1397 81 89
99 1397 207 89
307 1397 61 89
369 1397 92 89
462 1397 51 89
514 1397 89 89
604 1397 93 89
698 1397 106 89
805 1397 192 89
999 1397 442 89
1449 1397 79 89
1529 1397 207 89
1737 1397 62 89
1800 1397 91 89
1892 1397 51 89
1944 1397 89 89
2034 1397 94 89
2129 1397 106 89
2236 1397 192 89
2429 1397 446 89
17 1487 81 275
99 1487 207 275
307 1487 61 275
369 1487 92 275
462 1487 51 275
514 1487 89 275
604 1487 93 275
698 1487 106 275
805 1487 192 275
999 1487 442 275
1449 1487 79 275
1529 1487 207 275
1737 1487 62 275
1800 1487 91 275
1892 1487 51 275
1944 1487 89 275
2034 1487 94 275
2129 1487 106 275
2236 1487 192 275
2429 1487 446 275
17 1763 81 273
99 1763 207 273
307 1763 61 273
369 1763 92 273
462 1763 51 273
514 1763 89 273
604 1763 93 273
698 1763 106 273
805 1763 192 273
999 1763 442 273
1449 1763 79 273
1529 1763 207 273
1737 1763 62 273
1800 1763 91 273
1892 1763 51 273
1944 1763 89 273
2034 1763 94 273
2129 1763 106 273
2236 1763 192 273
2429 1763 446 273
17 2042 1424 87
1449 2042 1426 87
17 2130 81 90
99 2130 207 90
307 2130 61 90
369 2130 92 90
462 2130 51 90
514 2130 89 90
604 2130 93 90
698 2130 106 90
805 2130 192 90
999 2130 442 90
1449 2130 79 90
1529 2130 207 90
1737 2130 62 90
1800 2130 91 90
1892 2130 51 90
1944 2130 89 90
2034 2130 94 90
2129 2130 106 90
2236 2130 192 90
2429 2130 446 90
17 2221 81 275
99 2221 207 275
307 2221 61 275
369 2221 92 275
462 2221 51 275
514 2221 89 275
604 2221 93 275
698 2221 106 275
805 2221 192 275
999 2221 442 275
1449 2221 79 272
1529 2221 207 272
1737 2221 62 272
1800 2221 91 272
1892 2221 51 272
1944 2221 89 272
2034 2221 94 272
2129 2221 106 272
2236 2221 192 272
2429 2221 446 272
17 2497 81 273
99 2497 207 273
307 2497 61 273
369 2497 92 273
462 2497 51 273
514 2497 89 273
604 2497 93 273
698 2497 106 273
805 2497 192 273
999 2497 442 273
1449 2499 1426 88
1449 2588 79 89
1529 2588 207 89
1737 2588 62 89
1800 2588 91 89
1892 2588 51 89
1944 2588 89 89
2034 2588 94 89
2129 2588 106 89
2236 2588 192 89
2429 2588 446 89
1449 2678 79 275
1529 2678 207 275
1737 2678 62 275
1800 2678 91 275
1892 2678 51 275
1944 2678 89 275
2034 2678 94 275
2129 2678 106 275
2236 2678 192 275
2429 2678 446 275
17 2775 1424 88
17 2864 81 89
99 2864 207 89
307 2864 61 89
369 2864 92 89
462 2864 51 89
514 2864 89 89
604 2864 93 89
698 2864 106 89
805 2864 192 89
999 2864 442 89
17 2954 81 273
99 2954 207 273
307 2954 61 273
369 2954 92 273
462 2954 51 273
514 2954 89 273
604 2954 93 273
698 2954 106 273
805 2954 192 273
999 2954 442 273
1449 2954 79 275
1529 2954 207 275
1737 2954 62 275
1800 2954 91 275
1892 2954 51 275
1944 2954 89 275
2034 2954 94 275
2129 2954 106 275
2236 2954 192 275
2429 2954 446 275
1449 3230 79 275
1529 3230 207 275
1737 3230 62 275
1800 3230 91 275
1892 3230 51 275
1944 3230 89 275
2034 3230 94 275
2129 3230 106 275
2236 3230 192 275
2429 3230 446 275
17 3233 1424 87
17 3321 81 90
99 3321 207 90
307 3321 61 90
369 3321 92 90
462 3321 51 90
514 3321 89 90
604 3321 93 90
698 3321 106 90
805 3321 192 90
999 3321 442 90
17 3412 81 275
99 3412 207 275
307 3412 61 275
369 3412 92 275
462 3412 51 275
514 3412 89 275
604 3412 93 275
698 3412 106 275
805 3412 192 275
999 3412 442 275
1449 3507 79 274
1529 3507 207 274
1737 3507 62 274
1800 3507 91 274
1892 3507 51 274
1944 3507 89 274
2034 3507 94 274
2129 3507 106 274
2236 3507 192 274
2429 3507 446 274
17 3688 81 272
99 3688 207 272
307 3688 61 272
369 3688 92 272
462 3688 51 272
514 3688 89 272
604 3688 93 272
698 3688 106 272
805 3688 192 272
999 3688 442 272
1449 3783 79 275
1529 3783 207 275
1737 3783 62 275
1800 3783 91 275
1892 3783 51 275
1944 3783 89 275
2034 3783 94 275
2129 3783 106 275
2236 3783 192 275
2429 3783 446 275
17 3966 1424 92
