88 68 2879 217
88 292 2879 191
88 490 50 209
140 490 54 209
196 490 225 209
423 490 55 209
480 490 55 209
536 490 55 209
593 490 55 209
650 490 55 209
706 490 169 209
877 490 225 209
1103 490 421 209
1531 490 52 209
1585 490 55 209
1642 490 225 209
1869 490 55 209
1925 490 55 209
1982 490 55 209
2039 490 55 209
2095 490 55 209
2152 490 168 209
2322 490 225 209
2549 490 418 209
88 706 50 622
140 706 54 310
423 706 55 310
480 706 55 310
536 706 55 310
593 706 55 310
650 706 55 310
706 706 169 310
877 706 225 310
1103 706 421 310
1531 706 52 622
1585 706 55 310
1869 706 55 310
1925 706 55 310
1982 706 55 310
2039 706 55 310
2095 706 55 310
2152 706 168 310
2322 706 225 310
2549 706 418 310
1841 776 26 240
1642 781 28 235
196 799 30 130
399 804 22 119
140 1018 54 310
423 1018 55 310
480 1018 55 310
536 1018 55 310
593 1018 55 310
650 1018 55 310
706 1018 169 310
877 1018 225 310
1103 1018 421 310
1585 1018 55 310
1869 1018 55 310
1925 1018 55 310
1982 1018 55 310
2039 1018 55 310
2095 1018 55 310
2152 1018 168 310
2322 1018 225 310
2549 1018 418 310
1824 1080 43 39
196 1112 37 75
1828 1122 39 112
1642 1124 30 117
400 1130 21 61
88 1334 50 622
140 1334 54 310
196 1334 225 309
423 1334 55 310
480 1334 55 310
536 1334 55 310
593 1334 55 310
650 1334 55 310
706 1334 169 310
877 1334 225 310
1103 1334 421 310
1531 1334 52 622
1585 1334 55 310
1869 1334 55 310
1925 1334 55 310
1982 1334 55 310
2039 1334 55 310
2095 1334 55 310
2152 1334 168 310
2322 1334 225 310
2549 1334 418 310
1840 1420 27 23
1642 1436 47 134
1843 1455 24 189
140 1646 54 310
196 1646 225 221
423 1646 55 310
480 1646 55 310
536 1646 55 310
593 1646 55 310
650 1646 55 310
706 1646 169 310
877 1646 225 310
1103 1646 421 310
1585 1646 55 310
1869 1646 55 310
1925 1646 55 310
1982 1646 55 310
2039 1646 55 310
2095 1646 55 310
2152 1646 168 310
2322 1646 225 310
2549 1646 418 310
1642 1721 39 152
1832 1728 35 159
1832 1887 32 69
201 1897 147 22
88 1963 50 936
140 1963 54 310
423 1963 55 310
480 1963 55 310
536 1963 55 310
593 1963 55 310
650 1963 55 310
706 1963 169 310
877 1963 225 310
1103 1963 421 310
1531 1963 52 622
1585 1963 55 310
1869 1963 55 310
1925 1963 55 310
1982 1963 55 310
2039 1963 55 310
2095 1963 55 310
2152 1963 168 310
2322 1963 225 310
2549 1963 418 310
196 2027 46 125
1828 2027 39 31
383 2037 38 236
1642 2061 37 106
1833 2064 34 108
140 2275 54 313
196 2275 225 313
423 2275 55 313
480 2275 55 313
536 2275 55 313
593 2275 55 313
650 2275 55 313
706 2275 169 313
877 2275 225 313
1103 2275 421 313
1585 2275 55 310
1869 2275 55 310
1925 2275 55 310
1982 2275 55 310
2039 2275 55 310
2095 2275 55 310
2152 2275 168 310
2322 2275 225 310
2549 2275 418 310
1822 2345 45 28
1829 2376 38 105
1642 2378 38 95
140 2589 54 310
423 2589 55 310
480 2589 55 310
536 2589 55 310
593 2589 55 310
650 2589 55 310
706 2589 169 310
877 2589 225 310
1103 2589 421 310
1531 2592 52 936
1585 2592 55 310
1869 2592 55 310
1925 2592 55 310
1982 2592 55 310
2039 2592 55 310
2095 2592 55 310
2152 2592 168 310
2322 2592 225 310
2549 2592 418 310
391 2656 30 46
196 2674 35 34
398 2707 23 117
196 2717 29 112
1585 2904 55 312
1869 2904 55 312
1925 2904 55 312
1982 2904 55 312
2039 2904 55 312
2095 2904 55 312
2152 2904 168 312
2322 2904 225 312
2549 2904 418 312
88 2906 50 308
140 2906 54 308
423 2906 55 308
480 2906 55 308
536 2906 55 308
593 2906 55 308
650 2906 55 308
706 2906 169 308
877 2906 225 308
1103 2906 421 308
384 2972 37 164
1642 2974 41 22
1831 2979 36 22
196 2980 40 138
1642 2996 40 117
1832 3001 35 117
384 3136 21 78
1585 3218 55 310
1869 3218 55 310
1925 3218 55 310
1982 3218 55 310
2039 3218 55 310
2095 3218 55 310
2152 3218 168 310
2322 3218 225 310
2549 3218 418 310
88 3220 50 308
140 3220 54 308
423 3220 55 308
480 3220 55 308
536 3220 55 308
593 3220 55 308
650 3220 55 308
706 3220 169 308
877 3220 225 308
1103 3220 421 308
1823 3277 44 36
1642 3285 33 40
1835 3327 32 104
1642 3332 28 112
88 3535 50 622
140 3535 54 310
423 3535 55 310
480 3535 55 310
536 3535 55 310
593 3535 55 310
650 3535 55 310
706 3535 169 310
877 3535 225 310
1103 3535 421 310
1531 3535 52 622
1585 3535 55 310
1869 3535 55 310
1925 3535 55 310
1982 3535 55 310
2039 3535 55 310
2095 3535 55 310
2152 3535 168 310
2322 3535 225 310
2549 3535 418 310
1842 3609 25 142
196 3611 40 142
387 3615 34 139
1642 3624 34 122
140 3847 54 310
196 3847 225 310
423 3847 55 310
480 3847 55 310
536 3847 55 310
593 3847 55 310
650 3847 55 310
706 3847 169 310
877 3847 225 310
1103 3847 421 310
1585 3847 55 310
1869 3847 55 310
1925 3847 55 310
1982 3847 55 310
2039 3847 55 310
2095 3847 55 310
2152 3847 168 310
2322 3847 225 310
2549 3847 418 310
1642 3917 42 98
1833 3921 34 129
88 4163 2879 144
