17 17 2858 233
17 261 1422 192
1451 261 57 192
1509 261 1366 192
17 465 2858 71
17 537 100 88
118 537 213 88
332 537 82 88
415 537 109 88
525 537 79 88
605 537 97 88
703 537 108 88
812 537 303 88
1117 537 397 88
1515 537 1360 88
17 626 100 240
118 626 213 240
332 626 82 240
415 626 109 240
525 626 79 240
605 626 97 240
703 626 108 240
812 626 303 240
1117 626 397 240
1515 626 1360 240
17 867 100 240
118 867 213 240
332 867 82 240
415 867 109 240
525 867 79 240
605 867 97 240
703 867 108 240
812 867 303 240
1117 867 397 240
1515 867 1360 240
17 1108 100 240
118 1108 213 240
332 1108 82 240
415 1108 109 240
525 1108 79 240
605 1108 97 240
703 1108 108 240
812 1108 303 240
1117 1108 397 240
1515 1108 1360 240
17 1349 100 240
118 1349 213 240
332 1349 82 240
415 1349 109 240
525 1349 79 240
605 1349 97 240
703 1349 108 240
812 1349 303 240
1117 1349 397 240
1515 1349 1360 240
17 1590 100 240
118 1590 213 240
332 1590 82 240
415 1590 109 240
525 1590 79 240
605 1590 97 240
703 1590 108 240
812 1590 303 240
1117 1590 397 240
1515 1590 1360 240
17 1831 100 240
118 1831 213 240
332 1831 82 240
415 1831 109 240
525 1831 79 240
605 1831 97 240
703 1831 108 240
812 1831 303 240
1117 1831 397 240
1515 1831 1360 240
17 2072 100 240
118 2072 213 240
332 2072 82 240
415 2072 109 240
525 2072 79 240
605 2072 97 240
703 2072 108 240
812 2072 303 240
1117 2072 397 240
1515 2072 1360 240
17 2313 100 240
118 2313 213 240
332 2313 82 240
415 2313 109 240
525 2313 79 240
605 2313 97 240
703 2313 108 240
812 2313 303 240
1117 2313 397 240
1515 2313 1360 240
17 2554 100 240
118 2554 213 240
332 2554 82 240
415 2554 109 240
525 2554 79 240
605 2554 97 240
703 2554 108 240
812 2554 303 240
1117 2554 397 240
1515 2554 1360 240
17 2795 100 240
118 2795 213 240
332 2795 82 240
415 2795 109 240
525 2795 79 240
605 2795 97 240
703 2795 108 240
812 2795 303 240
1117 2795 397 240
1515 2795 1360 240
17 3036 100 240
118 3036 213 240
332 3036 82 240
415 3036 109 240
525 3036 79 240
605 3036 97 240
703 3036 108 240
812 3036 303 240
1117 3036 397 240
1515 3036 1360 240
17 3277 100 240
118 3277 213 240
332 3277 82 240
415 3277 109 240
525 3277 79 240
605 3277 97 240
703 3277 108 240
812 3277 303 240
1117 3277 397 240
1515 3277 1360 240
17 3518 100 240
118 3518 213 240
332 3518 82 240
415 3518 109 240
525 3518 79 240
605 3518 97 240
703 3518 108 240
812 3518 303 240
1117 3518 397 240
1515 3518 1360 240
17 3759 100 239
118 3759 213 239
332 3759 82 239
415 3759 109 239
525 3759 79 239
605 3759 97 239
703 3759 108 239
812 3759 303 239
1117 3759 397 239
1515 3759 1360 239
17 4000 2858 58
