88 68 2879 217
88 292 2879 191
88 490 50 209
140 490 54 209
196 490 225 209
423 490 55 209
480 490 55 209
536 490 55 209
593 490 55 209
650 490 55 209
706 490 169 209
877 490 225 209
1103 490 421 209
1531 490 52 209
1585 490 55 209
1642 490 225 209
1869 490 55 209
1925 490 55 209
1982 490 55 209
2039 490 55 209
2095 490 55 209
2152 490 168 209
2322 490 225 209
2549 490 418 209
88 706 50 936
140 706 54 310
423 706 55 310
480 706 55 310
536 706 55 310
593 706 55 310
650 706 55 310
706 706 169 310
877 706 225 310
1103 706 421 310
1531 706 52 307
1585 706 55 307
1869 706 55 307
1925 706 55 307
1982 706 55 307
2039 706 55 307
2095 706 55 307
2152 706 168 307
2322 706 225 307
2549 706 418 307
1831 777 36 32
1833 811 34 21
140 1018 54 312
423 1018 55 312
480 1018 55 312
536 1018 55 312
593 1018 55 312
650 1018 55 312
706 1018 169 312
877 1018 225 312
1103 1018 421 312
1531 1020 52 308
1585 1020 55 308
1869 1020 55 308
1925 1020 55 308
1982 1020 55 308
2039 1020 55 308
2095 1020 55 308
2152 1020 168 308
2322 1020 225 308
2549 1020 418 308
140 1332 54 310
423 1332 55 310
480 1332 55 310
536 1332 55 310
593 1332 55 310
650 1332 55 310
706 1332 169 310
877 1332 225 310
1103 1332 421 310
1531 1334 52 1565
1585 1334 55 310
1869 1334 55 310
1925 1334 55 310
1982 1334 55 310
2039 1334 55 310
2095 1334 55 310
2152 1334 168 310
2322 1334 225 310
2549 1334 418 310
1585 1646 55 313
1869 1646 55 313
1925 1646 55 313
1982 1646 55 313
2039 1646 55 313
2095 1646 55 313
2152 1646 168 313
2322 1646 225 313
2549 1646 418 313
88 1649 50 307
140 1649 54 307
423 1649 55 307
480 1649 55 307
536 1649 55 307
593 1649 55 307
650 1649 55 307
706 1649 169 307
877 1649 225 307
1103 1649 421 307
1642 1689 225 25
1642 1777 225 182
1585 1961 55 312
1869 1961 55 312
1925 1961 55 312
1982 1961 55 312
2039 1961 55 312
2095 1961 55 312
2152 1961 168 312
2322 1961 225 312
2549 1961 418 312
88 1963 50 622
140 1963 54 310
423 1963 55 310
480 1963 55 310
536 1963 55 310
593 1963 55 310
650 1963 55 310
706 1963 169 310
877 1963 225 310
1103 1963 421 310
140 2275 54 310
423 2275 55 310
480 2275 55 310
536 2275 55 310
593 2275 55 310
650 2275 55 310
706 2275 169 310
877 2275 225 310
1103 2275 421 310
1585 2275 55 313
1642 2275 225 313
1869 2275 55 313
1925 2275 55 313
1982 2275 55 313
2039 2275 55 313
2095 2275 55 313
2152 2275 168 313
2322 2275 225 313
2549 2275 418 313
1585 2589 55 310
1869 2589 55 310
1925 2589 55 310
1982 2589 55 310
2039 2589 55 310
2095 2589 55 310
2152 2589 168 310
2322 2589 225 310
2549 2589 418 310
88 2592 50 307
140 2592 54 307
423 2592 55 307
480 2592 55 307
536 2592 55 307
593 2592 55 307
650 2592 55 307
706 2592 169 307
877 2592 225 307
1103 2592 421 307
88 2906 50 308
140 2906 54 308
423 2906 55 308
480 2906 55 308
536 2906 55 308
593 2906 55 308
650 2906 55 308
706 2906 169 308
877 2906 225 308
1103 2906 421 308
1531 2906 52 936
1585 2906 55 310
1642 2906 225 238
1869 2906 55 310
1925 2906 55 310
1982 2906 55 310
2039 2906 55 310
2095 2906 55 310
2152 2906 168 310
2322 2906 225 310
2549 2906 418 310
1585 3218 55 313
1869 3218 55 313
1925 3218 55 313
1982 3218 55 313
2039 3218 55 313
2095 3218 55 313
2152 3218 168 313
2322 3218 225 313
2549 3218 418 313
88 3220 50 308
140 3220 54 308
423 3220 55 308
480 3220 55 308
536 3220 55 308
593 3220 55 308
650 3220 55 308
706 3220 169 308
877 3220 225 308
1103 3220 421 308
1585 3532 55 310
1642 3532 225 310
1869 3532 55 310
1925 3532 55 310
1982 3532 55 310
2039 3532 55 310
2095 3532 55 310
2152 3532 168 310
2322 3532 225 310
2549 3532 418 310
88 3535 50 622
140 3535 54 310
423 3535 55 310
480 3535 55 310
536 3535 55 310
593 3535 55 310
650 3535 55 310
706 3535 169 310
877 3535 225 310
1103 3535 421 310
140 3847 54 310
423 3847 55 310
480 3847 55 310
536 3847 55 310
593 3847 55 310
650 3847 55 310
706 3847 169 310
877 3847 225 310
1103 3847 421 310
1531 3849 52 308
1585 3849 55 308
1869 3849 55 308
1925 3849 55 308
1982 3849 55 308
2039 3849 55 308
2095 3849 55 308
2152 3849 168 308
2322 3849 225 308
2549 3849 418 308
88 4163 2879 144
