17 17 2858 233
17 261 1422 192
1451 261 57 192
1509 261 1366 192
17 465 2858 71
17 537 100 88
118 537 251 88
370 537 99 88
470 537 132 88
603 537 90 88
695 537 125 88
821 537 130 88
952 537 277 88
1230 537 410 88
1641 537 1234 88
17 626 100 666
118 626 251 666
370 626 99 666
470 626 132 666
603 626 90 666
695 626 125 666
821 626 130 666
952 626 277 666
1230 626 410 666
1641 626 1234 666
17 1293 100 666
118 1293 251 666
370 1293 99 666
470 1293 132 666
603 1293 90 666
695 1293 125 666
821 1293 130 666
952 1293 277 666
1230 1293 410 666
1641 1293 1234 666
17 1960 100 665
118 1960 251 665
370 1960 99 665
470 1960 132 665
603 1960 90 665
695 1960 125 665
821 1960 130 665
952 1960 277 665
1230 1960 410 665
1641 1960 1234 665
17 2627 100 665
118 2627 251 665
370 2627 99 665
470 2627 132 665
603 2627 90 665
695 2627 125 665
821 2627 130 665
952 2627 277 665
1230 2627 410 665
1641 2627 1234 665
17 3293 100 666
118 3293 251 666
370 3293 99 666
470 3293 132 666
603 3293 90 666
695 3293 125 666
821 3293 130 666
952 3293 277 666
1230 3293 410 666
1641 3293 1234 666
17 3960 2858 98
