17 17 2858 248
17 273 1424 291
1449 273 402 291
1852 273 93 291
1946 273 929 291
17 572 1424 90
1449 572 1426 90
17 663 81 90
99 663 207 90
307 663 61 90
369 663 92 90
462 663 51 90
514 663 89 90
604 663 93 90
698 663 119 90
818 663 239 90
1058 663 383 90
1449 663 79 90
1529 663 207 90
1737 663 62 90
1800 663 91 90
1892 663 51 90
1944 663 89 90
2034 663 94 90
2129 663 118 90
2248 663 239 90
2488 663 387 90
17 754 81 364
99 754 207 364
307 754 61 364
369 754 92 364
462 754 51 364
514 754 89 364
604 754 93 364
698 754 119 364
818 754 239 364
1058 754 383 364
1449 754 79 364
1529 754 207 364
1737 754 62 364
1800 754 91 364
1892 754 51 364
1944 754 89 364
2034 754 94 364
2129 754 118 364
2248 754 239 364
2488 754 387 364
17 1124 1424 87
1449 1124 1426 87
17 1212 81 90
99 1212 207 90
307 1212 61 90
369 1212 92 90
462 1212 51 90
514 1212 89 90
604 1212 93 90
698 1212 119 90
818 1212 239 90
1058 1212 383 90
1449 1212 79 90
1529 1212 207 90
1737 1212 62 90
1800 1212 91 90
1892 1212 51 90
1944 1212 89 90
2034 1212 94 90
2129 1212 118 90
2248 1212 239 90
2488 1212 387 90
17 1303 81 367
99 1303 207 367
307 1303 61 367
369 1303 92 367
462 1303 51 367
514 1303 89 367
604 1303 93 367
698 1303 119 367
818 1303 239 367
1058 1303 383 367
1449 1303 79 367
1529 1303 207 367
1737 1303 62 367
1800 1303 91 367
1892 1303 51 367
1944 1303 89 367
2034 1303 94 367
2129 1303 118 367
2248 1303 239 367
2488 1303 387 367
17 1671 81 367
99 1671 207 367
307 1671 61 367
369 1671 92 367
462 1671 51 367
514 1671 89 367
604 1671 93 367
698 1671 119 367
818 1671 239 367
1058 1671 383 367
1449 1671 79 364
1529 1671 207 364
1737 1671 62 364
1800 1671 91 364
1892 1671 51 364
1944 1671 89 364
2034 1671 94 364
2129 1671 118 364
2248 1671 239 364
2488 1671 387 364
17 2039 81 366
99 2039 207 366
307 2039 61 366
369 2039 92 366
462 2039 51 366
514 2039 89 366
604 2039 93 366
698 2039 119 366
818 2039 239 366
1058 2039 383 366
1449 2041 1426 87
1449 2129 79 90
1529 2129 207 90
1737 2129 62 90
1800 2129 91 90
1892 2129 51 90
1944 2129 89 90
2034 2129 94 90
2129 2129 118 90
2248 2129 239 90
2488 2129 387 90
1449 2220 79 367
1529 2220 207 367
1737 2220 62 367
1800 2220 91 367
1892 2220 51 367
1944 2220 89 367
2034 2220 94 367
2129 2220 118 367
2248 2220 239 367
2488 2220 387 367
17 2406 81 365
99 2406 207 365
307 2406 61 365
369 2406 92 365
462 2406 51 365
514 2406 89 365
604 2406 93 365
698 2406 119 365
818 2406 239 365
1058 2406 383 365
1449 2588 79 364
1529 2588 207 364
1737 2588 62 364
1800 2588 91 364
1892 2588 51 364
1944 2588 89 364
2034 2588 94 364
2129 2588 118 364
2248 2588 239 364
2488 2588 387 364
17 2777 1424 87
17 2865 81 90
99 2865 207 90
307 2865 61 90
369 2865 92 90
462 2865 51 90
514 2865 89 90
604 2865 93 90
698 2865 119 90
818 2865 239 90
1058 2865 383 90
17 2956 81 366
99 2956 207 366
307 2956 61 366
369 2956 92 366
462 2956 51 366
514 2956 89 366
604 2956 93 366
698 2956 119 366
818 2956 239 366
1058 2956 383 366
1449 2958 1426 1100
17 3324 81 366
99 3324 207 366
307 3324 61 366
369 3324 92 366
462 3324 51 366
514 3324 89 366
604 3324 93 366
698 3324 119 366
818 3324 239 366
1058 3324 383 366
17 3691 81 367
99 3691 207 367
307 3691 61 367
369 3691 92 367
462 3691 51 367
514 3691 89 367
604 3691 93 367
698 3691 119 367
818 3691 239 367
1058 3691 383 367
