17 17 2858 248
17 273 1424 291
1449 273 402 291
1852 273 93 291
1946 273 929 291
17 572 1424 90
1449 572 1426 90
17 663 81 90
99 663 207 90
307 663 61 90
369 663 92 90
462 663 51 90
514 663 89 90
604 663 93 90
698 663 158 90
857 663 250 90
1108 663 333 90
1449 663 79 90
1529 663 207 90
1737 663 62 90
1800 663 91 90
1892 663 51 90
1944 663 89 90
2034 663 94 90
2129 663 158 90
2288 663 249 90
2538 663 337 90
17 754 81 551
99 754 207 551
307 754 61 551
369 754 92 551
462 754 51 551
514 754 89 551
604 754 93 551
698 754 158 551
857 754 250 551
1108 754 333 551
1449 754 79 548
1529 754 207 548
1737 754 62 548
1800 754 91 548
1892 754 51 548
1944 754 89 548
2034 754 94 548
2129 754 158 548
2288 754 249 548
2538 754 337 548
17 1306 81 551
99 1306 207 551
307 1306 61 551
369 1306 92 551
462 1306 51 551
514 1306 89 551
604 1306 93 551
698 1306 158 551
857 1306 250 551
1108 1306 333 551
1449 1308 1426 88
1449 1397 79 89
1529 1397 207 89
1737 1397 62 89
1800 1397 91 89
1892 1397 51 89
1944 1397 89 89
2034 1397 94 89
2129 1397 158 89
2288 1397 249 89
2538 1397 337 89
1449 1487 79 551
1529 1487 207 551
1737 1487 62 551
1800 1487 91 551
1892 1487 51 551
1944 1487 89 551
2034 1487 94 551
2129 1487 158 551
2288 1487 249 551
2538 1487 337 551
17 1858 81 549
99 1858 207 549
307 1858 61 549
369 1858 92 549
462 1858 51 549
514 1858 89 549
604 1858 93 549
698 1858 158 549
857 1858 250 549
1108 1858 333 549
1449 2040 79 549
1529 2040 207 549
1737 2040 62 549
1800 2040 91 549
1892 2040 51 549
1944 2040 89 549
2034 2040 94 549
2129 2040 158 549
2288 2040 249 549
2538 2040 337 549
17 2413 1424 87
17 2501 81 90
99 2501 207 90
307 2501 61 90
369 2501 92 90
462 2501 51 90
514 2501 89 90
604 2501 93 90
698 2501 158 90
857 2501 250 90
1108 2501 333 90
17 2592 81 548
99 2592 207 548
307 2592 61 548
369 2592 92 548
462 2592 51 548
514 2592 89 548
604 2592 93 548
698 2592 158 548
857 2592 250 548
1108 2592 333 548
1449 2594 1426 87
1449 2683 79 89
1529 2683 207 89
1737 2683 62 89
1800 2683 91 89
1892 2683 51 89
1944 2683 89 89
2034 2683 94 89
2129 2683 158 89
2288 2683 249 89
2538 2683 337 89
1449 2773 79 549
1529 2773 207 549
1737 2773 62 549
1800 2773 91 549
1892 2773 51 549
1944 2773 89 549
2034 2773 94 549
2129 2773 158 549
2288 2773 249 549
2538 2773 337 549
17 3146 1424 88
17 3235 81 89
99 3235 207 89
307 3235 61 89
369 3235 92 89
462 3235 51 89
514 3235 89 89
604 3235 93 89
698 3235 158 89
857 3235 250 89
1108 3235 333 89
17 3325 81 549
99 3325 207 549
307 3325 61 549
369 3325 92 549
462 3325 51 549
514 3325 89 549
604 3325 93 549
698 3325 158 549
857 3325 250 549
1108 3325 333 549
1449 3328 1426 87
1449 3416 79 90
1529 3416 207 90
1737 3416 62 90
1800 3416 91 90
1892 3416 51 90
1944 3416 89 90
2034 3416 94 90
2129 3416 158 90
2288 3416 249 90
2538 3416 337 90
1449 3507 79 551
1529 3507 207 551
1737 3507 62 551
1800 3507 91 551
1892 3507 51 551
1944 3507 89 551
2034 3507 94 551
2129 3507 158 551
2288 3507 249 551
2538 3507 337 551
17 3880 1424 178
