17 17 2858 248
17 273 1424 291
1449 273 402 291
1852 273 93 291
1946 273 929 291
17 572 1424 90
1449 572 1426 90
17 663 81 90
99 663 207 90
307 663 61 90
369 663 92 90
462 663 51 90
514 663 89 90
604 663 93 90
698 663 125 90
824 663 206 90
1031 663 410 90
1449 663 79 90
1529 663 207 90
1737 663 62 90
1800 663 91 90
1892 663 51 90
1944 663 89 90
2034 663 94 90
2129 663 124 90
2255 663 205 90
2462 663 413 90
17 754 81 456
99 754 207 456
307 754 61 456
369 754 92 456
462 754 51 456
514 754 89 456
604 754 93 456
698 754 125 456
824 754 206 456
1031 754 410 456
1449 754 79 456
1529 754 207 456
1737 754 62 456
1800 754 91 456
1892 754 51 456
1944 754 89 456
2034 754 94 456
2129 754 124 456
2255 754 205 456
2462 754 413 456
17 1216 1424 87
1449 1216 1426 87
17 1305 81 89
99 1305 207 89
307 1305 61 89
369 1305 92 89
462 1305 51 89
514 1305 89 89
604 1305 93 89
698 1305 125 89
824 1305 206 89
1031 1305 410 89
1449 1305 79 89
1529 1305 207 89
1737 1305 62 89
1800 1305 91 89
1892 1305 51 89
1944 1305 89 89
2034 1305 94 89
2129 1305 124 89
2255 1305 205 89
2462 1305 413 89
17 1395 81 457
99 1395 207 457
307 1395 61 457
369 1395 92 457
462 1395 51 457
514 1395 89 457
604 1395 93 457
698 1395 125 457
824 1395 206 457
1031 1395 410 457
1449 1395 79 457
1529 1395 207 457
1737 1395 62 457
1800 1395 91 457
1892 1395 51 457
1944 1395 89 457
2034 1395 94 457
2129 1395 124 457
2255 1395 205 457
2462 1395 413 457
17 1858 1424 87
1449 1858 1426 87
17 1946 81 90
99 1946 207 90
307 1946 61 90
369 1946 92 90
462 1946 51 90
514 1946 89 90
604 1946 93 90
698 1946 125 90
824 1946 206 90
1031 1946 410 90
1449 1946 79 90
1529 1946 207 90
1737 1946 62 90
1800 1946 91 90
1892 1946 51 90
1944 1946 89 90
2034 1946 94 90
2129 1946 124 90
2255 1946 205 90
2462 1946 413 90
17 2037 81 459
99 2037 207 459
307 2037 61 459
369 2037 92 459
462 2037 51 459
514 2037 89 459
604 2037 93 459
698 2037 125 459
824 2037 206 459
1031 2037 410 459
1449 2037 79 459
1529 2037 207 459
1737 2037 62 459
1800 2037 91 459
1892 2037 51 459
1944 2037 89 459
2034 2037 94 459
2129 2037 124 459
2255 2037 205 459
2462 2037 413 459
17 2497 81 457
99 2497 207 457
307 2497 61 457
369 2497 92 457
462 2497 51 457
514 2497 89 457
604 2497 93 457
698 2497 125 457
824 2497 206 457
1031 2497 410 457
1449 2497 79 457
1529 2497 207 457
1737 2497 62 457
1800 2497 91 457
1892 2497 51 457
1944 2497 89 457
2034 2497 94 457
2129 2497 124 457
2255 2497 205 457
2462 2497 413 457
17 2960 1424 87
1449 2960 1426 87
17 3048 81 89
99 3048 207 89
307 3048 61 89
369 3048 92 89
462 3048 51 89
514 3048 89 89
604 3048 93 89
698 3048 125 89
824 3048 206 89
1031 3048 410 89
1449 3048 79 89
1529 3048 207 89
1737 3048 62 89
1800 3048 91 89
1892 3048 51 89
1944 3048 89 89
2034 3048 94 89
2129 3048 124 89
2255 3048 205 89
2462 3048 413 89
17 3139 81 456
99 3139 207 456
307 3139 61 456
369 3139 92 456
462 3139 51 456
514 3139 89 456
604 3139 93 456
698 3139 125 456
824 3139 206 456
1031 3139 410 456
1449 3139 79 459
1529 3139 207 459
1737 3139 62 459
1800 3139 91 459
1892 3139 51 459
1944 3139 89 459
2034 3139 94 459
2129 3139 124 459
2255 3139 205 459
2462 3139 413 459
1449 3599 79 459
1529 3599 207 459
1737 3599 62 459
1800 3599 91 459
1892 3599 51 459
1944 3599 89 459
2034 3599 94 459
2129 3599 124 459
2255 3599 205 459
2462 3599 413 459
17 3601 1424 457
