86 17 2721 284
86 302 2721 237
86 540 60 146
147 540 57 146
205 540 211 146
417 540 65 146
483 540 39 146
523 540 39 146
563 540 38 146
603 540 38 146
642 540 114 146
757 540 169 146
927 540 516 146
1451 540 57 146
1509 540 57 146
1568 540 211 146
1780 540 65 146
1846 540 38 146
1885 540 39 146
1925 540 39 146
1965 540 38 146
2004 540 114 146
2119 540 169 146
2289 540 518 146
86 687 60 3111
147 687 57 310
205 687 211 310
417 687 65 310
483 687 39 310
523 687 39 310
563 687 38 310
603 687 38 310
642 687 114 310
757 687 169 310
927 687 516 310
1451 687 57 1864
1509 687 57 310
1568 687 211 310
1780 687 65 310
1846 687 38 310
1885 687 39 310
1925 687 39 310
1965 687 38 310
2004 687 114 310
2119 687 169 310
2289 687 518 310
147 998 57 311
205 998 211 311
417 998 65 311
483 998 39 311
523 998 39 311
563 998 38 311
603 998 38 311
642 998 114 311
757 998 169 311
927 998 516 311
1509 998 57 311
1568 998 211 311
1780 998 65 311
1846 998 38 311
1885 998 39 311
1925 998 39 311
1965 998 38 311
2004 998 114 311
2119 998 169 311
2289 998 518 311
147 1310 57 310
205 1310 211 310
417 1310 65 310
483 1310 39 310
523 1310 39 310
563 1310 38 310
603 1310 38 310
642 1310 114 310
757 1310 169 310
927 1310 516 310
1509 1310 57 310
1568 1310 211 310
1780 1310 65 310
1846 1310 38 310
1885 1310 39 310
1925 1310 39 310
1965 1310 38 310
2004 1310 114 310
2119 1310 169 310
2289 1310 518 310
147 1621 57 310
205 1621 211 310
417 1621 65 310
483 1621 39 310
523 1621 39 310
563 1621 38 310
603 1621 38 310
642 1621 114 310
757 1621 169 310
927 1621 516 310
1509 1621 57 310
1568 1621 211 310
1780 1621 65 310
1846 1621 38 310
1885 1621 39 310
1925 1621 39 310
1965 1621 38 310
2004 1621 114 310
2119 1621 169 310
2289 1621 518 310
147 1932 57 310
205 1932 211 310
417 1932 65 310
483 1932 39 310
523 1932 39 310
563 1932 38 310
603 1932 38 310
642 1932 114 310
757 1932 169 310
927 1932 516 310
1509 1932 57 310
1568 1932 211 310
1780 1932 65 310
1846 1932 38 310
1885 1932 39 310
1925 1932 39 310
1965 1932 38 310
2004 1932 114 310
2119 1932 169 310
2289 1932 518 310
147 2243 57 310
205 2243 211 310
417 2243 65 310
483 2243 39 310
523 2243 39 310
563 2243 38 310
603 2243 38 310
642 2243 114 310
757 2243 169 310
927 2243 516 310
1509 2243 57 308
1568 2243 211 308
1780 2243 65 308
1846 2243 38 308
1885 2243 39 308
1925 2243 39 308
1965 2243 38 308
2004 2243 114 308
2119 2243 169 308
2289 2243 518 308
147 2554 57 310
205 2554 211 310
417 2554 65 310
483 2554 39 310
523 2554 39 310
563 2554 38 310
603 2554 38 310
642 2554 114 310
757 2554 169 310
927 2554 516 310
1451 2557 57 1241
1509 2557 57 307
1568 2557 211 307
1780 2557 65 307
1846 2557 38 307
1885 2557 39 307
1925 2557 39 307
1965 2557 38 307
2004 2557 114 307
2119 2557 169 307
2289 2557 518 307
147 2865 57 310
205 2865 211 310
417 2865 65 310
483 2865 39 310
523 2865 39 310
563 2865 38 310
603 2865 38 310
642 2865 114 310
757 2865 169 310
927 2865 516 310
1509 2865 57 310
1568 2865 211 310
1780 2865 65 310
1846 2865 38 310
1885 2865 39 310
1925 2865 39 310
1965 2865 38 310
2004 2865 114 310
2119 2865 169 310
2289 2865 518 310
147 3177 57 310
205 3177 211 310
417 3177 65 310
483 3177 39 310
523 3177 39 310
563 3177 38 310
603 3177 38 310
642 3177 114 310
757 3177 169 310
927 3177 516 310
1509 3177 57 310
1568 3177 211 310
1780 3177 65 310
1846 3177 38 310
1885 3177 39 310
1925 3177 39 310
1965 3177 38 310
2004 3177 114 310
2119 3177 169 310
2289 3177 518 310
147 3488 57 310
205 3488 211 310
417 3488 65 310
483 3488 39 310
523 3488 39 310
563 3488 38 310
603 3488 38 310
642 3488 114 310
757 3488 169 310
927 3488 516 310
1509 3488 57 310
1568 3488 211 310
1780 3488 65 310
1846 3488 38 310
1885 3488 39 310
1925 3488 39 310
1965 3488 38 310
2004 3488 114 310
2119 3488 169 310
2289 3488 518 310
86 3816 2721 174
