17 17 2858 248
17 273 1424 291
1449 273 402 291
1852 273 93 291
1946 273 929 291
17 572 1424 90
1449 572 1426 90
17 663 81 90
99 663 207 90
307 663 61 90
369 663 92 90
462 663 51 90
514 663 89 90
604 663 93 90
698 663 119 90
818 663 246 90
1065 663 376 90
1449 663 79 90
1529 663 207 90
1737 663 62 90
1800 663 91 90
1892 663 51 90
1944 663 89 90
2034 663 94 90
2129 663 118 90
2248 663 247 90
2496 663 379 90
17 754 81 438
99 754 207 438
307 754 61 438
369 754 92 438
462 754 51 438
514 754 89 438
604 754 93 438
698 754 119 438
818 754 246 438
1065 754 376 438
1449 754 79 438
1529 754 207 438
1737 754 62 438
1800 754 91 438
1892 754 51 438
1944 754 89 438
2034 754 94 438
2129 754 118 438
2248 754 247 438
2496 754 379 438
17 1198 1424 88
1449 1198 1426 88
17 1287 81 89
99 1287 207 89
307 1287 61 89
369 1287 92 89
462 1287 51 89
514 1287 89 89
604 1287 93 89
698 1287 119 89
818 1287 246 89
1065 1287 376 89
1449 1287 79 89
1529 1287 207 89
1737 1287 62 89
1800 1287 91 89
1892 1287 51 89
1944 1287 89 89
2034 1287 94 89
2129 1287 118 89
2248 1287 247 89
2496 1287 379 89
17 1377 81 439
99 1377 207 439
307 1377 61 439
369 1377 92 439
462 1377 51 439
514 1377 89 439
604 1377 93 439
698 1377 119 439
818 1377 246 439
1065 1377 376 439
1449 1377 79 439
1529 1377 207 439
1737 1377 62 439
1800 1377 91 439
1892 1377 51 439
1944 1377 89 439
2034 1377 94 439
2129 1377 118 439
2248 1377 247 439
2496 1377 379 439
17 1822 1424 87
1449 1822 1426 87
17 1910 81 90
99 1910 207 90
307 1910 61 90
369 1910 92 90
462 1910 51 90
514 1910 89 90
604 1910 93 90
698 1910 119 90
818 1910 246 90
1065 1910 376 90
1449 1910 79 90
1529 1910 207 90
1737 1910 62 90
1800 1910 91 90
1892 1910 51 90
1944 1910 89 90
2034 1910 94 90
2129 1910 118 90
2248 1910 247 90
2496 1910 379 90
17 2001 81 441
99 2001 207 441
307 2001 61 441
369 2001 92 441
462 2001 51 441
514 2001 89 441
604 2001 93 441
698 2001 119 441
818 2001 246 441
1065 2001 376 441
1449 2001 79 441
1529 2001 207 441
1737 2001 62 441
1800 2001 91 441
1892 2001 51 441
1944 2001 89 441
2034 2001 94 441
2129 2001 118 441
2248 2001 247 441
2496 2001 379 441
17 2443 81 439
99 2443 207 439
307 2443 61 439
369 2443 92 439
462 2443 51 439
514 2443 89 439
604 2443 93 439
698 2443 119 439
818 2443 246 439
1065 2443 376 439
1449 2443 79 441
1529 2443 207 441
1737 2443 62 441
1800 2443 91 441
1892 2443 51 441
1944 2443 89 441
2034 2443 94 441
2129 2443 118 441
2248 2443 247 441
2496 2443 379 441
1449 2885 79 439
1529 2885 207 439
1737 2885 62 439
1800 2885 91 439
1892 2885 51 439
1944 2885 89 439
2034 2885 94 439
2129 2885 118 439
2248 2885 247 439
2496 2885 379 439
17 2888 1424 87
17 2976 81 90
99 2976 207 90
307 2976 61 90
369 2976 92 90
462 2976 51 90
514 2976 89 90
604 2976 93 90
698 2976 119 90
818 2976 246 90
1065 2976 376 90
17 3067 81 441
99 3067 207 441
307 3067 61 441
369 3067 92 441
462 3067 51 441
514 3067 89 441
604 3067 93 441
698 3067 119 441
818 3067 246 441
1065 3067 376 441
1449 3330 1426 87
1449 3418 79 90
1529 3418 207 90
1737 3418 62 90
1800 3418 91 90
1892 3418 51 90
1944 3418 89 90
2034 3418 94 90
2129 3418 118 90
2248 3418 247 90
2496 3418 379 90
17 3509 81 439
99 3509 207 439
307 3509 61 439
369 3509 92 439
462 3509 51 439
514 3509 89 439
604 3509 93 439
698 3509 119 439
818 3509 246 439
1065 3509 376 439
1449 3509 79 439
1529 3509 207 439
1737 3509 62 439
1800 3509 91 439
1892 3509 51 439
1944 3509 89 439
2034 3509 94 439
2129 3509 118 439
2248 3509 247 439
2496 3509 379 439
17 3953 2858 105
