86 17 2721 284
86 302 2721 237
86 540 62 146
149 540 60 146
210 540 219 146
430 540 68 146
499 540 40 146
540 540 40 146
581 540 41 146
623 540 40 146
664 540 112 146
777 540 177 146
955 540 488 146
1451 540 59 146
1511 540 60 146
1572 540 219 146
1793 540 67 146
1861 540 40 146
1902 540 41 146
1944 540 40 146
1985 540 40 146
2026 540 112 146
2139 540 177 146
2317 540 490 146
86 687 62 2417
149 687 60 345
210 687 219 345
430 687 68 345
499 687 40 345
540 687 40 345
581 687 41 345
623 687 40 345
664 687 112 345
777 687 177 345
955 687 488 345
1451 687 59 3111
1511 687 60 345
1572 687 219 345
1793 687 67 345
1861 687 40 345
1902 687 41 345
1944 687 40 345
1985 687 40 345
2026 687 112 345
2139 687 177 345
2317 687 490 345
149 1033 60 345
210 1033 219 345
430 1033 68 345
499 1033 40 345
540 1033 40 345
581 1033 41 345
623 1033 40 345
664 1033 112 345
777 1033 177 345
955 1033 488 345
1511 1033 60 345
1572 1033 219 345
1793 1033 67 345
1861 1033 40 345
1902 1033 41 345
1944 1033 40 345
1985 1033 40 345
2026 1033 112 345
2139 1033 177 345
2317 1033 490 345
149 1379 60 344
210 1379 219 344
430 1379 68 344
499 1379 40 344
540 1379 40 344
581 1379 41 344
623 1379 40 344
664 1379 112 344
777 1379 177 344
955 1379 488 344
1511 1379 60 345
1572 1379 219 345
1793 1379 67 345
1861 1379 40 345
1902 1379 41 345
1944 1379 40 345
1985 1379 40 345
2026 1379 112 345
2139 1379 177 345
2317 1379 490 345
149 1725 60 344
210 1725 219 344
430 1725 68 344
499 1725 40 344
540 1725 40 344
581 1725 41 344
623 1725 40 344
664 1725 112 344
777 1725 177 344
955 1725 488 344
1511 1725 60 344
1572 1725 219 344
1793 1725 67 344
1861 1725 40 344
1902 1725 41 344
1944 1725 40 344
1985 1725 40 344
2026 1725 112 344
2139 1725 177 344
2317 1725 490 344
149 2070 60 345
210 2070 219 345
430 2070 68 345
499 2070 40 345
540 2070 40 345
581 2070 41 345
623 2070 40 345
664 2070 112 345
777 2070 177 345
955 2070 488 345
1511 2070 60 345
1572 2070 219 345
1793 2070 67 345
1861 2070 40 345
1902 2070 41 345
1944 2070 40 345
1985 2070 40 345
2026 2070 112 345
2139 2070 177 345
2317 2070 490 345
149 2416 60 345
210 2416 219 345
430 2416 68 345
499 2416 40 345
540 2416 40 345
581 2416 41 345
623 2416 40 345
664 2416 112 345
777 2416 177 345
955 2416 488 345
1511 2416 60 345
1572 2416 219 345
1793 2416 67 345
1861 2416 40 345
1902 2416 41 345
1944 2416 40 345
1985 2416 40 345
2026 2416 112 345
2139 2416 177 345
2317 2416 490 345
149 2762 60 342
210 2762 219 342
430 2762 68 342
499 2762 40 342
540 2762 40 342
581 2762 41 342
623 2762 40 342
664 2762 112 342
777 2762 177 342
955 2762 488 342
1511 2762 60 345
1572 2762 219 345
1793 2762 67 345
1861 2762 40 345
1902 2762 41 345
1944 2762 40 345
1985 2762 40 345
2026 2762 112 345
2139 2762 177 345
2317 2762 490 345
1511 3108 60 344
1572 3108 219 344
1793 3108 67 344
1861 3108 40 344
1902 3108 41 344
1944 3108 40 344
1985 3108 40 344
2026 3108 112 344
2139 3108 177 344
2317 3108 490 344
86 3110 62 688
149 3110 60 342
210 3110 219 342
430 3110 68 342
499 3110 40 342
540 3110 40 342
581 3110 41 342
623 3110 40 342
664 3110 112 342
777 3110 177 342
955 3110 488 342
149 3453 60 345
210 3453 219 345
430 3453 68 345
499 3453 40 345
540 3453 40 345
581 3453 41 345
623 3453 40 345
664 3453 112 345
777 3453 177 345
955 3453 488 345
1511 3453 60 345
1572 3453 219 345
1793 3453 67 345
1861 3453 40 345
1902 3453 41 345
1944 3453 40 345
1985 3453 40 345
2026 3453 112 345
2139 3453 177 345
2317 3453 490 345
86 3816 2721 174
