17 17 2858 233
17 261 1422 192
1451 261 57 192
1509 261 1360 192
17 465 2858 71
17 537 63 76
81 537 207 76
289 537 61 76
352 537 38 76
391 537 39 76
431 537 39 76
471 537 38 76
510 537 118 76
630 537 175 76
806 537 636 76
1450 537 60 76
1512 537 206 76
1719 537 62 76
1782 537 39 76
1822 537 38 76
1861 537 39 76
1901 537 39 76
1941 537 118 76
2060 537 175 76
2236 537 639 76
17 615 63 286
81 615 207 286
289 615 61 286
352 615 38 286
391 615 39 286
431 615 39 286
471 615 38 286
510 615 118 286
630 615 175 286
806 615 636 286
1450 615 60 286
1512 615 206 286
1719 615 62 286
1782 615 39 286
1822 615 38 286
1861 615 39 286
1901 615 39 286
1941 615 118 286
2060 615 175 286
2236 615 639 286
17 902 63 286
81 902 207 286
289 902 61 286
352 902 38 286
391 902 39 286
431 902 39 286
471 902 38 286
510 902 118 286
630 902 175 286
806 902 636 286
1450 902 60 286
1512 902 206 286
1719 902 62 286
1782 902 39 286
1822 902 38 286
1861 902 39 286
1901 902 39 286
1941 902 118 286
2060 902 175 286
2236 902 639 286
17 1189 63 286
81 1189 207 286
289 1189 61 286
352 1189 38 286
391 1189 39 286
431 1189 39 286
471 1189 38 286
510 1189 118 286
630 1189 175 286
806 1189 636 286
1450 1189 60 286
1512 1189 206 286
1719 1189 62 286
1782 1189 39 286
1822 1189 38 286
1861 1189 39 286
1901 1189 39 286
1941 1189 118 286
2060 1189 175 286
2236 1189 639 286
17 1476 63 286
81 1476 207 286
289 1476 61 286
352 1476 38 286
391 1476 39 286
431 1476 39 286
471 1476 38 286
510 1476 118 286
630 1476 175 286
806 1476 636 286
1450 1476 60 286
1512 1476 206 286
1719 1476 62 286
1782 1476 39 286
1822 1476 38 286
1861 1476 39 286
1901 1476 39 286
1941 1476 118 286
2060 1476 175 286
2236 1476 639 286
17 1763 63 286
81 1763 207 286
289 1763 61 286
352 1763 38 286
391 1763 39 286
431 1763 39 286
471 1763 38 286
510 1763 118 286
630 1763 175 286
806 1763 636 286
1450 1763 60 286
1512 1763 206 286
1719 1763 62 286
1782 1763 39 286
1822 1763 38 286
1861 1763 39 286
1901 1763 39 286
1941 1763 118 286
2060 1763 175 286
2236 1763 639 286
17 2050 63 286
81 2050 207 286
289 2050 61 286
352 2050 38 286
391 2050 39 286
431 2050 39 286
471 2050 38 286
510 2050 118 286
630 2050 175 286
806 2050 636 286
1450 2050 60 286
1512 2050 206 286
1719 2050 62 286
1782 2050 39 286
1822 2050 38 286
1861 2050 39 286
1901 2050 39 286
1941 2050 118 286
2060 2050 175 286
2236 2050 639 286
17 2337 63 286
81 2337 207 286
289 2337 61 286
352 2337 38 286
391 2337 39 286
431 2337 39 286
471 2337 38 286
510 2337 118 286
630 2337 175 286
806 2337 636 286
1450 2337 60 286
1512 2337 206 286
1719 2337 62 286
1782 2337 39 286
1822 2337 38 286
1861 2337 39 286
1901 2337 39 286
1941 2337 118 286
2060 2337 175 286
2236 2337 639 286
17 2624 63 286
81 2624 207 286
289 2624 61 286
352 2624 38 286
391 2624 39 286
431 2624 39 286
471 2624 38 286
510 2624 118 286
630 2624 175 286
806 2624 636 286
1450 2624 60 286
1512 2624 206 286
1719 2624 62 286
1782 2624 39 286
1822 2624 38 286
1861 2624 39 286
1901 2624 39 286
1941 2624 118 286
2060 2624 175 286
2236 2624 639 286
17 2911 63 286
81 2911 207 286
289 2911 61 286
352 2911 38 286
391 2911 39 286
431 2911 39 286
471 2911 38 286
510 2911 118 286
630 2911 175 286
806 2911 636 286
1450 2911 60 286
1512 2911 206 286
1719 2911 62 286
1782 2911 39 286
1822 2911 38 286
1861 2911 39 286
1901 2911 39 286
1941 2911 118 286
2060 2911 175 286
2236 2911 639 286
17 3198 63 286
81 3198 207 286
289 3198 61 286
352 3198 38 286
391 3198 39 286
431 3198 39 286
471 3198 38 286
510 3198 118 286
630 3198 175 286
806 3198 636 286
1450 3198 60 286
1512 3198 206 286
1719 3198 62 286
1782 3198 39 286
1822 3198 38 286
1861 3198 39 286
1901 3198 39 286
1941 3198 118 286
2060 3198 175 286
2236 3198 639 286
17 3485 63 286
81 3485 207 286
289 3485 61 286
352 3485 38 286
391 3485 39 286
431 3485 39 286
471 3485 38 286
510 3485 118 286
630 3485 175 286
806 3485 636 286
1450 3485 60 286
1512 3485 206 286
1719 3485 62 286
1782 3485 39 286
1822 3485 38 286
1861 3485 39 286
1901 3485 39 286
1941 3485 118 286
2060 3485 175 286
2236 3485 639 286
17 3772 63 286
81 3772 207 286
289 3772 61 286
352 3772 38 286
391 3772 39 286
431 3772 39 286
471 3772 38 286
510 3772 118 286
630 3772 175 286
806 3772 636 286
1450 3772 1425 286
