26 26 2714 211
26 241 2714 158
26 402 104 105
131 402 257 105
390 402 122 105
514 402 159 105
675 402 122 105
799 402 165 105
966 402 171 105
1139 402 254 105
1395 402 436 105
1833 402 907 105
26 509 104 219
390 509 122 219
514 509 159 219
675 509 122 219
799 509 165 219
966 509 171 219
1139 509 254 219
1395 509 436 219
1833 509 907 219
340 671 48 56
131 680 48 48
26 730 104 220
131 730 48 220
340 730 48 220
390 730 122 220
514 730 159 220
675 730 122 220
799 730 165 220
966 730 171 220
1139 730 254 220
1395 730 436 220
1833 730 907 220
26 952 104 219
390 952 122 219
514 952 159 219
675 952 122 219
799 952 165 219
966 952 171 219
1139 952 254 219
1395 952 436 219
1833 952 907 219
26 1173 104 219
390 1173 122 219
514 1173 159 219
675 1173 122 219
799 1173 165 219
966 1173 171 219
1139 1173 254 219
1395 1173 436 219
1833 1173 907 219
131 1336 48 56
340 1336 48 56
26 1394 104 219
390 1394 122 219
514 1394 159 219
675 1394 122 219
799 1394 165 219
966 1394 171 219
1139 1394 254 219
1395 1394 436 219
1833 1394 907 219
131 1555 48 58
341 1558 47 55
26 1615 104 219
390 1615 122 219
514 1615 159 219
675 1615 122 219
799 1615 165 219
966 1615 171 219
1139 1615 254 219
1395 1615 436 219
1833 1615 907 219
26 1836 104 219
390 1836 122 219
514 1836 159 219
675 1836 122 219
799 1836 165 219
966 1836 171 219
1139 1836 254 219
1395 1836 436 219
1833 1836 907 219
131 1904 81 23
131 2027 48 28
26 2057 104 220
390 2057 122 220
514 2057 159 220
675 2057 122 220
799 2057 165 220
966 2057 171 220
1139 2057 254 220
1395 2057 436 220
1833 2057 907 220
26 2278 104 220
390 2278 122 220
514 2278 159 220
675 2278 122 220
799 2278 165 220
966 2278 171 220
1139 2278 254 220
1395 2278 436 220
1833 2278 907 220
131 2435 48 63
340 2449 48 49
26 2500 104 219
131 2500 257 142
390 2500 122 219
514 2500 159 219
675 2500 122 219
799 2500 165 219
966 2500 171 219
1139 2500 254 219
1395 2500 436 219
1833 2500 907 219
341 2671 47 35
131 2672 48 47
26 2721 104 219
390 2721 122 219
514 2721 159 219
675 2721 122 219
799 2721 165 219
966 2721 171 219
1139 2721 254 219
1395 2721 436 219
1833 2721 907 219
131 2855 48 85
340 2885 48 55
26 2942 104 219
131 2942 257 219
390 2942 122 219
514 2942 159 219
675 2942 122 219
799 2942 165 219
966 2942 171 219
1139 2942 254 219
1395 2942 436 219
1833 2942 907 219
26 3163 104 219
390 3163 122 219
514 3163 159 219
675 3163 122 219
799 3163 165 219
966 3163 171 219
1139 3163 254 219
1395 3163 436 219
1833 3163 907 219
341 3324 47 58
131 3334 48 48
26 3384 104 220
131 3384 257 96
390 3384 122 220
514 3384 159 220
675 3384 122 220
799 3384 165 220
966 3384 171 220
1139 3384 254 220
1395 3384 436 220
1833 3384 907 220
131 3525 48 79
340 3528 48 76
26 3605 104 220
131 3605 257 173
390 3605 122 220
514 3605 159 220
675 3605 122 220
799 3605 165 220
966 3605 171 220
1139 3605 254 220
1395 3605 436 220
1833 3605 907 220
26 3827 104 216
390 3827 122 216
514 3827 159 216
675 3827 122 216
799 3827 165 216
966 3827 171 216
1139 3827 254 216
1395 3827 436 216
1833 3827 907 215
