17 17 2858 233
17 261 1422 192
1451 261 57 192
1509 261 1366 192
17 465 2858 71
17 537 100 88
118 537 251 88
370 537 99 88
470 537 132 88
603 537 90 88
695 537 125 88
821 537 130 88
952 537 290 88
1243 537 271 88
1515 537 1360 88
17 626 100 371
118 626 251 371
370 626 99 371
470 626 132 371
603 626 90 371
695 626 125 371
821 626 130 371
952 626 290 371
1243 626 271 371
1515 626 1360 371
17 998 100 371
118 998 251 371
370 998 99 371
470 998 132 371
603 998 90 371
695 998 125 371
821 998 130 371
952 998 290 371
1243 998 271 371
1515 998 1360 371
17 1370 100 371
118 1370 251 371
370 1370 99 371
470 1370 132 371
603 1370 90 371
695 1370 125 371
821 1370 130 371
952 1370 290 371
1243 1370 271 371
1515 1370 1360 371
17 1742 100 371
118 1742 251 371
370 1742 99 371
470 1742 132 371
603 1742 90 371
695 1742 125 371
821 1742 130 371
952 1742 290 371
1243 1742 271 371
1515 1742 1360 371
17 2114 100 371
118 2114 251 371
370 2114 99 371
470 2114 132 371
603 2114 90 371
695 2114 125 371
821 2114 130 371
952 2114 290 371
1243 2114 271 371
1515 2114 1360 371
17 2486 100 371
118 2486 251 371
370 2486 99 371
470 2486 132 371
603 2486 90 371
695 2486 125 371
821 2486 130 371
952 2486 290 371
1243 2486 271 371
1515 2486 1360 371
17 2858 100 371
118 2858 251 371
370 2858 99 371
470 2858 132 371
603 2858 90 371
695 2858 125 371
821 2858 130 371
952 2858 290 371
1243 2858 271 371
1515 2858 1360 371
17 3230 100 370
118 3230 251 370
370 3230 99 370
470 3230 132 370
603 3230 90 370
695 3230 125 370
821 3230 130 370
952 3230 290 370
1243 3230 271 370
1515 3230 1360 370
17 3602 100 370
118 3602 251 370
370 3602 99 370
470 3602 132 370
603 3602 90 370
695 3602 125 370
821 3602 130 370
952 3602 290 370
1243 3602 271 370
1515 3602 1360 370
17 3974 2858 84
