6 6 2197 182
6 189 2197 118
6 308 78 78
85 308 197 78
283 308 197 78
481 308 209 78
691 308 67 78
759 308 118 78
878 308 127 78
1006 308 180 78
1187 308 285 78
1474 308 729 78
6 387 78 226
85 387 197 226
283 387 197 226
481 387 209 226
691 387 67 226
759 387 118 226
878 387 127 226
1006 387 180 226
1187 387 285 79
1474 387 729 226
1187 471 268 142
6 615 78 226
85 615 197 226
283 615 197 226
481 615 209 226
691 615 67 226
759 615 118 226
878 615 127 226
1006 615 180 226
1187 615 285 35
1474 615 729 209
1187 655 268 186
6 842 2197 624
