156 189 2755 328
156 530 2755 252
156 787 95 144
253 787 66 144
321 787 180 144
502 787 78 144
582 787 66 144
650 787 66 144
718 787 66 144
786 787 66 144
854 787 146 144
1002 787 190 144
1194 787 337 144
1537 787 98 144
1637 787 66 144
1705 787 179 144
1886 787 78 144
1966 787 66 144
2034 787 66 144
2102 787 66 144
2170 787 66 144
2238 787 145 144
2385 787 191 144
2578 787 333 144
156 933 95 512
253 933 66 256
321 933 180 256
502 933 78 256
582 933 66 256
650 933 66 256
718 933 66 256
786 933 66 256
854 933 146 256
1002 933 190 256
1194 933 337 256
1537 933 98 255
1637 933 66 255
1705 933 179 255
1886 933 78 255
1966 933 66 255
2034 933 66 255
2102 933 66 255
2170 933 66 255
2238 933 145 255
2385 933 191 255
2578 933 333 255
253 1191 66 254
321 1191 180 254
502 1191 78 254
582 1191 66 254
650 1191 66 254
718 1191 66 254
786 1191 66 254
854 1191 146 254
1002 1191 190 254
1194 1191 337 254
1537 1193 98 510
1637 1193 66 254
1705 1193 179 254
1886 1193 78 254
1966 1193 66 254
2034 1193 66 254
2102 1193 66 254
2170 1193 66 254
2238 1193 145 254
2385 1193 191 254
2578 1193 333 254
1637 1449 66 254
1705 1449 179 254
1886 1449 78 254
1966 1449 66 254
2034 1449 66 254
2102 1449 66 254
2170 1449 66 254
2238 1449 145 254
2385 1449 191 254
2578 1449 333 254
156 1451 95 252
253 1451 66 252
321 1451 180 252
502 1451 78 252
582 1451 66 252
650 1451 66 252
718 1451 66 252
786 1451 66 252
854 1451 146 252
1002 1451 190 252
1194 1451 337 252
156 1709 95 252
253 1709 66 252
321 1709 180 252
502 1709 78 252
582 1709 66 252
650 1709 66 252
718 1709 66 252
786 1709 66 252
854 1709 146 252
1002 1709 190 252
1194 1709 337 252
1537 1709 98 510
1637 1709 66 254
1705 1709 179 254
1886 1709 78 254
1966 1709 66 254
2034 1709 66 254
2102 1709 66 254
2170 1709 66 254
2238 1709 145 254
2385 1709 191 254
2578 1723 333 240
1637 1964 66 255
1705 1964 179 255
1886 1964 78 255
1966 1964 66 255
2034 1964 66 255
2102 1964 66 255
2170 1964 66 255
2238 1964 145 255
2385 1964 191 255
2578 1964 333 255
156 1966 95 768
253 1966 66 255
321 1966 180 255
502 1966 78 255
582 1966 66 255
650 1966 66 255
718 1966 66 255
786 1966 66 255
854 1966 146 255
1002 1966 190 255
1194 1966 337 255
253 2222 66 256
321 2222 180 256
502 2222 78 256
582 2222 66 256
650 2222 66 256
718 2222 66 256
786 2222 66 256
854 2222 146 256
1002 2222 190 256
1194 2222 337 256
1537 2224 98 510
1637 2224 66 254
1705 2224 179 254
1886 2224 78 254
1966 2224 66 254
2034 2224 66 254
2102 2224 66 254
2170 2224 66 254
2238 2224 145 254
2385 2224 191 254
2578 2224 333 254
253 2480 66 254
321 2480 180 254
502 2480 78 192
582 2480 66 254
650 2480 66 254
718 2480 66 254
786 2480 66 254
854 2480 146 254
1002 2480 190 254
1194 2480 337 254
1637 2480 66 254
1705 2480 179 254
1886 2480 78 254
1966 2480 66 254
2034 2480 66 254
2102 2480 66 254
2170 2480 66 254
2238 2480 145 254
2385 2480 191 254
2578 2480 333 254
156 2739 95 768
253 2739 66 255
321 2739 180 255
502 2739 78 255
582 2739 66 255
650 2739 66 255
718 2739 66 255
786 2739 66 255
854 2739 146 255
1002 2739 190 255
1194 2739 337 255
1537 2739 1374 1461
253 2996 66 255
321 2996 180 255
502 2996 78 255
582 2996 66 255
650 2996 66 255
718 2996 66 255
786 2996 66 255
854 2996 146 255
1002 2996 190 255
1194 2996 337 255
253 3253 66 254
321 3253 180 254
502 3253 78 254
582 3253 66 254
650 3253 66 254
718 3253 66 254
786 3253 66 254
854 3253 146 254
1002 3253 190 254
1194 3253 337 254
156 3513 1375 687
156 4206 2755 104
