142 164 2244 219
142 385 2244 169
142 556 78 111
222 556 169 111
393 556 196 111
591 556 168 111
761 556 83 111
846 556 140 111
988 556 168 111
1158 556 140 111
1300 556 196 111
1498 556 888 111
142 669 78 225
393 669 196 225
591 669 168 225
761 669 83 225
846 669 140 225
988 669 168 225
1158 669 140 225
1300 669 196 225
1498 669 888 225
142 896 78 224
393 896 196 224
591 896 168 224
761 896 83 224
846 896 140 224
988 896 168 224
1158 896 140 224
1300 896 196 224
1498 896 888 224
142 1122 2244 112
142 1236 2244 111
142 1349 2244 1523
