12 11 2245 226
12 239 2245 168
12 410 78 110
93 410 167 110
263 410 195 110
460 410 168 110
631 410 82 110
716 410 139 110
858 410 167 110
1028 410 253 110
1283 410 253 110
1539 410 718 110
93 522 167 210
12 523 78 224
263 523 195 224
460 523 168 224
631 523 82 224
716 523 139 224
858 523 167 224
1028 523 253 224
1283 523 253 224
1539 523 718 224
12 750 78 224
263 750 195 224
460 750 168 224
631 750 82 224
716 750 139 224
858 750 167 224
1028 750 253 224
1283 750 253 224
1539 750 718 224
12 977 2245 110
12 1090 2245 110
12 1203 2245 111
12 1317 1126 1518
1141 1317 1116 1518
