106 90 2851 276
106 368 2851 222
106 592 95 83
203 592 275 83
480 592 224 83
706 592 89 83
797 592 66 83
865 592 123 83
990 592 195 83
1187 592 304 83
1493 592 405 83
1900 592 1057 83
106 677 95 338
203 677 275 338
480 677 224 338
706 677 89 338
797 677 66 338
865 677 123 338
990 677 195 338
1187 677 304 338
1493 677 405 338
1900 677 1057 338
106 1017 95 338
203 1017 275 338
480 1017 224 338
706 1017 89 338
797 1017 66 338
865 1017 123 338
990 1017 195 338
1187 1017 304 338
1493 1017 405 338
1900 1017 1057 338
106 1357 2851 2166
106 3523 1495 694
1604 3526 1353 55
2507 3582 450 68
1604 3583 133 67
1738 3583 386 67
2125 3583 381 67
1604 3651 133 79
1738 3651 386 79
2125 3651 381 79
2507 3651 450 79
1604 3731 133 80
1738 3731 386 80
2125 3731 381 80
2507 3731 450 80
1604 3812 133 79
1738 3812 386 79
2125 3812 381 79
2507 3812 450 79
1601 3894 1356 323
