142 164 2244 219
142 385 2244 168
142 555 78 112
222 555 169 112
393 555 196 112
591 555 111 112
704 555 55 112
761 555 111 112
874 555 111 112
987 555 169 112
1158 555 281 112
1441 555 945 112
142 669 78 225
222 669 169 225
393 669 196 225
591 669 111 225
704 669 55 225
761 669 111 225
874 669 111 225
987 669 169 225
1158 669 281 225
1441 669 945 225
142 896 78 224
222 896 169 148
393 896 196 224
591 896 111 224
704 896 55 224
761 896 111 224
874 896 111 224
987 896 169 224
1158 896 281 224
1441 896 945 224
142 1122 2244 452
142 1576 2244 1523
