154 188 2754 328
154 529 2754 252
154 786 95 201
251 786 66 201
318 786 180 201
500 786 78 201
579 786 67 201
647 786 67 201
715 786 67 201
784 786 66 201
852 786 146 201
999 786 191 201
1192 786 337 201
1534 786 99 201
1634 786 66 201
1702 786 180 201
1883 786 79 201
1963 786 66 201
2031 786 66 201
2099 786 67 201
2167 786 67 201
2235 786 146 201
2383 786 191 201
2575 786 333 201
154 989 95 914
251 989 66 457
318 989 180 457
500 989 78 457
579 989 67 457
647 989 67 457
715 989 67 457
784 989 66 457
852 989 146 457
999 989 191 457
1192 989 337 457
1534 989 99 914
1634 989 66 457
1702 989 180 457
1883 989 79 457
1963 989 66 457
2031 989 66 457
2099 989 67 457
2167 989 67 457
2235 989 146 457
2383 989 191 457
2575 989 333 457
251 1447 66 456
318 1447 180 456
500 1447 78 456
579 1447 67 456
647 1447 67 456
715 1447 67 456
784 1447 66 456
852 1447 146 456
999 1447 191 456
1192 1447 337 456
1634 1447 66 456
1702 1447 180 456
1883 1447 79 456
1963 1447 66 456
2031 1447 66 456
2099 1447 67 456
2167 1447 67 456
2235 1447 146 456
2383 1447 191 456
2575 1447 333 456
154 1908 95 912
251 1908 66 455
318 1908 180 455
500 1908 78 455
579 1908 67 455
647 1908 67 455
715 1908 67 455
784 1908 66 455
852 1908 146 455
999 1908 191 455
1192 1908 337 455
1534 1908 99 912
1634 1908 66 455
1702 1908 180 455
1883 1908 79 455
1963 1908 66 455
2031 1908 66 455
2099 1908 67 455
2167 1908 67 455
2235 1908 146 455
2383 1908 191 455
2575 1908 333 455
251 2365 66 455
318 2365 180 455
500 2365 78 455
579 2365 67 455
647 2365 67 455
715 2365 67 455
784 2365 66 455
852 2365 146 455
999 2365 191 455
1192 2365 337 455
1634 2365 66 455
1702 2365 180 455
1883 2365 79 455
1963 2365 66 455
2031 2365 66 455
2099 2365 67 455
2167 2365 67 455
2235 2365 146 455
2383 2365 191 455
2575 2365 333 455
154 2826 95 1372
251 2826 66 455
318 2826 180 455
500 2826 78 455
579 2826 67 455
647 2826 67 455
715 2826 67 455
784 2826 66 455
852 2826 146 455
999 2826 191 455
1192 2826 337 455
1534 2826 99 1372
1634 2826 66 455
1702 2826 180 455
1883 2826 79 455
1963 2826 66 455
2031 2826 66 455
2099 2826 67 455
2167 2826 67 455
2235 2826 146 455
2383 2826 191 455
2575 2826 333 455
251 3283 66 457
318 3283 180 457
500 3283 78 457
579 3283 67 457
647 3283 67 457
715 3283 67 457
784 3283 66 457
852 3283 146 457
999 3283 191 457
1192 3283 337 457
1634 3283 66 457
1702 3283 180 457
1883 3283 79 457
1963 3283 66 457
2031 3283 66 457
2099 3283 67 457
2167 3283 67 457
2235 3283 146 457
2383 3283 191 457
2575 3283 333 457
251 3742 66 456
318 3742 180 456
500 3742 78 456
579 3742 67 456
647 3742 67 456
715 3742 67 456
784 3742 66 456
852 3742 146 456
999 3742 191 456
1192 3742 337 456
1634 3742 66 456
1702 3742 180 456
1883 3742 79 456
1963 3742 66 456
2031 3742 66 456
2099 3742 67 456
2167 3742 67 456
2235 3742 146 456
2383 3742 191 456
2575 3742 333 456
154 4203 2754 105
