106 88 2851 276
106 366 2851 221
106 589 95 83
203 589 265 83
470 589 234 83
706 589 89 83
797 589 66 83
865 589 123 83
990 589 195 83
1187 589 272 83
1461 590 437 71
1900 590 1057 82
106 674 95 338
203 674 265 29
470 674 234 338
706 674 89 338
797 674 66 338
865 674 123 338
990 674 195 338
1187 674 272 338
1461 674 436 338
1900 674 1057 338
423 766 45 181
203 777 49 52
203 829 48 125
106 1014 95 339
470 1014 234 339
706 1014 89 339
797 1014 66 339
865 1014 123 339
990 1014 195 339
1187 1014 272 339
1461 1014 436 339
1900 1014 1054 339
203 1015 259 28
203 1115 43 51
422 1122 40 49
203 1169 40 132
424 1173 38 131
106 1355 2851 2130
106 3485 1494 729
1603 3488 1354 54
1603 3543 134 68
1738 3543 385 68
2124 3543 382 68
2507 3543 450 68
1603 3612 134 91
1738 3612 385 91
2124 3612 382 91
2507 3612 450 91
1603 3704 134 92
1738 3704 385 92
2124 3704 382 92
2507 3704 450 92
1603 3797 134 91
1738 3797 385 91
2124 3797 382 91
2507 3797 450 91
1600 3891 1357 323
