11 11 2903 221
11 233 2903 225
11 459 90 67
102 459 254 67
357 459 96 67
454 459 95 67
550 459 96 67
647 459 95 67
743 459 95 67
839 459 198 67
1038 459 418 67
1457 459 1457 67
11 527 90 334
102 527 254 334
357 527 96 334
454 527 95 334
550 527 96 334
647 527 95 334
743 527 95 334
839 527 198 334
1038 527 418 334
1457 527 1457 334
1492 3424 1410 44
1492 3469 78 45
1571 3469 115 45
1687 3469 314 45
2002 3469 486 45
2489 3469 413 45
1492 3515 78 44
1571 3515 115 44
1687 3515 314 44
2002 3515 486 44
2489 3515 413 44
1492 3560 78 44
1571 3560 115 44
1687 3560 314 44
2002 3560 486 44
2489 3560 413 44
1492 3605 78 45
1571 3605 115 45
1687 3605 314 45
2002 3605 486 45
2489 3605 413 45
1492 3651 78 44
1571 3651 115 44
1687 3651 314 44
2002 3651 486 44
2489 3651 413 44
