10 10 2235 159
10 171 2235 151
10 324 88 95
99 324 178 95
279 324 126 95
406 324 180 95
588 324 50 95
639 324 119 95
760 324 117 95
878 324 208 95
1088 324 242 95
1332 324 913 95
10 420 88 224
279 420 126 224
406 420 180 224
588 420 50 224
639 420 119 224
760 420 117 224
878 420 208 224
1088 420 242 224
1332 420 913 224
252 510 25 22
10 646 88 227
279 646 126 227
406 646 180 227
588 646 50 227
639 646 119 227
760 646 117 227
1332 646 913 227
878 647 208 226
1088 647 242 226
246 706 31 28
279 874 126 225
406 874 180 225
588 874 50 225
639 874 119 225
760 874 117 225
878 874 208 225
1088 874 242 225
1332 874 913 225
10 875 88 224
10 1101 88 225
279 1101 126 225
406 1101 180 225
588 1101 50 225
639 1101 119 225
760 1101 117 225
878 1101 208 225
1088 1101 242 225
1332 1101 913 225
10 1328 2235 111
10 1441 2235 111
10 1554 1117 1507
1128 1554 1117 1507
