11 11 2903 221
11 233 2903 225
11 459 90 67
102 459 254 67
357 459 96 67
454 459 95 67
550 459 96 67
647 459 95 67
743 459 95 67
839 459 198 67
1038 459 418 67
1457 459 1457 67
11 527 90 334
102 527 254 334
357 527 96 334
454 527 95 334
550 527 96 334
647 527 95 334
743 527 95 334
839 527 198 334
1038 527 418 334
1457 527 1457 334
1492 3532 1410 44
1492 3577 78 44
1571 3577 115 44
1687 3577 314 44
2002 3577 486 44
2489 3577 413 44
1492 3622 78 45
1571 3622 115 45
1687 3622 314 45
2002 3622 486 45
2489 3622 413 45
1492 3668 78 44
1571 3668 115 44
1687 3668 314 44
2002 3668 486 44
2489 3668 413 44
