199 199 2777 332
199 533 2777 293
256 828 54 53
313 828 168 53
483 828 50 53
535 828 57 53
594 828 28 53
737 828 89 53
828 828 192 53
1022 828 560 53
1593 828 55 25
1650 828 54 53
1706 828 169 53
1877 828 50 53
1929 828 57 53
1988 828 28 53
2131 828 88 53
2222 828 192 53
2416 828 560 53
678 846 39 35
2018 854 36 27
624 859 35 22
199 883 55 311
256 883 54 311
313 883 168 311
483 883 50 311
535 883 57 311
594 883 28 311
624 883 52 311
678 883 57 311
737 883 89 311
828 883 192 311
1022 883 560 311
1593 883 55 625
1650 883 54 313
1706 883 169 313
1877 883 50 313
1929 883 57 313
1988 883 28 313
2018 883 52 313
2073 883 56 313
2131 883 88 313
2222 883 192 313
2416 883 560 313
1650 1198 54 310
1706 1198 169 310
1877 1198 50 310
1929 1198 57 310
1988 1198 28 310
2018 1198 52 310
2073 1198 56 310
2131 1198 88 310
2222 1198 192 310
2416 1198 560 310
199 1200 55 308
256 1200 54 308
313 1200 168 308
483 1200 50 308
535 1200 57 308
594 1200 28 308
624 1200 52 308
678 1200 57 308
737 1200 89 308
828 1200 192 308
1022 1200 560 308
199 1515 55 308
256 1515 54 308
313 1515 168 308
483 1515 50 308
535 1515 57 308
594 1515 28 308
624 1515 52 308
678 1515 57 308
737 1515 89 308
828 1515 192 308
1022 1515 560 308
1593 1515 55 1252
1650 1515 54 310
1706 1515 169 310
1877 1515 50 310
1929 1515 57 310
1988 1515 28 310
2018 1515 52 310
2073 1515 56 310
2131 1515 88 310
2222 1515 192 310
2416 1515 560 310
1650 1827 54 313
1706 1827 169 313
1877 1827 50 313
1929 1827 57 313
1988 1827 28 313
2018 1827 52 313
2073 1827 56 313
2131 1827 88 313
2222 1827 192 313
2416 1827 560 313
199 1830 55 307
256 1830 54 307
313 1830 168 307
483 1830 50 307
535 1830 57 307
594 1830 28 307
624 1830 52 307
678 1830 57 307
737 1830 89 307
828 1830 192 307
1022 1830 560 307
1650 2142 54 312
1706 2142 169 312
1877 2142 50 312
1929 2142 57 312
1988 2142 28 312
2018 2142 52 312
2073 2142 56 312
2131 2142 88 312
2222 2142 192 312
2416 2142 560 312
199 2144 55 623
256 2144 54 310
313 2144 168 310
483 2144 50 310
535 2144 57 310
594 2144 28 310
624 2144 52 310
678 2144 57 310
737 2144 89 310
828 2144 192 310
1022 2144 560 310
256 2457 54 310
313 2457 168 310
483 2457 50 310
535 2457 57 310
594 2457 28 310
624 2457 52 310
678 2457 57 310
737 2457 89 310
828 2457 192 310
1022 2457 560 310
1650 2457 54 310
1706 2457 169 310
1877 2457 50 310
1929 2457 57 310
1988 2457 28 310
2018 2457 52 310
2073 2457 56 310
2131 2457 88 310
2222 2457 192 310
2416 2457 560 310
199 2773 55 623
256 2773 54 311
313 2773 168 311
483 2773 50 311
535 2773 57 311
594 2773 28 311
624 2773 52 311
678 2773 57 311
737 2773 89 311
828 2773 192 311
1022 2773 560 311
1593 2773 55 308
1650 2773 54 308
1706 2773 169 308
1877 2773 50 308
1929 2773 57 308
1988 2773 28 308
2018 2773 52 308
2073 2773 56 308
2131 2773 88 308
2222 2773 192 308
2416 2773 560 308
256 3086 54 310
313 3086 168 310
483 3086 50 310
535 3086 57 310
594 3086 28 310
624 3086 52 310
678 3086 57 310
737 3086 89 310
828 3086 192 310
1022 3086 560 310
1593 3088 55 1254
1650 3088 54 310
1706 3088 169 310
1877 3088 50 310
1929 3088 57 310
1988 3088 28 310
2018 3088 52 310
2073 3088 56 310
2131 3088 88 310
2222 3088 192 310
2416 3088 560 310
1650 3401 54 312
1706 3401 169 312
1877 3401 50 312
1929 3401 57 312
1988 3401 28 312
2018 3401 52 312
2073 3401 56 312
2131 3401 88 312
2222 3401 192 312
2416 3401 560 312
199 3403 55 622
256 3403 54 310
313 3403 168 310
483 3403 50 310
535 3403 57 310
594 3403 28 310
624 3403 52 310
678 3403 57 310
737 3403 89 310
828 3403 192 310
1022 3403 560 310
256 3715 54 310
313 3715 168 310
483 3715 50 310
535 3715 57 310
594 3715 28 310
624 3715 52 310
678 3715 57 310
737 3715 89 310
828 3715 192 310
1022 3715 560 310
1650 3715 54 312
1706 3715 169 312
1877 3715 50 312
1929 3715 57 312
1988 3715 28 312
2018 3715 52 312
2073 3715 56 312
2131 3715 88 312
2222 3715 192 312
2416 3715 560 312
1650 4030 54 312
1706 4030 169 312
1877 4030 50 312
1929 4030 57 312
1988 4030 28 312
2018 4030 52 312
2073 4030 56 312
2131 4030 88 312
2222 4030 192 312
2416 4030 560 312
199 4032 55 310
256 4032 54 310
313 4032 168 310
483 4032 50 310
535 4032 57 310
594 4032 28 310
624 4032 52 310
678 4032 57 310
737 4032 89 310
828 4032 192 310
1022 4032 560 310
