156 114 2664 222
156 347 2664 226
156 586 43 94
202 586 42 94
247 586 186 94
436 586 131 94
570 586 69 94
642 586 47 94
692 586 49 94
743 586 50 94
796 586 124 94
922 586 148 94
1072 586 415 94
1492 586 48 94
1542 586 44 94
1588 586 187 94
1778 586 130 94
1911 586 69 94
1983 586 47 94
2032 586 49 94
2084 586 51 94
2138 586 121 94
2262 586 148 94
2413 586 407 94
156 683 43 636
202 683 42 317
247 683 186 317
436 683 131 317
570 683 69 317
642 683 47 317
692 683 49 317
743 683 50 317
796 683 124 317
922 683 148 317
1072 683 415 317
1492 683 48 636
1542 683 44 317
1588 683 187 317
1778 683 130 317
1911 683 69 317
1983 683 47 317
2032 683 49 317
2084 683 51 317
2138 683 121 317
2262 683 148 317
2413 683 407 317
202 1003 42 316
247 1003 186 316
436 1003 131 316
570 1003 69 316
642 1003 47 316
692 1003 49 316
743 1003 50 316
796 1003 124 316
922 1003 148 316
1072 1003 415 316
1542 1003 44 316
1588 1003 187 316
1778 1003 130 316
1911 1003 69 316
1983 1003 47 316
2032 1003 49 316
2084 1003 51 316
2138 1003 121 316
2262 1003 148 316
2413 1003 407 316
156 1325 43 953
202 1325 42 315
247 1325 186 315
436 1325 131 315
570 1325 69 315
642 1325 47 315
692 1325 49 315
743 1325 50 315
796 1325 124 315
922 1325 148 315
1072 1325 415 315
1492 1325 48 633
1542 1325 44 315
1588 1325 187 315
1778 1325 130 315
1911 1325 69 315
1983 1325 47 315
2032 1325 49 315
2084 1325 51 315
2138 1325 121 315
2262 1325 148 315
2413 1325 407 315
202 1643 42 316
247 1643 186 316
436 1643 131 316
570 1643 69 316
642 1643 47 316
692 1643 49 316
743 1643 50 316
796 1643 124 316
922 1643 148 316
1072 1643 415 316
1542 1643 44 315
1588 1643 187 315
1778 1643 130 315
1911 1643 69 315
1983 1643 47 315
2032 1643 49 315
2084 1643 51 315
2138 1643 121 315
2262 1643 148 315
2413 1643 407 315
202 1962 42 316
247 1962 186 316
436 1962 131 316
570 1962 69 316
642 1962 47 316
692 1962 49 316
743 1962 50 316
796 1962 124 316
922 1962 148 316
1072 1962 415 316
1492 1964 48 314
1542 1964 44 314
1588 1964 187 314
1778 1964 130 314
1911 1964 69 314
1983 1964 47 314
2032 1964 49 314
2084 1964 51 314
2138 1964 121 314
2262 1964 148 314
2413 1964 407 314
156 2284 43 954
202 2284 42 315
247 2284 186 315
436 2284 131 315
570 2284 69 315
642 2284 47 315
692 2284 49 315
743 2284 50 315
796 2284 124 315
922 2284 148 315
1072 2284 415 315
1492 2284 48 314
1542 2284 44 314
1588 2284 187 314
1778 2284 130 314
1911 2284 69 314
1983 2284 47 314
2032 2284 49 314
2084 2284 51 314
2138 2284 121 314
2262 2284 148 314
2413 2284 407 314
202 2602 42 317
247 2602 186 317
436 2602 131 317
570 2602 69 317
642 2602 47 317
692 2602 49 317
743 2602 50 317
796 2602 124 317
922 2602 148 317
1072 2602 415 317
1492 2604 48 314
1542 2604 44 314
1588 2604 187 314
1778 2604 130 314
1911 2604 69 314
1983 2604 47 314
2032 2604 49 314
2084 2604 51 314
2138 2604 121 314
2262 2604 148 314
2413 2604 407 314
202 2922 42 316
247 2922 186 316
436 2922 131 316
570 2922 69 316
642 2922 47 316
692 2922 49 316
743 2922 50 316
796 2922 124 316
922 2922 148 316
1072 2922 415 316
1492 2924 48 314
1542 2924 44 314
1588 2924 187 314
1778 2924 130 314
1911 2924 69 314
1983 2924 47 314
2032 2924 49 314
2084 2924 51 314
2138 2924 121 314
2262 2924 148 314
2413 2924 407 314
156 3243 1331 956
1492 3243 1328 956
