105 89 2851 276
105 367 2851 221
105 590 95 83
202 590 280 83
484 590 225 83
711 590 88 83
801 590 67 83
870 590 122 83
994 590 196 83
1192 590 285 83
1479 590 434 83
1915 590 1041 83
105 675 95 339
202 675 280 35
484 675 225 339
711 675 88 339
801 675 67 339
870 675 122 339
994 675 196 339
1192 675 285 339
1479 675 434 339
1915 675 1041 339
202 779 49 154
438 783 44 154
105 1016 95 338
202 1016 280 332
484 1016 225 338
711 1016 88 338
801 1016 67 338
870 1016 122 338
994 1016 196 338
1192 1016 285 338
1479 1016 434 338
1915 1016 1041 338
105 1356 2851 2198
105 3554 1495 661
1603 3557 1353 55
1603 3613 134 68
1738 3613 385 68
2124 3613 381 68
2506 3613 450 68
1603 3682 134 102
1738 3682 385 102
2124 3682 381 102
2506 3682 450 102
1603 3785 134 105
1738 3785 385 105
2124 3785 381 105
2506 3785 450 105
1600 3893 1356 322
