12 12 2256 219
12 234 2256 167
12 404 77 111
92 404 167 111
262 404 196 111
461 404 167 111
631 404 82 111
716 404 139 111
858 404 167 111
1028 404 252 111
1283 404 252 111
1538 404 730 111
12 517 77 224
262 517 196 224
461 517 167 224
631 517 82 224
716 517 139 224
858 517 167 224
1028 517 252 224
1283 517 252 224
1538 517 730 224
172 718 87 23
12 744 77 224
262 744 196 224
461 744 167 224
631 744 82 224
716 744 139 224
858 744 167 224
1028 744 252 224
1283 744 252 224
1538 744 730 224
12 971 77 224
262 971 196 224
461 971 167 224
631 971 82 224
716 971 139 224
858 971 167 224
1028 971 252 224
1283 971 252 224
1538 971 730 224
12 1198 2256 110
12 1311 2256 111
12 1424 2256 111
12 1538 1069 1580
1084 1538 1184 1580
