12 12 2850 245
12 261 2850 222
12 487 2850 74
12 564 109 109
125 564 336 109
465 564 109 109
578 564 68 109
650 564 63 109
717 564 121 109
842 564 108 109
954 564 335 109
1293 564 442 109
1739 564 1123 109
12 677 109 417
125 677 336 417
465 677 109 417
578 677 68 417
650 677 63 417
717 677 121 417
842 677 108 417
954 677 335 417
1293 677 442 417
1739 677 1123 417
12 1098 109 417
125 1098 336 417
465 1098 109 417
578 1098 68 417
650 1098 63 417
717 1098 121 417
842 1098 108 417
954 1098 335 417
1293 1098 442 417
1739 1098 1123 417
12 1519 109 417
125 1519 336 417
465 1519 109 417
578 1519 68 417
650 1519 63 417
717 1519 121 417
842 1519 108 417
954 1519 335 417
1293 1519 442 417
1739 1519 1123 417
12 1940 2850 2169
