11 11 2903 221
11 233 2903 225
11 459 90 67
102 459 254 67
357 459 96 67
454 459 95 67
550 459 96 67
647 459 95 67
743 459 95 67
839 459 198 67
1038 459 418 67
1457 459 1457 67
11 527 90 334
102 527 254 334
357 527 96 334
454 527 95 334
550 527 96 334
647 527 95 334
743 527 95 334
839 527 198 334
1038 527 418 334
1457 527 1457 334
1492 3227 1410 44
1492 3272 78 45
1571 3272 115 45
1687 3272 314 45
2002 3272 486 45
2489 3272 413 45
1492 3318 78 44
1571 3318 115 44
1687 3318 314 44
2002 3318 486 44
2489 3318 413 44
1492 3363 78 44
1571 3363 115 44
1687 3363 314 44
2002 3363 486 44
2489 3363 413 44
1492 3408 78 45
1571 3408 115 45
1687 3408 314 45
2002 3408 486 45
2489 3408 413 45
1492 3454 78 44
1571 3454 115 44
1687 3454 314 44
2002 3454 486 44
2489 3454 413 44
1492 3499 78 44
1571 3499 115 44
1687 3499 314 44
2002 3499 486 44
2489 3499 413 44
1492 3544 78 45
1571 3544 115 45
1687 3544 314 45
2002 3544 486 45
2489 3544 413 45
1492 3590 78 44
1571 3590 115 44
1687 3590 314 44
2002 3590 486 44
2489 3590 413 44
