183 258 2619 154
183 414 2619 85
183 502 126 85
311 502 215 85
529 502 215 85
747 502 178 85
928 502 98 85
1028 502 253 85
1283 502 252 85
1538 502 191 85
1732 502 390 85
2124 502 678 85
183 589 126 304
311 589 215 304
529 589 215 304
747 589 178 304
928 589 98 304
1028 589 253 304
1283 589 252 304
1538 589 191 304
1732 589 390 304
2124 589 678 304
183 896 126 304
311 896 215 304
529 896 215 304
747 896 178 304
928 896 98 304
1028 896 253 304
1283 896 252 304
1538 896 191 304
1732 896 390 304
2124 896 678 304
183 1202 126 300
311 1202 215 300
529 1202 215 300
747 1202 178 300
928 1202 98 300
1028 1202 253 300
1283 1202 252 300
1538 1202 191 300
1732 1202 390 300
2124 1202 678 300
183 1537 2619 162
183 1701 2619 85
183 1789 42 85
227 1789 48 85
278 1789 179 85
460 1789 147 85
610 1789 58 85
670 1789 37 85
709 1789 45 85
756 1789 54 85
813 1789 110 85
926 1789 140 85
1069 1789 422 85
1493 1789 48 85
1543 1789 47 85
1593 1789 180 85
1776 1789 147 85
1925 1789 58 85
1986 1789 36 85
2024 1789 46 85
2072 1789 54 85
2128 1789 111 85
2241 1789 133 85
2377 1789 425 85
183 1877 42 2141
227 1877 48 304
278 1877 179 304
460 1877 147 304
610 1877 58 304
670 1877 37 304
709 1877 45 304
756 1877 54 304
813 1877 110 304
926 1877 140 304
1068 1877 423 304
1493 1877 48 610
1543 1877 47 304
1593 1877 180 304
1776 1877 147 304
1925 1877 58 304
1986 1877 36 304
2024 1877 46 304
2072 1877 54 304
2128 1877 111 304
2241 1877 133 304
2377 1877 425 304
227 2183 48 304
278 2183 179 304
460 2183 147 304
610 2183 58 304
670 2183 37 304
709 2183 45 304
756 2183 54 304
813 2183 110 304
926 2183 140 304
1068 2183 423 304
1543 2183 47 304
1593 2183 180 304
1776 2183 147 304
1925 2183 58 304
1986 2183 36 133
2024 2183 46 304
2072 2183 54 304
2128 2183 111 304
2241 2183 133 304
2377 2183 425 304
1986 2346 36 141
227 2489 48 305
278 2489 179 305
460 2489 147 305
610 2489 58 305
670 2489 37 305
709 2489 45 305
756 2489 54 305
813 2489 110 305
926 2489 140 305
1068 2489 423 305
1493 2489 48 1224
1543 2489 47 305
1593 2489 180 305
1776 2489 147 305
1925 2489 58 305
1986 2489 36 305
2024 2489 46 305
2072 2489 54 305
2128 2489 111 305
2241 2489 133 305
2377 2489 425 305
227 2796 48 304
278 2796 179 304
460 2796 147 304
610 2796 58 304
670 2796 37 304
709 2796 45 304
756 2796 54 304
813 2796 110 304
926 2796 140 304
1068 2796 423 304
1543 2796 47 304
1593 2796 180 304
1776 2796 147 304
1925 2796 58 304
1986 2796 36 132
2024 2796 46 304
2072 2796 54 304
2128 2796 111 304
2241 2796 133 304
2377 2796 425 304
1986 2958 36 142
227 3102 48 304
278 3102 179 304
460 3102 147 304
610 3102 58 304
670 3102 37 304
709 3102 45 304
756 3102 54 304
813 3102 110 304
926 3102 140 304
1068 3102 423 304
1543 3102 47 304
1593 3102 180 304
1776 3102 147 304
1925 3102 58 304
1986 3102 36 304
2024 3102 46 304
2072 3102 54 304
2128 3102 111 304
2241 3102 133 304
2377 3102 425 304
227 3409 48 304
278 3409 179 304
460 3409 147 304
610 3409 58 304
670 3409 37 304
709 3409 45 304
756 3409 54 304
813 3409 110 304
926 3409 140 304
1068 3409 423 304
1543 3409 47 304
1593 3409 180 304
1776 3409 147 304
1925 3409 58 304
1986 3409 36 304
2024 3409 46 304
2072 3409 54 304
2128 3409 111 304
2241 3409 133 304
2377 3409 425 304
227 3716 48 303
278 3716 179 303
460 3716 147 303
610 3716 58 303
670 3716 37 303
709 3716 45 303
756 3716 54 303
813 3716 110 303
926 3716 140 303
1068 3716 423 303
1493 3716 1309 303
183 4022 2619 116
