154 188 2754 328
154 529 2754 252
154 786 84 178
239 786 214 178
455 786 99 178
555 786 267 178
823 786 77 178
902 786 77 178
981 786 198 178
1181 786 236 178
1419 786 338 178
1759 786 1149 178
154 966 84 327
239 966 214 327
455 966 99 327
555 966 267 327
823 966 77 327
902 966 77 327
981 966 198 327
1181 966 236 327
1419 966 338 327
1759 966 1149 327
154 1295 84 326
239 1295 214 326
455 1295 99 326
555 1295 267 326
823 1295 77 326
902 1295 77 326
981 1295 198 326
1181 1295 236 326
1419 1295 338 326
1759 1295 1149 326
154 1626 2754 82
154 1766 2754 328
154 2107 2754 252
154 2364 2754 155
154 2521 84 203
239 2521 180 203
421 2521 77 203
500 2521 66 203
568 2521 67 203
636 2521 67 203
704 2521 67 203
772 2521 146 203
919 2521 192 203
1112 2521 417 203
1534 2521 87 203
1623 2521 180 203
1804 2521 78 203
1883 2521 67 203
1952 2521 66 203
2020 2521 66 203
2088 2521 66 203
2156 2521 146 203
2303 2521 192 203
2496 2521 412 203
154 2725 84 368
239 2725 180 368
421 2725 77 368
500 2725 66 368
568 2725 67 368
636 2725 67 368
704 2725 67 368
772 2725 146 368
919 2725 192 368
1112 2725 417 368
1534 2725 87 368
1623 2725 180 368
1804 2725 78 368
1883 2725 67 368
1952 2725 66 368
2020 2725 66 368
2088 2725 66 368
2156 2725 146 368
2303 2725 192 368
2496 2725 412 368
154 3094 84 368
239 3094 180 368
421 3094 77 368
500 3094 66 368
568 3094 67 368
636 3094 67 368
704 3094 67 368
772 3094 146 368
919 3094 192 368
1112 3094 417 368
1534 3094 87 368
1623 3094 180 368
1804 3094 78 368
1883 3094 67 368
1952 3094 66 368
2020 3094 66 368
2088 3094 66 368
2156 3094 146 368
2303 3094 192 368
2496 3094 412 368
154 3463 84 368
239 3463 180 368
421 3463 77 368
500 3463 66 368
568 3463 67 368
636 3463 67 368
704 3463 67 368
772 3463 146 368
919 3463 192 368
1112 3463 417 368
1534 3463 87 368
1623 3463 180 368
1804 3463 78 368
1883 3463 67 368
1952 3463 66 368
2020 3463 66 368
2088 3463 66 368
2156 3463 146 368
2303 3463 192 368
2496 3463 412 368
154 3833 84 365
239 3833 180 365
421 3833 77 365
500 3833 66 365
568 3833 67 365
636 3833 67 365
704 3833 67 365
772 3833 146 365
919 3833 192 365
1112 3833 417 365
1534 3833 87 365
1623 3833 180 365
1804 3833 78 365
1883 3833 67 365
1952 3833 66 365
2020 3833 66 365
2088 3833 66 365
2156 3833 146 365
2303 3833 192 365
2496 3833 412 365
154 4203 2754 105
