6 6 2197 182
6 189 2197 118
6 308 78 75
85 308 197 75
283 308 197 75
481 308 209 75
691 308 67 75
759 308 118 75
878 308 127 75
1006 308 180 75
1187 308 285 75
1474 308 729 75
6 384 78 225
85 384 197 225
283 384 197 225
481 384 209 225
691 384 67 225
759 384 118 225
878 384 127 225
1006 384 180 225
1474 384 729 211
1187 488 285 28
1187 522 285 87
6 611 78 225
85 611 197 225
283 611 197 225
481 611 209 225
691 611 67 225
759 611 118 225
878 611 127 225
1006 611 180 225
1187 611 285 225
1474 611 729 225
6 837 2197 629
