11 11 2257 220
11 234 2257 167
11 404 78 111
92 404 167 111
262 404 196 111
461 404 167 111
631 404 82 111
716 404 139 111
858 404 167 111
1028 404 252 111
1283 404 252 111
1538 404 730 111
11 517 78 224
262 517 196 224
461 517 167 224
631 517 82 224
716 517 139 224
858 517 167 224
1028 517 252 224
1283 517 252 224
1538 517 730 224
233 587 26 23
92 605 31 23
11 744 78 224
262 744 196 224
461 744 167 224
631 744 82 224
716 744 139 224
858 744 167 224
1028 744 252 224
1283 744 252 224
1538 744 730 224
11 971 78 224
262 971 196 224
461 971 167 224
631 971 82 224
716 971 139 224
858 971 167 224
1028 971 252 224
1283 971 252 224
1538 971 730 224
11 1198 78 224
262 1198 196 224
461 1198 167 224
631 1198 82 224
716 1198 139 224
858 1198 167 224
1028 1198 252 224
1283 1198 252 224
1538 1198 730 224
11 1424 78 224
262 1424 196 224
461 1424 167 224
631 1424 82 224
716 1424 139 224
858 1424 167 224
1028 1424 252 224
1283 1424 252 224
1538 1424 730 224
11 1651 2257 111
11 1765 2257 110
11 1878 2257 111
11 1991 2257 111
11 2105 2257 110
11 2218 1070 1580
1084 2218 1184 1580
