139 216 108 125
251 216 213 125
468 216 148 125
621 216 66 125
691 216 65 125
760 216 66 125
830 216 66 125
1692 216 1265 125
901 217 787 124
139 345 108 234
251 345 213 234
468 345 148 234
621 345 66 234
691 345 65 234
760 345 66 234
830 345 66 234
901 345 787 234
1692 345 1265 234
139 583 108 234
251 583 213 234
468 583 148 234
621 583 66 234
691 583 65 234
760 583 66 234
830 583 66 234
901 583 787 234
1692 583 1265 234
139 821 108 234
251 821 213 234
468 821 148 234
621 821 66 234
691 821 65 234
760 821 66 234
830 821 66 234
901 821 787 234
1692 821 1265 234
139 1059 108 234
251 1059 213 234
468 1059 148 234
621 1059 66 234
691 1059 65 234
760 1059 66 234
830 1059 66 234
901 1059 787 234
1692 1059 1265 234
139 1297 108 234
251 1297 213 234
468 1297 148 234
621 1297 66 234
691 1297 65 234
760 1297 66 234
830 1297 66 234
901 1297 787 234
1692 1297 1265 234
139 1535 108 234
251 1535 213 234
468 1535 148 234
621 1535 66 234
691 1535 65 234
760 1535 66 234
830 1535 66 234
901 1535 787 234
1692 1535 1265 234
139 1857 108 125
251 1857 213 125
468 1857 148 125
621 1857 66 125
691 1857 65 125
760 1857 66 125
830 1857 66 125
901 1857 787 125
1692 1857 1265 125
139 1986 108 234
251 1986 213 234
468 1986 148 234
621 1986 66 234
691 1986 65 234
760 1986 66 234
830 1986 66 234
901 1986 787 234
1692 1986 1265 234
139 2224 108 234
251 2224 213 234
468 2224 148 234
621 2224 66 234
691 2224 65 234
760 2224 66 234
830 2224 66 234
901 2224 787 234
1692 2224 1265 234
139 2462 108 234
251 2462 213 234
468 2462 148 234
621 2462 66 234
691 2462 65 234
760 2462 66 234
830 2462 66 234
901 2462 787 234
1692 2462 1265 234
139 2700 108 234
251 2700 213 234
468 2700 148 234
621 2700 66 234
691 2700 65 234
760 2700 66 234
830 2700 66 234
901 2700 787 234
1692 2700 1265 234
139 2938 108 232
251 2938 213 232
468 2938 148 232
621 2938 66 232
691 2938 65 232
760 2938 66 232
830 2938 66 232
901 2938 787 232
1692 2938 1265 232
139 3267 108 125
251 3267 213 125
468 3267 148 125
621 3267 66 125
691 3267 65 125
760 3267 66 125
830 3267 66 125
901 3267 787 125
1692 3267 1265 125
139 3396 108 235
251 3396 213 235
468 3396 148 235
621 3396 66 235
691 3396 65 235
760 3396 66 235
830 3396 66 235
901 3396 787 235
1692 3396 1265 235
139 3635 108 234
251 3635 213 234
468 3635 148 234
621 3635 66 234
691 3635 65 234
760 3635 66 234
830 3635 66 234
901 3635 787 234
1692 3635 1265 234
139 3873 108 234
251 3873 213 234
468 3873 148 234
621 3873 66 234
691 3873 65 234
760 3873 66 234
830 3873 66 234
901 3873 787 234
1692 3873 1265 234
139 4111 108 234
251 4111 213 234
468 4111 148 234
621 4111 66 234
691 4111 65 234
760 4111 66 234
830 4111 66 234
901 4111 787 234
1692 4111 1265 234
