142 164 2244 219
142 385 2244 169
142 556 78 111
222 556 169 111
393 556 196 111
591 556 168 111
761 556 83 111
846 556 140 111
988 556 168 111
1158 556 140 111
1300 556 168 111
1470 556 916 111
142 669 78 225
222 669 169 109
393 669 196 225
591 669 168 225
761 669 83 225
846 669 140 225
988 669 168 225
1158 669 140 225
1300 669 168 225
1470 669 916 225
222 779 32 46
354 802 37 24
142 896 78 224
393 896 196 224
591 896 168 224
761 896 83 224
846 896 140 224
988 896 168 224
1158 896 140 224
1300 896 168 224
1470 896 916 224
222 949 22 36
370 966 21 154
142 1122 78 225
393 1122 196 225
591 1122 168 225
761 1122 83 225
846 1122 140 225
988 1122 168 225
1158 1122 140 225
1300 1122 168 225
1470 1122 916 225
222 1221 26 86
142 1349 2244 112
142 1463 2244 111
142 1576 2244 111
142 1689 2244 112
142 1803 2244 1523
