149 113 2665 222
149 347 2665 225
149 586 44 94
194 586 44 94
241 586 186 94
430 586 130 94
563 586 69 94
635 586 47 94
684 586 49 94
736 586 51 94
790 586 124 94
916 586 147 94
1065 586 415 94
1486 586 48 94
1536 586 43 94
1582 586 186 94
1771 586 131 94
1904 586 70 94
1977 586 46 94
2026 586 49 94
2078 586 50 94
2130 586 123 94
2256 586 148 94
2407 586 407 94
149 683 44 635
194 683 44 317
241 683 186 317
430 683 130 317
563 683 69 317
635 683 47 317
684 683 49 317
736 683 51 317
790 683 124 317
916 683 147 317
1065 683 415 317
1486 683 48 316
1536 683 43 316
1582 683 186 316
1771 683 131 316
1904 683 70 316
1977 683 46 316
2026 683 49 316
2078 683 50 316
2130 683 123 316
2256 683 148 316
2407 683 407 316
1486 999 45 319
1536 1001 43 317
1582 1001 186 317
1771 1001 131 317
1904 1001 70 317
1977 1001 46 317
2026 1001 49 317
2078 1001 50 317
2130 1001 123 317
2256 1001 148 317
2407 1001 407 317
194 1003 44 315
241 1003 186 315
430 1003 130 315
563 1003 69 315
635 1003 47 315
684 1003 49 315
736 1003 51 315
790 1003 124 315
916 1003 147 315
1065 1003 415 315
149 1324 44 633
194 1324 44 315
241 1324 186 315
430 1324 130 315
563 1324 69 315
635 1324 47 315
684 1324 49 315
736 1324 51 315
790 1324 124 315
916 1324 147 315
1065 1324 415 315
1486 1324 48 633
1536 1324 43 312
1582 1324 186 312
1771 1324 131 312
1904 1324 70 312
1977 1324 46 312
2026 1324 49 312
2078 1324 50 312
2130 1324 123 312
2256 1324 148 312
2407 1324 407 312
1536 1639 43 318
1582 1639 186 318
1771 1639 131 318
1904 1639 70 318
1977 1639 46 318
2026 1639 49 318
2078 1639 50 318
2130 1639 123 318
2256 1639 148 318
2407 1639 407 318
194 1642 44 315
241 1642 186 315
430 1642 130 315
563 1642 69 315
635 1642 47 315
684 1642 49 315
736 1642 51 315
790 1642 124 315
916 1642 147 315
1065 1642 415 315
149 1963 44 634
194 1963 44 316
241 1963 186 316
430 1963 130 316
563 1963 69 316
635 1963 47 316
684 1963 49 316
736 1963 51 316
790 1963 124 316
916 1963 147 316
1065 1963 415 316
1486 1963 48 631
1536 1963 43 313
1582 1963 186 313
1771 1963 131 313
1904 1963 70 313
1977 1963 46 313
2026 1963 49 313
2078 1963 50 313
2130 1963 123 313
2256 1963 148 313
2407 1963 407 313
1536 2279 43 315
1582 2279 186 315
1771 2279 131 315
1904 2279 70 315
1977 2279 46 315
2026 2279 49 315
2078 2279 50 315
2130 2279 123 315
2256 2279 148 315
2407 2279 407 315
194 2281 44 316
241 2281 186 316
430 2281 130 316
563 2281 69 316
635 2281 47 316
684 2281 49 316
736 2281 51 316
790 2281 124 316
916 2281 147 316
1065 2281 415 316
1486 2600 48 636
1536 2600 43 315
1582 2600 186 315
1771 2600 131 315
1904 2600 70 315
1977 2600 46 315
2026 2600 49 315
2078 2600 50 315
2130 2600 123 315
2256 2600 148 315
2407 2600 407 315
149 2602 44 634
194 2602 44 316
241 2602 186 316
430 2602 130 316
563 2602 69 316
635 2602 47 316
684 2602 49 316
736 2602 51 316
790 2602 124 316
916 2602 147 316
1065 2602 415 316
1536 2918 43 318
1582 2918 186 318
1771 2918 131 318
1904 2918 70 318
1977 2918 46 318
2026 2918 49 318
2078 2918 50 318
2130 2918 123 318
2256 2918 148 318
2407 2918 407 318
194 2920 44 316
241 2920 186 316
430 2920 130 316
563 2920 69 316
635 2920 47 316
684 2920 49 316
736 2920 51 316
790 2920 124 316
916 2920 147 316
1065 2920 415 316
149 3242 44 314
194 3242 44 314
241 3242 186 314
430 3242 130 314
563 3242 69 314
635 3242 47 314
684 3242 49 314
736 3242 51 314
790 3242 124 314
916 3242 147 314
1065 3242 415 314
1486 3242 48 633
1536 3242 43 313
1582 3242 186 313
1771 3242 131 313
1904 3242 70 313
1977 3242 46 313
2026 3242 49 313
2078 3242 50 313
2130 3242 123 313
2256 3242 148 313
2407 3242 407 313
1536 3558 43 317
1582 3558 186 317
1771 3558 131 317
1904 3558 70 317
1977 3558 46 317
2026 3558 49 317
2078 3558 50 317
2130 3558 123 317
2256 3558 148 317
2407 3558 407 317
149 3562 44 313
194 3562 44 313
241 3562 186 313
430 3562 130 313
563 3562 69 313
635 3562 47 313
684 3562 49 313
736 3562 51 313
790 3562 124 313
916 3562 147 313
1065 3562 415 313
149 3881 638 316
789 3881 691 316
1486 3881 48 316
1536 3881 43 316
1582 3881 186 316
1771 3881 131 316
1904 3881 70 316
1977 3881 46 316
2026 3881 49 316
2078 3881 50 316
2130 3881 123 316
2256 3881 148 316
2407 3881 407 316
