146 112 2665 224
146 347 2665 226
146 587 158 94
306 587 276 94
585 587 277 94
865 587 240 94
1108 587 111 94
1221 587 129 94
1352 587 132 94
1487 587 211 94
1700 587 296 94
1999 587 812 94
146 686 158 386
306 686 276 386
585 686 277 386
865 686 240 386
1108 686 111 386
1221 686 129 386
1352 686 132 386
1487 686 211 386
1700 686 296 386
1999 686 812 386
146 1077 158 383
306 1077 276 383
585 1077 277 383
865 1077 240 383
1108 1077 111 383
1221 1077 129 383
1352 1077 132 383
1487 1077 211 383
1700 1077 296 383
1999 1077 812 383
146 1503 2665 223
146 1738 2665 226
146 1977 44 85
192 1977 44 85
239 1977 186 85
428 1977 130 85
560 1977 70 85
632 1977 47 85
682 1977 49 85
734 1977 50 85
787 1977 117 85
907 1977 153 85
1063 1977 414 85
1483 1977 48 85
1533 1977 43 85
1579 1977 186 85
1768 1977 131 85
1901 1977 70 85
1974 1977 47 85
2023 1977 49 85
2075 1977 50 85
2127 1977 118 85
2246 1977 155 85
2404 1977 407 85
146 2065 44 2127
192 2065 44 302
239 2065 186 302
428 2065 130 302
560 2065 70 302
632 2065 47 302
682 2065 49 302
734 2065 50 302
787 2065 117 302
907 2065 153 302
1063 2065 414 302
1483 2065 48 1520
1533 2065 43 302
1579 2065 186 302
1768 2065 131 302
1901 2065 70 302
1974 2065 47 302
2023 2065 49 302
2075 2065 50 302
2127 2065 118 302
2246 2065 155 302
2404 2065 407 302
192 2370 44 302
239 2370 186 302
428 2370 130 302
560 2370 70 302
632 2370 47 302
682 2370 49 302
734 2370 50 302
787 2370 117 302
907 2370 153 302
1063 2370 414 302
1533 2370 43 302
1579 2370 186 302
1768 2370 131 302
1901 2370 70 302
1974 2370 47 302
2023 2370 49 302
2075 2370 50 302
2127 2370 118 302
2246 2370 155 302
2404 2370 407 302
192 2675 44 303
239 2675 186 303
428 2675 130 303
560 2675 70 303
632 2675 47 303
682 2675 49 303
734 2675 50 303
787 2675 117 303
907 2675 153 303
1063 2675 414 303
1533 2675 43 303
1579 2675 186 303
1768 2675 131 303
1901 2675 70 303
1974 2675 47 303
2023 2675 49 303
2075 2675 50 303
2127 2675 118 303
2246 2675 155 303
2404 2675 407 303
192 2981 44 302
239 2981 186 302
428 2981 130 302
560 2981 70 302
632 2981 47 302
682 2981 49 302
734 2981 50 302
787 2981 117 302
907 2981 153 302
1063 2981 414 302
1533 2981 43 302
1579 2981 186 302
1768 2981 131 302
1901 2981 70 302
1974 2981 47 302
2023 2981 49 302
2075 2981 50 302
2127 2981 118 302
2246 2981 155 302
2404 2981 407 302
192 3286 44 302
239 3286 186 302
428 3286 130 302
560 3286 70 302
632 3286 47 302
682 3286 49 302
734 3286 50 302
787 3286 117 302
907 3286 153 302
1063 3286 414 302
1533 3286 43 299
1579 3286 186 299
1768 3286 131 299
1901 3286 70 299
1974 3286 47 299
2023 3286 49 299
2075 3286 50 299
2127 3286 118 299
2246 3286 155 299
2404 3286 407 299
192 3591 44 303
239 3591 186 303
428 3591 130 303
560 3591 70 303
632 3591 47 303
682 3591 49 303
734 3591 50 303
787 3591 117 303
907 3591 153 303
1063 3591 414 303
1483 3591 1328 601
192 3897 44 295
239 3897 186 295
428 3897 130 295
560 3897 70 295
632 3897 47 295
682 3897 49 295
734 3897 50 295
787 3897 117 295
907 3897 153 295
1063 3897 414 295
