11 11 2903 221
11 233 2903 225
11 459 90 67
102 459 254 67
357 459 96 67
454 459 95 67
550 459 96 67
647 459 95 67
743 459 95 67
839 459 198 67
1038 459 418 67
1457 459 1457 67
11 527 90 340
102 527 254 340
357 527 96 340
454 527 95 340
550 527 96 340
647 527 95 340
743 527 95 340
839 527 198 340
1038 527 418 340
1457 527 1457 340
11 868 90 339
102 868 254 339
357 868 96 339
454 868 95 339
550 868 96 339
647 868 95 339
743 868 95 339
839 868 198 339
1038 868 418 339
1457 868 1457 339
11 1208 90 334
102 1208 254 334
357 1208 96 334
454 1208 95 334
550 1208 96 334
647 1208 95 334
743 1208 95 334
839 1208 198 334
1038 1208 418 334
1457 1208 1457 334
1492 3601 1410 44
1492 3646 78 44
1571 3646 115 44
1687 3646 314 44
2002 3646 486 44
2489 3646 413 44
1492 3691 78 45
1571 3691 115 45
1687 3691 314 45
2002 3691 486 45
2489 3691 413 45
1492 3737 78 44
1571 3737 115 44
1687 3737 314 44
2002 3737 486 44
2489 3737 413 44
1492 3782 78 44
1571 3782 115 44
1687 3782 314 44
2002 3782 486 44
2489 3782 413 44
