10 10 2235 158
10 170 2235 151
10 323 88 95
99 323 178 95
279 323 126 95
406 323 180 95
588 323 50 95
639 323 119 95
760 323 117 95
878 323 208 95
1088 323 242 95
1332 323 913 95
10 419 88 226
279 419 126 226
406 419 180 226
588 419 50 226
639 419 119 226
760 419 117 226
878 419 208 226
1088 419 242 226
1332 419 913 226
99 487 27 117
250 489 27 156
10 646 2235 113
10 760 2235 113
1188 2224 273 30
1462 2224 283 30
1746 2224 200 30
1188 2256 273 30
1462 2256 283 30
1746 2256 200 30
1188 2287 273 30
1462 2287 283 30
1746 2287 200 30
1188 2318 273 30
1462 2318 283 30
1746 2318 200 30
1188 2350 273 30
1462 2350 283 30
1746 2350 200 30
1188 2381 273 30
1462 2381 283 30
1746 2381 200 30
1188 2412 273 30
1462 2412 283 30
1746 2412 200 30
