10 10 2235 159
10 171 2235 151
10 324 88 95
99 324 178 95
279 324 126 95
406 324 180 95
588 324 50 95
639 324 119 95
760 324 117 95
878 324 208 95
1088 324 242 95
1332 324 913 95
10 420 88 200
99 420 178 161
279 420 126 225
406 420 180 225
588 420 50 225
639 420 119 225
760 420 117 225
878 420 208 225
1088 420 242 225
1332 420 913 225
10 620 87 25
10 647 88 182
99 647 178 157
279 647 126 225
406 647 180 225
588 647 50 225
639 647 119 225
760 647 117 225
878 647 208 225
1088 647 242 225
1332 647 913 225
10 829 87 44
10 875 88 190
99 875 178 22
279 875 126 225
406 875 180 225
588 875 50 225
639 875 119 225
760 875 117 225
878 875 208 225
1088 875 242 225
1332 875 913 225
237 930 40 26
10 1079 87 22
10 1102 88 224
279 1102 126 224
406 1102 180 224
588 1102 50 224
639 1102 119 224
760 1102 117 224
878 1102 208 224
1088 1102 242 224
1332 1102 913 224
10 1328 2235 111
10 1441 2235 112
1188 3017 273 30
1462 3017 283 30
1746 3017 200 30
1188 3049 273 30
1462 3049 283 30
1746 3049 200 30
1188 3080 273 30
1462 3080 283 30
1746 3080 200 30
1188 3111 273 30
1462 3111 283 30
1746 3111 200 30
1188 3143 273 30
1462 3143 283 30
1746 3143 200 30
1188 3174 273 30
1462 3174 283 30
1746 3174 200 30
1188 3205 273 30
1462 3205 283 30
1746 3205 200 30
