6 6 2060 177
6 186 2060 139
6 328 81 100
89 328 270 100
361 328 72 100
434 328 73 100
508 328 50 100
559 328 50 100
610 328 50 100
661 328 200 100
862 328 317 100
1180 328 886 100
6 429 81 481
89 429 270 481
361 429 72 481
434 429 73 481
508 429 50 481
559 429 50 481
610 429 50 481
661 429 200 481
862 429 317 481
1180 429 886 481
6 911 81 480
89 911 270 480
361 911 72 480
434 911 73 480
508 911 50 480
559 911 50 480
610 911 50 480
661 911 200 480
862 911 317 480
1180 911 886 480
6 1394 1031 1475
1038 1394 1028 1475
