11 11 2903 221
11 233 2903 225
11 459 90 67
102 459 254 67
357 459 96 67
454 459 95 67
550 459 96 67
647 459 95 67
743 459 95 67
839 459 198 67
1038 459 418 67
1457 459 1457 67
11 527 90 334
102 527 254 334
357 527 96 334
454 527 95 334
550 527 96 334
647 527 95 334
743 527 95 334
839 527 198 334
1038 527 418 334
1457 527 1457 334
1492 3435 1410 44
1492 3480 78 44
1571 3480 115 44
1687 3480 314 44
2002 3480 486 44
2489 3480 413 44
1492 3525 78 67
1571 3525 115 67
1687 3525 314 67
2002 3525 486 67
2489 3525 413 67
1492 3593 78 67
1571 3593 115 67
1687 3593 314 67
2002 3593 486 67
2489 3593 413 67
1492 3661 78 67
1571 3661 115 67
1687 3661 314 67
2002 3661 486 67
2489 3661 413 67
1492 3729 78 67
1571 3729 115 67
1687 3729 314 67
2002 3729 486 67
2489 3729 413 67
1492 3797 78 67
1571 3797 115 67
1687 3797 314 67
2002 3797 486 67
2489 3797 413 67
