169 130 2544 183
169 317 2544 157
169 476 171 93
343 476 211 93
557 476 248 93
807 476 230 93
1040 476 74 93
1307 476 164 93
1474 476 182 93
1659 476 465 93
2126 476 587 93
1116 477 188 91
169 571 171 262
343 571 211 262
557 571 248 262
1040 571 74 262
1307 571 164 262
1474 571 182 262
1659 571 465 261
2126 571 587 262
807 572 230 261
1116 572 188 258
169 836 171 263
343 836 211 263
557 836 248 263
1040 836 74 263
1116 836 188 263
1307 836 164 263
1474 836 182 263
1659 836 465 263
2126 836 587 263
807 837 230 262
169 1158 2544 182
169 1344 2544 157
169 1504 67 92
300 1504 172 92
475 1504 152 87
629 1504 72 91
703 1504 41 92
746 1504 38 92
786 1504 74 92
862 1504 111 92
975 1504 214 92
1191 1504 245 92
1444 1504 70 92
1516 1504 60 91
1578 1504 172 92
1752 1504 152 92
1981 1504 41 92
2024 1504 37 92
2140 1504 111 92
2253 1504 215 92
2470 1504 243 92
1907 1505 71 91
2064 1505 73 91
239 1534 59 56
169 1598 67 2358
300 1598 172 28
629 1598 72 261
703 1598 41 261
746 1598 38 261
786 1598 74 261
862 1598 111 261
975 1598 214 261
1191 1598 245 261
1444 1598 70 261
1578 1598 172 30
1752 1598 152 261
1981 1598 41 261
2024 1598 37 261
2064 1598 73 261
2140 1598 111 261
2253 1598 215 261
2470 1598 243 261
1516 1599 60 260
1907 1599 71 260
475 1604 152 127
239 1605 59 254
475 1734 152 125
300 1837 172 22
1578 1837 172 22
300 1861 172 25
629 1861 72 260
703 1861 41 260
746 1861 38 260
786 1861 74 260
862 1861 111 260
975 1861 214 260
1191 1861 245 260
1444 1861 70 260
1578 1861 172 27
1752 1861 152 260
1907 1861 71 260
1981 1861 41 260
2024 1861 37 260
2064 1861 73 260
2140 1861 111 260
2253 1861 215 260
2470 1861 243 260
475 1862 152 136
1516 1862 60 258
239 1864 59 257
475 2001 152 120
300 2100 172 21
1578 2100 172 21
300 2123 172 260
703 2123 41 260
746 2123 38 260
786 2123 74 260
862 2123 111 260
975 2123 214 260
1191 2123 245 260
1444 2123 70 260
1578 2123 172 260
1752 2123 152 260
1907 2123 71 260
2024 2123 37 260
2140 2123 111 260
2253 2123 215 260
2470 2123 243 260
629 2124 72 259
1516 2124 60 259
1981 2124 41 259
2064 2125 73 258
475 2127 152 256
239 2128 59 251
300 2386 172 218
629 2386 72 259
703 2386 41 259
746 2386 38 259
786 2386 74 259
862 2386 111 259
975 2386 214 259
1191 2386 245 259
1444 2386 70 259
1516 2386 60 259
1578 2386 172 31
1752 2386 152 259
1907 2386 71 259
1981 2386 41 259
2024 2386 37 259
2064 2386 73 256
2140 2386 111 259
2253 2386 215 259
2470 2386 243 259
239 2387 59 255
475 2389 152 256
300 2620 172 25
1578 2624 172 21
300 2648 172 31
475 2648 152 259
629 2648 72 259
703 2648 41 260
746 2648 38 259
786 2648 74 259
862 2648 111 259
975 2648 214 259
1191 2648 245 259
1444 2648 70 259
1516 2648 60 259
1578 2648 172 260
1752 2648 152 259
1981 2648 41 259
2024 2648 37 260
2064 2648 73 260
2140 2648 111 260
2253 2648 215 259
2470 2648 243 260
1907 2649 71 259
239 2650 59 253
300 2887 172 21
300 2910 172 199
475 2910 152 259
629 2910 72 260
703 2910 41 260
746 2910 38 260
786 2910 74 260
862 2910 111 260
975 2910 214 260
1191 2910 245 260
1444 2910 70 260
1516 2910 60 260
1578 2910 172 30
1752 2910 152 260
1981 2910 41 260
2024 2910 37 260
2064 2910 73 260
2140 2910 111 260
2253 2910 215 260
2470 2910 243 260
239 2911 59 254
1907 2911 71 258
1728 2983 22 21
328 3125 144 21
239 3172 59 258
300 3172 172 30
629 3172 72 261
703 3172 41 261
746 3172 38 261
786 3172 74 261
862 3172 111 261
975 3172 214 261
1444 3172 70 261
1578 3172 172 26
1907 3172 71 261
1981 3172 41 261
2024 3172 37 261
2064 3172 73 261
2140 3172 111 261
2253 3172 215 261
2470 3172 243 261
475 3173 152 256
1191 3173 245 260
1516 3173 60 259
1752 3173 152 260
1722 3249 28 22
300 3411 172 22
1578 3411 172 22
1444 3434 70 259
300 3435 172 25
475 3435 152 260
629 3435 72 260
703 3435 41 260
746 3435 38 260
786 3435 74 260
862 3435 111 260
975 3435 214 260
1191 3435 245 260
1516 3435 60 258
1578 3435 172 27
1752 3435 152 258
1907 3435 71 258
1981 3435 41 258
2024 3435 37 258
2140 3435 111 258
2253 3435 215 258
2470 3435 243 258
2064 3437 73 256
239 3441 59 254
300 3674 172 21
300 3698 172 27
629 3698 72 257
703 3698 41 258
746 3698 38 258
786 3698 74 258
862 3698 111 258
975 3698 214 258
1191 3698 245 258
1444 3700 1269 256
475 3701 152 254
239 3702 59 246
450 3771 22 39
300 3935 172 21
