11 11 2903 221
11 233 2903 225
11 459 90 67
102 459 254 67
357 459 96 67
454 459 95 67
550 459 96 67
647 459 95 67
743 459 95 67
839 459 198 67
1038 459 418 67
1457 459 1457 67
11 527 90 334
102 527 254 334
357 527 96 334
454 527 95 334
550 527 96 334
647 527 95 334
743 527 95 334
839 527 198 334
1038 527 418 334
1457 527 1457 334
1492 3549 1410 44
1492 3594 78 44
1571 3594 115 44
1687 3594 314 44
2002 3594 340 44
2343 3594 559 44
1492 3639 78 44
1571 3639 115 44
1687 3639 314 44
2002 3639 340 44
2343 3639 559 44
