11 11 2903 221
11 233 2903 225
11 459 90 67
102 459 254 67
357 459 96 67
454 459 95 67
550 459 96 67
647 459 95 67
743 459 95 67
839 459 198 67
1038 459 418 67
1457 459 1457 67
11 527 90 340
102 527 254 340
357 527 96 340
454 527 95 340
550 527 96 340
647 527 95 340
743 527 95 340
839 527 198 340
1038 527 418 340
1457 527 1457 340
11 868 90 334
102 868 254 334
357 868 96 334
454 868 95 334
550 868 96 334
647 868 95 334
743 868 95 334
839 868 198 334
1038 868 418 334
1457 868 1457 334
1492 3467 1410 44
1492 3512 78 44
1571 3512 115 44
1687 3512 314 44
2002 3512 486 44
2489 3512 413 44
1492 3557 78 45
1571 3557 115 45
1687 3557 314 45
2002 3557 486 45
2489 3557 413 45
1492 3603 78 44
1571 3603 115 44
1687 3603 314 44
2002 3603 486 44
2489 3603 413 44
1492 3648 78 44
1571 3648 115 44
1687 3648 314 44
2002 3648 486 44
2489 3648 413 44
1492 3694 78 44
1571 3694 115 44
1687 3694 314 44
2002 3694 486 44
2489 3694 413 44
