142 165 2256 220
142 387 2256 168
142 557 79 112
222 557 169 112
392 557 197 112
591 557 168 112
761 557 83 112
846 557 140 112
988 557 168 112
1158 557 253 112
1413 557 253 112
1668 557 730 112
142 670 79 225
222 670 169 225
392 670 197 225
591 670 168 225
761 670 83 225
846 670 140 225
988 670 168 225
1158 670 253 225
1413 670 253 225
1668 670 730 225
142 896 79 226
222 896 169 226
392 896 197 226
591 896 168 226
761 896 83 226
846 896 140 226
988 896 168 226
1158 896 253 226
1413 896 253 226
1668 896 730 226
142 1123 79 226
222 1123 169 226
392 1123 197 226
591 1123 168 226
761 1123 83 226
846 1123 140 226
988 1123 168 226
1158 1123 253 226
1413 1123 253 226
1668 1123 730 226
142 1350 79 225
222 1350 169 225
392 1350 197 225
591 1350 168 225
761 1350 83 225
846 1350 140 225
988 1350 168 225
1158 1350 253 225
1413 1350 253 225
1668 1350 730 225
142 1577 2256 112
142 1690 2256 112
142 1804 2256 111
142 1917 2256 112
142 2030 2256 112
142 2144 1128 1529
1271 2144 1127 1529
