169 130 2544 183
169 317 2544 154
169 474 67 94
239 474 58 94
301 474 171 94
475 474 151 94
629 474 71 94
703 474 40 94
747 474 36 94
787 474 72 94
863 474 110 94
976 474 213 94
1192 474 243 94
1445 474 68 94
1516 474 59 94
1578 474 172 94
1753 474 151 94
1907 474 71 94
1981 474 40 94
2024 474 37 94
2064 474 73 94
2140 474 111 94
2253 474 214 94
2470 474 243 94
169 571 67 522
239 571 59 259
300 571 172 33
475 571 151 260
629 571 71 260
703 571 41 260
746 571 38 259
787 571 72 260
862 571 111 259
1192 571 244 259
1516 571 59 260
1578 571 172 27
1753 571 151 260
1907 571 71 260
1981 571 40 260
2024 571 37 260
2064 571 73 260
2140 571 111 260
2253 571 215 259
2470 571 243 260
1444 572 69 783
976 573 213 258
1725 653 25 32
1578 654 22 33
300 667 22 102
1727 687 23 97
1578 810 169 21
239 833 58 260
301 833 171 30
475 833 151 260
629 833 71 260
703 833 40 260
747 833 36 260
787 833 72 260
863 833 110 260
976 833 212 260
1192 833 243 260
1517 833 58 260
1581 833 169 260
1753 833 151 260
1907 833 71 260
1981 833 40 260
2025 833 36 260
2064 833 73 260
2140 833 111 260
2253 833 214 260
2470 833 242 260
300 1072 100 21
422 1072 48 21
169 1096 67 260
239 1096 59 259
300 1096 172 32
475 1096 151 259
629 1096 72 256
703 1096 41 259
746 1096 38 259
787 1096 73 259
862 1096 111 259
975 1096 214 259
1192 1096 244 259
1516 1096 59 259
1578 1096 172 259
1753 1096 151 259
1907 1096 71 259
1981 1096 40 259
2024 1096 37 259
2064 1096 73 259
2140 1096 111 259
2253 1096 215 259
2470 1096 243 259
169 1356 66 262
239 1358 59 260
300 1358 172 29
475 1358 151 260
629 1358 72 258
703 1358 41 260
746 1358 38 260
862 1358 111 260
975 1358 214 260
1516 1358 59 260
1578 1358 172 260
1753 1358 151 260
1907 1358 71 260
1981 1358 40 260
2024 1358 37 260
2064 1358 73 260
2140 1358 111 260
2253 1358 215 260
2470 1358 243 260
787 1359 73 259
1192 1359 244 259
1444 1359 69 521
300 1596 43 22
435 1596 35 22
169 1620 67 785
239 1620 59 260
300 1620 172 224
475 1620 151 261
629 1620 72 257
703 1620 41 260
746 1620 38 260
862 1620 111 260
975 1620 214 257
1192 1620 244 260
1516 1620 59 260
1578 1620 172 29
1753 1620 151 261
1907 1620 71 261
1981 1620 40 261
2024 1620 37 260
2064 1620 73 260
2140 1620 111 260
2253 1620 215 260
2470 1620 243 260
787 1622 73 258
301 1844 171 36
1694 1860 54 21
239 1883 58 260
301 1883 171 195
475 1883 151 260
629 1883 71 260
703 1883 40 260
747 1883 36 260
787 1883 72 260
863 1883 110 260
976 1883 212 260
1192 1883 243 260
1445 1883 68 522
1517 1883 58 260
1578 1883 171 228
1753 1883 151 260
1907 1883 71 260
1981 1883 40 260
2024 1883 37 260
2065 1883 72 260
2140 1883 111 260
2254 1883 213 260
2470 1883 242 260
344 2078 128 31
1591 2111 158 32
354 2122 118 21
239 2146 59 259
300 2146 172 26
475 2146 151 259
629 2146 72 259
703 2146 41 259
746 2146 38 259
787 2146 73 259
862 2146 111 259
1192 2146 244 259
1516 2146 59 259
1578 2146 172 29
1753 2146 151 259
1907 2146 71 259
1981 2146 40 259
2024 2146 37 259
2064 2146 73 259
2140 2146 111 259
2253 2146 215 259
2470 2146 243 259
976 2150 213 255
361 2383 38 22
1643 2383 47 22
300 2384 42 21
440 2384 30 21
1579 2384 29 21
1609 2384 34 21
1690 2384 34 21
169 2408 67 260
239 2408 59 259
300 2408 172 226
475 2408 151 259
629 2408 72 259
703 2408 41 259
746 2408 38 259
787 2408 73 259
862 2408 111 259
975 2408 214 259
1192 2408 244 259
1444 2408 69 257
1516 2408 59 257
1578 2408 172 257
1753 2408 151 257
1907 2408 71 257
1981 2408 40 257
2024 2408 37 257
2064 2408 73 257
2140 2408 111 257
2253 2408 215 257
2470 2408 243 257
301 2634 171 33
169 2668 66 260
239 2670 59 258
300 2670 172 28
475 2670 151 258
629 2670 72 258
703 2670 41 258
746 2670 38 258
787 2670 73 258
862 2670 111 257
976 2671 213 257
1192 2671 244 257
1444 2672 1269 256
359 2906 41 22
300 2907 59 21
420 2907 45 21
169 2936 1009 1020
1187 2936 1526 875
1187 3820 1526 136
