105 90 2851 276
105 368 2851 225
105 595 97 75
204 595 276 75
482 595 227 75
711 595 88 75
801 595 67 75
870 595 122 75
994 595 196 75
1192 595 326 75
1520 595 404 75
1926 595 1030 75
105 672 97 336
482 672 227 336
711 672 88 336
801 672 67 336
870 672 122 336
994 672 196 336
1192 672 326 336
1520 672 404 336
1926 672 1030 336
204 759 54 25
441 759 39 249
204 784 53 192
105 1010 97 336
204 1010 276 30
482 1010 227 336
711 1010 88 336
801 1010 67 336
870 1010 122 336
994 1010 196 336
1192 1010 326 336
1520 1010 404 336
1926 1010 1030 336
204 1144 38 22
447 1159 33 94
204 1166 37 33
204 1255 31 24
449 1261 31 47
105 1348 97 337
204 1348 276 29
482 1348 227 337
711 1348 88 337
801 1348 67 337
870 1348 122 337
994 1348 196 337
1192 1348 326 337
1520 1348 404 337
1926 1348 1030 337
440 1469 40 43
204 1483 36 30
443 1516 37 156
204 1521 31 152
105 1687 2850 1896
105 3583 1488 633
1596 3586 1358 55
1596 3642 134 68
1731 3642 401 68
2133 3642 371 68
2505 3642 449 68
1596 3711 134 79
1731 3711 401 79
2133 3711 371 79
2505 3711 449 79
1596 3791 134 82
1731 3791 401 82
2133 3791 371 82
2505 3791 449 82
1593 3876 1363 340
