142 164 2244 219
142 385 2244 169
142 556 78 111
222 556 169 111
393 556 196 111
591 556 168 111
761 556 83 111
846 556 140 111
988 556 111 111
1101 556 140 111
1243 556 168 111
1413 556 973 111
142 669 78 225
393 669 196 225
591 669 168 225
761 669 83 225
846 669 140 225
988 669 111 225
1101 669 140 225
1243 669 168 225
1413 669 973 225
142 896 78 224
393 896 196 224
591 896 168 224
761 896 83 224
846 896 140 224
988 896 111 224
1101 896 140 224
1243 896 168 224
1413 896 973 224
222 975 23 87
142 1122 78 225
393 1122 196 225
591 1122 168 225
761 1122 83 225
846 1122 140 225
988 1122 111 225
1101 1122 140 225
1243 1122 168 225
1413 1122 973 225
142 1349 78 225
393 1349 196 225
591 1349 168 225
761 1349 83 225
846 1349 140 225
988 1349 111 225
1101 1349 140 225
1243 1349 168 225
1413 1349 973 225
370 1408 21 31
222 1416 24 23
222 1442 22 132
142 1576 2244 111
142 1689 2244 112
142 1803 2244 111
142 1916 2244 112
142 2030 2244 111
142 2143 2244 1523
