106 90 2851 276
106 368 2851 225
106 595 113 84
221 595 278 84
501 595 247 84
750 595 89 84
841 595 66 84
909 595 123 84
1034 595 195 84
1231 595 239 84
1472 595 460 84
1934 595 1023 84
106 681 113 337
221 681 278 22
501 681 247 337
750 681 89 337
841 681 66 337
909 681 123 337
1034 681 195 337
1231 681 239 337
1472 681 460 337
1934 681 1023 337
106 1021 2851 2530
106 3551 1495 303
1604 3554 1353 54
2519 3609 438 68
1604 3610 133 67
1738 3610 357 67
2096 3610 422 67
1604 3678 133 173
1738 3678 357 173
2096 3678 422 173
2519 3678 438 173
106 3854 2851 362
