11 11 2903 221
11 233 2903 225
11 459 90 67
102 459 254 67
357 459 96 67
454 459 95 67
550 459 96 67
647 459 95 67
743 459 95 67
839 459 205 67
1045 459 411 67
1457 459 1457 67
11 527 90 334
102 527 254 334
357 527 96 334
454 527 95 334
550 527 96 334
647 527 95 334
743 527 95 334
839 527 205 334
1045 527 411 334
1457 527 1457 334
1492 3469 1410 44
1492 3514 78 45
1571 3514 115 45
1687 3514 314 45
2002 3514 486 45
2489 3514 413 45
1492 3560 78 44
1571 3560 115 44
1687 3560 314 44
2002 3560 486 44
2489 3560 413 44
1492 3605 78 44
1571 3605 115 44
1687 3605 314 44
2002 3605 486 44
2489 3605 413 44
1492 3650 78 45
1571 3650 115 45
1687 3650 314 45
2002 3650 486 45
2489 3650 413 45
1492 3696 78 44
1571 3696 115 44
1687 3696 314 44
2002 3696 486 44
2489 3696 413 44
