105 90 2851 276
105 368 2851 221
105 591 95 83
202 591 266 83
470 591 234 83
706 591 89 83
797 591 66 83
865 591 122 83
989 591 196 83
1187 591 284 83
1473 591 432 83
1908 591 1048 83
105 676 95 339
470 676 234 339
706 676 89 339
797 676 66 339
865 676 122 339
989 676 196 339
1187 676 284 339
1473 676 432 339
1908 676 1048 197
1907 873 1049 142
105 1017 95 338
202 1017 266 338
470 1017 234 338
706 1017 89 338
797 1017 66 338
865 1017 122 338
989 1017 196 338
1187 1017 284 338
1473 1017 432 338
1907 1017 1049 338
105 1357 2851 2198
105 3555 1495 327
1603 3558 1353 55
1603 3614 134 68
1738 3614 385 68
2124 3614 382 68
2507 3614 449 68
1603 3683 134 196
1738 3683 385 196
2124 3683 382 196
2507 3683 449 196
105 3882 2851 334
