6 6 2197 182
6 189 2197 118
6 308 78 79
85 308 197 79
283 308 197 79
481 308 209 79
691 308 67 79
759 308 118 79
878 308 127 79
1006 308 180 79
1187 308 285 79
1474 308 729 79
6 388 78 225
85 388 197 225
283 388 197 225
481 388 209 225
691 388 67 225
759 388 118 225
878 388 127 225
1006 388 180 225
1187 388 285 225
1474 388 729 225
6 615 78 225
85 615 197 225
283 615 197 225
481 615 209 225
691 615 67 225
759 615 118 225
878 615 127 225
1006 615 180 225
1187 615 285 52
1474 615 729 225
1187 670 285 38
1187 771 285 69
6 841 78 226
85 841 197 226
283 841 197 226
481 841 209 226
691 841 67 226
759 841 118 226
878 841 127 226
1006 841 180 226
1187 841 285 95
1474 841 729 226
1187 953 285 30
1187 998 285 69
6 1068 2197 398
