10 10 2235 159
10 171 2235 151
10 324 88 95
99 324 178 95
279 324 126 95
406 324 180 95
588 324 50 95
639 324 119 95
760 324 117 95
878 324 208 95
1088 324 242 95
1332 324 913 95
10 420 88 225
279 420 126 225
406 420 180 225
588 420 50 225
639 420 119 225
760 420 117 225
878 420 208 225
1088 420 242 225
1332 420 913 225
236 480 41 109
99 483 31 134
239 598 38 47
10 647 88 170
99 647 178 21
279 647 126 226
406 647 180 226
588 647 50 226
639 647 119 226
760 647 117 226
878 647 208 226
1088 647 242 226
1332 647 913 226
240 715 37 86
99 720 22 88
10 817 87 56
10 875 88 226
99 875 178 89
279 875 126 226
406 875 180 226
588 875 50 226
639 875 119 226
760 875 117 226
878 875 208 226
1088 875 242 226
1332 875 913 226
191 971 86 27
99 973 55 71
211 1011 66 31
217 1047 60 52
10 1102 88 220
220 1102 57 33
279 1102 126 224
406 1102 180 224
588 1102 50 224
639 1102 119 224
760 1102 117 224
878 1102 208 224
1088 1102 242 224
1332 1102 913 224
153 1103 54 21
254 1183 23 114
10 1327 87 112
163 1327 24 112
279 1327 126 112
406 1327 180 112
588 1327 50 112
639 1327 119 112
760 1327 117 112
878 1327 208 112
1088 1327 242 112
1332 1327 913 112
97 1328 53 111
187 1328 92 111
10 1441 2235 112
10 1555 2235 112
10 1669 2235 110
10 1781 1117 1507
1128 1781 1117 1507
