10 10 2235 158
10 170 2235 151
10 323 88 95
99 323 178 95
279 323 126 95
406 323 180 95
588 323 50 95
639 323 119 95
760 323 117 95
878 323 208 95
1088 323 242 95
1332 323 913 95
10 419 88 226
99 419 178 25
279 419 126 226
406 419 180 226
588 419 50 226
639 419 119 226
760 419 117 226
878 419 208 226
1088 419 242 226
1332 419 913 226
99 486 38 25
242 489 35 22
99 516 30 72
252 518 25 73
10 647 88 224
279 647 126 224
406 647 180 224
588 647 50 224
639 647 119 224
760 647 117 224
878 647 208 224
1088 647 242 224
1332 647 913 224
256 739 21 21
10 873 1320 113
1332 873 913 113
10 987 2235 113
10 1101 2235 112
10 1215 1117 1507
1128 1215 1117 1507
