166 476 64 92
233 476 65 92
300 476 172 92
475 476 151 92
629 476 60 92
692 476 41 92
735 476 39 92
775 476 61 92
838 476 111 92
952 476 164 92
1119 476 317 92
1444 476 69 92
1515 476 65 92
1583 476 171 91
1757 476 152 92
1911 476 61 92
1974 476 41 92
2018 476 38 92
2058 476 60 92
2121 476 110 92
2234 476 164 92
2401 476 315 92
166 571 64 315
233 571 65 327
300 571 172 327
475 571 151 327
629 571 60 327
692 571 41 327
735 571 39 327
775 571 61 327
838 571 111 327
952 571 164 327
1119 571 317 327
1444 571 69 327
1515 571 65 327
1757 571 152 327
1911 571 61 327
1974 571 41 327
2018 571 38 327
2058 571 60 327
2121 571 110 327
2234 571 164 327
2401 571 315 327
1583 575 171 251
1583 845 171 53
233 914 65 322
300 914 172 322
475 914 151 322
629 914 60 322
692 914 41 322
735 914 39 322
775 914 61 322
838 914 111 322
952 914 164 322
1119 914 317 322
1444 914 69 322
1515 914 65 322
1583 914 171 322
1757 914 152 322
1911 914 61 322
1974 914 41 322
2018 914 38 322
2058 914 60 322
2121 914 110 322
2234 914 164 322
2401 914 315 322
166 922 64 314
166 1244 64 323
233 1244 65 323
300 1244 172 323
475 1244 151 323
629 1244 60 323
692 1244 41 323
735 1244 39 323
775 1244 61 323
838 1244 111 323
952 1244 164 323
1119 1244 317 323
1444 1244 69 323
1515 1244 65 323
1583 1244 171 61
1757 1244 152 323
1911 1244 61 323
1974 1244 41 323
2018 1244 38 323
2058 1244 60 323
2121 1244 110 323
2234 1244 164 323
2401 1244 315 323
1730 1353 24 26
1583 1515 171 52
166 1574 64 331
233 1574 65 331
300 1574 172 331
475 1574 151 331
629 1574 60 331
692 1574 41 331
735 1574 39 331
775 1574 61 331
838 1574 111 331
952 1574 164 331
1119 1574 317 331
1444 1574 69 320
1515 1574 65 331
1583 1574 171 244
1757 1574 152 331
1911 1574 61 331
1974 1574 41 331
2018 1574 38 331
2058 1574 60 331
2121 1574 110 331
2234 1574 164 331
2401 1574 315 331
1583 1846 171 59
166 1912 64 324
233 1912 65 324
300 1912 172 324
475 1912 151 324
629 1912 60 324
692 1912 41 324
735 1912 39 324
775 1912 61 324
838 1912 111 324
952 1912 164 324
1119 1912 317 324
1515 1912 65 324
1583 1912 171 232
1757 1912 152 324
1911 1912 61 324
1974 1912 41 324
2018 1912 38 324
2058 1912 60 324
2121 1912 110 324
2234 1912 164 324
2401 1912 315 324
1444 1930 69 306
1583 2188 171 48
233 2242 65 323
300 2242 172 323
475 2242 151 323
629 2242 60 323
775 2242 61 323
838 2242 111 323
952 2242 164 323
1119 2242 317 323
1515 2242 65 323
1583 2242 171 64
1757 2242 152 323
1974 2242 41 323
2018 2242 38 323
2058 2242 60 323
2121 2242 110 323
2234 2242 164 323
2401 2242 315 323
166 2243 64 322
692 2243 41 322
735 2243 39 322
1444 2243 69 322
1911 2243 61 322
1583 2517 171 48
166 2581 64 1321
233 2581 65 326
300 2581 172 68
475 2581 151 326
629 2581 60 326
692 2581 41 326
735 2581 39 326
775 2581 61 326
838 2581 111 326
952 2581 164 326
1119 2581 317 326
1444 2581 1272 549
442 2685 30 22
300 2687 28 26
441 2707 31 22
300 2853 172 54
233 2910 65 331
300 2910 172 69
475 2910 151 332
629 2910 60 332
692 2910 41 331
735 2910 39 331
775 2910 61 331
838 2910 111 332
952 2910 164 332
1119 2910 317 331
1444 3139 1272 763
300 3186 172 55
233 3244 65 332
300 3244 172 246
475 3244 151 332
629 3244 60 332
692 3244 41 332
735 3244 39 332
775 3244 61 332
838 3244 111 332
952 3244 164 332
1119 3244 317 332
300 3518 172 58
233 3579 65 323
300 3579 172 323
475 3579 151 323
629 3579 60 323
692 3579 41 323
735 3579 39 323
775 3579 61 323
838 3579 111 323
952 3579 164 323
1119 3579 317 323
