10 10 2235 158
10 170 2235 151
10 323 88 95
99 323 178 95
279 323 126 95
406 323 180 95
588 323 50 95
639 323 119 95
760 323 117 95
878 323 208 95
1088 323 242 95
1332 323 913 95
10 419 88 226
99 419 178 226
279 419 126 226
406 419 180 226
588 419 50 226
639 419 119 226
760 419 117 226
878 419 208 226
1088 419 242 226
1332 419 913 226
10 647 88 226
99 647 178 22
279 647 126 225
406 647 180 225
588 647 50 225
639 647 119 225
760 647 117 225
878 647 208 225
1088 647 242 225
1332 647 913 225
10 875 88 223
279 875 126 223
406 875 180 223
588 875 50 223
639 875 119 223
760 875 117 223
878 875 208 223
1088 875 242 223
1332 875 913 223
250 969 27 34
10 1100 2235 112
10 1214 2235 112
10 1328 2235 113
10 1442 2235 111
10 1555 2235 112
10 1668 1117 1508
1128 1668 1117 1508
