105 91 2851 276
105 369 2851 225
105 596 112 84
219 596 271 84
492 596 246 84
740 596 89 84
831 596 66 84
899 596 123 84
1024 596 195 84
1221 596 239 84
1462 596 438 84
1902 596 1054 84
105 682 112 337
219 682 271 28
492 682 246 337
740 682 89 337
831 682 66 337
899 682 123 337
1024 682 195 337
1221 682 239 337
1462 682 438 337
1902 682 1054 337
445 781 45 64
219 789 47 56
447 848 43 144
219 850 44 144
105 1021 2851 2545
105 3566 1495 651
1603 3569 1353 55
2518 3625 438 68
1603 3626 134 67
1738 3626 356 67
2095 3626 422 67
1603 3694 134 173
1738 3694 356 173
2095 3694 422 173
2518 3694 438 173
1600 3870 1356 347
