106 90 2851 276
106 368 2851 222
106 592 95 83
203 592 277 83
482 592 234 83
718 592 89 83
809 592 66 83
877 592 123 83
1002 592 195 83
1199 592 272 83
1473 592 486 83
1961 592 996 83
106 677 95 275
482 677 234 265
718 677 89 337
809 677 66 337
877 677 123 337
1002 677 195 337
1199 677 272 337
1473 677 486 337
1961 677 996 337
419 752 61 21
203 762 54 33
483 942 233 72
106 952 93 62
106 1016 95 339
482 1016 234 339
718 1016 89 339
809 1016 66 339
877 1016 123 339
1002 1016 195 339
1199 1016 272 339
1473 1016 486 339
1961 1016 996 339
106 1357 2851 2179
106 3536 1495 339
1604 3539 1353 55
2507 3595 450 67
1604 3596 133 66
1738 3596 386 66
2125 3596 381 66
1604 3663 133 209
1738 3663 386 209
2125 3663 381 208
2507 3663 450 208
106 3875 2851 342
