154 188 2754 328
154 529 2754 252
154 786 95 144
251 786 66 144
318 786 180 144
500 786 78 144
579 786 67 144
647 786 67 144
715 786 67 144
784 786 66 144
852 786 89 144
942 786 191 144
1135 786 394 144
1534 786 99 144
1634 786 66 144
1702 786 180 144
1883 786 79 144
1963 786 66 144
2031 786 66 144
2099 786 67 144
2167 786 67 144
2235 786 90 144
2326 786 191 144
2519 786 389 144
154 931 95 651
251 931 66 326
318 931 180 326
500 931 78 326
579 931 67 326
647 931 67 326
715 931 67 326
784 931 66 326
852 931 89 326
942 931 191 326
1135 931 394 326
1534 931 99 324
1634 931 66 324
1702 931 180 324
1883 931 79 324
1963 931 66 324
2031 931 66 324
2099 931 67 324
2167 931 67 324
2235 931 90 324
2326 931 191 324
2519 931 389 324
251 1258 66 324
318 1258 180 324
500 1258 78 324
579 1258 67 324
647 1258 67 324
715 1258 67 324
784 1258 66 324
852 1258 89 324
942 1258 191 324
1135 1258 394 324
1534 1260 99 649
1634 1260 66 324
1702 1260 180 324
1883 1260 79 324
1963 1260 66 324
2031 1260 66 324
2099 1260 67 324
2167 1260 67 324
2235 1260 90 324
2326 1260 191 324
2519 1260 389 324
1634 1586 66 323
1702 1586 180 323
1883 1586 79 323
1963 1586 66 323
2031 1586 66 323
2099 1586 67 323
2167 1586 67 323
2235 1586 90 323
2326 1586 191 323
2519 1586 389 323
154 1588 95 321
251 1588 66 321
318 1588 180 321
500 1588 78 321
579 1588 67 321
647 1588 67 321
715 1588 67 321
784 1588 66 321
852 1588 89 321
942 1588 191 321
1135 1588 394 321
154 1915 95 648
251 1915 66 323
318 1915 180 323
500 1915 78 323
579 1915 67 323
647 1915 67 323
715 1915 67 323
784 1915 66 323
852 1915 89 323
942 1915 191 323
1135 1915 394 323
1534 1915 99 321
1634 1915 66 321
1702 1915 180 321
1883 1915 79 321
1963 1915 66 321
2031 1915 66 321
2099 1915 67 321
2167 1915 67 321
2235 1915 90 321
2326 1915 191 321
2519 1915 389 321
251 2239 66 324
318 2239 180 324
500 2239 78 324
579 2239 67 324
647 2239 67 324
715 2239 67 324
784 2239 66 324
852 2239 89 324
942 2239 191 324
1135 2239 394 324
1534 2241 99 976
1634 2241 66 324
1702 2241 180 324
1883 2241 79 324
1963 2241 66 324
2031 2241 66 324
2099 2241 67 324
2167 2241 67 324
2235 2241 90 324
2326 2241 191 324
2519 2241 389 324
1634 2566 66 326
1702 2566 180 326
1883 2566 79 326
1963 2566 66 326
2031 2566 66 326
2099 2566 67 326
2167 2566 67 326
2235 2566 90 326
2326 2566 191 326
2519 2566 389 326
154 2568 95 649
251 2568 66 324
318 2568 180 324
500 2568 78 324
579 2568 67 324
647 2568 67 324
715 2568 67 324
784 2568 66 324
852 2568 89 324
942 2568 191 324
1135 2568 394 324
251 2893 66 324
318 2893 180 324
500 2893 78 324
579 2893 67 324
647 2893 67 324
715 2893 67 324
784 2893 66 324
852 2893 89 324
942 2893 191 324
1135 2893 394 324
1634 2893 66 324
1702 2893 180 324
1883 2893 79 324
1963 2893 66 324
2031 2893 66 324
2099 2893 67 324
2167 2893 67 324
2235 2893 90 324
2326 2893 191 324
2519 2893 389 324
154 3222 95 976
251 3222 66 323
318 3222 180 323
500 3222 78 323
579 3222 67 323
647 3222 67 323
715 3222 67 323
784 3222 66 323
852 3222 89 323
942 3222 191 323
1135 3222 394 323
1534 3222 1374 976
251 3547 66 325
318 3547 180 325
500 3547 78 325
579 3547 67 325
647 3547 67 325
715 3547 67 325
784 3547 66 325
852 3547 89 325
942 3547 191 325
1135 3547 394 325
251 3874 66 324
318 3874 180 324
500 3874 78 324
579 3874 67 324
647 3874 67 324
715 3874 67 324
784 3874 66 324
852 3874 89 324
942 3874 191 324
1135 3874 394 324
154 4203 2754 105
