1056 1879 208 81
1266 1879 519 81
1787 1879 261 81
1056 1962 208 82
1266 1962 519 82
1787 1962 261 82
1056 2045 208 83
1266 2045 519 83
1787 2045 261 83
1056 2129 208 82
1266 2129 519 82
1787 2129 261 82
1056 2213 208 82
1266 2213 519 82
1787 2213 261 82
1056 2296 208 83
1266 2296 519 83
1787 2296 261 83
1056 2380 208 82
1266 2380 519 82
1787 2380 261 82
1056 2464 208 82
1266 2464 519 82
1787 2464 261 82
1056 2547 208 83
1266 2547 519 83
1787 2547 261 83
1056 2631 208 82
1266 2631 519 82
1787 2631 261 82
1056 2715 208 81
1266 2715 519 81
1787 2715 261 81
