157 189 2754 329
157 530 2754 252
157 788 83 144
242 788 202 144
446 788 88 144
535 788 210 144
746 788 77 144
825 788 78 144
904 788 198 144
1103 788 294 144
1399 788 418 144
1818 788 1093 144
157 933 83 231
242 933 202 231
446 933 88 231
535 933 210 231
746 933 77 231
825 933 78 231
904 933 198 231
1103 933 294 231
1399 933 418 231
1818 933 1093 231
157 1166 83 226
242 1166 202 226
446 1166 88 226
535 1166 210 226
746 1166 77 226
825 1166 78 226
904 1166 198 226
1103 1166 294 226
1399 1166 418 226
1818 1166 1093 226
157 1439 2754 328
157 1779 2754 253
157 2037 94 144
253 2037 66 144
321 2037 180 144
502 2037 78 144
582 2037 66 144
650 2037 66 144
718 2037 66 144
786 2037 67 144
854 2037 146 144
1002 2037 191 144
1194 2037 337 144
1536 2037 99 144
1637 2037 66 144
1704 2037 180 144
1886 2037 78 144
1966 2037 66 144
2033 2037 67 144
2102 2037 66 144
2170 2037 66 144
2238 2037 146 144
2385 2037 191 144
2578 2037 333 144
157 2183 94 1586
253 2183 66 225
321 2183 180 225
502 2183 78 225
582 2183 66 225
650 2183 66 225
718 2183 66 225
786 2183 67 225
854 2183 146 225
1002 2183 191 225
1194 2183 337 225
1536 2183 99 905
1637 2183 66 225
1704 2183 180 225
1886 2183 78 225
1966 2183 66 225
2033 2183 67 225
2102 2183 66 225
2170 2183 66 225
2238 2183 146 225
2578 2183 333 225
2385 2203 191 205
253 2410 66 225
321 2410 180 225
502 2410 78 225
582 2410 66 225
650 2410 66 225
718 2410 66 225
786 2410 67 225
854 2410 146 225
1002 2410 191 225
1194 2410 337 225
1637 2410 66 225
1704 2410 180 225
1886 2410 78 225
1966 2410 66 225
2033 2410 67 225
2102 2410 66 225
2170 2410 66 225
2238 2410 146 225
2385 2410 191 225
2578 2410 333 225
253 2637 66 225
321 2637 180 225
502 2637 78 225
582 2637 66 225
650 2637 66 225
718 2637 66 225
786 2637 67 225
854 2637 146 225
1002 2637 191 225
1194 2637 337 225
1637 2637 66 225
1704 2637 180 225
1886 2637 78 225
1966 2637 66 225
2033 2637 67 225
2102 2637 66 225
2170 2637 66 225
2238 2637 146 225
2385 2637 191 225
2578 2637 333 225
253 2864 66 226
321 2864 180 226
502 2864 78 226
582 2864 66 226
650 2864 66 226
718 2864 66 226
786 2864 67 226
854 2864 146 226
1002 2864 191 226
1194 2864 337 226
1637 2864 66 224
1704 2864 180 224
1886 2864 78 224
1966 2864 66 224
2033 2864 67 224
2102 2864 66 224
2170 2864 66 224
2238 2864 146 224
2385 2864 191 224
2578 2864 333 224
253 3091 66 226
321 3091 180 226
502 3091 78 226
582 3091 66 226
650 3091 66 226
718 3091 66 226
786 3091 67 226
854 3091 146 226
1002 3091 191 226
1194 3091 337 226
1536 3093 99 903
1637 3093 66 224
1704 3093 180 224
1886 3093 78 224
1966 3093 66 224
2033 3093 67 224
2102 3093 66 224
2170 3093 66 224
2238 3093 146 224
2385 3093 191 224
2578 3093 333 224
253 3318 66 226
321 3318 180 226
502 3318 78 226
582 3318 66 226
650 3318 66 226
718 3318 66 226
786 3318 67 226
854 3318 146 226
1002 3318 191 226
1194 3318 337 226
1637 3318 66 226
1704 3318 180 226
1886 3318 78 226
1966 3318 66 226
2033 3318 67 226
2102 3318 66 226
2170 3318 66 226
2238 3318 146 226
2385 3318 191 226
2578 3318 333 226
253 3545 66 224
321 3545 180 224
502 3545 78 224
582 3545 66 224
650 3545 66 224
718 3545 66 224
786 3545 67 224
854 3545 146 224
1002 3545 191 224
1194 3545 337 224
1637 3545 66 226
1704 3545 180 226
1886 3545 78 226
1966 3545 66 226
2033 3545 67 226
2102 3545 66 226
2170 3545 66 226
2238 3545 146 226
2385 3545 191 226
2578 3545 333 226
1637 3772 66 224
1704 3772 180 224
1886 3772 78 151
1966 3772 66 224
2033 3772 67 224
2102 3772 66 224
2170 3772 66 224
2238 3772 146 224
2385 3772 191 224
2578 3772 333 224
157 3774 94 449
253 3774 66 224
321 3774 180 224
502 3774 78 224
582 3774 66 224
650 3774 66 224
718 3774 66 224
786 3774 67 224
854 3774 146 224
1002 3774 191 224
1194 3774 337 224
253 4000 66 223
321 4000 180 223
502 4000 78 223
582 4000 66 223
650 4000 66 223
718 4000 66 223
786 4000 67 223
854 4000 146 223
1002 4000 191 223
1194 4000 337 223
1536 4002 1375 221
157 4228 2754 82
