11 11 2903 221
11 233 2903 225
11 459 90 67
102 459 254 67
357 459 96 67
454 459 95 67
550 459 96 67
647 459 95 67
743 459 95 67
839 459 198 67
1038 459 418 67
1457 459 1457 67
11 527 90 340
102 527 254 340
357 527 96 340
454 527 95 340
550 527 96 340
647 527 95 340
743 527 95 340
839 527 198 340
1038 527 418 340
1457 527 1457 340
11 868 90 334
102 868 254 334
357 868 96 334
454 868 95 334
550 868 96 334
647 868 95 334
743 868 95 334
839 868 198 334
1038 868 418 334
1457 868 1457 334
1492 3468 1410 44
1492 3513 78 45
1571 3513 115 45
1687 3513 314 45
2002 3513 486 45
2489 3513 413 45
1492 3559 78 44
1571 3559 115 44
1687 3559 314 44
2002 3559 486 44
2489 3559 413 44
1492 3604 78 45
1571 3604 115 45
1687 3604 314 45
2002 3604 486 45
2489 3604 413 45
1492 3650 78 44
1571 3650 115 44
1687 3650 314 44
2002 3650 486 44
2489 3650 413 44
