154 188 2754 328
154 529 2754 252
154 786 84 178
239 786 214 178
455 786 99 178
555 786 267 178
823 786 77 178
902 786 77 178
981 786 198 178
1181 786 236 178
1419 786 338 178
1759 786 1149 178
154 966 84 373
239 966 214 373
455 966 99 373
555 966 267 373
823 966 77 373
902 966 77 373
981 966 198 373
1181 966 236 373
1419 966 338 373
1759 966 1149 373
154 1340 84 371
239 1340 214 371
455 1340 99 371
555 1340 267 371
823 1340 77 371
902 1340 77 371
981 1340 198 371
1181 1340 236 371
1419 1340 338 371
1759 1340 1149 371
154 1717 2754 104
154 1880 2754 327
154 2220 2754 252
154 2478 2754 155
154 2635 84 180
239 2635 214 180
455 2635 99 180
555 2635 267 180
823 2635 77 180
902 2635 77 180
981 2635 198 180
1181 2635 236 180
1419 2635 338 180
1759 2635 1149 180
154 2816 84 345
239 2816 214 345
455 2816 99 345
555 2816 267 345
823 2816 77 345
902 2816 77 345
981 2816 198 345
1181 2816 236 345
1419 2816 338 345
1759 2816 1149 345
154 3162 84 345
239 3162 214 345
455 3162 99 345
555 3162 267 345
823 3162 77 345
902 3162 77 345
981 3162 198 345
1181 3162 236 345
1419 3162 338 345
1759 3162 1149 345
154 3509 84 345
239 3509 214 345
455 3509 99 345
555 3509 267 345
823 3509 77 345
902 3509 77 345
981 3509 198 345
1181 3509 236 345
1419 3509 338 345
1759 3509 1149 345
154 3855 84 343
239 3855 214 343
455 3855 99 343
555 3855 267 343
823 3855 77 343
902 3855 77 343
981 3855 198 343
1181 3855 236 343
1419 3855 338 343
1759 3855 1149 343
154 4203 2754 105
