13 12 2255 220
13 234 2255 168
13 404 78 112
92 404 169 112
263 404 196 112
461 404 169 112
631 404 84 112
716 404 140 112
858 404 168 112
1028 404 254 112
1283 404 254 112
1538 404 730 112
13 517 78 226
92 517 169 226
263 517 196 226
461 517 169 226
631 517 84 226
716 517 140 226
858 517 168 226
1028 517 254 226
1283 517 254 226
1538 517 730 226
13 744 78 225
92 744 169 225
263 744 196 225
461 744 169 225
631 744 84 225
716 744 140 225
858 744 168 225
1028 744 254 225
1283 744 254 225
1538 744 730 225
13 971 2255 112
13 1084 2255 112
13 1198 2255 112
13 1311 1127 1529
1141 1311 1127 1529
