154 188 2754 328
154 529 2754 252
154 786 84 178
239 786 214 178
455 786 99 178
555 786 267 178
823 786 77 178
902 786 77 178
981 786 198 178
1181 786 236 178
1419 786 338 178
1759 786 1149 178
154 966 84 424
239 966 214 424
455 966 99 424
555 966 267 424
823 966 77 424
902 966 77 424
981 966 198 424
1181 966 236 424
1419 966 338 424
1759 966 1149 424
154 1391 84 423
239 1391 214 423
455 1391 99 423
555 1391 267 423
823 1391 77 423
902 1391 77 423
981 1391 198 423
1181 1391 236 423
1419 1391 338 423
1759 1391 1149 423
154 1819 2754 105
154 1982 2754 328
154 2322 2754 252
154 2580 2754 155
154 2736 84 181
239 2736 214 181
455 2736 99 181
555 2736 267 181
823 2736 77 181
902 2736 77 181
981 2736 198 181
1181 2736 236 181
1419 2736 338 181
1759 2736 1149 181
154 2918 84 427
239 2918 214 427
455 2918 99 427
555 2918 267 427
823 2918 77 427
902 2918 77 427
981 2918 198 427
1181 2918 236 427
1419 2918 338 427
1759 2918 1149 427
154 3346 84 426
239 3346 214 426
455 3346 99 426
555 3346 267 426
823 3346 77 426
902 3346 77 426
981 3346 198 426
1181 3346 236 426
1419 3346 338 426
1759 3346 1149 426
154 3773 84 425
239 3773 214 425
455 3773 99 425
555 3773 267 425
823 3773 77 425
902 3773 77 425
981 3773 198 425
1181 3773 236 425
1419 3773 338 425
1759 3773 1149 425
154 4203 2754 105
