115 95 1985 176
115 273 1984 151
116 426 61 44
178 426 157 44
337 426 123 44
462 426 111 44
575 426 58 44
635 426 83 44
720 426 109 44
830 426 208 44
1040 426 347 44
1389 426 709 44
116 471 61 292
178 471 157 292
337 471 123 292
462 471 111 292
575 471 58 292
635 471 83 292
720 471 109 292
830 471 208 292
1040 471 347 292
1389 471 709 292
116 764 61 291
178 764 157 291
337 764 123 291
462 764 111 291
575 764 58 291
635 764 83 291
720 764 109 291
830 764 208 291
1040 764 347 291
1389 764 709 291
116 1057 61 291
178 1057 157 291
337 1057 123 291
462 1057 111 291
575 1057 58 291
635 1057 83 291
720 1057 109 291
830 1057 208 291
1040 1057 347 291
1389 1057 709 291
115 1350 991 1506
1108 1350 991 1506
