147 168 2233 220
147 389 2233 169
147 560 72 111
221 560 168 111
391 560 197 111
589 560 180 111
771 560 83 111
856 560 140 111
997 560 169 111
1168 560 168 111
1338 560 253 111
1593 560 787 111
147 673 72 225
221 673 168 225
391 673 197 225
589 673 180 225
771 673 83 225
856 673 140 225
997 673 169 225
1168 673 168 225
1338 673 253 225
1593 673 787 225
147 900 72 225
221 900 168 225
391 900 197 225
589 900 180 225
771 900 83 225
856 900 140 225
997 900 169 225
1168 900 168 225
1338 900 253 225
1593 900 787 225
147 1126 2233 112
147 1240 2233 112
147 1353 1115 1529
1264 1353 1116 1529
