142 164 2244 219
142 385 2244 169
142 556 78 111
222 556 169 111
393 556 196 111
591 556 168 111
761 556 83 111
846 556 140 111
988 556 111 111
1101 556 112 111
1215 556 281 111
1498 556 888 111
142 669 78 225
393 669 196 225
591 669 168 225
761 669 83 225
846 669 140 225
988 669 111 225
1101 669 112 225
1215 669 281 225
1498 669 888 225
142 896 78 224
393 896 196 224
591 896 168 224
761 896 83 224
846 896 140 224
988 896 111 224
1101 896 112 224
1215 896 281 224
1498 896 888 224
370 964 21 22
142 1122 78 225
393 1122 196 225
591 1122 168 225
761 1122 83 225
846 1122 140 225
988 1122 111 225
1101 1122 112 225
1215 1122 281 225
1498 1122 888 225
142 1349 2244 112
142 1463 2244 111
142 1576 2244 111
142 1689 2244 1523
