142 164 2244 219
142 385 2244 169
142 556 78 111
222 556 169 111
393 556 196 111
591 556 168 111
761 556 83 111
846 556 140 111
988 556 168 111
1158 556 168 111
1328 556 253 111
1583 556 803 111
142 669 78 225
393 669 196 225
591 669 168 225
761 669 83 225
846 669 140 225
988 669 168 225
1158 669 168 225
1328 669 253 225
1583 669 803 225
142 896 78 224
393 896 196 224
591 896 168 224
761 896 83 224
846 896 140 224
988 896 168 224
1158 896 168 224
1328 896 253 224
1583 896 803 224
142 1122 78 225
393 1122 196 225
591 1122 168 225
761 1122 83 225
846 1122 140 225
988 1122 168 225
1158 1122 168 225
1328 1122 253 225
1583 1122 803 225
222 1171 35 27
368 1175 23 30
222 1201 28 69
142 1349 2244 112
142 1463 2244 111
142 1576 2244 111
142 1689 2244 112
142 1803 2244 1523
