142 165 2245 220
142 387 2245 168
142 557 73 112
217 557 168 112
387 557 197 112
585 557 103 112
690 557 83 112
775 557 115 112
891 557 115 112
1007 557 132 112
1141 557 253 112
1396 557 991 112
142 670 73 225
217 670 168 225
387 670 197 225
585 670 103 225
690 670 83 225
775 670 115 225
891 670 115 225
1007 670 132 225
1141 670 253 225
1396 670 991 225
142 897 2245 112
142 1010 2245 112
142 1124 2245 111
142 1237 2245 112
1293 2683 304 31
1598 2683 280 31
1879 2683 232 31
1293 2715 304 50
1598 2715 280 50
1879 2715 232 50
1293 2766 304 50
1598 2766 280 50
1879 2766 232 50
