170 699 154 148
328 699 402 148
733 699 383 148
1119 699 171 148
1293 699 145 148
1441 699 271 148
1716 699 239 148
1958 699 275 148
2237 699 349 148
2589 699 859 148
169 850 155 262
328 850 403 262
734 850 383 262
1120 850 170 262
1293 850 146 262
1442 850 271 262
1716 850 239 262
1958 850 276 262
2237 850 347 262
2588 850 860 262
169 1115 155 262
328 1115 403 262
734 1115 383 262
1120 1115 170 262
1293 1115 146 262
1442 1115 271 262
1716 1115 239 262
1958 1115 276 262
2237 1115 347 262
2588 1115 860 262
170 1890 75 149
248 1890 64 77
315 1890 165 149
483 1890 156 149
642 1890 83 55
728 1890 71 149
802 1890 133 149
937 1890 118 149
1058 1890 135 149
1196 1890 174 149
1373 1890 425 149
1802 1890 76 149
1881 1890 64 77
1948 1890 164 149
2115 1890 156 149
2274 1890 84 149
2361 1890 71 149
2435 1890 132 149
2570 1890 118 149
2691 1890 135 149
2830 1890 172 149
3005 1890 426 149
642 1966 83 73
248 1982 64 57
1881 1982 64 57
170 2041 75 1303
248 2041 64 258
315 2041 165 258
483 2041 157 258
642 2041 83 258
728 2041 71 258
802 2041 132 258
937 2041 117 258
1058 2041 135 258
1196 2041 174 258
1373 2041 426 258
1802 2041 76 1042
1881 2041 64 258
1948 2041 164 30
2115 2041 157 258
2275 2041 83 258
2361 2041 71 258
2435 2041 131 258
2570 2041 117 258
2691 2041 135 258
2829 2041 174 258
3006 2041 426 258
1948 2276 164 23
248 2302 64 259
315 2302 165 26
483 2302 157 259
642 2302 83 259
728 2302 71 259
802 2302 132 259
937 2302 117 259
1058 2302 135 259
1196 2302 174 259
1373 2302 426 259
1881 2302 64 259
1948 2302 164 30
2115 2302 157 259
2275 2302 83 259
2361 2302 71 259
2435 2302 131 259
2570 2302 117 259
2691 2302 135 139
2829 2302 174 259
3006 2302 426 259
2691 2452 135 109
1948 2535 164 26
315 2538 165 23
248 2564 64 258
315 2564 165 34
483 2564 157 258
642 2564 83 258
728 2564 71 258
802 2564 132 258
937 2564 117 258
1058 2564 135 258
1196 2564 174 258
1373 2564 426 258
1881 2564 64 258
1948 2564 164 32
2115 2564 157 258
2275 2564 83 258
2361 2564 71 258
2435 2564 131 258
2570 2564 117 258
2691 2564 135 258
2829 2564 174 258
3006 2564 426 258
315 2625 35 25
1948 2684 28 23
1948 2796 164 26
315 2798 165 24
248 2825 64 258
315 2825 165 28
483 2825 157 258
642 2825 83 258
728 2825 71 258
802 2825 132 258
937 2825 117 258
1058 2825 135 258
1196 2825 174 258
1373 2825 426 258
1881 2825 64 258
1948 2825 164 38
2115 2825 157 258
2275 2825 83 258
2361 2825 71 258
2435 2825 131 258
2570 2825 117 258
2691 2825 135 258
2829 2825 174 258
3006 2825 426 258
315 3059 165 24
1948 3059 164 24
248 3086 64 258
315 3086 165 258
483 3086 157 258
642 3086 83 258
728 3086 71 258
802 3086 132 258
937 3086 117 258
1058 3086 135 258
1196 3086 174 258
1373 3086 426 258
1802 3086 76 780
1881 3086 64 258
1948 3086 164 186
2115 3086 157 258
2275 3086 83 258
2361 3086 71 258
2435 3086 131 258
2570 3086 117 258
2691 3086 135 258
2829 3086 174 258
3006 3086 426 258
1948 3317 164 27
170 3347 75 492
248 3347 64 258
315 3347 165 258
483 3347 157 258
642 3347 83 258
728 3347 71 258
802 3347 132 258
937 3347 117 258
1058 3347 135 258
1196 3347 174 258
1373 3347 426 258
1881 3347 64 258
1948 3347 164 29
2115 3347 157 258
2275 3347 83 258
2361 3347 71 258
2435 3347 131 258
2570 3347 117 258
2691 3347 135 258
2829 3347 174 258
3006 3347 426 258
1948 3436 40 24
1948 3581 164 24
248 3608 64 259
315 3608 165 31
483 3608 157 259
642 3608 83 259
728 3608 71 259
802 3608 132 259
937 3608 117 259
1058 3608 135 259
1196 3608 174 259
1373 3608 426 259
1881 3608 64 259
1948 3608 164 30
2115 3608 157 259
2275 3608 83 259
2361 3608 71 259
2435 3608 131 259
2570 3608 117 259
2691 3608 135 259
2829 3608 174 259
3006 3608 426 259
315 3843 165 24
1948 3843 164 24
248 3870 64 258
315 3870 165 31
483 3870 157 258
642 3870 83 258
728 3870 71 258
802 3870 132 258
937 3870 117 258
1058 3870 135 258
1196 3870 174 258
1373 3870 426 258
170 3872 75 778
315 4104 165 24
248 4130 64 258
315 4130 165 28
483 4130 157 258
642 4130 83 258
728 4130 71 258
802 4130 132 258
937 4130 117 258
1058 4130 135 258
1196 4130 174 258
1373 4130 426 258
315 4365 165 23
248 4392 64 258
315 4392 165 30
483 4392 157 258
642 4392 83 258
728 4392 71 258
802 4392 132 258
937 4392 117 258
1058 4392 135 258
1196 4392 174 58
1373 4392 426 258
440 4455 40 21
1196 4483 174 38
1196 4574 174 76
315 4625 165 25
