142 164 2244 219
142 385 2244 168
142 555 78 112
222 555 169 112
393 555 196 112
591 555 168 112
761 555 83 112
846 555 140 112
988 555 168 112
1158 555 168 112
1328 555 253 112
1583 555 803 112
142 669 78 225
393 669 196 225
591 669 168 225
761 669 83 225
846 669 140 225
988 669 168 225
1158 669 168 225
1328 669 253 225
1583 669 803 225
365 716 26 24
142 896 78 224
393 896 196 224
591 896 168 224
761 896 83 224
846 896 140 224
988 896 168 224
1158 896 168 224
1328 896 253 224
1583 896 803 224
142 1122 2244 112
142 1236 2244 111
142 1349 2244 112
142 1463 2244 111
142 1576 2244 1523
