142 165 2233 220
142 387 2233 168
142 557 73 112
217 557 168 112
387 557 197 112
585 557 180 112
766 557 84 112
851 557 141 112
993 557 169 112
1163 557 169 112
1333 557 254 112
1588 557 787 112
142 670 73 225
217 670 168 225
387 670 197 225
585 670 180 225
766 670 84 225
851 670 141 225
993 670 169 225
1163 670 169 225
1333 670 254 225
1588 670 787 225
142 897 73 225
217 897 168 225
387 897 197 225
585 897 180 225
766 897 84 225
851 897 141 225
993 897 169 225
1163 897 169 225
1333 897 254 225
1588 897 787 225
142 1124 2233 111
142 1237 2233 112
142 1350 2233 112
142 1466 1116 1528
1260 1466 1115 1528
