10 10 2235 158
10 170 2235 151
10 323 88 95
99 323 178 95
279 323 126 95
406 323 180 95
588 323 50 95
639 323 119 95
760 323 117 95
878 323 208 95
1088 323 242 95
1332 323 913 95
10 419 88 227
279 419 126 227
406 419 180 227
588 419 50 227
639 419 119 227
760 419 117 227
878 419 208 227
1088 419 242 227
1332 419 913 227
99 478 28 23
10 647 88 224
279 647 126 224
406 647 180 224
588 647 50 224
639 647 119 224
760 647 117 224
878 647 208 224
1088 647 242 224
1332 647 913 224
10 873 2235 113
10 987 2235 113
10 1101 2235 102
10 1205 2235 111
10 1318 1117 1507
1128 1318 1117 1507
