11 11 2903 221
11 233 2903 225
11 459 96 67
108 459 269 67
378 459 101 67
480 459 107 67
588 459 100 67
689 459 101 67
791 459 101 67
893 459 209 67
1103 459 269 67
1373 459 1541 67
11 527 96 510
108 527 269 510
378 527 101 510
480 527 107 510
588 527 100 510
689 527 101 510
791 527 101 510
893 527 209 510
1103 527 269 510
1373 527 1541 510
11 1038 96 504
108 1038 269 504
378 1038 101 504
480 1038 107 504
588 1038 100 504
689 1038 101 504
791 1038 101 504
893 1038 209 504
1103 1038 269 504
1373 1038 1541 504
1492 3517 1410 44
1492 3562 78 45
1571 3562 115 45
1687 3562 314 45
2002 3562 486 45
2489 3562 413 45
1492 3608 78 44
1571 3608 115 44
1687 3608 314 44
2002 3608 486 44
2489 3608 413 44
1492 3653 78 44
1571 3653 115 44
1687 3653 314 44
2002 3653 486 44
2489 3653 413 44
1492 3698 78 45
1571 3698 115 45
1687 3698 314 45
2002 3698 486 45
2489 3698 413 45
1492 3744 78 44
1571 3744 115 44
1687 3744 314 44
2002 3744 486 44
2489 3744 413 44
1492 3789 78 44
1571 3789 115 44
1687 3789 314 44
2002 3789 486 44
2489 3789 413 44
