6 6 2058 177
6 186 2058 139
6 328 81 100
89 328 270 100
361 328 72 100
434 328 73 100
508 328 50 100
559 328 50 100
610 328 50 100
661 328 197 100
860 328 316 100
1177 328 887 100
6 429 81 481
89 429 270 481
361 429 72 481
434 429 73 481
508 429 50 481
559 429 50 481
610 429 50 481
661 429 197 481
860 429 316 481
1177 429 887 481
6 911 81 480
89 911 270 480
361 911 72 480
434 911 73 480
508 911 50 480
559 911 50 480
610 911 50 480
661 911 197 480
860 911 316 480
1177 911 887 480
6 1393 81 480
89 1393 270 480
361 1393 72 480
434 1393 73 480
508 1393 50 480
559 1393 50 480
610 1393 50 480
661 1393 197 480
860 1393 316 480
1177 1393 887 480
6 1876 1028 993
1035 1876 1029 993
