142 165 2233 220
142 387 2233 168
142 557 73 112
217 557 168 112
387 557 197 112
585 557 180 112
766 557 84 112
851 557 141 112
993 557 169 112
1163 557 169 112
1333 557 254 112
1588 557 787 112
142 670 73 225
217 670 168 225
387 670 197 225
585 670 180 225
766 670 84 225
851 670 141 225
993 670 169 225
1163 670 169 225
1333 670 254 225
1588 670 787 225
142 897 73 225
217 897 168 225
387 897 197 225
585 897 180 225
766 897 84 225
851 897 141 225
993 897 169 225
1163 897 169 225
1333 897 254 225
1588 897 787 225
142 1124 73 225
217 1124 168 117
387 1124 197 225
585 1124 180 225
766 1124 84 225
851 1124 141 225
993 1124 169 225
1163 1124 169 225
1333 1124 254 225
1588 1124 787 225
142 1350 73 226
217 1350 168 226
387 1350 197 226
585 1350 180 226
766 1350 84 226
851 1350 141 226
993 1350 169 226
1163 1350 169 226
1333 1350 254 226
1588 1350 787 226
142 1577 73 225
217 1577 168 225
387 1577 197 225
585 1577 180 225
766 1577 84 225
851 1577 141 225
993 1577 169 225
1163 1577 169 225
1333 1577 254 225
1588 1577 787 225
142 1804 73 225
217 1804 168 225
387 1804 197 225
585 1804 180 225
766 1804 84 225
851 1804 141 225
993 1804 169 225
1163 1804 169 225
1333 1804 254 225
1588 1804 787 225
142 2031 73 225
217 2031 168 225
387 2031 197 225
585 2031 180 225
766 2031 84 225
851 2031 141 225
993 2031 169 225
1163 2031 169 225
1333 2031 254 225
1588 2031 787 225
142 2257 73 226
217 2257 168 226
387 2257 197 226
585 2257 180 226
766 2257 84 226
851 2257 141 226
993 2257 169 226
1163 2257 169 226
1333 2257 254 226
1588 2257 787 226
142 2484 73 225
217 2484 168 225
387 2484 197 225
585 2484 180 225
766 2484 84 225
851 2484 141 225
993 2484 169 225
1163 2484 169 225
1333 2484 254 225
1588 2484 787 225
142 2711 73 225
217 2711 168 225
387 2711 197 225
585 2711 180 225
766 2711 84 225
851 2711 141 225
993 2711 169 225
1163 2711 169 225
1333 2711 254 225
1588 2711 787 225
142 2938 2233 112
142 3051 2233 112
142 3165 2233 111
142 3278 2233 112
142 3391 2233 112
142 3505 1116 1529
1260 3505 1115 1529
