166 179 2731 226
166 409 2731 151
166 567 56 249
226 567 70 249
299 567 190 249
493 567 65 249
561 567 53 249
617 567 53 249
674 567 54 249
731 567 53 249
787 567 139 249
929 567 139 249
1071 567 457 249
1535 567 63 249
1601 567 70 249
1675 567 190 249
1868 567 65 249
1936 567 53 249
1992 567 54 249
2049 567 54 249
2106 567 53 249
2162 567 139 249
2304 567 139 249
2446 567 451 249
166 822 56 2905
226 822 70 319
299 822 190 319
493 822 65 319
561 822 53 319
617 822 53 319
674 822 54 319
731 822 53 319
787 822 139 319
929 822 139 319
1071 822 457 319
1535 822 63 641
1601 822 70 319
1675 822 190 319
1868 822 65 319
1936 822 53 319
1992 822 54 319
2049 822 54 319
2106 822 53 319
2162 822 139 319
2304 822 139 319
2446 822 451 319
226 1144 70 320
299 1144 190 320
493 1144 65 320
561 1144 53 320
617 1144 53 320
674 1144 54 320
731 1144 53 320
787 1144 139 320
929 1144 139 320
1071 1144 457 320
1601 1144 70 319
1675 1144 190 319
1868 1144 65 319
1936 1144 53 319
1992 1144 54 319
2049 1144 54 319
2106 1144 53 319
2162 1144 139 319
2304 1144 139 319
2446 1144 451 319
226 1468 70 320
299 1468 190 320
493 1468 65 320
561 1468 53 320
617 1468 53 320
674 1468 54 320
731 1468 53 320
787 1468 139 320
929 1468 139 320
1071 1468 457 320
1535 1470 63 2580
1601 1470 70 318
1675 1470 190 318
1868 1470 65 318
1936 1470 53 318
1992 1470 54 318
2049 1470 54 318
2106 1470 53 318
2162 1470 139 318
2304 1470 139 318
2446 1470 451 318
226 1791 70 320
299 1791 190 320
493 1791 65 320
561 1791 53 320
617 1791 53 320
674 1791 54 320
731 1791 53 320
787 1791 139 320
929 1791 139 320
1071 1791 457 320
1601 1791 70 320
1675 1791 190 320
1868 1791 65 320
1936 1791 53 320
1992 1791 54 320
2049 1791 54 320
2106 1791 53 320
2162 1791 139 320
2304 1791 139 320
2446 1791 451 320
226 2114 70 320
299 2114 190 320
493 2114 65 320
561 2114 53 320
617 2114 53 320
674 2114 54 320
731 2114 53 320
787 2114 139 320
929 2114 139 320
1071 2114 457 320
1601 2114 70 320
1675 2114 190 320
1868 2114 65 320
1936 2114 53 320
1992 2114 54 320
2049 2114 54 320
2106 2114 53 320
2162 2114 139 320
2304 2114 139 320
2446 2114 451 320
226 2438 70 320
299 2438 190 320
493 2438 65 320
561 2438 53 320
617 2438 53 320
674 2438 54 320
731 2438 53 320
787 2438 139 320
929 2438 139 320
1071 2438 457 320
1601 2438 70 320
1675 2438 190 320
1868 2438 65 320
1936 2438 53 320
1992 2438 54 320
2049 2438 54 320
2106 2438 53 320
2162 2438 139 320
2304 2438 139 320
2446 2438 451 320
226 2761 70 321
299 2761 190 321
493 2761 65 321
561 2761 53 321
617 2761 53 321
674 2761 54 321
731 2761 53 321
787 2761 139 321
929 2761 139 321
1071 2761 457 321
1601 2761 70 321
1675 2761 190 321
1868 2761 65 321
1936 2761 53 321
1992 2761 54 321
2049 2761 54 321
2106 2761 53 321
2162 2761 139 321
2304 2761 139 321
2446 2761 451 40
2446 2803 447 279
226 3085 70 320
299 3085 190 320
493 3085 65 320
561 3085 53 320
617 3085 53 320
674 3085 54 320
731 3085 53 320
787 3085 139 320
929 3085 139 320
1071 3085 457 320
1601 3085 70 320
1675 3085 190 320
1868 3085 65 320
1936 3085 53 320
1992 3085 54 320
2049 3085 54 320
2106 3085 53 320
2162 3085 139 320
2304 3085 139 320
2446 3085 451 320
226 3408 70 319
299 3408 190 319
493 3408 65 319
561 3408 53 319
617 3408 53 319
674 3408 54 319
731 3408 53 319
787 3408 139 319
929 3408 139 319
1071 3408 457 319
1601 3408 70 320
1675 3408 190 320
1868 3408 65 320
1936 3408 53 320
1992 3408 54 320
2049 3408 54 320
2106 3408 53 320
2162 3408 139 320
2304 3408 139 320
2446 3408 451 320
1601 3731 70 319
1675 3731 190 319
1868 3731 65 319
1936 3731 53 319
1992 3731 54 319
2049 3731 54 319
2106 3731 53 319
2162 3731 139 319
2304 3731 139 319
2446 3731 451 319
166 3733 56 317
226 3733 70 317
299 3733 190 317
493 3733 65 317
561 3733 53 317
617 3733 53 317
674 3733 54 317
731 3733 53 317
787 3733 139 317
929 3733 139 317
1071 3733 457 317
166 4056 2731 133
