102 149 1974 125
102 275 1974 100
102 377 63 51
166 377 217 51
384 377 111 51
496 377 60 51
557 377 48 51
606 377 74 51
681 377 80 51
762 377 272 51
1035 377 373 51
1409 377 667 51
102 429 63 368
166 429 217 368
384 429 111 368
496 429 60 368
557 429 48 368
606 429 74 368
681 429 80 368
762 429 272 368
1035 429 373 368
1409 429 667 368
102 798 63 365
166 798 217 365
384 798 111 365
496 798 60 365
557 798 48 365
606 798 74 365
681 798 80 365
762 798 272 365
1035 798 373 365
1409 798 667 365
102 1165 1974 1704
