106 90 2851 276
106 368 2851 225
106 595 97 75
205 595 283 75
490 595 225 75
717 595 88 75
807 595 66 75
875 595 123 75
1000 595 196 75
1910 595 1047 75
1198 596 285 74
1485 596 423 74
106 672 97 336
205 672 283 21
490 672 225 336
717 672 88 336
807 672 66 336
875 672 123 336
1000 672 196 336
1198 672 285 336
1485 672 423 336
1910 672 1047 336
205 747 50 205
434 759 54 188
106 1010 97 337
205 1010 283 337
490 1010 225 337
717 1010 88 337
807 1010 66 337
875 1010 123 337
1000 1010 196 337
1198 1010 285 337
1485 1010 423 337
1910 1010 1047 337
106 1349 97 336
205 1349 283 319
490 1349 225 336
717 1349 88 336
807 1349 66 336
875 1349 123 336
1000 1349 196 336
1198 1349 285 336
1485 1349 423 336
1910 1349 1047 336
106 1687 237 2530
358 1687 2598 1898
358 3585 1236 632
1597 3588 1358 55
1597 3644 134 67
1732 3644 401 67
2134 3644 370 67
2505 3644 450 67
1597 3712 134 163
1732 3712 401 163
2134 3712 370 163
2505 3712 450 163
1594 3878 1363 339
