10 10 2235 159
10 171 2235 151
10 324 88 95
99 324 178 95
279 324 126 95
406 324 180 95
588 324 50 95
639 324 119 95
760 324 117 95
878 324 208 95
1088 324 242 95
1332 324 913 95
10 420 88 225
279 420 126 225
406 420 180 225
588 420 50 225
639 420 119 225
760 420 117 225
878 420 208 225
1088 420 242 225
1332 420 913 225
245 489 32 29
99 492 24 32
250 526 27 83
99 528 21 86
10 647 88 226
99 647 178 192
279 647 126 226
406 647 180 226
588 647 50 226
639 647 119 226
760 647 117 226
878 647 208 226
1088 647 242 226
1332 647 913 226
10 875 88 226
279 875 126 226
406 875 180 226
588 875 50 226
639 875 119 226
760 875 117 226
878 875 208 226
1088 875 242 226
1332 875 913 226
10 1102 88 224
279 1102 126 224
406 1102 180 224
588 1102 50 224
639 1102 119 224
760 1102 117 224
878 1102 208 224
1088 1102 242 224
1332 1102 913 224
99 1170 33 27
242 1172 35 24
245 1199 32 127
99 1200 30 126
10 1328 2235 111
10 1441 2235 112
1188 3131 273 30
1462 3131 283 30
1746 3131 200 30
1188 3162 273 30
1462 3162 283 30
1746 3162 200 30
1188 3193 273 30
1462 3193 283 30
1746 3193 200 30
1188 3225 273 30
1462 3225 283 30
1746 3225 200 30
1188 3256 273 30
1462 3256 283 30
1746 3256 200 30
1188 3287 273 30
1462 3287 283 30
1746 3287 200 30
1188 3319 273 30
1462 3319 283 30
1746 3319 200 30
