11 11 2903 221
11 233 2903 225
11 459 90 67
102 459 254 67
357 459 96 67
454 459 95 67
550 459 96 67
647 459 95 67
743 459 95 67
839 459 198 67
1038 459 418 67
1457 459 1457 67
11 527 90 340
102 527 254 340
357 527 96 340
454 527 95 340
550 527 96 340
647 527 95 340
743 527 95 340
839 527 198 340
1038 527 418 340
1457 527 1457 340
11 868 90 334
102 868 254 334
357 868 96 334
454 868 95 334
550 868 96 334
647 868 95 334
743 868 95 334
839 868 198 334
1038 868 418 334
1457 868 1457 334
1492 3536 1410 44
1492 3581 78 45
1571 3581 115 45
1687 3581 314 45
2002 3581 486 45
2489 3581 413 45
1492 3627 78 44
1571 3627 115 44
1687 3627 314 44
2002 3627 486 44
2489 3627 413 44
1492 3672 78 45
1571 3672 115 45
1687 3672 314 45
2002 3672 486 45
2489 3672 413 45
1492 3718 78 43
1571 3718 115 43
1687 3718 314 43
2002 3718 486 43
2489 3718 413 43
