1056 1862 209 58
1266 1862 520 58
1787 1862 261 58
1056 1921 209 39
1266 1921 520 39
1787 1921 261 39
1056 1962 209 62
1266 1962 520 62
1787 1962 261 62
1056 2026 209 39
1266 2026 520 39
1787 2026 261 39
1056 2067 209 39
1266 2067 520 39
1787 2067 261 39
1056 2107 209 58
1266 2107 520 58
1787 2107 261 58
1056 2167 209 58
1266 2167 520 58
1787 2167 261 58
1056 2226 209 39
1266 2226 520 39
1787 2226 261 39
1056 2267 209 39
1266 2267 520 39
1787 2267 261 39
1056 2308 209 32
1266 2308 520 32
1787 2308 261 32
1056 2341 209 40
1266 2341 520 40
1787 2341 261 40
1056 2382 209 39
1266 2382 520 39
1787 2382 261 39
1056 2423 209 39
1266 2423 520 39
1787 2423 261 39
1056 2463 209 56
1266 2463 520 56
1787 2463 261 56
1056 2521 209 39
1266 2521 520 39
1787 2521 261 39
1056 2561 209 40
1266 2561 520 40
1787 2561 261 40
1056 2602 209 39
1266 2602 520 39
1787 2602 261 39
1056 2643 209 39
1266 2643 520 39
1787 2643 261 39
1056 2683 209 39
1266 2683 520 39
1787 2683 261 39
1056 2724 209 39
1266 2724 520 39
1787 2724 261 39
1056 2764 209 40
1266 2764 520 40
1787 2764 261 40
1056 2805 209 39
1266 2805 520 39
1787 2805 261 39
