5 5 2210 306
5 313 87 74
94 313 202 74
298 313 196 74
496 313 66 74
564 313 66 74
632 313 117 74
751 313 129 74
882 313 151 74
1035 313 202 74
1239 313 976 74
5 389 87 231
94 389 202 231
298 389 196 231
496 389 66 231
564 389 66 231
632 389 117 231
751 389 129 231
882 389 151 231
1035 389 202 231
1239 389 976 231
5 622 87 230
94 622 202 230
298 622 196 230
496 622 66 230
564 622 66 230
632 622 117 230
751 622 129 230
882 622 151 230
1035 622 202 230
1239 622 976 230
5 854 87 230
94 854 202 230
298 854 196 230
496 854 66 230
564 854 66 230
632 854 117 230
751 854 129 230
882 854 151 230
1035 854 202 230
1239 854 976 230
5 1086 2210 394
