101 90 2851 276
101 368 2851 225
506 595 240 84
748 595 89 84
839 595 66 84
907 595 122 84
1031 595 196 84
1229 595 271 84
1502 595 437 84
1942 595 1010 83
101 596 124 83
227 596 277 83
101 681 124 337
227 681 277 41
506 681 240 337
748 681 89 337
839 681 66 337
907 681 122 337
1031 681 196 337
1229 681 271 337
1502 681 437 337
1941 681 1011 337
101 1020 2851 2529
101 3549 1495 303
1599 3552 1353 54
2514 3607 438 68
1599 3608 133 67
1733 3608 357 67
2091 3608 422 67
1599 3676 133 85
1733 3676 357 85
2091 3676 422 85
2514 3676 438 85
1599 3762 133 87
1733 3762 357 87
2091 3762 422 87
2514 3762 438 87
101 3852 2851 364
