142 164 2244 219
142 385 2244 168
142 555 78 112
222 555 169 112
393 555 196 112
591 555 111 112
704 555 55 112
761 555 111 112
874 555 112 112
988 555 168 112
1158 555 281 112
1441 555 945 112
142 669 78 225
222 669 169 225
393 669 196 225
591 669 111 225
704 669 55 225
761 669 111 225
874 669 112 225
988 669 168 225
1158 669 281 225
1441 669 945 225
142 896 78 224
393 896 196 224
591 896 111 224
704 896 55 224
761 896 111 224
874 896 112 224
988 896 168 224
1158 896 281 224
1441 896 945 224
222 949 24 35
355 950 36 33
362 987 29 90
142 1122 78 225
393 1122 196 225
591 1122 111 225
704 1122 55 225
761 1122 111 225
874 1122 112 225
988 1122 168 225
1158 1122 281 225
1441 1122 945 225
367 1179 24 97
222 1181 27 92
142 1349 2244 565
142 1916 2244 1523
