6 6 2196 181
6 188 2196 118
6 307 79 79
86 307 197 79
284 307 197 79
482 307 209 79
692 307 67 79
760 307 118 79
879 307 127 79
1007 307 180 79
1188 307 285 79
1475 307 727 79
6 387 79 225
86 387 197 225
284 387 197 225
482 387 209 225
692 387 67 225
760 387 118 225
879 387 127 225
1007 387 180 225
1188 387 285 68
1475 387 727 225
1188 461 285 151
6 614 79 225
86 614 197 225
284 614 197 225
482 614 209 225
692 614 67 225
760 614 118 225
879 614 127 225
1007 614 180 225
1188 614 285 60
1475 614 727 225
1188 785 285 54
6 840 2196 625
