166 169 2731 244
166 420 2731 110
166 538 90 106
260 538 223 106
487 538 138 106
629 538 109 106
742 538 81 106
827 538 110 106
941 538 109 106
1053 538 337 106
1394 538 336 106
1734 538 1163 106
166 652 90 288
260 652 223 288
487 652 138 288
629 652 109 288
742 652 81 288
827 652 110 288
941 652 109 288
1053 652 337 288
1394 652 336 288
1734 652 1163 288
166 944 90 289
260 944 223 289
487 944 138 289
629 944 109 289
742 944 81 289
827 944 110 289
941 944 109 289
1053 944 337 289
1394 944 336 289
1734 944 1163 289
166 1241 2731 253
166 1501 2731 110
166 1619 56 162
226 1619 68 162
298 1619 186 162
488 1619 63 162
555 1619 52 162
611 1619 63 162
678 1619 52 162
734 1619 52 162
790 1619 136 162
930 1619 136 162
1069 1619 458 162
1535 1619 62 161
1601 1619 68 161
1673 1619 186 161
1863 1619 63 161
1930 1619 52 161
1986 1619 63 161
2053 1619 52 161
2109 1619 52 161
2165 1619 136 161
2305 1619 136 161
2444 1619 453 161
166 1789 56 615
226 1789 68 306
488 1789 63 306
555 1789 52 306
611 1789 63 306
678 1789 52 306
734 1789 52 306
790 1789 136 306
930 1789 136 306
1069 1789 458 306
1535 1789 62 926
1601 1789 68 306
1863 1789 63 306
1930 1789 52 306
1986 1789 63 306
2053 1789 52 306
2109 1789 52 306
2165 1789 136 306
2305 1789 136 306
2444 1789 453 306
454 1859 30 24
457 1886 27 95
226 2098 68 306
488 2099 63 305
555 2099 52 305
611 2099 63 305
678 2099 52 305
734 2099 52 305
790 2099 136 305
930 2099 136 56
1069 2099 458 55
1601 2099 68 307
1863 2099 63 307
1930 2099 52 307
1986 2099 63 307
2053 2099 52 307
2109 2099 52 307
2165 2099 136 307
2305 2099 136 307
2444 2099 453 307
930 2155 135 249
1071 2155 456 249
1831 2185 28 23
1835 2209 24 94
1601 2411 68 304
1863 2411 63 304
1930 2411 52 304
1986 2411 63 304
2053 2411 52 304
2109 2411 52 304
2165 2411 136 304
2305 2411 136 304
2444 2411 453 304
166 2412 56 616
226 2412 68 306
488 2412 63 306
555 2412 52 306
611 2412 63 306
678 2412 52 306
734 2412 52 306
790 2412 136 306
930 2412 136 306
1069 2412 458 306
1827 2477 32 29
1673 2484 30 23
1838 2513 21 100
226 2722 68 306
488 2722 63 306
555 2722 52 306
611 2722 63 306
678 2722 52 306
734 2722 52 306
790 2722 136 306
930 2722 136 306
1069 2722 458 306
1535 2724 62 617
1601 2724 68 307
1863 2724 63 307
1930 2724 52 307
1986 2724 63 307
2053 2724 52 307
2109 2724 52 307
2165 2724 136 307
2305 2724 136 307
2444 2724 453 307
298 2790 21 146
1833 2791 26 37
460 2792 24 147
1673 2809 25 21
1601 3035 68 306
1863 3035 63 306
1930 3035 52 306
1986 3035 63 306
2053 3035 52 306
2109 3035 52 306
2165 3035 136 306
2305 3035 136 306
2444 3035 453 306
166 3036 56 305
226 3036 68 305
488 3036 63 305
555 3036 52 305
611 3036 63 305
678 3036 52 305
734 3036 52 305
790 3036 136 305
930 3036 136 305
1069 3036 458 305
448 3098 36 29
298 3100 29 28
1673 3110 24 131
1838 3123 21 117
298 3131 23 102
459 3135 25 96
166 3348 56 617
226 3348 68 306
488 3348 63 306
555 3348 52 306
611 3348 63 306
678 3348 52 306
734 3348 52 306
790 3348 136 306
930 3348 136 306
1069 3348 458 306
1535 3349 62 920
1601 3349 68 306
1673 3349 186 306
1863 3349 63 306
1930 3349 52 306
1986 3349 63 306
2053 3349 52 306
2109 3349 52 306
2165 3349 136 306
2305 3349 136 306
2444 3349 453 306
298 3414 27 27
458 3441 26 110
298 3444 22 102
226 3658 68 307
298 3658 186 203
488 3658 63 307
555 3658 52 307
611 3658 63 307
678 3658 52 307
734 3658 52 307
790 3658 136 307
930 3658 136 307
1069 3658 458 151
1601 3659 68 308
1863 3659 63 308
1930 3659 52 308
1986 3659 63 308
2053 3659 52 308
2109 3659 52 308
2165 3659 136 308
2305 3659 136 308
2444 3659 453 308
1673 3723 25 147
1831 3731 28 127
1069 3810 453 155
323 3867 134 44
1601 3971 68 298
1863 3971 63 298
1930 3971 52 298
1986 3971 63 298
2053 3971 52 298
2109 3971 52 298
2165 3971 136 298
2305 3971 136 298
2444 3971 453 298
166 3972 1361 297
1673 4038 33 21
1831 4048 28 28
1673 4076 21 87
1833 4079 26 87
