166 179 2731 226
166 409 2731 151
166 567 56 249
226 567 70 249
299 567 190 249
493 567 65 249
561 567 53 249
617 567 53 249
674 567 54 249
731 567 53 249
787 567 139 249
929 567 139 249
1071 567 457 249
1535 567 63 249
1601 567 70 249
1675 567 190 249
1868 567 65 249
1936 567 53 249
1992 567 54 249
2049 567 54 249
2106 567 53 249
2162 567 139 249
2304 567 139 249
2446 567 451 249
166 822 56 316
226 822 70 316
299 822 190 316
493 822 65 316
561 822 53 316
617 822 53 316
674 822 54 316
731 822 53 316
787 822 139 316
929 822 139 316
1071 822 457 316
1535 822 63 317
1601 822 70 317
1675 822 190 317
1868 822 65 317
1936 822 53 317
1992 822 54 317
2049 822 54 317
2106 822 53 317
2162 822 139 317
2304 822 139 317
2446 822 451 317
166 1145 56 317
226 1145 70 317
299 1145 190 317
493 1145 65 317
561 1145 53 317
617 1145 53 317
674 1145 54 317
731 1145 53 317
787 1145 139 317
929 1145 139 317
1071 1145 457 317
1535 1145 63 641
1601 1145 70 319
1675 1145 190 319
1868 1145 65 319
1936 1145 53 319
1992 1145 54 319
2049 1145 54 319
2106 1145 53 319
2162 1145 139 319
2304 1145 139 319
2446 1145 451 319
166 1468 56 964
226 1468 70 320
299 1468 190 320
493 1468 65 320
561 1468 53 320
617 1468 53 320
674 1468 54 320
731 1468 53 320
787 1468 139 320
929 1468 139 320
1071 1468 457 320
1601 1468 70 318
1675 1468 190 318
1868 1468 65 318
1936 1468 53 318
1992 1468 54 318
2049 1468 54 318
2106 1468 53 318
2162 1468 139 318
2304 1468 139 318
2446 1468 451 318
226 1791 70 320
299 1791 190 320
493 1791 65 320
561 1791 53 320
617 1791 53 320
674 1791 54 320
731 1791 53 320
787 1791 139 320
929 1791 139 320
1071 1791 457 320
1535 1793 63 640
1601 1793 70 318
1675 1793 190 318
1868 1793 65 318
1936 1793 53 318
1992 1793 54 318
2049 1793 54 318
2106 1793 53 318
2162 1793 139 318
2304 1793 139 318
2446 1793 451 318
226 2114 70 318
299 2114 190 318
493 2114 65 318
561 2114 53 318
617 2114 53 318
674 2114 54 318
731 2114 53 318
787 2114 139 318
929 2114 139 318
1071 2114 457 318
1601 2114 70 319
1675 2114 190 319
1868 2114 65 319
1936 2114 53 319
1992 2114 54 319
2049 2114 54 319
2106 2114 53 319
2162 2114 139 319
2304 2114 139 319
2446 2114 451 319
166 2438 56 641
226 2438 70 320
299 2438 190 320
493 2438 65 320
561 2438 53 320
617 2438 53 320
674 2438 54 320
731 2438 53 320
787 2438 139 320
929 2438 139 320
1071 2438 457 320
1535 2439 63 641
1601 2439 70 319
1675 2439 190 319
1868 2439 65 319
1936 2439 53 319
1992 2439 54 319
2049 2439 54 319
2106 2439 53 319
2162 2439 139 319
2304 2439 139 319
2446 2439 451 319
226 2761 70 318
299 2761 190 318
493 2761 65 318
561 2761 53 318
617 2761 53 318
674 2761 54 318
731 2761 53 318
787 2761 139 318
929 2761 139 318
1071 2761 457 318
1601 2761 70 319
1675 2761 190 319
1868 2761 65 319
1936 2761 53 319
1992 2761 54 319
2049 2761 54 319
2106 2761 53 319
2162 2761 139 319
2304 2761 139 319
2446 2761 451 319
166 3086 56 640
226 3086 70 319
299 3086 190 319
493 3086 65 319
561 3086 53 319
617 3086 53 319
674 3086 54 319
731 3086 53 319
787 3086 139 319
929 3086 139 319
1071 3086 457 319
1535 3087 63 639
1601 3087 70 318
1675 3087 190 318
1868 3087 65 318
1936 3087 53 318
1992 3087 54 318
2049 3087 54 318
2106 3087 53 318
2162 3087 139 318
2304 3087 139 318
2446 3087 451 318
226 3408 70 318
299 3408 190 318
493 3408 65 318
561 3408 53 318
617 3408 53 318
674 3408 54 318
731 3408 53 318
787 3408 139 318
929 3408 139 318
1071 3408 457 318
1601 3408 70 318
1675 3408 190 318
1868 3408 65 318
1936 3408 53 318
1992 3408 54 318
2049 3408 54 318
2106 3408 53 318
2162 3408 139 318
2304 3408 139 318
2446 3408 451 318
166 3732 2731 318
166 4056 2731 133
