11 11 2257 220
11 234 2257 167
11 404 78 111
92 404 167 111
262 404 196 111
461 404 167 111
631 404 82 111
716 404 139 111
858 404 167 111
1028 404 252 111
1283 404 252 111
1538 404 730 111
11 517 78 224
262 517 196 224
461 517 167 224
631 517 82 224
716 517 139 224
858 517 167 224
1028 517 252 224
1283 517 252 224
1538 517 730 224
92 569 30 120
231 580 28 94
11 744 78 224
262 744 196 224
461 744 167 224
631 744 82 224
716 744 139 224
858 744 167 224
1028 744 252 224
1283 744 252 224
1538 744 730 224
231 795 28 114
92 801 24 109
11 971 78 224
262 971 196 224
461 971 167 224
631 971 82 224
716 971 139 224
858 971 167 224
1028 971 252 224
1283 971 252 224
1538 971 730 224
92 1026 32 115
226 1032 33 104
11 1198 2257 110
11 1311 2257 111
11 1424 2257 111
11 1538 2257 110
11 1651 1070 1581
1084 1651 1184 1581
