6 6 2058 177
6 186 2058 139
6 328 81 100
89 328 270 100
361 328 72 100
434 328 73 100
508 328 50 100
559 328 50 100
610 328 50 100
661 328 197 100
860 328 316 100
1177 328 887 100
6 429 81 480
89 429 270 480
361 429 72 480
434 429 73 480
508 429 50 480
559 429 50 480
610 429 50 480
661 429 197 480
860 429 316 480
1177 429 887 480
6 912 81 479
89 912 270 479
361 912 72 479
434 912 73 479
508 912 50 479
559 912 50 479
610 912 50 479
661 912 197 479
860 912 316 479
1177 912 887 479
6 1393 81 480
89 1393 270 480
361 1393 72 480
434 1393 73 480
508 1393 50 480
559 1393 50 480
610 1393 50 480
661 1393 197 480
860 1393 316 480
1177 1393 887 480
359 1875 501 994
6 1876 353 993
860 1876 174 993
1035 1876 1029 993
