11 11 2903 221
11 233 2903 225
11 459 90 67
102 459 254 67
357 459 96 67
454 459 95 67
550 459 96 67
647 459 95 67
743 459 95 67
839 459 198 67
1038 459 418 67
1457 459 1457 67
11 527 90 340
102 527 254 340
357 527 96 340
454 527 95 340
550 527 96 340
647 527 95 340
743 527 95 340
839 527 198 340
1038 527 418 340
1457 527 1457 340
11 868 90 339
102 868 254 339
357 868 96 339
454 868 95 339
550 868 96 339
647 868 95 339
743 868 95 339
839 868 198 339
1038 868 418 339
1457 868 1457 339
11 1208 90 334
102 1208 254 334
357 1208 96 334
454 1208 95 334
550 1208 96 334
647 1208 95 334
743 1208 95 334
839 1208 198 334
1038 1208 418 334
1457 1208 1457 334
1492 3618 1410 44
1492 3663 78 44
1571 3663 115 44
1687 3663 314 44
2002 3663 486 44
2489 3663 413 44
1492 3708 78 45
1571 3708 115 45
1687 3708 314 45
2002 3708 486 45
2489 3708 413 45
1492 3754 78 44
1571 3754 115 44
1687 3754 314 44
2002 3754 486 44
2489 3754 413 44
1492 3799 78 44
1571 3799 115 44
1687 3799 314 44
2002 3799 486 44
2489 3799 413 44
1492 3844 78 44
1571 3844 115 44
1687 3844 314 44
2002 3844 486 44
2489 3844 413 44
