199 199 2778 377
199 578 2778 311
199 891 83 84
284 891 225 84
511 891 213 84
726 891 101 84
829 891 62 84
893 891 96 84
991 891 101 84
1094 891 221 84
1317 891 490 84
1810 891 1167 84
199 978 83 650
284 978 225 650
511 978 213 650
726 978 101 650
829 978 62 650
893 978 96 650
991 978 101 650
1094 978 221 650
1317 978 490 650
1810 978 1167 650
199 1630 83 649
284 1630 225 649
511 1630 213 649
726 1630 101 649
829 1630 62 649
893 1630 96 649
991 1630 101 649
1094 1630 221 649
1317 1630 490 649
1810 1630 1167 649
199 2285 2778 2056
