168 184 2739 198
168 390 2739 107
168 505 65 159
236 505 69 159
309 505 186 159
499 505 64 159
566 505 52 159
622 505 64 159
689 505 52 159
745 505 52 159
801 505 136 159
941 505 135 159
1080 505 459 159
1546 505 62 159
1611 505 67 159
1686 505 182 159
1876 505 62 159
1941 505 52 159
1997 505 64 159
2065 505 51 159
2120 505 52 159
2176 505 136 159
2316 505 135 159
2455 505 452 159
168 671 65 546
236 671 69 271
499 671 64 271
566 671 52 271
622 671 64 271
689 671 52 271
745 671 52 271
801 671 136 271
941 671 135 271
1080 671 458 271
1546 671 62 546
1611 671 69 271
1874 671 64 271
1941 671 52 271
1997 671 64 271
2064 671 52 271
2120 671 52 271
2176 671 136 271
2316 671 135 271
2455 671 452 145
2455 817 452 125
236 946 69 271
309 946 186 269
499 946 64 271
566 946 52 271
622 946 64 271
689 946 52 271
745 946 52 271
801 946 136 271
941 946 135 23
1080 946 458 271
1611 946 69 271
1874 946 64 271
1941 946 52 271
1997 946 64 271
2064 946 52 271
2120 946 52 271
2176 946 136 271
2316 946 135 271
2455 946 452 258
941 985 135 232
168 1224 65 546
236 1224 69 271
499 1224 64 271
566 1224 52 271
622 1224 64 271
689 1224 52 271
745 1224 52 271
801 1224 136 271
941 1224 135 271
1080 1224 459 271
1546 1224 62 546
1611 1224 69 272
1684 1224 186 271
1874 1224 64 272
1941 1224 52 272
1997 1224 64 272
2065 1224 51 272
2120 1224 52 272
2176 1224 136 272
2316 1224 135 76
2455 1224 452 77
2455 1302 452 194
2316 1304 135 192
236 1499 69 271
499 1499 64 271
566 1499 52 271
622 1499 64 271
689 1499 52 271
745 1499 52 271
801 1499 136 271
941 1499 135 271
1080 1499 459 105
1684 1499 186 23
1611 1500 69 270
1874 1500 64 270
1941 1500 52 270
1997 1500 64 270
2065 1500 51 270
2120 1500 52 270
2176 1500 136 270
2316 1500 135 270
2455 1500 452 270
1080 1610 459 160
168 1778 65 821
236 1778 69 270
499 1778 64 270
566 1778 52 270
622 1778 64 270
689 1778 52 270
745 1778 52 270
801 1778 136 270
941 1778 135 38
1080 1778 459 270
1546 1778 62 269
1611 1778 69 269
1874 1778 64 269
1941 1778 52 269
1997 1778 64 269
2065 1778 51 269
2120 1778 52 269
2176 1778 136 269
2316 1778 135 269
2455 1778 452 269
941 1821 135 90
941 1916 135 132
236 2053 69 272
499 2053 64 272
566 2053 52 272
622 2053 64 272
689 2053 52 272
745 2053 52 272
801 2053 136 272
941 2053 135 272
1080 2053 459 272
1546 2054 62 269
1611 2054 69 269
1874 2054 64 269
1941 2054 52 269
1997 2054 64 269
2065 2054 51 269
2120 2054 52 269
2176 2054 136 269
2316 2054 135 269
2455 2054 452 198
2455 2258 452 65
236 2329 69 270
499 2329 64 270
566 2329 52 270
622 2329 64 270
689 2329 52 270
745 2329 52 270
801 2329 136 133
941 2329 135 270
1080 2329 459 194
1546 2331 62 545
1611 2331 69 270
1874 2331 64 270
1941 2331 52 270
1997 2331 64 270
2065 2331 51 270
2120 2331 52 270
2176 2331 136 270
2316 2331 135 270
2455 2331 452 270
801 2468 136 131
1080 2527 459 31
1611 2605 69 271
1874 2605 64 271
1941 2605 52 271
1997 2605 64 271
2065 2605 51 271
2120 2605 52 271
2176 2605 136 271
2316 2605 135 272
2455 2605 452 272
168 2607 64 546
236 2607 69 271
309 2607 186 271
498 2607 64 271
566 2607 52 271
621 2607 64 271
689 2607 52 271
744 2607 53 271
800 2607 137 271
941 2607 135 271
1080 2607 458 271
1684 2683 31 22
236 2882 69 271
498 2882 64 271
566 2882 52 271
621 2882 64 271
689 2882 52 271
744 2882 53 271
800 2882 137 271
941 2882 135 271
1080 2882 458 271
1546 2884 762 1099
2316 2884 591 1099
168 3161 64 545
236 3161 69 271
498 3161 64 271
566 3161 52 271
621 3161 64 271
689 3161 52 271
744 3161 53 271
800 3161 137 271
941 3161 135 271
1080 3161 458 271
236 3436 69 270
498 3436 64 270
566 3436 52 270
621 3436 64 270
689 3436 52 270
744 3436 53 270
800 3436 137 270
941 3436 135 270
1080 3436 458 270
168 3714 64 269
236 3714 69 269
498 3714 64 269
566 3714 52 269
621 3714 64 269
689 3714 52 269
744 3714 53 269
800 3714 137 269
941 3714 135 269
1080 3714 458 269
168 3990 2739 224
