160 112 2769 240
160 357 2769 192
160 554 2769 91
160 650 146 54
307 650 203 54
512 650 213 54
727 650 157 54
886 650 72 54
959 650 101 54
1062 650 134 54
1198 650 180 54
1379 650 310 54
1691 650 1238 54
160 705 146 291
307 705 203 28
512 705 213 291
727 705 157 291
886 705 72 291
959 705 101 291
1062 705 134 291
1198 705 180 291
1379 705 310 291
1691 705 1238 291
465 786 45 23
307 970 203 26
160 998 146 291
307 998 203 291
512 998 213 291
727 998 157 291
886 998 72 291
959 998 101 291
1062 998 134 291
1198 998 180 291
1379 998 310 291
1691 998 1238 291
160 1291 146 291
307 1291 203 291
512 1291 213 291
727 1291 157 291
886 1291 72 291
959 1291 101 291
1062 1291 134 291
1198 1291 180 291
1379 1291 310 291
1691 1291 1238 291
160 1584 146 291
307 1584 203 26
512 1584 213 291
727 1584 157 291
886 1584 72 291
959 1584 101 291
1062 1584 134 291
1198 1584 180 291
1379 1584 310 291
1691 1584 1238 291
160 1877 146 291
307 1877 203 23
512 1877 213 291
727 1877 157 291
886 1877 72 291
959 1877 101 291
1062 1877 134 291
1198 1877 180 291
1379 1877 310 291
1691 1877 1238 291
307 1958 42 24
307 1994 44 43
160 2170 146 289
307 2170 203 289
512 2170 213 289
727 2170 157 289
886 2170 72 289
959 2170 101 289
1062 2170 134 289
1198 2170 180 289
1379 2170 310 289
1691 2170 1238 289
160 2464 2769 92
160 2560 146 54
307 2560 203 54
512 2560 213 54
727 2560 157 54
886 2560 72 54
959 2560 101 54
1062 2560 134 54
1198 2560 180 54
1379 2560 310 54
1691 2560 1238 54
160 2616 146 291
307 2616 203 27
512 2616 213 291
727 2616 157 291
886 2616 72 291
959 2616 101 291
1062 2616 134 291
1198 2616 180 291
1379 2616 310 291
1691 2616 1238 291
160 2908 146 292
307 2908 203 292
512 2908 213 292
727 2908 157 292
886 2908 72 292
959 2908 101 292
1062 2908 134 292
1198 2908 180 292
1379 2908 310 292
1691 2908 1238 292
160 3201 146 291
307 3201 203 291
512 3201 213 291
727 3201 157 291
886 3201 72 291
959 3201 101 291
1062 3201 134 291
1198 3201 180 291
1379 3201 310 291
1691 3201 1238 291
160 3494 146 291
307 3494 203 291
512 3494 213 291
727 3494 157 291
886 3494 72 291
959 3494 101 291
1062 3494 134 291
1198 3494 180 291
1379 3494 310 291
1691 3494 1238 291
160 3787 146 291
307 3787 203 291
512 3787 213 291
727 3787 157 291
886 3787 72 291
959 3787 101 291
1062 3787 134 291
1198 3787 180 291
1379 3787 310 291
1691 3787 1238 291
160 4080 146 287
307 4080 203 287
512 4080 213 287
727 4080 157 287
886 4080 72 287
959 4080 101 287
1062 4080 134 287
1198 4080 180 287
1379 4080 310 287
1691 4080 1238 287
