13 101 2907 359
13 465 2907 160
13 629 2907 66
13 699 76 92
93 699 225 92
322 699 142 92
468 699 82 92
554 699 82 92
640 699 82 92
726 699 79 92
809 699 311 92
1124 699 450 92
1578 699 1342 92
13 795 76 175
322 795 142 175
468 795 82 175
554 795 82 175
640 795 82 175
726 795 79 175
809 795 311 175
1124 795 450 175
1578 795 1342 175
93 835 62 107
250 860 68 56
279 936 39 34
13 974 76 174
322 974 142 174
468 974 82 174
554 974 82 174
640 974 82 174
726 974 79 174
809 974 311 174
1124 974 450 174
1578 974 1342 174
93 1005 76 29
246 1042 72 46
93 1043 69 82
276 1099 42 49
13 1152 76 173
322 1152 142 173
468 1152 82 173
554 1152 82 173
640 1152 82 173
726 1152 79 173
809 1152 311 173
1124 1152 450 173
1578 1152 1342 173
93 1196 59 96
251 1202 67 83
274 1297 44 28
13 1329 76 176
322 1329 142 176
468 1329 82 176
554 1329 82 176
640 1329 82 176
726 1329 79 176
809 1329 311 176
1124 1329 450 176
1578 1329 1342 176
93 1370 64 93
246 1392 72 66
278 1476 40 29
13 1509 76 174
322 1509 142 174
468 1509 82 174
554 1509 82 174
640 1509 82 174
726 1509 79 174
809 1509 311 174
1124 1509 450 174
1578 1509 1342 174
277 1630 41 53
93 1634 35 49
13 1687 76 177
322 1687 142 177
468 1687 82 177
554 1687 82 177
640 1687 82 177
726 1687 79 177
809 1687 311 177
1124 1687 450 177
1578 1687 1342 177
93 1732 60 94
248 1733 70 78
279 1837 39 27
93 1839 35 25
13 1868 76 174
322 1868 142 174
468 1868 82 174
554 1868 82 174
640 1868 82 174
726 1868 79 174
809 1868 311 174
1124 1868 450 174
1578 1868 1342 174
93 1912 64 95
254 1927 64 76
278 2009 40 33
93 2017 36 25
13 2046 76 175
322 2046 142 175
468 2046 82 175
554 2046 82 175
640 2046 82 175
726 2046 79 175
809 2046 311 175
1124 2046 450 175
1578 2046 1342 175
93 2095 62 80
251 2102 67 71
278 2176 40 45
93 2181 37 40
13 2225 76 176
322 2225 142 176
468 2225 82 176
554 2225 82 176
640 2225 82 176
726 2225 79 176
809 2225 311 176
1124 2225 450 176
1578 2225 1342 176
252 2267 66 87
93 2273 64 84
281 2368 37 33
93 2370 36 31
13 2405 76 175
322 2405 142 175
468 2405 82 175
554 2405 82 175
640 2405 82 175
726 2405 79 175
809 2405 311 175
1124 2405 450 175
1578 2405 1342 175
93 2444 66 78
247 2447 71 71
280 2528 38 52
93 2534 36 46
13 2584 76 174
322 2584 142 174
468 2584 82 174
554 2584 82 174
640 2584 82 174
726 2584 79 174
809 2584 311 174
1124 2584 450 174
1578 2584 1342 174
93 2617 66 84
247 2619 71 81
277 2710 41 48
93 2716 32 42
13 2762 76 175
322 2762 142 175
468 2762 82 175
554 2762 82 175
640 2762 82 175
726 2762 79 175
809 2762 311 175
1124 2762 450 175
1578 2762 1342 175
247 2800 71 21
93 2802 65 23
249 2822 69 62
93 2825 64 61
280 2895 38 42
93 2898 35 39
13 2941 76 175
322 2941 142 175
468 2941 82 175
554 2941 82 175
640 2941 82 175
726 2941 79 175
809 2941 311 175
1124 2941 450 175
1578 2941 1342 175
277 3078 41 38
13 3120 76 175
322 3120 142 175
468 3120 82 175
554 3120 82 175
640 3120 82 175
726 3120 79 175
809 3120 311 175
1124 3120 450 175
1578 3120 1342 175
93 3163 60 89
246 3167 72 88
93 3263 36 32
279 3267 39 28
13 3299 2907 53
14 3356 75 176
322 3356 142 176
468 3356 82 176
554 3356 82 176
640 3356 82 176
726 3356 79 176
809 3356 311 176
1124 3356 448 176
1576 3356 1344 176
249 3402 69 80
93 3422 63 64
279 3492 39 40
93 3497 35 35
13 3536 76 175
322 3536 142 175
468 3536 82 175
554 3536 82 175
640 3536 82 175
726 3536 79 175
809 3536 311 175
1124 3536 448 175
1576 3536 1344 175
93 3577 67 24
256 3598 62 113
93 3603 65 108
13 3715 2907 52
13 3771 76 175
322 3771 142 175
468 3771 82 175
554 3771 82 175
640 3771 82 175
726 3771 79 175
809 3771 311 175
1124 3772 449 174
1577 3772 1343 174
255 3868 63 36
93 3911 36 35
13 3950 76 176
93 3950 225 127
322 3950 142 177
468 3950 82 177
554 3950 82 177
640 3950 82 177
726 3950 79 177
809 3950 311 177
1124 3950 449 29
1577 3950 1343 29
1124 3980 440 147
1582 3980 1338 147
173 4078 61 28
278 4090 40 22
93 4095 35 32
