250 605 65 41
317 605 243 41
563 605 201 41
768 605 209 41
980 605 64 41
1046 605 111 41
1159 605 110 41
1272 605 270 41
1545 605 495 41
2042 605 3837 41
563 649 201 466
768 649 209 466
980 649 64 466
1046 649 111 466
1159 649 110 466
1272 649 270 466
1545 649 495 466
2042 649 3837 466
250 650 65 465
318 650 242 81
511 786 49 147
318 791 49 147
318 1056 129 59
448 1056 112 59
250 1119 65 465
318 1119 242 85
563 1119 201 465
768 1119 209 465
980 1119 64 465
1046 1119 111 465
1159 1119 110 465
1272 1119 270 465
1545 1119 495 465
2042 1119 3837 465
318 1297 39 97
521 1302 39 104
318 1509 242 75
249 1588 5631 226
249 1820 5631 149
250 1971 84 40
1284 1971 270 40
1557 1971 494 40
2054 1971 1010 40
3066 1971 85 40
3153 1971 66 40
3221 1971 167 40
3391 1971 202 40
3595 1971 210 40
3807 1971 64 40
3874 1971 110 40
3987 1971 110 40
4100 1971 270 40
4373 1971 494 40
4870 1971 1010 40
337 1972 65 39
404 1972 168 39
574 1972 201 39
778 1972 210 39
991 1972 64 39
1058 1972 110 39
1171 1972 109 39
250 2014 84 893
337 2014 65 221
574 2014 202 221
778 2014 210 221
991 2014 64 221
1058 2014 110 221
1171 2014 109 221
1283 2014 271 221
1556 2014 494 221
2054 2014 1010 221
3066 2014 85 445
3153 2014 66 221
3221 2014 167 221
3391 2014 202 221
3595 2014 210 221
3807 2014 64 221
3874 2014 110 221
3987 2014 110 221
4100 2014 270 221
4373 2014 494 221
4870 2014 1010 221
337 2238 65 221
574 2238 202 221
778 2238 210 221
991 2238 64 221
1058 2238 110 221
1171 2238 109 221
1283 2238 271 221
1556 2238 494 221
2054 2238 1010 221
3153 2238 66 221
3221 2238 167 174
3391 2238 202 221
3595 2238 210 221
3807 2238 64 221
3874 2238 110 221
3987 2238 110 221
4100 2238 270 221
4373 2238 494 221
4870 2238 1010 221
405 2284 32 21
530 2305 42 104
405 2308 30 63
3222 2412 166 36
337 2462 65 221
405 2462 167 28
574 2462 202 221
778 2462 210 221
991 2462 64 221
1058 2462 110 221
1171 2462 109 221
1283 2462 271 221
1556 2462 494 221
2054 2462 1010 221
3066 2462 85 893
3153 2462 66 221
3221 2462 167 221
3391 2462 202 221
3595 2462 210 221
3807 2462 64 221
3874 2462 110 221
3987 2462 110 221
4100 2462 270 221
4373 2462 494 221
4870 2462 1010 221
405 2536 35 24
547 2536 25 24
405 2565 27 118
337 2685 65 222
574 2685 202 222
778 2685 210 222
991 2685 64 222
1058 2685 110 222
1171 2685 109 222
1283 2685 271 222
1556 2685 494 222
2054 2685 1010 222
3153 2685 66 222
3221 2685 167 159
3391 2685 202 222
3595 2685 210 222
3807 2685 64 222
3874 2685 110 222
3987 2685 110 222
4100 2685 270 222
4373 2685 494 222
4870 2685 1010 222
405 2743 31 94
534 2744 38 88
3225 2845 163 50
250 2910 84 448
337 2910 65 222
574 2910 202 222
778 2910 210 222
991 2910 64 222
1058 2910 110 222
1171 2910 109 222
1283 2910 271 222
1556 2910 494 222
2054 2910 1010 222
3153 2910 66 222
3221 2910 167 23
3391 2910 202 222
3595 2910 210 222
3807 2910 64 222
3874 2910 110 222
3987 2910 110 222
4100 2910 270 222
4373 2910 494 222
4870 2910 1010 222
3349 2973 39 75
3221 2980 37 70
337 3134 65 221
405 3134 167 198
574 3134 202 221
778 3134 210 221
991 3134 64 221
1058 3134 110 221
1171 3134 109 221
1283 3134 271 221
1556 3134 494 221
2054 3134 1010 221
3153 3134 66 221
3221 3134 167 32
3391 3134 202 221
3595 3134 210 221
3807 3134 64 221
3874 3134 110 221
3987 3134 110 221
4100 3134 270 221
4373 3134 494 221
4870 3134 1010 221
3221 3202 35 153
3351 3211 37 144
405 3332 64 23
250 3358 84 893
337 3358 65 221
574 3358 202 221
778 3358 210 221
991 3358 64 221
1058 3358 110 221
1171 3358 109 221
1283 3358 271 221
1556 3358 494 221
2054 3358 1010 221
337 3581 65 222
574 3581 202 222
778 3581 210 222
991 3581 64 222
1058 3581 110 222
1171 3581 109 222
1283 3581 271 222
1556 3581 494 222
2054 3581 1010 222
405 3632 36 29
532 3633 40 26
535 3663 37 140
405 3664 33 139
337 3806 65 222
574 3806 202 222
778 3806 210 222
991 3806 64 222
1058 3806 110 222
1171 3806 109 222
1283 3806 271 222
1556 3806 494 222
2054 3806 1010 222
405 3862 34 82
539 3864 33 81
337 4030 65 221
574 4030 202 221
778 4030 210 221
991 4030 64 221
1058 4030 110 221
1171 4030 109 221
1283 4030 271 221
1556 4030 494 221
2054 4030 1010 221
547 4088 25 113
405 4098 28 103
