139 139 2818 106
139 254 70 52
211 254 183 52
396 254 279 52
677 254 396 52
1081 254 68 52
1151 254 183 52
1335 254 280 52
1616 254 399 52
2024 254 64 52
2090 254 183 52
2275 254 279 52
2556 254 400 52
139 308 70 2975
211 308 183 54
396 308 279 54
677 308 396 54
1081 308 68 519
1151 308 183 29
1335 308 280 29
1616 308 399 29
2024 308 64 337
1151 339 183 54
1335 339 280 54
1616 339 399 54
2556 360 400 25
211 363 183 60
396 363 279 60
677 363 396 60
2275 386 279 25
1151 394 183 52
1335 394 280 52
1616 394 399 30
2556 412 400 25
211 425 183 67
396 425 279 67
677 425 396 67
2556 439 400 24
1151 447 183 56
1335 447 280 56
1616 447 399 56
211 493 183 65
396 493 279 65
677 493 396 65
1151 505 183 29
1335 505 280 29
1616 505 399 29
1151 536 183 30
1335 536 280 30
1616 536 399 30
2090 543 183 25
2275 543 279 25
211 560 183 40
396 560 279 40
677 560 396 40
1151 568 183 29
1335 568 280 29
1616 568 399 29
1151 598 183 33
1335 598 280 33
1616 598 399 33
211 602 183 56
396 602 279 56
677 602 396 56
1151 633 183 26
1335 633 280 26
1616 633 399 26
2024 648 64 389
211 659 183 32
396 659 279 32
677 659 396 32
211 693 183 31
396 693 279 31
677 693 396 31
211 726 183 32
396 726 279 32
677 726 396 32
2275 752 279 25
211 759 183 32
396 759 279 32
677 759 396 32
2275 778 279 25
211 793 183 31
396 793 279 31
677 793 396 31
1151 801 183 26
2275 804 279 25
2556 804 400 25
211 826 183 32
396 826 279 32
677 826 396 32
1081 830 68 390
1151 830 183 26
1335 830 280 26
1616 830 399 26
1151 857 183 27
1335 857 280 27
1616 857 399 27
211 859 183 32
396 859 279 32
677 859 396 32
1151 885 183 27
1616 885 399 27
211 893 183 31
396 893 279 31
677 893 396 31
1151 913 183 27
1335 913 280 27
1616 913 399 27
211 926 183 32
396 926 279 32
677 926 396 32
1151 942 183 26
1335 942 280 26
1616 942 399 26
211 959 183 32
396 959 279 32
677 959 396 32
2275 961 279 25
1151 970 183 26
1335 970 280 26
1616 970 399 26
2275 987 279 25
2556 987 400 25
211 993 183 31
396 993 279 31
677 993 396 31
1151 998 183 26
211 1026 183 32
396 1026 279 32
677 1026 396 32
1151 1026 183 26
1616 1026 399 26
2024 1040 64 442
1151 1054 183 26
211 1060 183 53
396 1060 279 53
677 1060 396 53
1335 1082 280 26
1616 1082 399 26
396 1115 279 28
677 1115 396 28
1335 1138 280 26
1616 1138 399 26
2556 1144 400 25
211 1145 183 28
396 1145 279 28
677 1145 396 28
2090 1170 183 25
2556 1170 400 25
396 1174 279 28
1335 1194 280 26
677 1204 396 28
1081 1223 68 1966
1151 1223 183 45
1335 1223 280 31
1616 1223 399 45
2275 1223 279 24
677 1234 396 28
2275 1249 279 24
1151 1270 183 47
1335 1270 280 47
1616 1270 399 47
2275 1301 279 24
1151 1320 183 47
1335 1320 280 47
1616 1320 399 47
396 1323 279 28
677 1323 396 28
2275 1327 279 24
396 1353 279 28
677 1353 396 28
2556 1353 400 25
1151 1368 183 28
1335 1368 280 28
1616 1368 399 28
396 1383 279 28
677 1383 396 28
1151 1398 183 28
396 1412 279 28
1151 1428 183 28
1335 1428 280 28
211 1442 183 31
396 1442 279 31
677 1442 396 31
1151 1458 183 41
1335 1458 280 41
1616 1458 399 41
396 1474 279 29
677 1474 396 29
2024 1484 64 180
1151 1501 183 28
1335 1501 280 28
1616 1501 399 28
211 1505 183 28
396 1505 279 28
677 1505 396 28
1151 1531 183 26
211 1534 183 31
396 1534 279 31
677 1534 396 31
2275 1536 279 25
1335 1559 280 27
2275 1562 279 25
211 1568 183 52
396 1568 279 52
677 1568 396 52
2275 1588 279 25
2275 1614 279 25
1616 1616 399 26
211 1622 183 29
396 1622 279 29
677 1622 396 29
1616 1643 399 27
211 1653 183 32
396 1653 279 32
677 1653 396 32
2024 1667 64 180
1335 1672 280 26
211 1687 183 33
396 1687 279 33
677 1687 396 33
1335 1700 280 26
1616 1700 399 26
211 1722 183 33
396 1722 279 33
677 1722 396 33
2275 1745 279 25
1151 1756 183 54
1335 1756 280 54
1616 1756 399 54
211 1757 183 31
396 1757 279 31
677 1757 396 31
2275 1771 279 25
211 1790 183 30
396 1790 279 30
677 1790 396 30
1151 1812 183 28
1335 1812 280 28
1616 1812 399 28
211 1823 183 30
396 1823 279 30
677 1823 396 30
1335 1842 280 27
1616 1842 399 27
2024 1850 64 337
2556 1850 400 24
211 1855 183 30
396 1855 279 30
677 1855 396 30
1151 1871 183 30
1335 1871 280 30
1616 1871 399 30
211 1887 183 30
396 1887 279 30
677 1887 396 30
1151 1903 183 28
1335 1903 280 28
1616 1903 399 28
211 1919 183 30
396 1919 279 30
677 1919 396 30
1151 1932 183 30
1335 1932 280 30
1616 1932 399 30
211 1951 183 54
396 1951 279 54
677 1951 396 54
2090 1954 183 25
2556 1954 400 25
1151 1965 183 29
1335 1965 280 29
1616 1965 399 29
2556 1980 400 25
1151 1997 183 30
1335 1997 280 30
1616 1997 399 30
2556 2006 400 25
211 2007 183 30
396 2007 279 30
677 2007 396 30
1151 2028 183 30
1335 2028 280 30
1616 2028 399 30
211 2039 183 30
396 2039 279 30
677 2039 396 30
1151 2060 183 31
1335 2060 280 31
1616 2060 399 31
211 2071 183 31
396 2071 279 31
677 2071 396 31
1151 2093 183 27
1335 2093 280 27
1616 2093 399 27
211 2103 183 30
396 2103 279 30
677 2103 396 30
1151 2123 183 29
1335 2123 280 29
1616 2123 399 29
211 2136 183 30
396 2136 279 30
677 2136 396 30
1151 2155 183 29
1335 2155 280 29
1616 2155 399 29
211 2168 183 30
396 2168 279 30
677 2168 396 30
1151 2186 183 30
1335 2186 280 30
1616 2186 399 30
2024 2190 64 598
211 2200 183 52
396 2200 279 52
677 2200 396 52
2275 2216 279 22
1151 2218 183 30
1335 2218 280 30
1616 2218 399 30
1151 2250 183 53
1335 2250 280 53
1616 2250 399 31
211 2254 183 57
396 2254 279 57
677 2254 396 57
1151 2305 183 30
1335 2305 280 30
1616 2305 399 30
211 2314 183 54
396 2314 279 54
677 2314 396 54
1151 2337 183 54
1335 2337 280 54
1616 2337 399 54
2275 2346 279 25
2556 2346 400 25
211 2370 183 54
396 2370 279 54
677 2370 396 54
2275 2372 279 25
2556 2372 400 25
1151 2393 183 31
1335 2393 280 31
1616 2393 399 31
211 2426 183 30
396 2426 279 30
677 2426 396 30
1151 2426 183 54
1335 2426 280 54
1616 2426 399 54
211 2458 183 30
396 2458 279 30
677 2458 396 30
2275 2477 279 24
1151 2482 183 27
1335 2482 280 27
1616 2482 399 27
211 2490 183 30
396 2490 279 30
677 2490 396 30
1151 2512 183 28
1335 2512 280 28
1616 2512 399 28
211 2522 183 54
396 2522 279 54
677 2522 396 54
1151 2542 183 28
1335 2542 280 28
1616 2542 399 28
2275 2555 279 25
1151 2572 183 27
1335 2572 280 27
1616 2572 399 27
211 2578 183 55
396 2578 279 55
677 2578 396 55
1335 2600 280 28
1616 2600 399 28
1151 2630 183 28
1335 2630 280 28
1616 2630 399 28
211 2635 183 54
396 2635 279 54
677 2635 396 54
1151 2660 183 48
1335 2660 280 48
1616 2660 399 28
2275 2660 279 24
677 2691 396 27
1616 2711 399 25
1151 2739 183 26
1335 2739 280 26
1616 2739 399 26
211 2748 183 26
396 2748 279 26
677 2748 396 26
1151 2767 183 26
1335 2767 280 26
1616 2767 399 26
2024 2791 64 337
1151 2823 183 26
396 2833 279 26
211 2861 183 26
677 2861 396 26
1616 2879 399 26
396 2889 279 26
677 2889 396 26
1335 2907 280 26
1335 2935 280 26
1616 2935 399 26
677 2945 396 26
2275 2947 279 25
396 2973 279 26
677 2973 396 26
2275 2973 279 25
2275 2999 279 25
396 3001 279 26
677 3001 396 26
1151 3019 183 58
1335 3019 280 58
1616 3019 399 58
211 3029 183 26
396 3029 279 26
677 3029 396 26
2275 3052 279 24
211 3057 183 26
396 3057 279 26
677 3057 396 26
211 3085 183 30
396 3085 279 30
677 3085 396 30
1151 3107 183 26
1335 3107 280 26
1616 3107 399 26
211 3117 183 30
396 3117 279 30
677 3117 396 30
2024 3131 64 284
211 3150 183 51
396 3150 279 29
677 3150 396 51
1081 3191 68 224
1335 3191 280 26
1616 3191 399 26
211 3202 183 54
396 3202 279 54
677 3202 396 54
1335 3219 280 26
1616 3219 399 26
1151 3247 183 27
1335 3247 280 27
1616 3247 399 27
396 3258 279 25
1151 3275 183 27
1335 3275 280 27
1616 3275 399 27
139 3286 70 129
396 3286 279 26
677 3286 396 26
1151 3303 183 27
1335 3303 280 27
1616 3303 399 27
396 3314 279 26
677 3314 396 26
1151 3331 183 27
1335 3331 280 27
1616 3331 399 27
2275 3339 279 24
211 3342 183 47
677 3342 396 47
1151 3360 183 26
1335 3360 280 26
1616 3360 399 26
1151 3388 183 27
1335 3388 280 27
1616 3388 399 27
139 3426 2818 153
139 3581 226 66
368 3581 232 66
604 3581 952 66
1559 3581 1398 66
139 3650 226 86
368 3650 232 86
604 3650 952 86
1559 3650 1398 86
139 3739 226 86
368 3739 232 86
604 3739 952 86
1559 3739 1398 86
139 3828 2818 65
139 3896 144 48
286 3896 195 48
484 3896 170 48
657 3896 259 48
919 3896 629 48
1550 3896 148 48
1701 3896 195 48
1899 3896 170 48
2072 3896 259 48
2334 3896 623 48
139 3946 144 48
286 3946 195 48
484 3946 170 48
657 3946 259 48
919 3946 629 48
1550 3946 148 48
1701 3946 195 48
1899 3946 170 48
2072 3946 259 48
2334 3946 623 48
139 3997 144 48
286 3997 195 48
484 3997 170 48
657 3997 259 48
919 3997 629 48
1550 3997 148 48
1701 3997 195 48
1899 3997 170 48
2072 3997 259 48
2334 3997 623 48
139 4048 144 48
286 4048 195 48
484 4048 170 48
657 4048 259 48
919 4048 629 48
1550 4048 148 48
1701 4048 195 48
1899 4048 170 48
2072 4048 259 48
2334 4048 623 48
139 4099 144 48
286 4099 195 48
484 4099 170 48
657 4099 259 48
919 4099 629 48
1550 4099 148 48
1701 4099 195 48
1899 4099 170 48
2072 4099 259 48
2334 4099 623 48
139 4150 144 47
286 4150 195 47
484 4150 170 47
657 4150 259 47
919 4150 629 47
1550 4150 148 47
1701 4150 195 47
1899 4150 170 47
2072 4150 259 47
2334 4150 623 47
139 4200 144 48
286 4200 195 48
484 4200 170 48
657 4200 259 48
919 4200 629 48
1550 4200 148 48
1701 4200 195 48
1899 4200 170 48
2072 4200 259 48
2334 4200 623 48
139 4251 144 48
286 4251 195 48
484 4251 170 48
657 4251 259 48
919 4251 629 48
1550 4251 148 48
1701 4251 195 48
1899 4251 170 48
2072 4251 259 48
2334 4251 623 48
139 4302 144 43
286 4302 195 43
484 4302 170 43
657 4302 259 43
919 4302 629 43
1550 4302 148 43
1701 4302 195 43
1899 4302 170 43
2072 4302 259 43
2334 4302 623 43
