106 90 2851 276
106 368 2851 221
106 591 95 83
203 591 232 83
437 591 234 83
673 591 89 83
764 591 66 83
832 591 123 83
957 591 195 83
1154 591 304 83
1460 591 405 83
1867 591 1090 83
106 676 95 339
203 676 232 42
437 676 234 339
673 676 89 339
764 676 66 339
832 676 123 339
957 676 195 339
1154 676 304 339
1460 676 405 339
1867 676 1090 339
405 827 30 23
106 1017 95 338
203 1017 232 35
437 1017 234 338
673 1017 89 338
764 1017 66 338
832 1017 123 338
957 1017 195 338
1154 1017 304 338
1460 1017 405 338
1867 1017 1090 338
106 1357 2851 2175
106 3532 1495 438
1604 3535 1353 54
1604 3590 133 68
1738 3590 385 68
2124 3590 382 68
2507 3590 450 68
1604 3659 133 102
1738 3659 385 102
2124 3659 382 102
2507 3659 450 102
1604 3762 133 102
1738 3762 385 102
2124 3762 382 102
2507 3762 450 102
1604 3865 133 102
1738 3865 385 102
2124 3865 382 102
2507 3865 450 102
106 3970 2851 246
