160 138 2769 365
160 508 2769 301
160 814 2769 92
160 911 146 52
308 911 202 52
512 911 213 53
727 911 157 52
886 911 72 52
960 911 100 52
1062 911 134 53
1198 911 179 53
1380 911 309 53
1691 911 1238 52
160 966 146 318
308 966 202 318
512 966 213 318
727 966 157 318
886 966 72 318
960 966 100 318
1062 966 134 318
1198 966 179 318
1380 966 309 318
1691 966 1238 318
160 1286 146 317
308 1286 202 317
512 1286 213 317
727 1286 157 317
886 1286 72 317
960 1286 100 317
1062 1286 134 317
1198 1286 179 317
1380 1286 309 317
1691 1286 1238 317
160 1608 2769 91
512 1704 213 53
1062 1704 134 53
1198 1704 179 53
1380 1704 309 53
160 1705 146 52
308 1705 202 52
727 1705 157 52
886 1705 72 52
960 1705 100 52
1691 1705 1238 52
160 1760 146 249
512 1760 213 250
727 1760 157 249
886 1760 72 249
960 1760 100 249
1062 1760 134 250
1198 1760 179 250
1380 1760 309 250
1691 1760 1238 249
160 2012 146 250
512 2012 213 250
727 2012 157 250
886 2012 72 250
960 2012 100 250
1062 2012 134 250
1198 2012 179 250
1380 2012 309 250
1691 2012 1238 250
160 2264 146 250
308 2264 202 26
512 2264 213 250
727 2264 157 250
886 2264 72 250
960 2264 100 250
1062 2264 134 250
1198 2264 179 250
1380 2264 309 250
1691 2264 1238 250
512 2516 213 250
1062 2516 134 250
1198 2516 179 250
1380 2516 309 250
160 2517 146 249
727 2517 157 249
886 2517 72 249
960 2517 100 249
1691 2517 1238 249
160 2769 146 250
308 2769 202 21
512 2769 213 250
727 2769 157 250
886 2769 72 250
960 2769 100 250
1062 2769 134 250
1198 2769 179 250
1380 2769 309 250
1691 2769 1238 250
160 3021 146 250
512 3021 213 250
727 3021 157 250
886 3021 72 250
960 3021 100 250
1062 3021 134 250
1198 3021 179 250
1380 3021 309 250
1691 3021 1238 250
160 3273 146 250
512 3273 213 250
727 3273 157 250
886 3273 72 250
960 3273 100 250
1062 3273 134 250
1198 3273 179 250
1380 3273 309 250
1691 3273 1238 250
470 3340 40 24
160 3526 146 249
512 3526 213 250
727 3526 157 249
886 3526 72 249
960 3526 100 249
1062 3526 134 250
1198 3526 179 250
1380 3526 309 250
1691 3526 1238 249
160 3778 2769 547
