289 290 1393 95
1688 290 88 903
1778 290 59 449
1839 290 150 449
1991 290 150 449
2142 290 50 449
2194 290 50 449
2246 290 84 449
2332 290 83 449
2417 290 311 449
2731 290 350 449
289 387 87 225
378 387 59 225
439 387 150 225
591 387 150 225
743 387 50 225
795 387 49 225
847 387 83 225
932 387 83 225
1017 387 311 225
1331 387 351 225
289 614 87 1698
378 614 59 405
439 614 150 405
591 614 150 405
743 614 50 405
795 614 49 405
847 614 83 405
932 614 83 405
1017 614 311 405
1331 614 351 405
1778 742 59 451
1839 742 150 451
1991 742 150 451
2142 742 50 451
2194 742 50 451
2246 742 84 451
2332 742 83 451
2417 742 311 451
2731 742 350 451
378 1021 59 479
439 1021 150 479
591 1021 150 479
743 1021 50 479
795 1021 49 479
847 1021 83 479
932 1021 83 479
1017 1021 311 479
1331 1021 351 479
1688 1195 88 906
1778 1195 59 452
1839 1195 150 452
1991 1195 150 452
2142 1195 50 452
2194 1195 50 452
2246 1195 84 452
2332 1195 83 452
2417 1195 311 452
2731 1195 350 452
378 1502 59 405
439 1502 150 405
591 1502 150 405
743 1502 50 405
795 1502 49 405
847 1502 83 405
932 1502 83 405
1017 1502 311 405
1331 1502 351 405
1778 1649 59 452
1839 1649 150 452
1991 1649 150 452
2142 1649 50 452
2194 1649 50 452
2246 1649 84 452
2332 1649 83 452
2417 1649 311 452
2731 1649 350 452
378 1909 59 403
439 1909 150 403
591 1909 150 403
743 1909 50 403
795 1909 49 403
847 1909 83 403
932 1909 83 403
1017 1909 311 403
1331 1909 351 403
1688 2103 88 451
1778 2103 59 451
1839 2103 150 451
1991 2103 150 451
2142 2103 50 451
2194 2103 50 451
2246 2103 84 451
2332 2103 83 451
2417 2103 311 451
2730 2103 351 451
289 2318 1393 94
289 2415 87 224
378 2415 59 224
439 2415 150 224
591 2415 150 224
743 2415 50 224
795 2415 49 224
847 2415 83 224
932 2415 83 224
1017 2415 311 224
1331 2415 351 224
1688 2556 88 1442
1778 2556 59 480
1839 2556 150 480
1991 2556 150 480
2142 2556 50 480
2194 2556 50 480
2246 2556 84 480
2332 2556 83 480
2417 2556 311 480
2730 2556 351 480
289 2642 87 451
378 2642 59 451
439 2642 150 451
591 2642 150 451
743 2642 50 451
795 2642 49 451
847 2642 83 451
932 2642 83 451
1017 2642 311 451
1331 2642 351 451
1778 3038 59 480
1839 3038 150 480
1991 3038 150 480
2142 3038 50 480
2194 3038 50 480
2246 3038 84 480
2332 3038 83 480
2417 3038 311 480
2730 3038 351 480
289 3095 87 903
378 3095 59 452
439 3095 150 452
591 3095 150 452
743 3095 50 452
795 3095 49 452
847 3095 83 452
932 3095 83 452
1017 3095 311 452
1331 3095 351 452
1778 3520 59 478
1839 3520 150 478
1991 3520 150 478
2142 3520 50 478
2194 3520 50 478
2246 3520 84 478
2332 3520 83 478
2417 3520 311 478
2730 3520 351 478
378 3549 59 449
439 3549 150 449
591 3549 150 449
743 3549 50 449
795 3549 49 449
847 3549 83 449
932 3549 83 449
1017 3549 311 449
1331 3549 351 449
289 4005 2792 405
