12 11 2710 245
12 265 2710 161
12 435 2710 62
12 500 72 65
87 500 195 65
285 500 139 65
427 500 111 65
540 500 83 65
625 500 111 65
739 500 110 65
852 500 190 65
1045 500 507 65
1555 500 1167 65
12 568 72 224
285 568 139 224
427 568 111 224
540 568 83 224
625 568 111 224
739 568 110 224
852 568 190 224
1045 568 507 224
1555 568 1167 224
236 633 46 21
87 638 41 21
12 795 72 224
285 795 139 224
427 795 111 224
540 795 83 224
625 795 111 224
739 795 110 224
852 795 190 224
1045 795 507 224
1555 795 1167 224
240 980 42 22
12 1022 72 223
87 1022 195 22
285 1022 139 223
427 1022 111 223
540 1022 83 223
625 1022 111 223
739 1022 110 223
852 1022 190 223
1045 1022 507 223
1555 1022 1167 223
12 1248 72 224
285 1248 139 224
427 1248 111 224
540 1248 83 224
625 1248 111 224
739 1248 110 224
852 1248 190 224
1045 1248 507 224
1555 1248 1167 224
12 1475 72 224
87 1475 195 192
285 1475 139 224
427 1475 111 224
540 1475 83 224
625 1475 111 224
739 1475 110 224
852 1475 190 224
1045 1475 507 224
1555 1475 1167 224
12 1702 72 224
87 1702 195 219
285 1702 139 224
427 1702 111 224
540 1702 83 224
625 1702 111 224
739 1702 110 224
852 1702 190 224
1045 1702 507 224
1555 1702 1167 224
12 1929 72 224
285 1929 139 224
427 1929 111 224
540 1929 83 224
625 1929 111 224
739 1929 110 224
852 1929 190 224
1045 1929 507 224
1555 1929 1167 224
242 1978 40 29
12 2155 72 224
285 2155 139 224
427 2155 111 224
540 2155 83 224
625 2155 111 224
739 2155 110 224
852 2155 190 224
1045 2155 507 224
1555 2155 1167 224
12 2382 2710 65
12 2450 72 224
87 2450 195 23
285 2450 139 224
427 2450 111 224
540 2450 83 224
625 2450 111 224
739 2450 110 224
852 2450 190 224
1045 2450 507 224
1555 2450 1167 224
87 2516 47 27
12 2677 72 224
285 2677 139 224
427 2677 111 224
540 2677 83 224
625 2677 111 224
739 2677 110 224
852 2677 190 224
1045 2677 507 224
1555 2677 1167 224
12 2904 2710 65
12 2972 72 218
87 2972 195 69
285 2972 139 218
427 2972 111 218
540 2972 83 218
625 2972 111 218
739 2972 110 218
852 2972 190 218
1045 2972 507 218
1555 2972 1167 218
12 3193 72 218
87 3193 195 192
285 3193 139 218
427 3193 111 218
540 3193 83 218
625 3193 111 218
739 3193 110 218
852 3193 190 218
1045 3193 507 218
1555 3193 1167 218
12 3414 72 218
285 3414 139 218
427 3414 111 218
540 3414 83 218
625 3414 111 218
739 3414 110 218
852 3414 190 218
1045 3414 507 218
1555 3414 1167 218
12 3635 2710 79
12 3716 72 219
285 3716 139 219
427 3716 111 219
540 3716 83 219
625 3716 111 219
739 3716 110 219
852 3716 190 219
1045 3716 507 219
1555 3716 1167 219
12 3937 2710 88
