6 6 2886 234
6 242 2886 219
6 463 127 112
134 463 339 112
475 463 100 112
577 463 89 112
667 463 89 112
758 463 89 112
849 463 89 112
939 463 282 112
1223 463 395 112
1620 463 1272 112
6 576 127 311
134 576 339 311
475 576 100 311
577 576 89 311
667 576 89 311
758 576 89 311
849 576 89 311
939 576 282 311
1223 576 395 311
1620 576 1272 311
6 888 127 310
134 888 339 310
475 888 100 310
577 888 89 310
667 888 89 310
758 888 89 310
849 888 89 310
939 888 282 310
1223 888 395 310
1620 888 1272 310
6 1200 127 310
134 1200 339 310
475 1200 100 310
577 1200 89 310
667 1200 89 310
758 1200 89 310
849 1200 89 310
939 1200 282 310
1223 1200 395 310
1620 1200 1272 310
6 1512 2886 2675
