12 11 2710 74
12 88 72 65
87 88 195 65
285 88 139 65
427 88 111 65
540 88 83 65
625 88 111 65
739 88 110 65
852 88 190 65
1045 88 507 65
1555 88 1167 65
12 156 72 219
87 156 195 105
285 156 139 219
427 156 111 219
540 156 83 219
625 156 111 219
739 156 110 219
852 156 190 219
1045 156 507 219
1555 156 1167 219
87 261 193 41
87 302 192 39
210 353 69 22
12 377 72 219
285 377 139 219
427 377 111 219
540 377 83 219
625 377 111 219
739 377 110 219
852 377 190 219
1045 377 507 219
1555 377 1167 219
87 423 50 34
238 425 44 171
87 460 46 136
12 599 72 218
285 599 139 218
427 599 111 218
540 599 83 218
625 599 111 218
739 599 110 218
852 599 190 218
1045 599 507 218
1555 599 1167 218
87 669 44 89
240 671 42 83
12 820 2710 78
12 901 72 65
87 901 195 65
285 901 139 65
427 901 111 65
540 901 83 65
625 901 111 65
739 901 110 65
852 901 190 65
1045 901 507 65
1555 901 1167 65
12 969 72 218
285 969 139 218
427 969 111 218
540 969 83 218
625 969 111 218
739 969 110 218
852 969 190 218
1045 969 507 218
1555 969 1167 218
87 1024 37 41
243 1029 39 108
87 1065 36 88
12 1190 72 218
285 1190 139 218
427 1190 111 218
540 1190 83 218
625 1190 111 218
739 1190 110 218
852 1190 190 218
1045 1190 507 218
1555 1190 1167 218
248 1247 34 111
87 1251 41 110
12 1411 2710 79
12 1492 72 66
87 1492 195 66
285 1492 139 66
427 1492 111 66
540 1492 83 66
625 1492 111 66
739 1492 110 66
852 1492 190 66
1045 1492 507 66
1555 1492 1167 66
12 1560 72 219
285 1560 139 219
427 1560 111 219
540 1560 83 219
625 1560 111 219
739 1560 110 219
852 1560 190 219
1045 1560 507 219
1555 1560 1167 219
194 1578 88 88
87 1613 48 23
87 1640 42 73
12 1782 72 218
87 1782 195 39
285 1782 139 218
427 1782 111 218
540 1782 83 218
625 1782 111 218
739 1782 110 218
852 1782 190 218
1045 1782 507 218
1555 1782 1167 218
177 1823 105 37
87 1871 47 73
187 1871 95 24
12 2003 72 218
285 2003 139 218
427 2003 111 218
540 2003 83 218
625 2003 111 218
739 2003 110 218
852 2003 190 218
1045 2003 507 218
1555 2003 1167 218
87 2065 45 111
240 2071 42 107
12 2224 2710 78
12 2305 72 65
87 2305 195 65
285 2305 139 65
427 2305 111 65
540 2305 83 65
625 2305 111 65
739 2305 110 65
852 2305 190 65
1045 2305 507 65
1555 2305 1167 65
12 2373 72 218
285 2373 139 218
427 2373 111 218
540 2373 83 218
625 2373 111 218
739 2373 110 218
852 2373 190 218
1045 2373 507 218
1555 2373 1167 218
243 2437 39 103
87 2441 46 94
12 2594 72 218
87 2594 195 158
285 2594 139 218
427 2594 111 218
540 2594 83 218
625 2594 111 218
739 2594 110 218
852 2594 190 218
1045 2594 507 218
1555 2594 1167 218
12 2815 2710 1210
