10 10 2826 250
10 262 2826 225
10 489 2826 78
10 568 108 118
120 568 338 118
460 568 112 118
573 568 67 118
641 568 67 118
709 568 123 118
834 568 112 118
947 568 339 118
1287 568 441 118
1730 568 1106 118
10 687 108 312
120 687 338 312
460 687 112 312
573 687 67 312
641 687 67 312
709 687 123 312
834 687 112 312
947 687 339 312
1287 687 441 312
1730 687 1106 312
10 1001 108 310
120 1001 338 310
460 1001 112 310
573 1001 67 310
641 1001 67 310
709 1001 123 310
834 1001 112 310
947 1001 339 310
1287 1001 441 310
1730 1001 1106 310
10 1312 108 311
120 1312 338 311
460 1312 112 311
573 1312 67 311
641 1312 67 311
709 1312 123 311
834 1312 112 311
947 1312 339 311
1287 1312 441 311
1730 1312 1106 311
10 1624 2826 2460
