8 8 120 172
130 8 271 172
404 8 229 172
636 8 94 172
732 8 95 172
829 8 142 172
973 8 116 172
1092 8 261 172
1356 8 478 172
1837 8 1050 172
8 183 120 367
130 183 271 367
404 183 229 367
636 183 94 367
732 183 95 367
829 183 142 367
973 183 116 367
1092 183 261 367
1356 183 478 367
1837 183 1050 367
8 554 1479 3186
1491 554 1396 2474
1491 3031 1396 58
1491 3091 94 49
1587 3091 252 49
1841 3091 651 49
2493 3091 394 49
1491 3141 94 47
1587 3141 252 47
1841 3141 651 47
2493 3141 394 47
1491 3189 94 49
1587 3189 252 49
1841 3189 651 49
2493 3189 394 49
1491 3239 1396 501
