92 9 2769 471
92 485 2769 379
92 870 2769 63
92 938 146 53
240 938 202 53
444 938 213 53
659 938 157 53
818 938 72 53
892 938 100 53
994 938 134 53
1130 938 179 53
1312 938 309 53
1623 938 1238 53
92 993 146 318
240 993 202 318
444 993 213 318
659 993 157 318
818 993 72 318
892 993 100 318
994 993 134 318
1130 993 179 318
1312 993 309 318
1623 993 1238 318
444 1313 213 317
994 1313 134 317
1130 1313 179 317
1312 1313 309 317
92 1314 146 316
240 1314 202 316
659 1314 157 316
818 1314 72 316
892 1314 100 316
1623 1314 1238 316
92 1635 2769 63
92 1703 146 53
240 1703 202 53
444 1703 213 53
659 1703 157 53
818 1703 72 53
892 1703 100 53
994 1703 134 53
1130 1703 179 53
1312 1703 309 53
1623 1703 1238 53
444 1758 213 317
994 1758 134 317
1130 1758 179 317
1312 1758 309 317
92 1759 146 316
240 1759 202 316
659 1759 157 316
818 1759 72 316
892 1759 100 316
1623 1759 1238 316
92 2080 2769 63
92 2148 146 53
240 2148 202 53
444 2148 213 53
659 2148 157 53
818 2148 72 53
892 2148 100 53
994 2148 134 53
1130 2148 179 53
1312 2148 309 53
1623 2148 1238 53
444 2203 213 319
994 2203 134 319
1130 2203 179 319
1312 2203 309 319
92 2204 146 317
240 2204 202 209
659 2204 157 317
818 2204 72 317
892 2204 100 317
1623 2204 1238 317
240 2475 202 46
92 2524 146 318
240 2524 202 318
444 2524 213 318
659 2524 157 318
818 2524 72 318
892 2524 100 318
994 2524 134 318
1130 2524 179 318
1312 2524 309 318
1623 2524 1238 318
92 2844 146 318
240 2844 202 318
444 2844 213 318
659 2844 157 318
818 2844 72 318
892 2844 100 318
994 2844 134 318
1130 2844 179 318
1312 2844 309 318
1623 2844 1238 318
444 3164 213 318
994 3164 134 318
1130 3164 179 318
1312 3164 309 318
92 3165 146 317
240 3165 202 317
659 3165 157 317
818 3165 72 317
892 3165 100 317
1623 3165 1238 317
92 3485 146 316
240 3485 202 214
444 3485 213 316
659 3485 157 316
818 3485 72 316
892 3485 100 316
994 3485 134 316
1130 3485 179 316
1312 3485 309 316
1623 3485 1238 316
240 3742 202 59
92 3806 2769 63
444 3874 213 54
994 3874 134 54
1130 3874 179 54
1312 3874 309 54
92 3875 146 52
240 3875 202 52
659 3875 157 52
818 3875 72 52
892 3875 100 52
1623 3875 1238 52
92 3930 70 314
164 3930 74 314
240 3930 202 314
444 3930 213 314
659 3930 157 314
818 3930 72 314
892 3930 100 314
994 3930 134 314
1130 3930 179 314
1312 3930 309 314
1623 3930 1238 314
