289 290 2792 220
289 516 2792 138
289 656 1393 97
1688 656 88 935
1778 656 59 310
1839 656 150 310
1991 656 150 310
2142 656 50 310
2194 656 50 310
2246 656 84 310
2332 656 83 310
2417 656 311 310
2730 656 351 310
289 756 87 224
378 756 59 224
439 756 150 224
591 756 150 224
743 756 50 224
795 756 49 224
847 756 83 224
932 756 83 224
1017 756 311 224
1331 756 351 224
1778 968 59 310
1839 968 150 310
1991 968 150 310
2142 968 50 310
2194 968 50 310
2246 968 84 310
2332 968 83 310
2417 968 311 310
2730 968 351 310
289 982 87 1216
378 982 59 609
439 982 150 609
591 982 150 609
743 982 50 609
795 982 49 609
847 982 83 609
932 982 83 609
1017 982 311 609
1331 982 351 609
1778 1281 59 310
1839 1281 150 310
1991 1281 150 310
2142 1281 50 310
2194 1281 50 310
2246 1281 84 310
2332 1281 83 310
2417 1281 311 310
2730 1281 351 310
378 1593 59 605
439 1593 150 605
591 1593 150 605
743 1593 50 605
795 1593 49 605
847 1593 83 605
932 1593 83 605
1017 1593 311 605
1331 1593 351 605
1688 1593 88 650
1778 1593 59 324
1839 1593 150 324
1991 1593 150 324
2142 1593 50 324
2194 1593 50 324
2246 1593 84 324
2332 1593 83 324
2417 1593 311 324
2730 1593 351 324
1778 1919 59 324
1839 1919 150 324
1991 1919 150 324
2142 1919 50 324
2194 1919 50 324
2246 1919 84 324
2332 1919 83 324
2417 1919 311 324
2730 1919 351 324
289 2205 1393 96
1688 2245 88 311
1778 2245 59 311
1839 2245 150 311
1991 2245 150 311
2142 2245 50 311
2194 2245 50 311
2246 2245 84 311
2332 2245 83 311
2417 2245 311 311
2730 2245 351 311
289 2303 87 224
378 2303 59 224
439 2303 150 224
591 2303 150 224
743 2303 50 224
795 2303 49 224
847 2303 83 224
932 2303 83 224
1017 2303 311 224
1331 2303 351 224
289 2529 87 932
378 2529 59 310
439 2529 150 310
591 2529 150 310
743 2529 50 310
795 2529 49 310
847 2529 83 310
932 2529 83 310
1017 2529 311 310
1331 2529 351 310
1688 2557 88 1232
1778 2557 59 615
1839 2557 150 615
1991 2557 150 615
2142 2557 50 615
2194 2557 50 615
2246 2557 84 615
2332 2557 83 615
2417 2557 311 615
2730 2557 351 615
378 2841 59 310
439 2841 150 310
591 2841 150 310
743 2841 50 310
795 2841 49 310
847 2841 83 310
932 2841 83 310
1017 2841 311 310
1331 2841 351 310
378 3153 59 308
439 3153 150 308
591 3153 150 308
743 3153 50 308
795 3153 49 308
847 3153 83 308
932 3153 83 308
1017 3153 311 308
1331 3153 351 308
1778 3174 59 615
1839 3174 150 615
1991 3174 150 615
2142 3174 50 615
2194 3174 50 615
2246 3174 84 615
2332 3174 83 615
2417 3174 311 615
2730 3174 351 615
289 3467 1393 95
289 3564 87 225
378 3564 59 225
439 3564 150 225
591 3564 150 225
743 3564 50 225
795 3564 49 225
847 3564 83 225
932 3564 83 225
1017 3564 311 225
1331 3564 351 225
289 3790 87 620
378 3790 59 310
439 3790 150 310
591 3790 150 310
743 3790 50 310
795 3790 49 310
847 3790 83 310
932 3790 83 310
1017 3790 311 310
1331 3790 351 310
1688 3790 88 620
1778 3790 59 310
1839 3790 150 310
1991 3790 150 310
2142 3790 50 310
2194 3790 50 310
2246 3790 84 310
2332 3790 83 310
2417 3790 311 310
2730 3790 351 310
378 4102 59 308
439 4102 150 308
591 4102 150 308
743 4102 50 308
795 4102 49 308
847 4102 83 308
932 4102 83 308
1017 4102 311 308
1331 4102 351 308
1778 4102 59 308
1839 4102 150 308
1991 4102 150 308
2142 4102 50 308
2194 4102 50 308
2246 4102 84 308
2332 4102 83 308
2417 4102 311 308
2730 4102 351 308
