13 120 2850 287
13 413 2850 234
13 651 2850 65
13 720 76 89
93 720 224 89
321 720 141 89
466 720 83 89
553 720 82 89
639 720 82 89
725 720 82 89
811 720 328 89
1143 720 443 89
1590 720 1273 89
13 813 76 184
93 813 224 156
321 813 141 184
466 813 83 184
553 813 82 184
639 813 82 184
725 813 82 184
811 813 328 184
1143 813 443 184
1590 813 1273 184
93 969 103 24
13 1001 76 179
93 1001 224 174
321 1001 141 179
466 1001 83 179
553 1001 82 179
639 1001 82 179
725 1001 82 179
811 1001 328 179
1143 1001 443 179
1590 1001 1273 179
13 1184 76 185
321 1184 141 185
466 1184 83 185
553 1184 82 185
639 1184 82 185
725 1184 82 185
811 1184 328 185
1143 1184 443 185
1590 1184 1273 185
240 1231 77 68
93 1236 75 55
93 1315 39 54
273 1317 44 52
13 1373 2850 60
13 1437 77 182
94 1437 42 127
322 1437 139 182
465 1437 83 182
552 1437 82 182
638 1437 82 182
724 1437 82 182
810 1437 328 182
1142 1437 443 182
1589 1437 1274 182
253 1493 65 53
275 1553 43 66
94 1564 41 55
13 1623 77 183
322 1623 139 183
465 1623 83 183
552 1623 82 183
638 1623 82 183
724 1623 82 183
810 1623 328 183
1142 1623 443 183
1589 1623 1274 183
244 1661 74 24
246 1686 72 52
94 1690 68 51
273 1750 45 56
94 1751 40 55
13 1810 2850 62
13 1876 76 184
93 1876 224 123
321 1876 139 184
464 1876 83 184
551 1876 83 184
638 1876 83 184
725 1876 81 184
810 1876 327 184
1141 1876 443 184
1588 1876 1275 184
272 2010 45 50
13 2064 76 184
321 2064 139 184
464 2064 83 184
551 2064 83 184
638 2064 83 184
725 2064 81 184
810 2064 327 184
1141 2064 443 184
1588 2064 1275 184
93 2102 71 146
243 2125 74 115
13 2252 76 182
321 2252 139 182
464 2252 83 182
551 2252 83 182
638 2252 83 182
725 2252 81 182
810 2252 327 182
1141 2252 443 182
1588 2252 1275 182
93 2283 74 22
244 2306 73 45
93 2310 70 47
258 2362 59 72
93 2363 59 71
13 2438 2850 66
13 2508 76 183
93 2508 224 119
321 2508 139 183
464 2508 83 183
551 2508 83 183
638 2508 82 183
724 2508 82 183
810 2508 327 183
1141 2508 443 183
1588 2508 1275 183
93 2639 41 52
274 2640 43 51
193 2666 25 22
13 2695 76 180
321 2695 139 180
464 2695 83 180
551 2695 83 180
638 2695 82 180
724 2695 82 180
810 2695 327 180
1141 2695 443 180
1588 2695 1275 180
93 2737 69 90
244 2753 73 72
274 2836 43 39
93 2840 42 35
13 2879 76 185
93 2879 40 185
273 2879 44 185
321 2879 139 185
464 2879 83 185
551 2879 83 185
638 2879 82 185
724 2879 82 185
810 2879 327 185
1141 2879 443 185
1588 2879 1275 185
13 3068 76 186
321 3068 139 186
464 3068 83 186
551 3068 83 186
638 3068 82 186
724 3068 82 186
810 3068 327 186
1141 3068 443 186
1588 3068 1275 186
248 3112 69 75
93 3116 67 69
93 3195 41 59
274 3199 43 55
13 3258 2850 65
13 3327 77 183
322 3327 139 183
465 3327 83 183
552 3327 82 183
638 3327 82 183
724 3327 82 183
810 3327 328 183
1142 3327 442 183
1588 3327 1275 183
241 3371 77 22
94 3375 68 26
246 3398 72 70
94 3401 67 63
94 3474 45 22
13 3514 77 183
322 3514 139 183
465 3514 83 183
552 3514 82 183
638 3514 82 183
724 3514 82 183
810 3514 328 183
1142 3514 442 183
1588 3514 1275 183
94 3558 69 25
245 3560 73 73
94 3583 68 52
273 3639 45 58
94 3644 40 53
13 3701 2850 65
13 3770 76 182
321 3770 139 182
464 3770 83 182
551 3770 83 182
638 3770 82 182
724 3770 82 182
810 3770 327 182
1141 3770 443 182
1588 3770 1275 182
245 3820 72 73
93 3822 65 71
272 3903 45 49
93 3904 41 48
13 3956 76 184
321 3956 139 184
464 3956 83 184
551 3956 83 184
638 3956 82 184
724 3956 82 184
810 3956 327 184
1141 3956 443 184
1588 3956 1275 184
93 3998 72 22
244 4023 73 64
93 4035 68 57
93 4099 41 41
272 4099 45 41
