190 12 3032 314
190 330 3032 131
190 465 3032 91
190 559 111 66
304 559 198 66
505 559 168 66
675 559 87 66
765 559 60 66
828 559 86 66
917 559 95 66
1015 559 416 66
1434 559 587 66
2024 559 1198 66
190 628 111 252
505 628 168 252
675 628 87 252
765 628 60 252
828 628 86 252
917 628 95 252
1015 628 416 252
1434 628 587 252
2024 628 1198 252
190 883 111 252
505 883 168 252
675 883 87 252
765 883 60 252
828 883 86 252
917 883 95 252
1015 883 416 252
1434 883 587 252
2024 883 1198 252
470 964 33 31
190 1139 3032 90
190 1233 111 66
304 1233 198 66
505 1233 168 66
675 1233 87 66
765 1233 60 66
828 1233 86 66
917 1233 95 66
1015 1233 416 66
1434 1233 587 66
2024 1233 1198 66
190 1302 111 252
505 1302 168 252
675 1302 87 252
765 1302 60 252
828 1302 86 252
917 1302 95 252
1015 1302 416 252
1434 1302 587 252
2024 1302 1198 252
190 1557 111 251
505 1557 168 252
675 1557 87 252
765 1557 60 252
828 1557 86 252
917 1557 95 252
1015 1557 416 252
1434 1557 587 252
2024 1557 1198 251
190 1812 3032 91
190 1907 111 66
304 1907 198 66
505 1907 168 66
675 1907 87 66
765 1907 60 66
828 1907 86 66
917 1907 95 66
1015 1907 416 66
1434 1907 587 66
2024 1907 1198 66
190 1975 111 253
505 1975 168 253
675 1975 87 253
765 1975 60 253
828 1975 86 253
917 1975 95 253
1015 1975 416 253
1434 1975 587 253
2024 1975 1198 253
304 2118 22 21
482 2121 21 21
190 2230 111 252
505 2230 168 253
675 2230 87 253
765 2230 60 253
828 2230 86 253
917 2230 95 253
1015 2230 416 253
1434 2230 587 253
2024 2230 1198 252
190 2486 3032 91
304 2580 198 66
505 2580 168 66
675 2580 87 66
765 2580 60 66
828 2580 86 66
917 2580 95 66
1015 2580 416 66
1434 2580 587 66
190 2581 111 65
2024 2581 1198 65
190 2649 111 252
505 2649 168 252
675 2649 87 252
765 2649 60 252
828 2649 86 252
917 2649 95 252
1015 2649 416 252
1434 2649 587 252
2024 2649 1198 252
190 2904 111 252
505 2904 168 252
675 2904 87 252
765 2904 60 252
828 2904 86 252
917 2904 95 252
1015 2904 416 252
1434 2904 587 252
2024 2904 1198 252
190 3160 3032 91
304 3254 198 66
505 3254 168 66
675 3254 87 66
765 3254 60 66
828 3254 86 66
917 3254 95 66
1015 3254 416 66
1434 3254 587 66
190 3255 111 65
2024 3255 1198 65
190 3323 111 252
505 3323 168 252
675 3323 87 252
765 3323 60 252
828 3323 86 252
917 3323 95 252
1015 3323 416 252
1434 3323 587 252
2024 3323 1198 252
190 3578 111 252
505 3578 168 252
675 3578 87 252
765 3578 60 252
828 3578 86 252
917 3578 95 252
1015 3578 416 252
1434 3578 587 252
2024 3578 1198 252
190 3833 111 252
505 3833 168 253
675 3833 87 253
765 3833 60 253
828 3833 86 253
917 3833 95 253
1015 3833 416 253
1434 3833 587 253
2024 3833 1198 252
190 4088 3032 296
