8 8 120 172
130 8 271 172
404 8 229 172
636 8 94 172
732 8 95 172
829 8 142 172
973 8 116 172
1092 8 261 172
1356 8 478 172
1837 8 1050 172
8 183 120 367
130 183 271 367
404 183 229 367
636 183 94 367
732 183 95 367
829 183 142 367
973 183 116 367
1092 183 261 367
1356 183 478 367
1837 183 1050 367
8 554 1479 3186
1491 554 1396 2454
1491 3012 1396 58
1491 3072 94 48
1587 3072 252 48
1841 3072 651 48
2493 3072 394 48
1491 3122 94 46
1587 3122 252 46
1841 3122 651 46
2493 3122 394 46
1491 3170 94 48
1587 3170 252 48
1841 3170 651 48
2493 3170 394 48
1491 3220 94 46
1587 3220 252 46
1841 3220 651 46
2493 3220 394 46
1491 3268 94 48
1587 3268 252 48
1841 3268 651 48
2493 3268 394 48
1491 3318 94 47
1587 3318 252 47
1841 3318 651 47
2493 3318 394 47
1491 3367 1396 373
