8 8 120 172
130 8 271 172
404 8 229 172
636 8 94 172
732 8 95 172
829 8 142 172
973 8 116 172
1092 8 261 172
1356 8 478 172
1837 8 1050 172
8 183 120 367
130 183 271 367
404 183 229 367
636 183 94 367
732 183 95 367
829 183 142 367
973 183 116 367
1092 183 261 367
1356 183 478 367
1837 183 1050 367
8 554 120 360
130 554 271 360
404 554 229 360
636 554 94 360
732 554 95 360
829 554 142 360
973 554 116 360
1092 554 261 360
1356 554 478 360
1837 554 1050 360
8 918 1479 2822
1491 918 1396 2194
1491 3116 1396 58
1491 3176 94 48
1587 3176 252 48
1841 3176 651 48
2493 3176 394 48
1491 3226 94 47
1587 3226 252 47
1841 3226 651 47
2493 3226 394 47
1491 3274 94 49
1587 3274 252 49
1841 3274 651 49
2493 3274 394 49
1491 3324 94 49
1587 3324 252 49
1841 3324 651 49
2493 3324 394 49
1491 3374 94 46
1587 3374 252 46
1841 3374 651 46
2493 3374 394 46
1491 3422 1396 318
