8 8 120 82
130 8 271 82
404 8 229 82
636 8 94 82
732 8 95 82
829 8 142 82
973 8 116 82
1092 8 261 82
1356 8 478 82
1837 8 1050 82
8 93 120 301
130 93 271 301
404 93 229 301
636 93 94 301
732 93 95 301
829 93 142 301
973 93 116 301
1092 93 261 301
1356 93 478 301
1837 93 1050 301
8 398 120 290
130 398 271 290
404 398 229 290
636 398 94 290
732 398 95 290
829 398 142 290
973 398 116 290
1092 398 261 290
1356 398 478 290
1837 398 1050 290
8 692 120 282
130 692 271 282
404 692 229 282
636 692 94 282
732 692 95 282
829 692 142 282
973 692 116 282
1092 692 261 282
1356 692 478 282
1837 692 1050 282
8 978 1479 2762
1491 978 1396 2138
1491 3120 1396 58
1491 3180 94 42
1587 3180 252 42
1841 3180 651 42
2493 3180 394 42
1491 3224 94 47
1587 3224 252 47
1841 3224 651 47
2493 3224 394 47
1491 3272 94 49
1587 3272 252 49
1841 3272 651 49
2493 3272 394 49
1491 3322 94 46
1587 3322 252 46
1841 3322 651 46
2493 3322 394 46
1491 3370 94 48
1587 3370 252 48
1841 3370 651 48
2493 3370 394 48
1491 3420 94 46
1587 3420 252 46
1841 3420 651 46
2493 3420 394 46
1491 3468 1396 272
