12 11 2710 70
12 84 72 65
87 84 195 65
285 84 139 65
427 84 111 65
540 84 83 65
625 84 111 65
739 84 110 65
852 84 190 65
1045 84 507 65
1555 84 1167 65
12 152 72 216
87 152 195 145
285 152 139 216
427 152 111 216
540 152 83 216
625 152 111 216
739 152 110 216
852 152 190 216
1045 152 507 216
1555 152 1167 216
12 371 72 216
285 371 139 216
427 371 111 216
540 371 83 216
625 371 111 216
739 371 110 216
852 371 190 216
1045 371 507 216
1555 371 1167 216
12 589 2710 79
12 671 72 218
285 671 139 218
427 671 111 218
540 671 83 218
625 671 111 218
739 671 110 218
852 671 190 218
1045 671 507 218
1555 671 1167 218
12 892 72 218
285 892 139 218
427 892 111 218
540 892 83 218
625 892 111 218
739 892 110 218
852 892 190 218
1045 892 507 218
1555 892 1167 218
12 1113 2710 78
12 1194 72 218
285 1194 139 218
427 1194 111 218
540 1194 83 218
625 1194 111 218
739 1194 110 218
852 1194 190 218
1045 1194 507 218
1555 1194 1167 218
12 1415 72 219
285 1415 139 219
427 1415 111 219
540 1415 83 219
625 1415 111 219
739 1415 110 219
852 1415 190 219
1045 1415 507 219
1555 1415 1167 219
87 1593 195 22
12 1636 2710 79
12 1718 72 218
87 1718 195 154
285 1718 139 218
427 1718 111 218
540 1718 83 218
625 1718 111 218
739 1718 110 218
852 1718 190 218
1045 1718 507 218
1555 1718 1167 218
12 1939 72 218
87 1939 195 218
285 1939 139 218
427 1939 111 218
540 1939 83 218
625 1939 111 218
739 1939 110 218
852 1939 190 218
1045 1939 507 218
1555 1939 1167 218
12 2160 72 218
87 2160 195 218
285 2160 139 218
427 2160 111 218
540 2160 83 218
625 2160 111 218
739 2160 110 218
852 2160 190 218
1045 2160 507 218
1555 2160 1167 218
12 2381 2710 78
12 2462 72 219
87 2462 195 172
285 2462 139 219
427 2462 111 219
540 2462 83 219
625 2462 111 219
739 2462 110 219
852 2462 190 219
1045 2462 507 219
1555 2462 1167 219
12 2683 2710 79
12 2765 72 218
87 2765 195 154
285 2765 139 218
427 2765 111 218
540 2765 83 218
625 2765 111 218
739 2765 110 218
852 2765 190 218
1045 2765 507 218
1555 2765 1167 218
12 2986 72 218
87 2986 195 155
285 2986 139 218
427 2986 111 218
540 2986 83 218
625 2986 111 218
739 2986 110 218
852 2986 190 218
1045 2986 507 218
1555 2986 1167 218
12 3207 2710 78
12 3288 72 218
285 3288 139 218
427 3288 111 218
540 3288 83 218
625 3288 111 218
739 3288 110 218
852 3288 190 218
1045 3288 507 218
1555 3288 1167 218
12 3509 72 219
87 3509 195 219
285 3509 139 219
427 3509 111 219
540 3509 83 219
625 3509 111 219
739 3509 110 219
852 3509 190 219
1045 3509 507 219
1555 3509 1167 219
12 3730 2710 295
