4 60 2184 137
4 198 2184 110
4 310 70 59
75 310 241 59
317 310 123 59
441 310 65 59
507 310 54 59
562 310 89 59
652 310 105 59
758 310 277 59
1036 310 413 59
1450 310 738 59
4 370 70 394
75 370 241 394
317 370 123 394
441 370 65 394
507 370 54 394
562 370 89 394
652 370 105 394
758 370 277 394
1036 370 413 394
1450 370 738 394
4 765 70 393
75 765 241 393
317 765 123 393
441 765 65 393
507 765 54 393
562 765 89 393
652 765 105 393
758 765 277 393
1036 765 413 393
1450 765 738 393
4 1160 1091 1956
1096 1160 1092 1956
