4 60 2184 138
4 199 2184 110
4 311 70 59
75 311 241 59
317 311 123 59
441 311 65 59
507 311 54 59
562 311 89 59
652 311 105 59
758 311 277 59
1036 311 413 59
1450 311 738 59
4 371 70 393
75 371 241 393
317 371 123 393
441 371 65 393
507 371 54 393
562 371 89 393
652 371 105 393
758 371 277 393
1036 371 413 393
1450 371 738 393
4 765 70 393
75 765 241 393
317 765 123 393
441 765 65 393
507 765 54 393
562 765 89 393
652 765 105 393
758 765 277 393
1036 765 413 393
1450 765 738 393
4 1160 1091 1957
1096 1160 1092 1957
