289 290 87 912
378 290 59 453
439 290 150 453
591 290 150 453
743 290 50 453
795 290 49 453
847 290 83 453
932 290 83 453
1017 290 311 453
1331 290 351 453
1688 290 88 453
1778 290 59 453
1839 290 150 453
1991 290 150 453
2142 290 50 453
2194 290 50 453
2246 290 84 453
2332 290 83 453
2417 290 311 453
2730 290 351 453
378 745 59 457
439 745 150 457
591 745 150 457
743 745 50 457
795 745 49 457
847 745 83 457
932 745 83 457
1017 745 311 457
1331 745 351 46
1688 745 88 457
1778 745 59 457
1839 745 150 457
1991 745 150 457
2142 745 50 457
2194 745 50 457
2246 745 84 457
2332 745 83 457
2417 745 311 457
2730 745 351 457
1331 797 337 405
289 1204 87 916
378 1204 59 457
439 1204 150 457
591 1204 150 457
743 1204 50 457
795 1204 49 457
847 1204 83 457
932 1204 83 457
1017 1204 311 457
1331 1204 351 457
1688 1204 88 916
1778 1204 59 457
1839 1204 150 457
1991 1204 150 457
2142 1204 50 457
2194 1204 50 457
2246 1204 84 457
2332 1204 83 457
2417 1204 311 457
2730 1204 351 457
378 1663 59 457
439 1663 150 457
591 1663 150 457
743 1663 50 457
795 1663 49 457
847 1663 83 457
932 1663 83 457
1017 1663 311 457
1331 1663 351 45
1778 1663 59 457
1839 1663 150 457
1991 1663 150 457
2142 1663 50 457
2194 1663 50 457
2246 1663 84 457
2332 1663 83 457
2417 1663 311 457
2730 1663 351 457
1331 1708 338 41
1331 1749 337 371
289 2122 87 915
378 2122 59 456
439 2122 150 456
591 2122 150 456
743 2122 50 456
795 2122 49 456
847 2122 83 456
932 2122 83 456
1017 2122 311 456
1331 2122 351 456
1688 2122 88 1374
1778 2122 59 456
1839 2122 150 456
1991 2122 150 456
2142 2122 50 456
2194 2122 50 456
2246 2122 84 456
2332 2122 83 456
2417 2122 311 456
2730 2122 351 456
378 2581 59 456
439 2581 150 456
591 2581 150 456
743 2581 50 456
795 2581 49 456
847 2581 83 456
932 2581 83 456
1017 2581 311 456
1331 2581 351 456
1778 2581 59 456
1839 2581 150 456
1991 2581 150 456
2142 2581 50 456
2194 2581 50 456
2246 2581 84 456
2332 2581 83 456
2417 2581 311 456
2730 2581 351 456
289 3039 87 915
378 3039 59 457
439 3039 150 457
591 3039 150 457
743 3039 50 457
795 3039 49 457
847 3039 83 457
932 3039 83 457
1017 3039 311 457
1331 3039 351 457
1778 3039 59 457
1839 3039 150 457
1991 3039 150 457
2142 3039 50 457
2194 3039 50 457
2246 3039 84 457
2332 3039 83 457
2417 3039 311 457
2730 3039 351 457
378 3498 59 456
439 3498 150 456
591 3498 150 456
743 3498 50 456
795 3498 49 456
847 3498 83 456
932 3498 83 456
1017 3498 311 456
1331 3498 351 45
1688 3498 88 456
1778 3498 59 456
1839 3498 150 456
1991 3498 150 456
2142 3498 50 456
2194 3498 50 456
2246 3498 84 456
2332 3498 83 456
2417 3498 311 456
2730 3498 351 456
1331 3543 338 41
1331 3584 337 370
289 3956 87 454
378 3956 59 454
439 3956 150 454
591 3956 150 454
743 3956 50 454
795 3956 49 454
847 3956 83 454
932 3956 83 454
1017 3956 311 454
1331 3956 351 454
1688 3956 1393 454
