160 106 2769 334
160 444 2769 302
160 751 2769 63
160 819 146 53
307 819 203 53
512 819 213 53
727 819 157 53
886 819 72 53
959 819 101 53
1062 819 134 53
1198 819 180 53
1379 819 310 53
1691 819 1238 53
160 874 146 282
307 874 203 282
512 874 213 282
727 874 157 282
886 874 72 282
959 874 101 282
1062 874 134 282
1198 874 180 282
1379 874 310 282
1691 874 1238 282
160 1157 146 282
307 1157 203 187
512 1157 213 282
727 1157 157 282
886 1157 72 282
959 1157 101 282
1062 1157 134 282
1198 1157 180 282
1379 1157 310 282
1691 1157 1238 282
160 1441 146 282
307 1441 203 44
512 1441 213 282
727 1441 157 282
886 1441 72 282
959 1441 101 282
1062 1441 134 282
1198 1441 180 282
1379 1441 310 282
1691 1441 1238 282
160 1724 146 282
307 1724 203 46
512 1724 213 282
727 1724 157 282
886 1724 72 282
959 1724 101 282
1062 1724 134 282
1198 1724 180 282
1379 1724 310 282
1691 1724 1238 282
160 2008 146 280
307 2008 203 45
512 2008 213 280
727 2008 157 280
886 2008 72 280
959 2008 101 280
1062 2008 134 280
1198 2008 180 280
1379 2008 310 280
1691 2008 1238 280
160 2293 2769 63
160 2361 146 53
307 2361 203 53
512 2361 213 53
727 2361 157 53
886 2361 72 53
959 2361 101 53
1062 2361 134 53
1198 2361 180 53
1379 2361 310 53
1691 2361 1238 53
160 2416 146 276
307 2416 203 43
512 2416 213 276
727 2416 157 276
886 2416 72 276
959 2416 101 276
1062 2416 134 276
1198 2416 180 276
1379 2416 310 276
1691 2416 1238 276
160 2694 146 276
307 2694 203 49
512 2694 213 276
727 2694 157 276
886 2694 72 276
959 2694 101 276
1062 2694 134 276
1198 2694 180 276
1379 2694 310 276
1691 2694 1238 276
464 2791 46 25
462 2850 48 23
160 2972 146 276
307 2972 203 49
512 2972 213 276
727 2972 157 276
886 2972 72 276
959 2972 101 276
1062 2972 134 276
1198 2972 180 276
1379 2972 310 276
1691 2972 1238 276
468 3092 42 43
307 3110 39 24
160 3249 146 276
307 3249 203 188
512 3249 213 276
727 3249 157 276
886 3249 72 276
959 3249 101 276
1062 3249 134 276
1198 3249 180 276
1379 3249 310 276
1691 3249 1238 276
160 3527 146 276
307 3527 203 276
512 3527 213 276
727 3527 157 276
886 3527 72 276
959 3527 101 276
1062 3527 134 276
1198 3527 180 276
1379 3527 310 276
1691 3527 1238 276
160 3805 146 276
307 3805 203 49
512 3805 213 276
727 3805 157 276
886 3805 72 276
959 3805 101 276
1062 3805 134 276
1198 3805 180 276
1379 3805 310 276
1691 3805 1238 276
307 3950 34 23
160 4083 146 272
307 4083 203 45
512 4083 213 272
727 4083 157 272
886 4083 72 272
959 4083 101 272
1062 4083 134 272
1198 4083 180 272
1379 4083 310 272
1691 4083 1238 272
