160 113 2770 62
160 180 146 53
307 180 203 53
512 180 213 53
727 180 157 53
886 180 72 53
959 180 101 53
1062 180 134 53
1198 180 180 53
1379 180 310 53
1691 180 1239 53
160 235 70 571
232 235 74 285
307 235 203 285
512 235 213 285
727 235 157 285
886 235 72 285
959 235 101 285
1062 235 134 285
1198 235 180 285
1379 235 310 285
1691 235 1239 285
232 522 74 284
307 522 203 284
512 522 213 284
727 522 157 284
886 522 72 284
959 522 101 284
1062 522 134 284
1198 522 180 284
1379 522 310 284
1691 522 1239 284
160 810 70 282
232 810 74 282
307 810 203 39
512 810 213 282
727 810 157 282
886 810 72 282
959 810 101 282
1062 810 134 282
1198 810 180 282
1379 810 310 282
1691 810 1239 282
307 1064 203 28
160 1097 70 856
232 1097 74 284
307 1097 203 284
512 1097 213 284
727 1097 157 284
886 1097 72 284
959 1097 101 284
1062 1097 134 284
1198 1097 180 284
1379 1097 310 284
1691 1097 1239 284
232 1382 74 286
307 1382 203 38
512 1382 213 286
727 1382 157 286
886 1382 72 286
959 1382 101 286
1062 1382 134 286
1198 1382 180 286
1379 1382 310 286
1691 1382 1239 286
462 1453 48 34
307 1637 203 31
232 1669 74 284
307 1669 203 210
512 1669 213 284
727 1669 157 284
886 1669 72 284
959 1669 101 284
1062 1669 134 284
1198 1669 180 284
1379 1669 310 284
1691 1669 1239 284
307 1880 203 73
160 1958 70 282
232 1958 74 282
307 1958 203 282
512 1958 213 282
727 1958 157 282
886 1958 72 282
959 1958 101 282
1062 1958 134 282
1198 1958 180 282
1379 1958 310 282
1691 1958 1239 282
160 2244 70 283
232 2244 74 283
307 2244 203 283
512 2244 213 283
727 2244 157 283
886 2244 72 283
959 2244 101 283
1062 2244 134 283
1198 2244 180 283
1379 2244 310 283
1691 2244 1239 283
160 2531 2770 1790
