8 8 120 172
130 8 271 172
404 8 229 172
636 8 94 172
732 8 95 172
829 8 142 172
973 8 116 172
1092 8 261 172
1356 8 478 172
1837 8 1050 172
8 183 120 367
130 183 271 367
404 183 229 367
636 183 94 367
732 183 95 367
829 183 142 367
973 183 116 367
1092 183 261 367
1356 183 478 367
1837 183 1050 367
8 554 1479 3186
1491 554 1396 2478
1491 3036 1396 58
1491 3096 94 48
1587 3096 252 48
1841 3096 651 48
2493 3096 394 48
1491 3146 94 46
1587 3146 252 46
1841 3146 651 46
2493 3146 394 46
1491 3194 94 48
1587 3194 252 48
1841 3194 651 48
2493 3194 394 48
1491 3244 1396 496
