13 123 2849 289
13 418 2849 235
13 657 78 85
95 657 224 85
323 657 138 85
465 657 84 85
553 657 83 85
640 657 85 85
729 657 80 85
813 657 338 85
1155 657 440 85
1599 657 1263 85
13 746 78 252
95 746 224 21
323 746 138 252
465 746 84 252
553 746 83 252
640 746 85 252
729 746 80 252
813 746 338 252
1155 746 440 252
1599 746 1263 252
95 841 42 74
276 854 43 62
298 923 21 75
13 1002 78 249
323 1002 138 249
465 1002 84 249
553 1002 83 249
640 1002 85 249
729 1002 80 249
813 1002 338 249
1155 1002 440 249
1599 1002 1263 249
95 1054 63 27
95 1082 59 86
266 1086 53 82
280 1174 39 77
13 1259 2849 2884
