163 114 2769 277
163 395 2769 205
163 605 2769 63
163 673 146 54
310 673 203 54
514 673 214 54
730 673 157 54
889 673 72 54
962 673 101 54
1064 673 135 54
1201 673 228 54
1431 673 343 54
1776 673 1156 54
163 728 146 354
310 728 203 354
514 728 214 354
730 728 157 354
889 728 72 354
962 728 101 354
1064 728 135 354
1201 728 228 354
1431 728 343 354
1776 728 1156 354
163 1084 146 354
310 1084 203 354
514 1084 214 354
730 1084 157 354
889 1084 72 354
962 1084 101 354
1064 1084 135 354
1201 1084 228 354
1431 1084 343 354
1776 1084 1156 354
163 1440 146 350
310 1440 203 350
514 1440 214 350
730 1440 157 350
889 1440 72 350
962 1440 101 350
1064 1440 135 350
1201 1440 228 350
1431 1440 343 350
1776 1440 1156 350
163 1799 1380 2550
1552 1799 1380 2550
