1269 272 23 32
170 371 83 87
255 371 140 87
396 371 169 87
566 371 94 87
662 371 73 87
736 371 129 87
867 371 129 87
997 371 236 87
1235 371 426 87
1663 371 1218 87
170 460 83 178
255 460 140 45
396 460 169 276
566 460 94 276
662 460 73 276
736 460 129 276
867 460 129 276
997 460 236 276
1235 460 426 276
1663 460 1218 276
367 533 28 28
170 638 82 62
170 700 83 36
255 700 140 36
170 884 83 87
255 884 140 87
396 884 169 87
566 884 94 87
662 884 73 87
736 884 129 87
867 884 129 87
997 884 236 87
1235 884 426 87
1663 884 1218 87
170 972 83 276
255 972 140 44
396 972 169 276
566 972 94 276
662 972 73 276
736 972 129 276
867 972 129 276
997 972 236 276
1235 972 426 276
1663 972 1218 276
255 1211 140 37
170 1396 83 87
255 1396 140 87
396 1396 169 87
566 1396 94 87
662 1396 73 87
736 1396 129 87
867 1396 129 87
997 1396 236 87
1235 1396 426 87
1663 1396 1218 87
170 1485 83 278
255 1485 140 42
396 1485 169 278
566 1485 94 278
662 1485 73 278
736 1485 129 278
867 1485 129 278
997 1485 236 278
1235 1485 426 278
1663 1485 1218 278
255 1723 140 40
170 1764 83 279
255 1764 140 279
396 1764 169 279
566 1764 94 279
662 1764 73 279
736 1764 129 279
867 1764 129 279
997 1764 236 279
1235 1764 426 279
1663 1764 1218 279
170 2044 83 278
255 2044 140 43
396 2044 169 278
566 2044 94 278
662 2044 73 278
736 2044 129 278
867 2044 129 278
997 2044 236 278
1235 2044 426 278
1663 2044 1218 278
255 2283 140 39
170 2324 83 276
255 2324 140 43
396 2324 169 276
566 2324 94 276
662 2324 73 276
736 2324 129 276
867 2324 129 276
997 2324 236 276
1235 2324 426 276
1663 2324 1218 276
255 2563 140 37
170 2748 83 87
255 2748 140 87
396 2748 169 87
566 2748 94 87
662 2748 73 87
736 2748 129 87
867 2748 129 87
997 2748 236 87
1235 2748 426 87
1663 2748 1218 87
170 2836 83 278
255 2836 140 278
396 2836 169 278
566 2836 94 278
662 2836 73 278
736 2836 129 278
867 2836 129 278
997 2836 236 278
1235 2836 426 278
1663 2836 1218 278
170 3116 83 276
255 3116 140 44
396 3116 169 276
566 3116 94 276
662 3116 73 276
736 3116 129 276
867 3116 129 276
997 3116 236 276
1235 3116 426 276
1663 3116 1218 276
255 3355 140 37
1150 3456 35 22
170 3540 83 87
255 3540 140 87
396 3540 169 87
566 3540 94 87
662 3540 73 87
736 3540 129 87
867 3540 129 87
997 3540 236 87
1235 3540 426 87
1663 3540 1218 87
170 3628 83 279
255 3628 140 42
396 3628 169 279
566 3628 94 279
662 3628 73 279
736 3628 129 279
867 3628 129 279
997 3628 236 279
1235 3628 426 279
1663 3628 1218 279
255 3867 140 40
170 3908 83 282
255 3908 140 42
396 3908 169 282
566 3908 94 282
662 3908 73 282
736 3908 129 282
867 3908 129 282
997 3908 236 282
1235 3908 426 282
1663 3908 1218 282
255 4147 140 43
