106 84 2851 276
106 362 2851 225
106 589 109 83
217 589 241 83
460 589 249 83
711 589 88 83
801 589 66 83
869 589 123 83
994 589 194 83
1190 589 254 83
1446 589 468 83
1916 589 1041 83
106 674 109 338
217 674 241 60
460 674 249 338
711 674 88 338
801 674 66 338
869 674 123 338
994 674 194 338
1190 674 254 338
1446 674 468 338
1916 674 1041 338
106 1014 2851 2427
106 3441 1491 450
1600 3444 1357 55
1600 3500 136 97
1737 3500 346 97
2084 3500 430 97
2515 3500 442 97
1600 3598 136 96
1737 3598 346 96
2084 3598 430 96
2515 3598 442 96
1600 3695 136 96
1737 3695 346 96
2084 3695 430 96
2515 3695 442 96
1600 3792 136 96
1737 3792 346 96
2084 3792 430 96
2515 3792 442 96
106 3891 2851 319
