160 106 2769 326
160 437 2769 299
160 741 146 53
307 741 203 53
512 741 213 53
727 741 157 53
886 741 72 53
959 741 101 53
1062 741 134 53
1198 741 180 53
1379 741 310 53
1691 741 1238 53
160 796 146 305
307 796 203 46
512 796 213 305
727 796 157 305
886 796 72 305
959 796 101 305
1062 796 134 305
1198 796 180 305
1379 796 310 305
1691 796 1238 305
469 888 41 118
307 894 42 28
307 924 39 85
160 1102 146 304
307 1102 203 48
512 1102 213 304
727 1102 157 304
886 1102 72 304
959 1102 101 304
1062 1102 134 304
1198 1102 180 304
1379 1102 310 304
1691 1102 1238 304
307 1209 36 122
471 1218 39 117
160 1410 1383 2945
1547 1410 1382 2945
