10 10 2826 250
10 262 2826 225
10 489 2826 78
10 568 108 118
120 568 338 118
460 568 112 118
573 568 67 118
641 568 67 118
709 568 123 118
834 568 112 118
947 568 339 118
1287 568 441 118
1730 568 1106 118
10 687 108 310
120 687 338 310
460 687 112 310
573 687 67 310
641 687 67 310
709 687 123 310
834 687 112 310
947 687 339 310
1287 687 441 310
1730 687 1106 310
10 999 108 310
120 999 338 310
460 999 112 310
573 999 67 310
641 999 67 310
709 999 123 310
834 999 112 310
947 999 339 310
1287 999 441 310
1730 999 1106 310
10 1311 108 315
120 1311 338 315
460 1311 112 315
573 1311 67 315
641 1311 67 315
709 1311 123 315
834 1311 112 315
947 1311 339 315
1287 1311 441 315
1730 1311 1106 315
10 1627 2826 2457
