13 124 2849 283
13 413 2849 235
13 652 2849 80
13 736 78 89
95 736 224 89
323 736 136 89
463 736 82 89
549 736 80 89
633 736 82 89
719 736 80 89
803 736 348 89
1155 736 440 89
1599 736 1263 89
13 829 78 265
323 829 136 265
463 829 82 265
549 829 80 265
633 829 82 265
719 829 80 265
803 829 348 265
1155 829 440 265
1599 829 1263 265
95 892 57 110
265 903 54 87
269 994 50 100
95 1002 56 92
13 1098 78 266
95 1098 224 266
323 1098 136 266
463 1098 82 266
549 1098 80 266
633 1098 82 266
719 1098 80 266
803 1098 348 266
1155 1098 440 266
1599 1098 1263 266
13 1368 78 264
323 1368 136 264
463 1368 82 264
549 1368 80 264
633 1368 82 264
719 1368 80 264
803 1368 348 264
1155 1368 440 264
1599 1368 1263 264
95 1422 45 130
275 1431 44 121
13 1636 78 265
323 1636 136 265
463 1636 82 265
549 1636 80 265
633 1636 82 265
719 1636 80 265
803 1636 348 265
1155 1636 440 265
1599 1636 1263 265
95 1697 56 115
264 1698 55 108
13 1905 78 265
323 1905 136 265
463 1905 82 265
549 1905 80 265
633 1905 82 265
719 1905 80 265
803 1905 348 265
1155 1905 440 265
1599 1905 1263 265
95 2019 29 51
13 2174 78 265
323 2174 136 265
463 2174 82 265
549 2174 80 265
633 2174 82 265
719 2174 80 265
803 2174 348 265
1155 2174 440 265
1599 2174 1263 265
13 2443 2849 80
13 2527 78 264
95 2527 224 264
323 2527 136 264
463 2527 82 264
549 2527 80 264
633 2527 82 264
719 2527 80 264
803 2527 348 264
1155 2527 440 264
1599 2527 1263 264
13 2795 78 267
95 2795 224 21
323 2795 136 267
463 2795 82 267
549 2795 80 267
633 2795 82 267
719 2795 80 267
803 2795 348 267
1155 2795 440 267
1599 2795 1263 267
287 2913 32 89
95 2920 35 92
13 3066 78 264
323 3066 136 264
463 3066 82 264
549 3066 80 264
633 3066 82 264
719 3066 80 264
803 3066 348 264
1155 3066 440 264
1599 3066 1263 264
270 3130 49 113
95 3139 51 115
13 3334 78 264
323 3334 136 264
463 3334 82 264
549 3334 80 264
633 3334 82 264
719 3334 80 264
803 3334 348 264
1155 3334 440 264
1599 3334 1263 264
95 3400 37 36
95 3440 33 77
280 3450 39 60
13 3602 78 265
323 3602 136 265
463 3602 82 265
549 3602 80 265
633 3602 82 265
719 3602 80 265
803 3602 348 265
1155 3602 440 265
1599 3602 1263 265
95 3695 45 80
280 3701 39 70
13 3871 78 267
323 3871 136 267
463 3871 82 267
549 3871 80 267
633 3871 82 267
719 3871 80 267
803 3871 348 267
1155 3871 440 267
1599 3871 1263 267
282 3937 37 127
95 3945 43 108
