163 121 2769 381
163 506 2769 319
163 829 2769 64
163 897 146 54
310 897 203 54
514 897 214 54
730 897 157 54
889 897 72 54
962 897 101 54
1064 897 135 54
1201 897 179 54
1382 897 310 54
1694 897 1238 54
163 953 146 318
310 953 203 318
514 953 214 318
730 953 157 318
889 953 72 318
962 953 101 318
1064 953 135 318
1201 953 179 318
1382 953 310 318
1694 953 1238 318
163 1273 146 317
310 1273 203 317
514 1273 214 317
730 1273 157 317
889 1273 72 317
962 1273 101 317
1064 1273 135 317
1201 1273 179 317
1382 1273 310 317
1694 1273 1238 317
163 1594 2769 64
163 1663 146 53
310 1663 203 53
514 1663 214 53
730 1663 157 53
889 1663 72 53
962 1663 101 53
1064 1663 135 53
1201 1663 179 53
1382 1663 310 53
1694 1663 1238 53
163 1718 146 227
514 1718 214 227
730 1718 157 227
889 1718 72 227
962 1718 101 227
1064 1718 135 227
1201 1718 179 227
1382 1718 310 227
1694 1718 1238 227
463 1773 50 93
310 1798 51 81
474 1885 39 21
474 1906 37 39
163 1947 146 227
310 1947 203 227
514 1947 214 227
730 1947 157 227
889 1947 72 227
962 1947 101 227
1064 1947 135 227
1201 1947 179 227
1382 1947 310 227
1694 1947 1238 227
163 2176 146 227
310 2176 203 23
514 2176 214 227
730 2176 157 227
889 2176 72 227
962 2176 101 227
1064 2176 135 227
1201 2176 179 227
1382 2176 310 227
1694 2176 1238 227
310 2247 44 27
310 2274 43 80
468 2280 45 72
163 2405 146 227
514 2405 214 227
730 2405 157 227
889 2405 72 227
962 2405 101 227
1064 2405 135 227
1201 2405 179 227
1382 2405 310 227
1694 2405 1238 227
310 2470 33 121
475 2474 38 112
163 2634 146 227
310 2634 203 23
514 2634 214 227
730 2634 157 227
889 2634 72 227
962 2634 101 227
1064 2634 135 227
1201 2634 179 227
1382 2634 310 227
1694 2634 1238 227
467 2702 46 102
310 2705 43 102
163 2863 146 226
514 2863 214 226
730 2863 157 226
889 2863 72 226
962 2863 101 226
1064 2863 135 226
1201 2863 179 226
1382 2863 310 226
1694 2863 1238 226
310 2921 46 115
469 2924 44 109
163 3094 2769 63
163 3162 146 53
310 3162 203 53
514 3162 214 53
730 3162 157 53
889 3162 72 53
962 3162 101 53
1064 3162 135 53
1201 3162 179 53
1382 3162 310 53
1694 3162 1238 53
163 3217 146 227
514 3217 214 227
730 3217 157 227
889 3217 72 227
962 3217 101 227
1064 3217 135 227
1201 3217 179 227
1382 3217 310 227
1694 3217 1238 227
310 3279 35 125
455 3313 58 69
163 3446 146 227
310 3446 203 227
514 3446 214 227
730 3446 157 227
889 3446 72 227
962 3446 101 227
1064 3446 135 227
1201 3446 179 227
1382 3446 310 227
1694 3446 1238 227
163 3675 146 227
310 3675 203 227
514 3675 214 227
730 3675 157 227
889 3675 72 227
962 3675 101 227
1064 3675 135 227
1201 3675 179 227
1382 3675 310 227
1694 3675 1238 227
163 3904 146 227
310 3904 203 227
514 3904 214 227
730 3904 157 227
889 3904 72 227
962 3904 101 227
1064 3904 135 227
1201 3904 179 227
1382 3904 310 227
1694 3904 1238 227
163 4133 146 223
514 4133 214 223
730 4133 157 223
889 4133 72 223
962 4133 101 223
1064 4133 135 223
1201 4133 179 223
1382 4133 310 223
1694 4133 1238 223
310 4197 45 24
470 4210 43 122
310 4221 44 114
