13 100 2851 348
13 454 2851 163
13 621 2851 80
13 705 70 74
87 705 223 74
314 705 138 74
456 705 79 74
539 705 84 74
627 705 81 74
712 705 83 74
799 705 307 74
1110 705 450 74
1564 705 1300 74
13 783 70 176
314 783 138 176
456 783 79 176
539 783 84 176
627 783 81 176
712 783 83 176
799 783 307 176
1110 783 450 176
1564 783 1300 176
87 844 51 82
253 867 57 57
271 930 39 29
87 932 37 27
13 963 70 174
314 963 138 174
456 963 79 174
539 963 84 174
627 963 81 174
712 963 83 174
799 963 307 174
1110 963 450 174
1564 963 1300 174
87 1001 72 75
237 1001 73 75
273 1091 37 46
87 1092 35 45
13 1141 70 173
87 1141 223 173
314 1141 138 173
456 1141 79 173
539 1141 84 173
627 1141 81 173
712 1141 83 173
799 1141 307 173
1110 1141 450 173
1564 1141 1300 173
13 1318 2851 76
13 1398 69 173
314 1398 138 173
456 1398 82 173
542 1398 81 173
627 1398 80 173
712 1398 82 173
798 1398 309 173
1111 1398 448 173
1563 1398 1301 173
86 1433 70 76
239 1434 71 73
273 1522 37 49
86 1524 36 47
13 1575 2851 76
13 1655 69 173
314 1655 138 173
456 1655 84 173
544 1655 79 173
627 1655 81 173
712 1655 82 173
798 1655 307 173
1109 1655 449 173
1562 1655 1302 173
86 1684 67 29
234 1686 76 25
235 1711 75 65
86 1713 66 65
273 1789 37 39
86 1790 36 38
13 1832 69 174
314 1832 138 174
456 1832 84 174
544 1832 79 174
627 1832 81 174
712 1832 82 174
798 1832 307 174
1109 1832 449 174
1562 1832 1302 174
86 1873 69 80
244 1879 66 75
273 1966 37 40
86 1968 36 38
13 2010 1092 79
1109 2010 1755 79
13 2093 70 177
314 2093 137 177
455 2093 81 177
540 2093 83 177
627 2093 83 177
714 2093 80 177
798 2093 309 177
1111 2093 450 177
1565 2093 1299 177
87 2123 68 92
239 2141 71 53
267 2212 43 27
87 2234 39 36
268 2239 42 31
13 2274 70 176
314 2274 137 176
455 2274 81 176
540 2274 83 176
627 2274 83 176
714 2274 80 176
798 2274 309 176
1111 2274 450 176
1565 2274 1299 176
87 2312 69 21
239 2334 71 58
87 2335 66 54
273 2403 37 47
87 2405 34 45
13 2454 2851 75
13 2533 70 175
87 2533 223 175
314 2533 137 175
455 2533 82 175
541 2533 82 175
627 2533 83 175
714 2533 80 175
798 2533 309 175
1111 2533 450 175
1565 2533 1299 175
13 2712 70 176
314 2712 137 176
455 2712 82 176
541 2712 82 176
627 2712 83 176
714 2712 80 176
798 2712 309 176
1111 2712 450 176
1565 2712 1299 176
87 2772 67 67
241 2772 69 70
269 2852 41 36
87 2854 34 34
13 2892 2851 77
13 2973 70 174
314 2973 138 174
456 2973 83 174
543 2973 80 174
627 2973 81 174
712 2973 82 174
798 2973 307 174
1109 2973 450 174
1563 2973 1301 174
238 3007 72 21
87 3028 61 62
241 3035 69 54
273 3103 37 44
13 3151 70 173
314 3151 138 173
456 3151 83 173
543 3151 80 173
627 3151 81 173
712 3151 82 173
798 3151 307 173
1109 3151 450 173
1563 3151 1301 173
87 3177 68 34
235 3180 75 34
87 3213 66 55
236 3214 74 47
273 3276 37 48
87 3285 33 39
13 3328 70 173
87 3328 223 160
314 3328 138 173
456 3328 83 173
543 3328 80 173
627 3328 81 173
712 3328 82 173
798 3328 307 173
1109 3328 450 173
1563 3328 1301 173
13 3505 70 175
314 3505 138 175
456 3505 83 175
543 3505 80 175
627 3505 81 175
712 3505 82 175
798 3505 307 175
1109 3505 450 175
1563 3505 1301 175
87 3536 75 79
235 3537 75 85
272 3635 38 45
87 3638 34 42
13 3684 2851 71
13 3759 70 177
314 3759 138 177
456 3759 79 177
539 3759 84 177
627 3759 81 177
712 3759 82 177
1563 3759 1301 177
798 3760 308 176
1110 3760 449 176
234 3789 76 26
87 3792 70 24
237 3816 73 63
87 3817 68 62
87 3897 35 39
273 3897 37 39
13 3940 70 178
314 3940 138 179
456 3940 79 179
539 3940 84 179
627 3940 81 179
712 3940 82 179
798 3940 308 179
1110 3940 449 179
1563 3940 1301 179
251 3988 59 86
87 3991 57 82
87 4083 35 36
272 4085 38 34
