160 106 2769 334
160 444 2769 302
160 751 2769 63
160 819 146 53
307 819 203 53
512 819 213 53
727 819 157 53
886 819 72 53
959 819 101 53
1062 819 134 53
1198 819 180 53
1379 819 310 53
1691 819 1238 53
160 874 70 632
232 874 74 316
307 874 203 65
512 874 213 316
727 874 157 316
886 874 72 316
959 874 101 316
1062 874 134 316
1198 874 180 316
1379 874 310 316
1691 874 1238 316
467 998 43 21
307 1000 44 22
473 1023 37 79
307 1027 40 79
232 1191 74 315
307 1191 203 71
512 1191 213 315
727 1191 157 315
886 1191 72 315
959 1191 101 315
1062 1191 134 315
1198 1191 180 315
1379 1191 310 315
1691 1191 1238 315
307 1344 30 22
484 1349 26 41
307 1366 29 28
160 1510 70 313
232 1510 74 313
307 1510 203 230
512 1510 213 313
727 1510 157 313
886 1510 72 313
959 1510 101 313
1062 1510 134 313
1198 1510 180 313
1379 1510 310 313
1691 1510 1238 313
353 1745 120 48
160 1828 70 313
232 1828 74 313
307 1828 203 313
512 1828 213 313
727 1828 157 313
886 1828 72 313
959 1828 101 313
1062 1828 134 313
1198 1828 180 313
1379 1828 310 313
1691 1828 1238 313
160 2145 70 948
232 2145 74 315
307 2145 203 71
512 2145 213 315
727 2145 157 315
886 2145 72 315
959 2145 101 315
1062 2145 134 315
1198 2145 180 315
1379 2145 310 315
1691 2145 1238 315
466 2249 44 24
307 2267 41 122
468 2287 42 100
232 2461 74 316
307 2461 203 70
512 2461 213 316
727 2461 157 316
886 2461 72 316
959 2461 101 316
1062 2461 134 316
1198 2461 180 316
1379 2461 310 316
1691 2461 1238 316
307 2616 22 74
488 2618 22 73
232 2779 74 314
307 2779 203 66
512 2779 213 314
727 2779 157 314
886 2779 72 314
959 2779 101 314
1062 2779 134 314
1198 2779 180 314
1379 2779 310 314
1691 2779 1238 314
307 2889 45 31
465 2890 45 30
466 2920 44 87
307 2921 38 96
160 3098 70 1257
232 3098 74 314
307 3098 203 65
512 3098 213 314
727 3098 157 314
886 3098 72 314
959 3098 101 314
1062 3098 134 314
1198 3098 180 314
1379 3098 310 314
1691 3098 1238 314
307 3209 46 30
474 3213 36 199
307 3246 42 78
232 3414 74 316
307 3414 203 316
512 3414 213 316
727 3414 157 316
886 3414 72 316
959 3414 101 316
1062 3414 134 316
1198 3414 180 316
1379 3414 310 316
1691 3414 1238 316
232 3731 74 316
307 3731 203 54
512 3731 213 316
727 3731 157 316
886 3731 72 316
959 3731 101 316
1062 3731 134 316
1198 3731 180 316
1379 3731 310 316
1691 3731 1238 316
307 3840 45 23
477 3841 33 144
307 3866 41 97
232 4049 74 306
307 4049 203 306
512 4049 213 306
727 4049 157 306
886 4049 72 306
959 4049 101 306
1062 4049 134 306
1198 4049 180 306
1379 4049 310 306
1691 4049 1238 306
