160 111 2770 61
160 177 146 54
307 177 203 54
512 177 213 54
727 177 157 54
886 177 72 54
959 177 101 54
1062 177 137 54
1200 177 180 54
1382 177 310 54
1694 177 1236 54
160 232 70 455
232 232 74 228
307 232 203 228
512 232 213 228
727 232 157 228
886 232 72 228
959 232 101 228
1062 232 137 228
1200 232 180 228
1382 232 310 228
1694 232 1236 228
232 461 74 226
512 461 213 226
727 461 157 226
886 461 72 226
959 461 101 226
1062 461 137 226
1200 461 180 226
1382 461 310 226
1694 461 1236 226
160 692 70 453
232 692 74 225
307 692 203 225
512 692 213 225
727 692 157 225
886 692 72 225
959 692 101 225
1062 692 137 225
1200 692 180 225
1382 692 310 225
1694 692 1236 225
232 919 74 226
512 919 213 226
727 919 157 226
886 919 72 226
959 919 101 226
1062 919 137 226
1200 919 180 226
1382 919 310 226
1694 919 1236 226
160 1150 70 224
232 1150 74 224
512 1150 213 224
727 1150 157 224
886 1150 72 224
959 1150 101 224
1062 1150 137 224
1200 1150 180 224
1382 1150 310 224
1694 1150 1236 224
160 1378 70 454
232 1378 74 226
307 1378 203 210
512 1378 213 226
727 1378 157 226
886 1378 72 226
959 1378 101 226
1062 1378 137 226
1200 1378 180 226
1382 1378 310 226
1694 1378 1236 226
232 1606 74 226
512 1606 213 226
727 1606 157 226
886 1606 72 226
959 1606 101 226
1062 1606 137 226
1200 1606 180 226
1382 1606 310 226
1694 1606 1236 226
160 1836 70 683
232 1836 74 226
307 1836 203 185
512 1836 213 226
727 1836 157 226
886 1836 72 226
959 1836 101 226
1062 1836 137 226
1200 1836 180 226
1382 1836 310 226
1694 1836 1236 226
232 2064 74 227
512 2064 213 227
727 2064 157 227
886 2064 72 227
959 2064 101 227
1062 2064 137 227
1200 2064 180 227
1382 2064 310 227
1694 2064 1236 227
232 2293 74 226
307 2293 203 226
512 2293 213 226
727 2293 157 226
886 2293 72 226
959 2293 101 226
1062 2293 137 226
1200 2293 180 226
1382 2293 310 226
1694 2293 1236 226
160 2523 70 225
232 2523 74 225
307 2523 203 225
512 2523 213 225
727 2523 157 225
886 2523 72 225
959 2523 101 225
1062 2523 137 225
1200 2523 180 225
1382 2523 310 225
1694 2523 1236 225
160 2752 70 225
232 2752 74 225
512 2752 213 225
727 2752 157 225
886 2752 72 225
959 2752 101 225
1062 2752 137 225
1200 2752 180 225
1382 2752 310 225
1694 2752 1236 225
160 2981 70 453
232 2981 74 226
512 2981 213 226
727 2981 157 226
886 2981 72 226
959 2981 101 226
1062 2981 137 226
1200 2981 180 226
1382 2981 310 226
1694 2981 1236 226
465 3059 45 21
232 3209 74 225
512 3209 213 225
727 3209 157 225
886 3209 72 225
959 3209 101 225
1062 3209 137 225
1200 3209 180 225
1382 3209 310 225
1694 3209 1236 225
160 3439 70 224
232 3439 74 224
512 3439 213 224
727 3439 157 224
886 3439 72 224
959 3439 101 224
1062 3439 137 224
1200 3439 180 224
1382 3439 310 224
1694 3439 1236 224
160 3668 70 679
232 3668 74 226
307 3668 203 226
512 3668 213 226
727 3668 157 226
886 3668 72 226
959 3668 101 226
1062 3668 137 226
1200 3668 180 226
1382 3668 310 226
1694 3668 1236 226
727 3895 157 228
232 3896 74 227
307 3896 203 149
512 3896 213 227
886 3896 72 227
959 3896 101 227
1062 3896 137 227
1200 3896 180 227
1382 3896 310 227
1694 3896 1236 227
232 4124 74 223
512 4124 213 223
727 4124 157 223
886 4124 72 223
959 4124 101 223
1062 4124 137 223
1200 4124 180 223
1382 4124 310 223
1694 4124 1236 223
