105 90 2851 276
105 368 2851 227
105 597 103 82
210 597 245 82
457 597 247 82
706 597 88 82
796 597 66 82
864 597 123 82
989 597 196 82
1187 597 238 82
1427 597 438 82
1867 597 1089 82
105 682 103 338
210 682 245 57
457 682 247 338
706 682 88 338
796 682 66 338
864 682 123 338
989 682 196 338
1187 682 238 338
1427 682 438 338
1867 682 1089 338
210 788 50 35
400 830 55 95
210 834 46 99
105 1022 2851 2568
105 3590 1495 189
1603 3593 1353 56
1603 3650 133 68
1737 3650 399 68
2137 3650 373 68
2511 3650 445 68
1603 3719 133 60
1737 3719 399 60
2137 3719 373 60
2511 3719 445 60
105 3779 1494 437
1603 3780 133 60
1737 3780 399 60
2137 3780 373 60
2511 3780 445 60
1604 3841 132 61
1737 3841 399 61
2137 3841 373 61
2511 3841 445 61
1600 3905 1356 311
