160 108 2769 225
160 338 2769 114
160 458 2769 63
160 526 146 52
308 526 202 52
512 526 213 53
727 526 157 52
886 526 72 52
960 526 100 52
1062 526 136 53
1201 526 224 53
1427 526 344 52
1773 526 1156 53
160 581 146 187
512 581 213 188
727 581 157 187
886 581 72 187
960 581 100 187
1062 581 136 188
1201 581 224 188
1427 581 344 187
1773 581 1156 188
160 771 146 186
308 771 202 186
512 771 213 186
727 771 157 186
886 771 72 186
960 771 100 186
1062 771 136 186
1201 771 224 186
1427 771 344 186
1773 771 1156 186
160 962 2769 63
160 1030 146 53
308 1030 202 53
512 1030 213 53
727 1030 157 53
886 1030 72 53
960 1030 100 53
1062 1030 136 53
1201 1030 224 53
1427 1030 344 53
1773 1030 1156 53
512 1085 213 188
1062 1085 136 188
1201 1085 224 188
1773 1085 1156 188
160 1086 146 187
727 1086 157 187
886 1086 72 187
960 1086 100 187
1427 1086 344 187
512 1275 213 188
1062 1275 136 188
1201 1275 224 188
1773 1275 1156 188
160 1276 146 187
308 1276 202 171
727 1276 157 187
886 1276 72 187
960 1276 100 187
1427 1276 344 187
512 1465 213 188
1062 1465 136 188
1201 1465 224 188
1773 1465 1156 188
160 1466 146 187
727 1466 157 187
886 1466 72 187
960 1466 100 187
1427 1466 344 187
308 1623 25 30
489 1624 21 29
160 1655 146 188
512 1655 213 188
727 1655 157 188
886 1655 72 188
960 1655 100 188
1062 1655 136 188
1201 1655 224 188
1427 1655 344 188
1773 1655 1156 188
160 1845 146 188
512 1845 213 188
727 1845 157 188
886 1845 72 188
960 1845 100 188
1062 1845 136 188
1201 1845 224 188
1427 1845 344 188
1773 1845 1156 188
160 2035 146 186
512 2035 213 186
727 2035 157 186
886 2035 72 186
960 2035 100 186
1062 2035 136 186
1201 2035 224 186
1427 2035 344 186
1773 2035 1156 186
160 2226 2769 63
512 2294 213 53
1062 2294 136 53
1201 2294 224 53
1773 2294 1156 53
160 2295 146 52
308 2295 202 52
727 2295 157 52
886 2295 72 52
960 2295 100 52
1427 2295 344 52
160 2350 146 187
512 2350 213 187
727 2350 157 187
886 2350 72 187
960 2350 100 187
1062 2350 136 187
1201 2350 224 187
1427 2350 344 187
1773 2350 1156 187
160 2540 146 187
512 2540 213 187
727 2540 157 187
886 2540 72 187
960 2540 100 187
1062 2540 136 187
1201 2540 224 187
1427 2540 344 187
1773 2540 1156 187
160 2730 146 187
308 2730 202 187
512 2730 213 187
727 2730 157 187
886 2730 72 187
960 2730 100 187
1062 2730 136 187
1201 2730 224 187
1427 2730 344 187
1773 2730 1156 187
512 2919 213 188
1062 2919 136 188
1201 2919 224 188
1773 2919 1156 188
160 2920 146 187
727 2920 157 187
886 2920 72 187
960 2920 100 187
1427 2920 344 187
512 3109 213 188
1062 3109 136 188
1201 3109 224 188
1773 3109 1156 188
160 3110 146 187
727 3110 157 187
886 3110 72 187
960 3110 100 187
1427 3110 344 187
512 3299 213 187
1062 3299 136 187
1201 3299 224 187
1773 3299 1156 187
160 3300 146 185
727 3300 157 185
886 3300 72 185
960 3300 100 185
1427 3300 344 185
451 3391 59 26
160 3491 2769 63
160 3559 146 52
308 3559 202 52
512 3559 213 53
727 3559 157 52
886 3559 72 52
960 3559 100 52
1062 3559 136 53
1201 3559 224 53
1427 3559 344 52
1773 3559 1156 53
160 3614 146 187
512 3614 213 188
727 3614 157 187
886 3614 72 187
960 3614 100 187
1062 3614 136 188
1201 3614 224 188
1427 3614 344 187
1773 3614 1156 188
160 3804 146 187
512 3804 213 188
727 3804 157 187
886 3804 72 187
960 3804 100 187
1062 3804 136 188
1201 3804 224 188
1427 3804 344 187
1773 3804 1156 188
160 3994 146 187
512 3994 213 187
727 3994 157 187
886 3994 72 187
960 3994 100 187
1062 3994 136 187
1201 3994 224 187
1427 3994 344 187
1773 3994 1156 187
160 4184 2769 159
