160 107 2769 284
160 398 2769 159
160 563 2769 62
512 630 213 53
1062 630 136 53
1201 630 224 53
1773 630 1156 53
160 631 146 52
308 631 202 52
727 631 157 52
886 631 72 52
960 631 100 52
1427 631 344 52
160 686 70 381
232 686 74 190
512 686 213 190
727 686 157 190
886 686 72 190
960 686 100 190
1062 686 136 190
1201 686 224 190
1427 686 344 190
1773 686 1156 190
458 737 52 26
512 878 213 190
1062 878 136 190
1201 878 224 190
1773 878 1156 190
232 879 74 188
308 879 202 188
727 879 157 188
886 879 72 188
960 879 100 188
1427 879 344 188
160 1073 70 187
232 1073 74 187
512 1073 213 187
727 1073 157 187
886 1073 72 187
960 1073 100 187
1062 1073 136 187
1201 1073 224 187
1427 1073 344 187
1773 1073 1156 187
512 1265 213 189
1062 1265 136 189
1201 1265 224 189
1773 1265 1156 189
160 1266 70 380
232 1266 74 188
727 1266 157 188
886 1266 72 188
960 1266 100 188
1427 1266 344 188
232 1457 74 189
308 1457 202 189
512 1457 213 189
727 1457 157 189
886 1457 72 189
960 1457 100 189
1062 1457 136 189
1201 1457 224 189
1427 1457 344 189
1773 1457 1156 189
160 1651 70 573
232 1651 74 189
512 1651 213 189
727 1651 157 189
886 1651 72 189
960 1651 100 189
1062 1651 136 189
1201 1651 224 189
1427 1651 344 189
1773 1651 1156 189
232 1842 74 191
512 1842 213 191
727 1842 157 191
886 1842 72 191
960 1842 100 191
1062 1842 136 191
1201 1842 224 191
1427 1842 344 191
1773 1842 1156 191
232 2035 74 189
512 2035 213 189
727 2035 157 189
886 2035 72 189
960 2035 100 189
1062 2035 136 189
1201 2035 224 189
1427 2035 344 189
1773 2035 1156 189
160 2229 70 379
232 2229 74 189
512 2229 213 189
727 2229 157 189
886 2229 72 189
960 2229 100 189
1062 2229 136 189
1201 2229 224 189
1427 2229 344 189
1773 2229 1156 189
512 2420 213 188
1062 2420 136 188
1201 2420 224 188
1773 2420 1156 188
232 2421 74 187
727 2421 157 187
886 2421 72 187
960 2421 100 187
1427 2421 344 187
160 2613 70 382
232 2613 74 191
512 2613 213 191
727 2613 157 191
886 2613 72 191
960 2613 100 191
1062 2613 136 191
1201 2613 224 191
1427 2613 344 191
1773 2613 1156 191
232 2806 74 189
512 2806 213 189
727 2806 157 189
886 2806 72 189
960 2806 100 189
1062 2806 136 189
1201 2806 224 189
1427 2806 344 189
1773 2806 1156 189
308 2849 47 29
160 3000 70 380
232 3000 74 189
512 3000 213 189
727 3000 157 189
886 3000 72 189
960 3000 100 189
1062 3000 136 189
1201 3000 224 189
1427 3000 344 189
1773 3000 1156 189
512 3191 213 190
1062 3191 136 190
1201 3191 224 190
1773 3191 1156 190
232 3192 74 188
308 3192 202 149
727 3192 157 188
886 3192 72 188
960 3192 100 188
1427 3192 344 188
160 3386 70 573
232 3386 74 189
512 3386 213 189
727 3386 157 189
886 3386 72 189
960 3386 100 189
1062 3386 136 189
1201 3386 224 189
1427 3386 344 189
1773 3386 1156 189
232 3577 74 190
512 3577 213 191
727 3577 157 190
886 3577 72 190
960 3577 100 190
1062 3577 136 191
1201 3577 224 191
1427 3577 344 190
1773 3577 1156 191
458 3627 52 28
232 3770 74 189
512 3770 213 189
727 3770 157 189
886 3770 72 189
960 3770 100 189
1062 3770 136 189
1201 3770 224 189
1427 3770 344 189
1773 3770 1156 189
160 3964 2769 386
