289 290 2792 221
289 517 2792 139
289 658 1393 96
1688 658 88 1923
1778 658 59 383
1839 658 150 383
1991 658 150 383
2142 658 50 383
2194 658 50 383
2246 658 84 383
2332 658 83 383
2417 658 311 383
2731 658 350 383
289 756 87 225
378 756 59 225
439 756 150 225
591 756 150 225
743 756 50 225
795 756 49 225
847 756 83 225
932 756 83 225
1017 756 311 225
1331 756 351 225
289 983 87 1559
378 983 59 780
439 983 150 780
591 983 150 780
743 983 50 780
795 983 49 780
847 983 83 780
932 983 83 780
1017 983 311 780
1331 983 351 780
1778 1043 59 384
1839 1043 150 384
1991 1043 150 384
2142 1043 50 384
2194 1043 50 384
2246 1043 84 384
2332 1043 83 384
2417 1043 311 384
2730 1043 351 384
1778 1429 59 383
1839 1429 150 383
1991 1429 150 383
2142 1429 50 383
2194 1429 50 383
2246 1429 84 383
2332 1429 83 383
2417 1429 311 383
2730 1429 351 28
2730 1532 351 35
2730 1643 351 36
2730 1706 351 34
378 1765 59 777
439 1765 150 777
591 1765 150 777
743 1765 50 777
795 1765 49 777
847 1765 83 777
932 1765 83 777
1017 1765 311 777
1331 1765 351 777
2730 1784 351 28
1778 1815 59 383
1839 1815 150 383
1991 1815 150 383
2142 1815 50 383
2194 1815 50 383
2246 1815 84 383
2332 1815 83 383
2417 1815 311 383
2731 1815 350 383
1778 2200 59 381
1839 2200 150 381
1991 2200 150 381
2142 2200 50 381
2194 2200 50 381
2246 2200 84 381
2332 2200 83 381
2417 2200 311 381
2730 2200 351 381
289 2549 1393 96
1688 2587 1393 95
289 2647 87 225
378 2647 59 225
439 2647 150 225
591 2647 150 225
743 2647 50 225
795 2647 49 225
847 2647 83 225
932 2647 83 225
1017 2647 311 225
1331 2647 351 225
1688 2684 88 225
1778 2684 59 225
1839 2684 150 225
1991 2684 150 225
2142 2684 50 225
2194 2684 50 225
2246 2684 84 225
2332 2684 83 225
2417 2684 311 225
2730 2684 351 225
289 2874 87 1536
378 2874 59 383
439 2874 150 383
591 2874 150 383
743 2874 50 383
795 2874 49 383
847 2874 83 383
932 2874 83 383
1017 2874 311 383
1331 2874 351 383
1688 2911 88 374
1778 2911 59 374
1839 2911 150 374
1991 2911 150 374
2142 2911 50 374
2194 2911 50 374
2246 2911 84 374
2332 2911 83 374
2417 2911 311 374
2730 2911 351 374
378 3260 59 383
439 3260 150 383
591 3260 150 383
743 3260 50 383
795 3260 49 383
847 3260 83 383
932 3260 83 383
1017 3260 311 383
1331 3260 351 383
1688 3287 88 374
1778 3287 59 374
1839 3287 150 374
1991 3287 150 374
2142 3287 50 374
2194 3287 50 374
2246 3287 84 374
2332 3287 83 374
2417 3287 311 374
2731 3287 350 374
378 3645 59 384
439 3645 150 384
591 3645 150 384
743 3645 50 384
795 3645 49 384
847 3645 83 384
932 3645 83 384
1017 3645 311 384
1331 3645 351 384
1688 3663 88 747
1778 3663 59 374
1839 3663 150 374
1991 3663 150 374
2142 3663 50 374
2194 3663 50 374
2246 3663 84 374
2332 3663 83 374
2417 3663 311 374
2730 3663 351 374
378 4031 59 379
439 4031 150 379
591 4031 150 379
743 4031 50 379
795 4031 49 379
847 4031 83 379
932 4031 83 379
1017 4031 311 379
1331 4031 351 379
1778 4039 59 371
1839 4039 150 371
1991 4039 150 371
2142 4039 50 371
2194 4039 50 371
2246 4039 84 371
2332 4039 83 371
2417 4039 311 371
2731 4039 350 371
