6 6 2886 234
6 242 2886 219
6 463 127 112
134 463 339 112
475 463 100 112
577 463 89 112
667 463 89 112
758 463 89 112
849 463 89 112
939 463 282 112
1223 463 395 112
1620 463 1272 112
6 576 127 282
134 576 339 282
475 576 100 282
577 576 89 282
667 576 89 282
758 576 89 282
849 576 89 282
939 576 282 282
1223 576 395 282
1620 576 1272 282
6 860 127 282
134 860 339 282
475 860 100 282
577 860 89 282
667 860 89 282
758 860 89 282
849 860 89 282
939 860 282 282
1223 860 395 282
1620 860 1272 282
6 1143 127 282
134 1143 339 282
475 1143 100 282
577 1143 89 282
667 1143 89 282
758 1143 89 282
849 1143 89 282
939 1143 282 282
1223 1143 395 282
1620 1143 1272 282
6 1427 127 282
134 1427 339 282
475 1427 100 282
577 1427 89 282
667 1427 89 282
758 1427 89 282
849 1427 89 282
939 1427 282 282
1223 1427 395 282
1620 1427 1272 282
6 1710 2886 2477
