163 107 2769 61
163 173 146 45
310 173 203 45
514 173 214 45
730 173 157 45
889 173 72 45
962 173 101 45
1064 173 135 45
1201 173 179 45
1382 173 310 45
1694 173 1238 45
163 219 70 411
235 219 74 206
514 219 214 206
730 219 157 206
889 219 72 206
962 219 101 206
1064 219 135 206
1201 219 179 206
1382 219 310 206
1694 219 1238 206
465 267 48 101
310 276 47 26
310 305 45 66
235 426 74 204
514 426 214 204
730 426 157 204
889 426 72 204
962 426 101 204
1064 426 135 204
1201 426 179 204
1382 426 310 204
1694 426 1238 204
310 476 52 35
310 511 50 119
467 512 46 118
163 635 70 202
235 635 74 202
514 635 214 202
730 635 157 202
889 635 72 202
962 635 101 202
1064 635 135 202
1201 635 179 202
1382 635 310 202
1694 635 1238 202
466 691 47 92
310 698 45 96
163 842 70 202
235 842 74 202
514 842 214 202
730 842 157 202
889 842 72 202
962 842 101 202
1064 842 135 202
1201 842 179 202
1382 842 310 202
1694 842 1238 202
469 901 44 30
310 905 51 21
310 933 45 111
474 934 39 110
163 1049 70 202
235 1049 74 202
310 1049 203 202
514 1049 214 202
730 1049 157 202
889 1049 72 202
962 1049 101 202
1064 1049 135 202
1201 1049 179 202
1382 1049 310 202
1694 1049 1238 202
163 1255 70 203
235 1255 74 203
514 1255 214 203
730 1255 157 203
889 1255 72 203
962 1255 101 203
1064 1255 135 203
1201 1255 179 203
1382 1255 310 203
1694 1255 1238 203
310 1309 48 37
464 1314 49 33
310 1350 46 81
467 1351 46 77
163 1462 70 203
235 1462 74 203
514 1462 214 203
730 1462 157 203
889 1462 72 203
962 1462 101 203
1064 1462 135 203
1201 1462 179 203
1382 1462 310 203
1694 1462 1238 203
310 1534 38 98
476 1553 37 99
163 1669 70 410
235 1669 74 204
514 1669 214 204
730 1669 157 204
889 1669 72 204
962 1669 101 204
1064 1669 135 204
1201 1669 179 204
1382 1669 310 204
1694 1669 1238 204
464 1721 49 99
310 1722 49 98
235 1875 74 204
514 1875 214 204
730 1875 157 204
889 1875 72 204
962 1875 101 204
1064 1875 135 204
1201 1875 179 204
1382 1875 310 204
1694 1875 1238 204
466 1927 47 27
310 1932 49 94
468 1955 45 78
484 2036 29 43
163 2083 70 410
235 2083 74 204
514 2083 214 204
730 2083 157 204
889 2083 72 204
962 2083 101 204
1064 2083 135 204
1201 2083 179 204
1382 2083 310 204
1694 2083 1238 204
310 2148 44 95
474 2152 39 82
235 2289 74 204
514 2289 214 204
730 2289 157 204
889 2289 72 204
962 2289 101 204
1064 2289 135 204
1201 2289 179 204
1382 2289 310 204
1694 2289 1238 204
468 2359 45 98
310 2362 39 95
163 2497 70 202
235 2497 74 202
514 2497 214 202
730 2497 157 202
889 2497 72 202
962 2497 101 202
1064 2497 135 202
1201 2497 179 202
1382 2497 310 202
1694 2497 1238 202
310 2548 49 29
310 2581 46 81
468 2585 45 84
163 2704 70 409
235 2704 74 204
514 2704 214 204
730 2704 157 204
889 2704 72 204
962 2704 101 204
1064 2704 135 204
1201 2704 179 204
1382 2704 310 204
1694 2704 1238 204
310 2787 46 121
467 2787 46 121
235 2909 74 204
514 2909 214 204
730 2909 157 204
889 2909 72 204
962 2909 101 204
1064 2909 135 204
1201 2909 179 204
1382 2909 310 204
1694 2909 1238 204
310 3004 28 85
477 3007 36 73
163 3118 70 616
235 3118 74 204
514 3118 214 204
730 3118 157 204
889 3118 72 204
962 3118 101 204
1064 3118 135 204
1201 3118 179 204
1382 3118 310 204
1694 3118 1238 204
471 3157 42 125
310 3177 47 109
235 3323 74 206
514 3323 214 206
730 3323 157 206
889 3323 72 206
962 3323 101 206
1064 3323 135 206
1201 3323 179 206
1382 3323 310 206
1694 3323 1238 206
466 3375 47 110
310 3384 46 113
235 3530 74 204
514 3530 214 204
730 3530 157 204
889 3530 72 204
962 3530 101 204
1064 3530 135 204
1201 3530 179 204
1382 3530 310 204
1694 3530 1238 204
468 3585 45 106
310 3589 37 97
163 3739 70 202
235 3739 74 202
514 3739 214 202
730 3739 157 202
889 3739 72 202
962 3739 101 202
1064 3739 135 202
1201 3739 179 202
1382 3739 310 202
1694 3739 1238 202
310 3797 47 108
472 3799 41 105
163 3946 70 407
235 3946 74 203
514 3946 214 203
730 3946 157 203
889 3946 72 203
962 3946 101 203
1064 3946 135 203
1201 3946 179 203
1382 3946 310 203
1694 3946 1238 203
463 3996 50 36
310 3997 52 36
465 4032 48 67
310 4035 49 68
235 4151 74 202
514 4151 214 202
730 4151 157 202
889 4151 72 202
962 4151 101 202
1064 4151 135 202
1201 4151 179 202
1382 4151 310 202
1694 4151 1238 202
310 4198 47 104
462 4207 51 100
