13 107 2851 72
13 183 69 78
86 183 224 78
314 183 137 78
455 183 82 78
541 183 82 78
627 183 81 78
712 183 82 78
798 183 308 78
1110 183 450 78
1564 183 1300 78
13 265 69 175
86 265 224 136
314 265 137 175
455 265 82 175
541 265 82 175
627 265 81 175
712 265 82 175
798 265 308 175
1110 265 450 174
1564 265 1300 174
13 444 2851 70
13 519 69 173
314 519 137 173
455 519 82 173
541 519 82 173
627 519 81 173
712 519 82 173
798 519 308 173
1110 519 450 173
1564 519 1300 173
271 664 39 28
13 697 2851 70
13 771 69 174
314 771 137 174
455 771 82 174
541 771 82 174
627 771 81 174
712 771 82 174
798 771 308 174
1110 771 450 174
1564 771 1300 174
273 890 37 36
86 893 36 52
13 949 69 174
314 949 137 174
455 949 82 174
541 949 82 174
627 949 81 174
712 949 82 174
798 949 308 174
1110 949 450 174
1564 949 1300 174
239 989 71 21
13 1127 2851 72
13 1203 69 175
314 1203 137 175
455 1203 82 175
541 1203 82 175
627 1203 81 175
712 1203 82 175
798 1203 308 175
1110 1203 450 175
1564 1203 1300 175
86 1242 73 23
270 1333 40 45
86 1345 39 33
13 1382 69 174
314 1382 137 174
455 1382 82 174
541 1382 82 174
627 1382 81 174
712 1382 82 174
798 1382 308 173
1110 1382 450 173
1564 1382 1300 174
86 1419 72 23
272 1526 38 30
86 1531 36 25
13 1564 2851 2561
