10 10 2826 250
10 262 2826 225
10 489 2826 78
10 568 108 118
120 568 338 118
460 568 112 118
573 568 67 118
641 568 67 118
709 568 123 118
834 568 112 118
947 568 339 118
1287 568 441 118
1730 568 1106 118
10 687 108 321
120 687 338 321
460 687 112 321
573 687 67 321
641 687 67 321
709 687 123 321
834 687 112 321
947 687 339 321
1287 687 441 321
1730 687 1106 321
10 1010 108 336
120 1010 338 336
460 1010 112 336
573 1010 67 336
641 1010 67 336
709 1010 123 336
834 1010 112 336
947 1010 339 336
1287 1010 441 336
1730 1010 1106 336
10 1348 108 306
120 1348 338 306
460 1348 112 306
573 1348 67 306
641 1348 67 306
709 1348 123 306
834 1348 112 306
947 1348 339 306
1287 1348 441 306
1730 1348 1106 306
10 1656 2826 2428
