171 464 2711 243
171 855 82 87
255 855 140 87
396 855 169 87
566 855 94 87
662 855 73 87
736 855 129 87
867 855 129 87
997 855 236 87
1235 855 426 87
1663 855 1219 87
171 943 82 337
255 943 140 73
396 943 169 337
566 943 94 337
662 943 73 337
736 943 129 337
867 943 129 337
997 943 236 337
1235 943 426 337
1663 943 1219 337
255 1211 140 69
171 1281 82 335
255 1281 140 73
396 1281 169 335
566 1281 94 335
662 1281 73 335
736 1281 129 335
867 1281 129 335
997 1281 236 335
1235 1281 426 335
1663 1281 1219 335
255 1386 23 33
373 1397 22 26
255 1549 140 67
171 1763 82 87
255 1763 140 87
396 1763 169 87
566 1763 94 87
662 1763 73 87
736 1763 129 87
867 1763 129 87
997 1763 236 87
1235 1763 426 87
1663 1763 1219 87
171 1852 82 336
255 1852 140 68
396 1852 169 68
566 1852 94 336
662 1852 73 336
736 1852 129 336
867 1852 129 336
997 1852 236 336
1235 1852 426 336
1663 1852 1219 336
397 1920 168 121
396 2041 169 147
255 2111 140 77
171 2190 82 336
255 2190 140 71
396 2190 169 336
566 2190 94 336
662 2190 73 336
736 2190 129 336
867 2190 129 336
997 2190 236 336
1235 2190 426 336
1663 2190 1219 336
255 2457 140 69
171 2527 82 335
255 2527 140 73
396 2527 169 335
566 2527 94 335
662 2527 73 335
736 2527 129 335
867 2527 129 335
997 2527 236 335
1235 2527 426 335
1663 2527 1219 335
255 2795 140 67
171 3009 82 87
255 3009 140 87
396 3009 169 87
566 3009 94 87
662 3009 73 87
736 3009 129 87
867 3009 129 87
997 3009 236 87
1235 3009 426 87
1663 3009 1219 87
171 3098 82 336
255 3098 140 75
396 3098 169 336
566 3098 94 336
662 3098 73 336
736 3098 129 336
867 3098 129 336
997 3098 236 336
1235 3098 426 336
1663 3098 1219 336
255 3366 140 68
171 3436 82 334
255 3436 140 74
396 3436 169 148
566 3436 94 334
662 3436 73 334
736 3436 129 334
867 3436 129 334
997 3436 236 334
1235 3436 426 334
1663 3436 1219 334
397 3584 168 87
397 3679 168 25
255 3704 140 66
396 3704 169 66
171 3776 2711 423
