160 139 2769 89
512 233 213 53
1062 233 134 53
1198 233 179 53
1380 233 309 53
160 234 146 52
308 234 202 52
727 234 157 52
886 234 72 52
960 234 100 52
1691 234 1238 52
160 289 146 249
512 289 213 250
727 289 157 249
886 289 72 249
960 289 100 249
1062 289 134 250
1198 289 179 250
1380 289 309 250
1691 289 1238 249
160 541 146 250
308 541 202 190
512 541 213 250
727 541 157 250
886 541 72 250
960 541 100 250
1062 541 134 250
1198 541 179 250
1380 541 309 250
1691 541 1238 250
308 731 201 60
160 793 146 250
308 793 202 219
512 793 213 250
727 793 157 250
886 793 72 250
960 793 100 250
1062 793 134 250
1198 793 179 250
1380 793 309 250
1691 793 1238 250
512 1045 213 251
1062 1045 134 251
1198 1045 179 251
1380 1045 309 251
160 1046 146 249
308 1046 202 249
727 1046 157 249
886 1046 72 249
960 1046 100 249
1691 1046 1238 249
160 1298 146 248
512 1298 213 248
727 1298 157 248
886 1298 72 248
960 1298 100 248
1062 1298 134 248
1198 1298 179 248
1380 1298 309 248
1691 1298 1238 248
160 1551 2769 92
160 1648 146 53
308 1648 202 53
512 1648 213 53
727 1648 157 53
886 1648 72 53
960 1648 100 53
1062 1648 134 52
1198 1648 179 53
1380 1648 309 53
1691 1648 1238 53
160 1703 70 501
232 1703 74 250
308 1703 202 250
512 1703 213 250
727 1703 157 250
886 1703 72 250
960 1703 100 250
1062 1703 134 250
1198 1703 179 250
1380 1703 309 250
1691 1703 1238 250
512 1955 213 249
1062 1955 134 249
1198 1955 179 249
1380 1955 309 249
232 1956 74 248
727 1956 157 248
886 1956 72 248
960 1956 100 248
1691 1956 1238 248
160 2209 70 247
232 2209 74 247
512 2209 213 247
727 2209 157 247
886 2209 72 247
960 2209 100 247
1062 2209 134 247
1198 2209 179 247
1380 2209 309 247
1691 2209 1238 247
512 2461 213 248
1062 2461 134 248
1198 2461 179 248
1380 2461 309 248
160 2462 70 246
232 2462 74 246
727 2462 157 246
886 2462 72 246
960 2462 100 246
1691 2462 1238 246
308 2520 43 22
160 2714 70 499
232 2714 74 248
308 2714 202 200
512 2714 213 248
727 2714 157 248
886 2714 72 248
960 2714 100 248
1062 2714 134 248
1198 2714 179 248
1380 2714 309 248
1691 2714 1238 248
308 2914 201 48
232 2965 74 248
512 2965 213 248
727 2965 157 248
886 2965 72 248
960 2965 100 248
1062 2965 134 248
1198 2965 179 248
1380 2965 309 248
1691 2965 1238 248
512 3218 213 248
1062 3218 134 248
1198 3218 179 248
1380 3218 309 248
160 3219 70 246
232 3219 74 246
308 3219 202 25
727 3219 157 246
886 3219 72 246
960 3219 100 246
1691 3219 1238 246
160 3471 70 247
232 3471 74 247
512 3471 213 247
727 3471 157 247
886 3471 72 247
960 3471 100 247
1062 3471 134 247
1198 3471 179 247
1380 3471 309 247
1691 3471 1238 247
160 3723 70 497
232 3723 74 248
512 3723 213 249
727 3723 157 248
886 3723 72 248
960 3723 100 248
1062 3723 134 249
1198 3723 179 249
1380 3723 309 249
1691 3723 1238 248
232 3974 74 246
308 3974 202 21
512 3974 213 247
727 3974 157 246
886 3974 72 246
960 3974 100 246
1062 3974 134 247
1198 3974 179 247
1380 3974 309 247
1691 3974 1238 246
