1264 277 28 44
1133 284 30 21
170 371 83 87
255 371 140 87
396 371 169 87
566 371 94 87
662 371 73 87
736 371 129 87
867 371 129 87
997 371 236 87
1235 371 426 87
1663 371 1218 87
170 460 83 213
255 460 140 74
396 460 169 334
566 460 94 334
662 460 73 334
736 460 129 334
867 460 129 334
997 460 236 334
1235 460 426 334
1663 460 1218 334
170 695 82 33
170 728 83 66
255 728 140 66
1265 847 28 44
170 942 83 87
255 942 140 87
396 942 169 87
566 942 94 87
662 942 73 87
736 942 129 87
867 942 129 87
997 942 236 87
1235 942 426 87
1663 942 1218 87
170 1030 83 337
255 1030 140 72
396 1030 169 337
566 1030 94 337
662 1030 73 337
736 1030 129 337
867 1030 129 337
997 1030 236 337
1235 1030 426 337
1663 1030 1218 337
255 1298 140 69
170 1368 83 334
255 1368 140 221
396 1368 169 334
566 1368 94 334
662 1368 73 334
736 1368 129 334
867 1368 129 334
997 1368 236 334
1235 1368 426 334
1663 1368 1218 334
255 1636 140 66
170 1850 83 87
255 1850 140 87
396 1850 169 87
566 1850 94 87
662 1850 73 87
736 1850 129 87
867 1850 129 87
997 1850 236 87
1235 1850 426 87
1663 1850 1218 87
170 1939 83 336
255 1939 140 336
396 1939 169 336
566 1939 94 336
662 1939 73 336
736 1939 129 336
867 1939 129 336
997 1939 236 336
1235 1939 426 336
1663 1939 1218 336
170 2276 83 335
255 2276 140 73
396 2276 169 335
566 2276 94 335
662 2276 73 335
736 2276 129 335
867 2276 129 335
997 2276 236 335
1235 2276 426 335
1663 2276 1218 335
255 2544 140 67
1128 2657 47 21
1243 2681 44 37
170 2758 83 87
255 2758 140 87
396 2758 169 87
566 2758 94 87
662 2758 73 87
736 2758 129 87
867 2758 129 87
997 2758 236 87
1235 2758 426 87
1663 2758 1218 87
170 2847 83 336
255 2847 140 72
396 2847 169 336
566 2847 94 336
662 2847 73 336
736 2847 129 336
867 2847 129 336
997 2847 236 336
1235 2847 426 336
1663 2847 1218 336
255 3115 140 68
170 3185 83 336
255 3185 140 336
396 3185 169 336
566 3185 94 336
662 3185 73 336
736 3185 129 336
867 3185 129 336
997 3185 236 336
1235 3185 426 336
1663 3185 1218 336
170 3523 83 336
255 3523 140 73
396 3523 169 336
566 3523 94 336
662 3523 73 336
736 3523 129 336
867 3523 129 336
997 3523 236 336
1235 3523 426 336
1663 3523 1218 336
255 3633 26 23
255 3790 140 69
170 3860 83 330
255 3860 140 69
396 3860 169 330
566 3860 94 330
662 3860 73 330
736 3860 129 330
867 3860 129 330
997 3860 236 330
1235 3860 426 330
1663 3860 1218 330
255 4128 140 62
