191 12 3030 246
191 261 3030 116
191 380 111 66
305 380 197 66
505 380 168 66
676 380 87 66
765 380 61 66
828 380 86 66
917 380 95 66
1015 380 416 66
1434 380 588 66
2024 380 1197 66
191 449 111 463
305 449 197 94
505 449 168 463
676 449 87 463
765 449 61 463
828 449 86 463
917 449 95 463
1015 449 416 463
1434 449 588 463
2024 449 1197 463
305 817 197 95
191 915 111 464
305 915 197 94
505 915 168 464
676 915 87 464
765 915 61 464
828 915 86 464
917 915 95 464
1015 915 416 464
1434 915 588 464
2024 915 1197 464
304 1009 199 247
305 1285 197 94
191 1382 1514 3002
1708 1382 1513 3002
