160 108 2769 87
160 200 146 53
307 200 203 53
512 200 213 53
727 200 157 53
886 200 72 53
959 200 101 53
1062 200 134 53
1198 200 180 53
1379 200 310 53
1691 200 1238 53
160 255 146 386
307 255 203 254
512 255 213 386
727 255 157 386
886 255 72 386
959 255 101 386
1062 255 134 386
1198 255 180 386
1379 255 310 386
1691 255 1238 386
307 546 203 95
160 643 146 385
307 643 203 74
512 643 213 385
727 643 157 385
886 643 72 385
959 643 101 385
1062 643 134 385
1198 643 180 385
1379 643 310 385
1691 643 1238 385
307 946 203 82
160 1033 2769 92
160 1129 146 54
307 1129 203 54
512 1129 213 54
727 1129 157 54
886 1129 72 54
959 1129 101 54
1062 1129 134 54
1198 1129 180 54
1379 1129 310 54
1691 1129 1238 54
160 1184 146 387
307 1184 203 75
512 1184 213 387
727 1184 157 387
886 1184 72 387
959 1184 101 387
1062 1184 134 387
1198 1184 180 387
1379 1184 310 387
1691 1184 1238 387
307 1494 203 77
160 1573 146 385
307 1573 203 243
512 1573 213 385
727 1573 157 385
886 1573 72 385
959 1573 101 385
1062 1573 134 385
1198 1573 180 385
1379 1573 310 385
1691 1573 1238 385
307 1821 203 38
307 1868 203 90
160 1962 2769 92
160 2059 146 53
307 2059 203 53
512 2059 213 53
727 2059 157 53
886 2059 72 53
959 2059 101 53
1062 2059 134 53
1198 2059 180 53
1379 2059 310 53
1691 2059 1238 53
160 2114 146 386
307 2114 203 80
512 2114 213 386
727 2114 157 386
886 2114 72 386
959 2114 101 386
1062 2114 134 386
1198 2114 180 386
1379 2114 310 386
1691 2114 1238 386
307 2423 203 77
160 2502 146 387
307 2502 203 75
512 2502 213 387
727 2502 157 387
886 2502 72 387
959 2502 101 387
1062 2502 134 387
1198 2502 180 387
1379 2502 310 387
1691 2502 1238 387
307 2811 203 78
160 2890 146 387
307 2890 203 61
512 2890 213 387
727 2890 157 387
886 2890 72 387
959 2890 101 387
1062 2890 134 387
1198 2890 180 387
1379 2890 310 387
1691 2890 1238 387
307 3200 203 77
160 3278 146 386
307 3278 203 228
512 3278 213 386
727 3278 157 386
886 3278 72 386
959 3278 101 386
1062 3278 134 386
1198 3278 180 386
1379 3278 310 386
1691 3278 1238 386
307 3588 203 76
160 3668 2769 641
