160 141 2769 89
160 235 145 53
308 235 201 53
512 235 213 53
728 235 156 53
886 235 71 53
960 235 99 53
1062 235 134 53
1198 235 179 53
1380 235 309 53
1692 235 1237 53
160 291 70 500
232 291 74 249
512 291 213 250
727 291 157 249
886 291 72 249
960 291 100 249
1062 291 134 250
1198 291 179 250
1380 291 309 250
1691 291 1238 249
308 352 44 24
308 382 39 159
472 386 38 154
232 543 74 248
512 543 213 248
727 543 157 248
886 543 72 248
960 543 100 248
1062 543 134 248
1198 543 179 248
1380 543 309 248
1691 543 1238 248
466 609 44 109
308 610 46 106
160 797 70 247
232 797 74 247
308 797 202 212
512 797 213 247
727 797 157 247
886 797 72 247
960 797 100 247
1062 797 134 247
1198 797 179 247
1380 797 309 247
1691 797 1238 247
482 1014 28 30
160 1049 70 247
232 1049 74 247
308 1049 202 21
512 1049 213 247
727 1049 157 247
886 1049 72 247
960 1049 100 247
1062 1049 134 247
1198 1049 179 247
1380 1049 309 247
1691 1049 1238 247
466 1112 44 33
308 1116 45 29
472 1148 38 77
308 1150 37 71
160 1301 70 499
232 1301 74 248
308 1301 202 248
512 1301 213 249
727 1301 157 248
886 1301 72 248
960 1301 100 248
1062 1301 134 249
1198 1301 179 249
1380 1301 309 249
1691 1301 1238 248
232 1552 74 248
512 1552 213 249
727 1552 157 248
886 1552 72 248
960 1552 100 248
1062 1552 134 249
1198 1552 179 249
1380 1552 309 249
1691 1552 1238 248
464 1616 46 22
308 1627 47 173
465 1638 45 162
160 1806 70 751
232 1806 74 248
512 1806 213 248
727 1806 157 248
886 1806 72 248
960 1806 100 248
1062 1806 134 248
1198 1806 179 248
1380 1806 309 248
1691 1806 1238 248
471 1903 39 59
308 1904 42 69
232 2057 74 249
308 2057 202 249
512 2057 213 250
727 2057 157 249
886 2057 72 249
960 2057 100 249
1062 2057 134 250
1198 2057 179 250
1380 2057 309 250
1691 2057 1238 249
232 2309 74 248
512 2309 213 248
727 2309 157 248
886 2309 72 248
960 2309 100 248
1062 2309 134 248
1198 2309 179 248
1380 2309 309 248
1691 2309 1238 248
468 2366 42 135
308 2378 42 121
161 2562 69 248
233 2562 72 248
512 2562 213 248
728 2562 156 248
886 2562 71 248
960 2562 99 248
1062 2562 134 248
1198 2562 179 248
1380 2562 309 248
1692 2562 1237 248
308 2628 40 36
472 2634 37 36
308 2666 38 143
473 2670 36 139
160 2815 70 751
232 2815 74 248
512 2815 213 248
727 2815 157 248
886 2815 72 248
960 2815 100 248
1062 2815 134 248
1198 2815 179 248
1380 2815 309 248
1691 2815 1238 248
308 2871 41 192
467 2880 43 32
468 2912 42 151
232 3066 74 249
308 3066 202 249
512 3066 213 250
727 3066 157 249
886 3066 72 249
960 3066 100 249
1062 3066 134 250
1198 3066 179 250
1380 3066 309 250
1691 3066 1238 249
232 3318 74 248
512 3318 213 249
727 3318 157 248
886 3318 72 248
960 3318 100 248
1062 3318 134 249
1198 3318 179 249
1380 3318 309 249
1691 3318 1238 248
308 3379 43 112
468 3398 42 89
160 3572 70 499
232 3572 74 248
308 3572 202 223
512 3572 213 248
727 3572 157 248
886 3572 72 248
960 3572 100 248
1062 3572 134 248
1198 3572 179 248
1380 3572 309 248
1691 3572 1238 248
233 3822 72 249
512 3822 213 249
728 3822 156 249
886 3822 71 249
960 3822 99 249
1062 3822 134 249
1198 3822 179 249
1380 3822 309 249
1692 3822 1237 249
464 3882 45 27
308 3886 48 23
469 3911 40 76
308 3915 42 79
308 4040 22 31
160 4076 70 245
232 4076 74 245
512 4076 213 245
727 4076 157 245
886 4076 72 245
960 4076 100 245
1062 4076 134 245
1198 4076 179 245
1380 4076 309 245
1691 4076 1238 245
308 4141 41 119
465 4147 45 112
