171 231 2711 227
171 464 2711 243
1239 755 36 50
171 855 82 87
255 855 140 87
396 855 169 87
566 855 94 87
662 855 73 87
736 855 129 87
867 855 129 87
997 855 236 87
1235 855 426 87
1663 855 1219 87
171 943 82 279
255 943 140 49
396 943 169 279
566 943 94 279
662 943 73 279
736 943 129 279
867 943 129 279
997 943 236 279
1235 943 426 279
1663 943 1219 279
370 1037 25 77
255 1044 26 77
255 1182 38 40
365 1182 30 40
171 1223 82 278
255 1223 140 47
396 1223 169 278
566 1223 94 278
662 1223 73 278
736 1223 129 278
867 1223 129 278
997 1223 236 278
1235 1223 426 278
1663 1223 1219 278
171 1503 82 278
255 1503 140 170
396 1503 169 278
566 1503 94 278
662 1503 73 278
736 1503 129 278
867 1503 129 278
997 1503 236 278
1235 1503 426 278
1663 1503 1219 278
258 1673 137 108
171 1783 82 276
255 1783 140 44
396 1783 169 276
566 1783 94 276
662 1783 73 276
736 1783 129 276
867 1783 129 276
997 1783 236 276
1235 1783 426 276
1663 1783 1219 276
370 1886 25 54
255 1888 22 57
255 2022 140 37
171 2207 82 87
255 2207 140 87
396 2207 169 87
566 2207 94 87
662 2207 73 87
736 2207 129 87
867 2207 129 87
997 2207 236 87
1235 2207 426 87
1663 2207 1219 87
171 2295 82 278
255 2295 140 38
396 2295 169 278
566 2295 94 278
662 2295 73 278
736 2295 129 278
867 2295 129 278
997 2295 236 278
1235 2295 426 278
1663 2295 1219 278
255 2528 140 45
171 2575 82 276
255 2575 140 42
396 2575 169 276
566 2575 94 276
662 2575 73 276
736 2575 129 276
867 2575 129 276
997 2575 236 276
1235 2575 426 276
1663 2575 1219 276
374 2664 21 67
255 2670 22 23
255 2693 21 50
255 2814 140 37
171 2999 82 87
255 2999 140 87
396 2999 169 87
566 2999 94 87
662 2999 73 87
736 2999 129 87
867 2999 129 87
997 2999 236 87
1235 2999 426 87
1663 2999 1219 87
171 3087 82 279
255 3087 140 43
396 3087 169 279
566 3087 94 279
662 3087 73 279
736 3087 129 279
867 3087 129 279
997 3087 236 279
1235 3087 426 279
1663 3087 1219 279
255 3326 140 40
171 3367 82 278
255 3367 140 278
396 3367 169 278
566 3367 94 278
662 3367 73 278
736 3367 129 278
867 3367 129 278
997 3367 236 278
1235 3367 426 278
1663 3367 1219 278
171 3647 82 277
255 3647 140 43
396 3647 169 277
566 3647 94 277
662 3647 73 277
736 3647 129 277
867 3647 129 277
997 3647 236 277
1235 3647 426 277
1663 3647 1219 277
370 3732 25 92
255 3886 62 38
338 3886 57 38
171 3930 2711 259
