191 12 3030 314
190 330 3032 131
190 465 3032 91
190 560 111 65
304 560 198 65
505 560 168 65
675 560 87 65
765 560 60 65
828 560 86 65
917 560 95 65
1015 560 416 65
1434 560 587 65
2024 560 1198 65
304 627 199 231
190 628 111 252
505 628 168 252
675 628 87 252
765 628 60 252
828 628 86 252
917 628 95 252
1015 628 416 252
1434 628 587 252
2024 628 1198 252
190 883 111 253
505 883 168 253
675 883 87 253
765 883 60 253
828 883 86 253
917 883 95 253
1015 883 416 253
1434 883 587 253
2024 883 1198 253
467 940 36 111
304 941 40 112
190 1138 111 253
505 1138 168 253
675 1138 87 253
765 1138 60 253
828 1138 86 253
917 1138 95 253
1015 1138 416 253
1434 1138 587 253
2024 1138 1198 253
304 1202 41 123
467 1204 36 113
190 1393 111 252
304 1393 199 184
505 1393 168 253
675 1393 87 253
765 1393 60 253
828 1393 86 253
917 1393 95 253
1015 1393 416 253
1434 1393 587 253
2024 1393 1198 252
341 1600 128 32
190 1649 3032 91
190 1744 111 66
304 1744 198 66
505 1744 168 66
675 1744 87 66
765 1744 60 66
828 1744 86 66
917 1744 95 66
1015 1744 416 66
1434 1744 587 66
2024 1744 1198 66
190 1812 111 252
505 1812 168 252
675 1812 87 252
765 1812 60 252
828 1812 86 252
917 1812 95 252
1015 1812 416 252
1434 1812 587 252
2024 1812 1198 252
304 1881 39 76
460 1885 43 72
190 2067 111 253
304 2067 199 153
505 2067 168 253
675 2067 87 253
765 2067 60 253
828 2067 86 253
917 2067 95 253
1015 2067 416 253
1434 2067 587 253
2024 2067 1198 253
353 2224 100 96
190 2322 111 253
505 2322 168 253
675 2322 87 253
765 2322 60 253
828 2322 86 253
917 2322 95 253
1015 2322 416 253
1434 2322 587 253
2024 2322 1198 253
304 2402 39 76
465 2411 38 70
190 2578 111 252
505 2578 168 252
675 2578 87 252
765 2578 60 252
828 2578 86 252
917 2578 95 252
1015 2578 416 252
1434 2578 587 252
2024 2578 1198 252
466 2639 37 34
304 2640 29 36
468 2675 35 106
304 2678 27 110
190 2833 111 252
505 2833 168 252
675 2833 87 252
765 2833 60 252
828 2833 86 252
917 2833 95 252
1015 2833 416 252
1434 2833 587 252
2024 2833 1198 252
304 2893 40 107
464 2897 39 98
190 3088 111 251
505 3088 168 252
675 3088 87 252
765 3088 60 252
828 3088 86 252
917 3088 95 252
1015 3088 416 252
1434 3088 587 252
2024 3088 1198 251
190 3343 3032 91
190 3438 111 66
304 3438 198 66
505 3438 168 66
675 3438 87 66
765 3438 60 66
828 3438 86 66
917 3438 95 66
1015 3438 416 66
1434 3438 587 66
2024 3438 1198 66
190 3506 111 253
505 3506 168 253
675 3506 87 253
765 3506 60 253
828 3506 86 253
917 3506 95 253
1015 3506 416 253
1434 3506 587 253
2024 3506 1198 253
463 3602 40 58
304 3609 41 33
190 3761 111 253
505 3761 168 253
675 3761 87 253
765 3761 60 253
828 3761 86 253
917 3761 95 253
1015 3761 416 253
1434 3761 587 253
2024 3761 1198 253
462 3817 41 113
304 3850 41 80
191 4016 111 369
304 4016 198 369
504 4016 170 369
675 4016 88 369
764 4016 62 369
827 4016 88 369
916 4016 97 369
1014 4016 418 369
1433 4016 589 369
2023 4016 1198 369
