7 8 2102 153
7 163 2102 154
7 319 85 78
94 319 193 78
289 319 114 78
405 319 51 78
458 319 51 78
511 319 51 78
563 319 51 78
616 319 209 78
827 319 457 78
1286 319 823 78
7 398 85 262
94 398 193 232
289 398 114 262
405 398 51 262
458 398 51 262
511 398 51 262
563 398 51 262
616 398 209 262
827 398 457 262
1286 398 823 262
95 630 192 28
7 662 85 262
289 662 114 262
405 662 51 262
458 662 51 262
511 662 51 262
563 662 51 262
616 662 209 262
827 662 457 262
1286 662 823 262
255 716 32 121
94 723 34 117
7 925 85 262
289 925 114 262
405 925 51 262
458 925 51 262
511 925 51 262
563 925 51 262
616 925 209 262
827 925 457 262
1286 925 823 262
94 979 40 40
245 993 42 21
251 1020 36 104
94 1022 37 98
7 1189 85 259
289 1189 114 259
405 1189 51 259
458 1189 51 259
511 1189 51 259
563 1189 51 259
616 1189 209 259
827 1189 457 259
1286 1189 823 259
94 1262 28 109
260 1263 27 115
7 1456 1050 2048
1059 1456 1050 2048
