77 105 2936 261
77 371 2936 119
90 496 1452 54
1548 496 1465 3861
90 552 111 229
203 552 191 229
396 552 55 229
452 552 55 229
509 552 55 229
566 552 55 229
622 552 55 229
679 552 191 229
872 552 219 229
1093 552 449 229
90 783 111 229
396 783 55 229
452 783 55 229
509 783 55 229
566 783 55 229
622 783 55 229
679 783 191 229
872 783 219 229
1093 783 449 229
90 1014 111 229
396 1014 55 229
452 1014 55 229
509 1014 55 229
566 1014 55 229
622 1014 55 229
679 1014 191 229
872 1014 219 229
1093 1014 449 229
90 1245 1452 55
90 1301 55 230
146 1301 55 230
203 1301 191 230
396 1301 55 230
452 1301 55 230
509 1301 55 230
566 1301 55 230
622 1301 55 230
679 1301 191 230
872 1301 219 230
1093 1301 449 230
90 1532 55 692
146 1532 55 230
396 1532 55 230
452 1532 55 230
509 1532 55 230
566 1532 55 230
622 1532 55 230
679 1532 191 230
872 1532 219 230
1093 1532 449 230
146 1763 55 230
203 1763 191 30
396 1763 55 230
452 1763 55 230
509 1763 55 230
566 1763 55 230
622 1763 55 230
679 1763 191 230
872 1763 219 230
1093 1763 449 230
146 1994 55 230
203 1994 191 29
396 1994 55 230
452 1994 55 230
509 1994 55 230
566 1994 55 230
622 1994 55 230
679 1994 191 230
872 1994 219 230
1093 1994 449 230
90 2225 1452 55
90 2282 55 230
146 2282 55 230
203 2282 191 230
396 2282 55 230
452 2282 55 230
509 2282 55 230
566 2282 55 230
622 2282 55 230
679 2282 191 230
872 2282 219 230
1093 2282 449 230
90 2513 55 227
146 2513 55 227
203 2513 191 25
396 2513 55 227
452 2513 55 227
509 2513 55 227
566 2513 55 227
622 2513 55 227
679 2513 191 227
872 2513 219 227
1093 2513 449 227
203 2578 31 26
90 2746 55 225
146 2746 55 225
396 2746 55 225
452 2746 55 225
509 2746 55 225
566 2746 55 225
622 2746 55 225
679 2746 191 225
872 2746 219 225
1093 2746 449 225
357 2803 37 30
90 2977 55 688
146 2977 55 228
203 2977 191 228
396 2977 55 228
452 2977 55 228
509 2977 55 228
566 2977 55 228
622 2977 55 228
679 2977 191 228
872 2977 219 228
1093 2977 449 228
146 3206 55 230
203 3206 191 230
396 3206 55 230
452 3206 55 230
509 3206 55 230
566 3206 55 230
622 3206 55 230
679 3206 191 230
872 3206 219 230
1093 3206 449 230
146 3437 55 228
396 3437 55 228
452 3437 55 228
509 3437 55 228
566 3437 55 228
622 3437 55 228
679 3437 191 228
872 3437 219 228
1093 3437 449 228
77 3670 1465 687
