7 95 2828 244
7 343 2828 222
7 570 102 76
111 570 246 76
359 570 175 76
536 570 139 76
678 570 104 76
784 570 128 76
1045 570 278 76
1325 570 378 76
1705 570 1130 76
914 603 129 43
7 648 102 440
111 648 246 81
359 648 175 440
536 648 139 440
678 648 104 440
784 648 128 440
914 648 129 440
1045 648 278 440
1325 648 378 440
1705 648 1130 440
111 1036 246 52
7 1090 102 440
111 1090 246 440
359 1090 175 440
536 1090 139 440
678 1090 104 440
784 1090 128 440
914 1090 129 440
1045 1090 278 440
1325 1090 378 440
1705 1090 1130 440
7 1533 102 439
111 1533 246 439
359 1533 175 439
536 1533 139 439
678 1533 104 439
784 1533 128 439
914 1533 129 439
1045 1533 278 439
1325 1533 378 439
1705 1533 1130 439
7 1975 102 440
111 1975 246 344
359 1975 175 440
536 1975 139 440
678 1975 104 440
784 1975 128 440
914 1975 129 440
1045 1975 278 440
1325 1975 378 440
1705 1975 1130 440
111 2356 246 59
7 2417 102 440
111 2417 246 80
359 2417 175 440
536 2417 139 440
678 2417 104 440
784 2417 128 440
914 2417 129 440
1045 2417 278 440
1325 2417 378 440
1705 2417 1130 440
111 2799 246 58
7 2859 2828 1311
