8 8 120 172
130 8 271 172
404 8 229 172
636 8 94 172
732 8 95 172
829 8 142 172
973 8 116 172
1092 8 261 172
1356 8 478 172
1837 8 1050 172
8 183 120 367
130 183 271 367
404 183 229 367
636 183 94 367
732 183 95 367
829 183 142 367
973 183 116 367
1092 183 261 367
1356 183 478 367
1837 183 1050 367
8 554 120 360
130 554 271 360
404 554 229 360
636 554 94 360
732 554 95 360
829 554 142 360
973 554 116 360
1092 554 261 360
1356 554 478 360
1837 554 1050 360
8 918 1479 2822
1491 918 1396 2268
1491 3190 1396 58
1491 3249 94 49
1587 3249 115 49
1704 3249 218 49
1923 3249 569 49
2493 3249 394 49
1491 3300 94 46
1587 3300 115 46
1704 3300 218 46
1923 3300 569 46
2493 3300 394 46
1491 3348 94 47
1587 3348 115 47
1704 3348 218 47
1923 3348 569 47
2493 3348 394 47
1491 3396 1396 344
