209 224 2951 198
209 425 2951 221
216 652 154 50
371 652 88 50
475 652 71 50
547 652 68 50
618 652 55 50
676 652 124 50
801 652 90 50
893 652 2264 50
209 710 110 84
322 710 102 81
428 710 173 81
603 710 220 84
827 710 102 83
933 710 61 84
998 710 109 83
1110 710 113 84
1227 710 312 84
1544 710 436 84
1984 710 1176 83
209 797 110 1016
322 797 102 249
428 797 173 31
603 797 220 252
827 797 102 252
933 797 61 252
998 797 108 252
1110 797 113 252
1227 797 312 252
1542 797 438 252
1984 797 1176 252
570 870 31 127
428 875 33 23
428 901 29 87
322 1053 102 250
428 1053 173 30
603 1053 220 251
827 1053 102 251
932 1053 62 247
998 1053 109 251
1110 1053 113 251
1227 1053 312 251
1542 1053 438 251
1984 1053 1176 251
567 1124 34 33
428 1156 30 85
572 1160 29 86
322 1308 102 251
603 1308 220 251
827 1308 102 251
933 1308 61 251
998 1308 109 251
1110 1308 113 251
1227 1308 312 251
1542 1308 438 251
1984 1308 1176 251
428 1311 172 166
323 1562 101 251
428 1562 172 32
603 1562 220 251
827 1562 102 251
933 1562 61 251
998 1562 108 251
1110 1562 113 251
1227 1562 312 251
1542 1562 438 251
1984 1562 1176 251
428 1630 32 112
568 1632 32 33
569 1665 31 85
209 1820 110 1012
322 1820 102 249
428 1820 173 24
603 1820 220 249
827 1820 102 249
933 1820 61 249
998 1820 109 249
1110 1820 113 249
1227 1820 312 249
1542 1820 438 249
1984 1820 1176 249
573 1905 27 21
577 1928 23 23
322 2073 102 248
428 2073 173 176
603 2073 220 251
827 2073 102 251
932 2073 62 247
998 2073 109 251
1110 2073 113 251
1227 2073 312 251
1542 2073 438 251
1984 2073 1176 251
463 2256 98 34
322 2327 102 246
428 2327 172 35
603 2327 220 252
827 2327 102 252
933 2327 61 252
998 2327 108 252
1110 2327 113 252
1227 2327 312 252
1542 2327 438 252
1984 2327 1176 252
428 2412 32 21
571 2429 29 76
428 2437 30 70
323 2583 101 249
603 2583 220 249
827 2583 102 249
933 2583 61 249
998 2583 109 249
1110 2583 113 249
1227 2583 312 249
1542 2583 438 249
1984 2583 1176 249
209 2840 110 505
322 2840 102 250
428 2840 173 25
603 2840 220 250
827 2840 102 250
933 2840 61 250
998 2840 109 250
1110 2840 113 250
1227 2840 312 250
1542 2840 438 250
1984 2840 1176 250
566 2903 35 34
428 2904 33 30
428 2934 32 64
567 2937 34 54
322 3093 102 251
428 3093 173 21
603 3093 220 252
827 3093 102 252
933 3093 61 252
998 3093 109 251
1110 3093 113 252
1227 3093 312 252
1542 3093 438 252
1984 3093 1176 252
209 3348 2951 1196
