8 8 1486 136
8 145 1486 121
8 267 50 114
60 267 151 114
212 267 60 114
273 267 46 114
321 267 45 114
368 267 46 114
415 267 46 114
463 267 140 114
605 267 291 114
897 267 597 114
8 383 50 260
60 383 151 34
212 383 60 260
273 383 46 260
321 383 45 260
368 383 46 260
415 383 46 260
463 383 140 260
605 383 291 260
897 383 597 260
60 486 22 29
60 515 21 21
80 620 21 23
179 620 28 23
8 645 50 261
60 645 151 25
212 645 60 261
273 645 46 261
321 645 45 261
368 645 46 261
415 645 46 261
463 645 140 261
605 645 291 261
897 645 597 261
8 908 1486 1227
