24 24 2837 315
24 345 2837 241
24 589 140 76
167 589 252 76
422 589 111 76
536 589 110 76
649 589 65 76
717 589 110 76
831 589 110 76
944 589 223 76
1171 589 393 76
1568 589 1293 76
24 669 140 280
167 669 252 280
422 669 111 280
536 669 110 280
649 669 65 280
717 669 110 280
831 669 110 280
944 669 223 280
1171 669 393 280
1568 669 1293 280
24 952 140 280
167 952 252 280
422 952 111 280
536 952 110 280
649 952 65 280
717 952 110 280
831 952 110 280
944 952 223 280
1171 952 393 280
1568 952 1293 280
24 1235 140 281
167 1235 252 270
422 1235 111 281
536 1235 110 281
649 1235 65 281
717 1235 110 281
831 1235 110 281
944 1235 223 281
1171 1235 393 281
1568 1235 1293 281
24 1519 2837 2595
