16 17 2832 208
16 226 2832 246
16 474 109 110
126 474 362 110
489 474 84 110
574 474 84 110
659 474 84 110
745 474 83 110
830 474 83 110
915 474 395 110
1311 474 566 110
1878 474 969 110
16 585 109 379
126 585 362 379
489 585 84 379
574 585 84 379
659 585 84 379
745 585 83 379
830 585 83 379
915 585 395 379
1311 585 566 379
1878 585 969 379
16 965 109 379
126 965 362 379
489 965 84 379
574 965 84 379
659 965 84 379
745 965 83 379
830 965 83 379
915 965 395 379
1311 965 566 379
1878 965 969 379
16 1345 109 376
126 1345 362 376
489 1345 84 376
574 1345 84 376
659 1345 84 376
745 1345 83 376
830 1345 83 376
915 1345 395 376
1311 1345 566 376
1878 1345 969 376
16 1727 1416 2436
1436 1727 1411 2436
