11 69 2030 207
11 282 2030 175
11 463 78 52
92 463 212 52
307 463 247 52
557 463 150 52
710 463 65 52
778 463 93 52
874 463 82 52
959 463 128 52
1090 463 178 52
1271 463 770 52
11 518 78 338
92 518 212 338
307 518 247 338
557 518 150 338
710 518 65 338
778 518 93 338
874 518 82 338
959 518 128 338
1090 518 178 338
1271 518 770 338
11 858 78 336
92 858 212 336
307 858 247 336
557 858 150 336
710 858 65 336
778 858 93 336
874 858 82 336
959 858 128 336
1090 858 178 336
1271 858 770 336
11 1200 503 1664
517 1200 507 1664
1027 1200 508 1664
1538 1200 503 1664
