12 11 2936 261
12 277 2936 119
25 402 1452 54
1483 402 1465 3861
25 458 111 229
138 458 191 229
331 458 55 229
387 458 55 229
444 458 55 229
501 458 55 229
557 458 55 229
614 458 191 229
807 458 219 229
1028 458 449 229
25 689 111 229
331 689 55 229
387 689 55 229
444 689 55 229
501 689 55 229
557 689 55 229
614 689 191 229
807 689 219 229
1028 689 449 229
138 748 40 170
294 755 35 29
297 790 32 128
25 920 1452 55
25 976 55 230
81 976 55 230
138 976 191 230
331 976 55 230
387 976 55 230
444 976 55 230
501 976 55 230
557 976 55 230
614 976 191 230
807 976 219 230
1028 976 449 230
25 1207 55 923
81 1207 55 230
138 1207 191 28
331 1207 55 230
387 1207 55 230
444 1207 55 230
501 1207 55 230
557 1207 55 230
614 1207 191 230
807 1207 219 230
1028 1207 449 230
138 1278 43 107
288 1280 41 90
275 1410 42 27
81 1438 55 230
331 1438 55 230
387 1438 55 230
444 1438 55 230
501 1438 55 230
557 1438 55 230
614 1438 191 230
807 1438 219 230
1028 1438 449 230
81 1669 55 230
138 1669 191 28
331 1669 55 230
387 1669 55 230
444 1669 55 230
501 1669 55 230
557 1669 55 230
614 1669 191 230
807 1669 219 230
1028 1669 449 230
138 1740 39 119
286 1752 43 105
81 1900 55 230
138 1900 191 230
331 1900 55 230
387 1900 55 230
444 1900 55 230
501 1900 55 230
557 1900 55 230
614 1900 191 230
807 1900 219 230
1028 1900 449 230
25 2131 1452 55
25 2188 55 230
81 2188 55 230
138 2188 191 230
331 2188 55 230
387 2188 55 230
444 2188 55 230
501 2188 55 230
557 2188 55 230
614 2188 191 230
807 2188 219 230
1028 2188 449 230
25 2419 55 458
81 2419 55 230
138 2419 191 24
331 2419 55 230
387 2419 55 230
444 2419 55 230
501 2419 55 230
557 2419 55 230
614 2419 191 230
807 2419 219 230
1028 2419 449 230
291 2489 38 29
138 2493 35 35
294 2524 35 91
138 2528 34 90
294 2615 31 28
147 2618 25 25
81 2650 55 227
138 2650 191 25
331 2650 55 227
387 2650 55 227
444 2650 55 227
501 2650 55 227
557 2650 55 227
614 2650 191 227
807 2650 219 227
1028 2650 449 227
295 2747 34 85
138 2748 31 99
140 2847 29 24
25 2883 55 457
81 2883 55 228
331 2883 55 228
387 2883 55 228
444 2883 55 228
501 2883 55 228
557 2883 55 228
614 2883 191 228
807 2883 219 228
1028 2883 449 228
81 3112 55 228
138 3112 191 27
331 3112 55 228
387 3112 55 228
444 3112 55 228
501 3112 55 228
557 3112 55 228
614 3112 191 228
807 3112 219 228
1028 3112 449 228
138 3181 43 37
288 3181 41 35
290 3218 39 89
138 3221 40 82
12 3345 1465 918
