17 17 2858 239
17 257 2858 210
17 468 58 54
76 468 58 54
135 468 169 54
305 468 108 54
414 468 40 54
456 468 27 54
484 468 40 54
525 468 40 54
566 468 85 54
652 468 164 54
817 468 624 54
1450 468 58 54
1509 468 58 54
1568 468 169 54
1738 468 109 54
1848 468 40 54
1889 468 27 54
1917 468 40 54
1959 468 40 54
2000 468 84 54
2085 468 164 54
2251 468 624 54
17 523 58 3366
76 523 58 223
135 523 169 223
305 523 108 223
414 523 40 223
456 523 27 223
484 523 40 223
525 523 40 223
566 523 85 223
652 523 164 223
817 523 624 223
1450 523 58 1343
1509 523 58 223
1568 523 169 223
1738 523 109 223
1848 523 40 223
1889 523 27 223
1917 523 40 223
1959 523 40 223
2000 523 84 223
2085 523 164 223
2251 523 624 223
76 747 58 224
135 747 169 224
305 747 108 224
414 747 40 224
456 747 27 224
484 747 40 224
525 747 40 224
566 747 85 224
652 747 164 224
817 747 624 224
1509 747 58 224
1568 747 169 224
1738 747 109 224
1848 747 40 224
1889 747 27 224
1917 747 40 224
1959 747 40 224
2000 747 84 224
2085 747 164 224
2251 747 624 224
76 972 58 223
135 972 169 223
305 972 108 223
414 972 40 223
456 972 27 223
484 972 40 223
525 972 40 223
566 972 85 223
652 972 164 223
817 972 624 223
1509 972 58 223
1568 972 169 223
1738 972 109 223
1848 972 40 223
1889 972 27 223
1917 972 40 223
1959 972 40 223
2000 972 84 223
2085 972 164 223
2251 972 624 223
76 1196 58 224
135 1196 169 224
305 1196 108 224
414 1196 40 224
456 1196 27 224
484 1196 40 224
525 1196 40 224
566 1196 85 224
652 1196 164 224
817 1196 624 224
1509 1196 58 224
1568 1196 169 224
1738 1196 109 224
1848 1196 40 224
1889 1196 27 224
1917 1196 40 224
1959 1196 40 224
2000 1196 84 224
2085 1196 164 224
2251 1196 624 224
76 1421 58 223
135 1421 169 223
305 1421 108 223
414 1421 40 223
456 1421 27 223
484 1421 40 223
525 1421 40 223
566 1421 85 223
652 1421 164 223
817 1421 624 223
1509 1421 58 223
1568 1421 169 223
1738 1421 109 223
1848 1421 40 223
1889 1421 27 223
1917 1421 40 223
1959 1421 40 223
2000 1421 84 223
2085 1421 164 223
2251 1421 624 223
76 1645 58 224
135 1645 169 224
305 1645 108 224
414 1645 40 224
456 1645 27 224
484 1645 40 224
525 1645 40 224
566 1645 85 224
652 1645 164 224
817 1645 624 224
1509 1645 58 221
1568 1645 169 221
1738 1645 109 221
1848 1645 40 221
1889 1645 27 221
1917 1645 40 221
1959 1645 40 221
2000 1645 84 221
2085 1645 164 221
2251 1645 624 221
76 1870 58 223
135 1870 169 223
305 1870 108 223
414 1870 40 223
456 1870 27 223
484 1870 40 223
525 1870 40 223
566 1870 85 223
652 1870 164 223
817 1870 624 223
1450 1872 58 1566
1509 1872 58 221
1568 1872 169 221
1738 1872 109 221
1848 1872 40 221
1889 1872 27 221
1917 1872 40 221
1959 1872 40 221
2000 1872 84 221
2085 1872 164 221
2251 1872 624 221
76 2094 58 224
135 2094 169 224
305 2094 108 224
414 2094 40 224
456 2094 27 224
484 2094 40 224
525 2094 40 224
566 2094 85 224
652 2094 164 224
817 2094 624 224
1509 2094 58 224
1568 2094 169 224
1738 2094 109 224
1848 2094 40 224
1889 2094 27 224
1917 2094 40 224
1959 2094 40 224
2000 2094 84 224
2085 2094 164 224
2251 2094 624 224
76 2319 58 223
135 2319 169 223
305 2319 108 223
414 2319 40 223
456 2319 27 223
484 2319 40 223
525 2319 40 223
566 2319 85 223
652 2319 164 223
817 2319 624 223
1509 2319 58 223
1568 2319 169 223
1738 2319 109 223
1848 2319 40 223
1889 2319 27 223
1917 2319 40 223
1959 2319 40 223
2000 2319 84 223
2085 2319 164 223
2251 2319 624 223
76 2543 58 224
135 2543 169 224
305 2543 108 224
414 2543 40 224
456 2543 27 224
484 2543 40 224
525 2543 40 224
566 2543 85 224
652 2543 164 224
817 2543 624 224
1509 2543 58 224
1568 2543 169 224
1738 2543 109 224
1848 2543 40 224
1889 2543 27 224
1917 2543 40 224
1959 2543 40 224
2000 2543 84 224
2085 2543 164 224
2251 2543 624 224
76 2768 58 223
135 2768 169 223
305 2768 108 223
414 2768 40 223
456 2768 27 223
484 2768 40 223
525 2768 40 223
566 2768 85 223
652 2768 164 223
817 2768 624 223
1509 2768 58 223
1568 2768 169 223
1738 2768 109 223
1848 2768 40 223
1889 2768 27 223
1917 2768 40 223
1959 2768 40 223
2000 2768 84 223
2085 2768 164 223
2251 2768 624 223
76 2992 58 224
135 2992 169 224
305 2992 108 224
414 2992 40 224
456 2992 27 224
484 2992 40 224
525 2992 40 224
566 2992 85 224
652 2992 164 224
817 2992 624 224
1509 2992 58 224
1568 2992 169 224
1738 2992 109 224
1848 2992 40 224
1889 2992 27 224
1917 2992 40 224
1959 2992 40 224
2000 2992 84 224
2085 2992 164 224
2251 2992 624 224
76 3217 58 223
135 3217 169 223
305 3217 108 223
414 3217 40 223
456 3217 27 223
484 3217 40 223
525 3217 40 223
566 3217 85 223
652 3217 164 223
817 3217 624 223
1509 3217 58 221
1568 3217 169 221
1738 3217 109 221
1848 3217 40 221
1889 3217 27 221
1917 3217 40 221
1959 3217 40 221
2000 3217 84 221
2085 3217 164 221
2251 3217 624 221
76 3441 58 224
135 3441 169 224
305 3441 108 224
414 3441 40 224
456 3441 27 224
484 3441 40 224
525 3441 40 224
566 3441 85 224
652 3441 164 224
817 3441 624 224
1450 3444 58 445
1509 3444 58 221
1568 3444 169 221
1738 3444 109 221
1848 3444 40 221
1889 3444 27 221
1917 3444 40 221
1959 3444 40 221
2000 3444 84 221
2085 3444 164 221
2251 3444 624 221
76 3666 58 223
135 3666 169 223
305 3666 108 223
414 3666 40 223
456 3666 27 223
484 3666 40 223
525 3666 40 223
566 3666 85 223
652 3666 164 223
817 3666 624 223
1509 3666 58 223
1568 3666 169 223
1738 3666 109 223
1848 3666 40 223
1889 3666 27 223
1917 3666 40 223
1959 3666 40 223
2000 3666 84 223
2085 3666 164 223
2251 3666 624 223
