11 81 2087 162
11 244 2087 164
11 409 2087 117
11 528 77 54
90 528 191 54
283 528 187 54
472 528 115 54
589 528 63 54
654 528 89 54
745 528 101 54
848 528 192 54
1042 528 454 54
1498 528 600 54
11 585 77 324
90 585 191 39
283 585 187 324
472 585 115 324
589 585 63 324
654 585 89 324
745 585 101 324
848 585 192 324
1042 585 454 324
1498 585 600 324
90 875 191 34
11 911 77 324
90 911 191 34
283 911 187 324
472 911 115 324
589 911 63 324
654 911 89 324
745 911 101 324
848 911 192 324
1042 911 454 324
1498 911 600 324
90 1201 191 34
11 1237 77 324
90 1237 191 44
283 1237 187 324
472 1237 115 324
589 1237 63 324
654 1237 89 324
745 1237 101 324
848 1237 192 324
1042 1237 454 324
1498 1237 600 324
90 1527 191 34
11 1563 77 324
90 1563 191 42
283 1563 187 324
472 1563 115 324
589 1563 63 324
654 1563 89 324
745 1563 101 324
848 1563 192 324
1042 1563 454 324
1498 1563 600 324
90 1853 191 34
11 1890 2087 940
