77 185 2228 180
77 368 2228 133
77 504 59 138
139 504 264 138
406 504 64 138
472 504 64 138
539 504 64 138
606 504 64 138
673 504 63 138
739 504 390 138
1132 504 365 138
1500 504 805 138
77 645 59 380
139 645 264 380
406 645 64 380
472 645 64 380
539 645 64 380
606 645 64 380
673 645 63 380
739 645 390 380
1132 645 365 380
1500 645 805 380
77 1028 59 376
139 1028 264 376
406 1028 64 376
472 1028 64 376
539 1028 64 376
606 1028 64 376
673 1028 63 376
739 1028 390 376
1132 1028 365 376
1500 1028 805 355
77 1415 740 1848
821 1415 744 1848
1570 1415 735 1848
