11 11 2029 255
11 271 2029 140
11 416 2029 87
11 505 76 91
89 505 224 91
315 505 156 91
473 505 102 91
577 505 64 91
643 505 104 91
749 505 102 91
853 505 228 91
1083 505 356 91
1441 505 599 91
11 598 76 368
89 598 224 368
315 598 156 368
473 598 102 368
577 598 64 368
643 598 104 368
749 598 102 368
853 598 228 368
1083 598 356 368
1441 598 599 368
11 968 76 367
89 968 224 367
315 968 156 367
473 968 102 367
577 968 64 367
643 968 104 367
749 968 102 367
853 968 228 367
1083 968 356 367
1441 968 599 367
11 1337 76 367
89 1337 224 367
315 1337 156 367
473 1337 102 367
577 1337 64 367
643 1337 104 367
749 1337 102 367
853 1337 228 367
1083 1337 356 367
1441 1337 599 367
11 1706 76 367
89 1706 224 367
315 1706 156 367
473 1706 102 367
577 1706 64 367
643 1706 104 367
749 1706 102 367
853 1706 228 367
1083 1706 356 367
1441 1706 599 367
11 2075 76 367
89 2075 224 367
315 2075 156 367
473 2075 102 367
577 2075 64 367
643 2075 104 367
749 2075 102 367
853 2075 228 367
1083 2075 356 367
1441 2075 599 367
11 2444 76 362
89 2444 224 362
315 2444 156 362
473 2444 102 362
577 2444 64 362
643 2444 104 362
749 2444 102 362
853 2444 228 362
1083 2444 356 362
1441 2444 599 362
