13 12 2946 313
13 327 2946 310
13 639 2946 89
13 730 55 89
70 730 225 89
296 730 55 89
353 730 55 89
410 730 55 89
466 730 55 89
523 730 55 89
580 730 367 89
948 730 367 89
1317 730 1642 89
13 820 55 225
70 820 21 168
273 820 22 204
296 820 55 225
353 820 55 225
410 820 55 225
466 820 55 225
523 820 55 225
580 820 367 225
948 820 367 225
1317 820 1642 225
70 1003 21 42
13 1047 55 225
296 1047 55 225
353 1047 55 225
410 1047 55 225
466 1047 55 225
523 1047 55 225
580 1047 367 225
948 1047 367 225
1317 1047 1642 225
70 1235 21 26
273 1241 22 31
13 1274 55 225
296 1274 55 225
353 1274 55 225
410 1274 55 225
466 1274 55 225
523 1274 55 225
580 1274 367 225
948 1274 367 225
1317 1274 1642 225
13 1501 2946 89
13 1591 55 89
70 1591 225 89
296 1591 55 89
353 1591 55 89
410 1591 55 89
466 1591 55 89
523 1591 55 89
580 1591 367 89
948 1591 367 89
1317 1591 1642 89
13 1682 55 225
296 1682 55 225
353 1682 55 225
410 1682 55 225
466 1682 55 225
523 1682 55 225
580 1682 367 225
948 1682 367 225
1317 1682 1642 225
273 1863 22 44
70 1869 21 38
13 1909 55 225
296 1909 55 225
353 1909 55 225
410 1909 55 225
466 1909 55 225
523 1909 55 225
580 1909 367 225
948 1909 367 225
1317 1909 1642 225
244 1987 51 22
273 2090 22 44
70 2100 21 34
13 2136 55 225
296 2136 55 225
353 2136 55 225
410 2136 55 225
466 2136 55 225
523 2136 55 225
580 2136 367 225
948 2136 367 225
1317 2136 1642 225
70 2336 21 25
13 2362 55 225
296 2362 55 225
353 2362 55 225
410 2362 55 225
466 2362 55 225
523 2362 55 225
580 2362 367 225
948 2362 367 225
1317 2362 1642 225
244 2454 51 22
273 2561 22 26
13 2589 2946 89
13 2680 55 89
70 2680 225 89
296 2680 55 89
353 2680 55 89
410 2680 55 89
466 2680 55 89
523 2680 55 89
580 2680 367 89
948 2680 367 89
1317 2680 1642 89
13 2771 55 225
296 2771 55 225
353 2771 55 225
410 2771 55 225
466 2771 55 225
523 2771 55 225
580 2771 367 225
948 2771 367 225
1317 2771 1642 225
70 2853 36 27
70 2964 21 32
273 2966 22 30
13 2997 55 225
296 2997 55 225
353 2997 55 225
410 2997 55 225
466 2997 55 225
523 2997 55 225
580 2997 367 225
948 2997 367 225
1317 2997 1642 225
243 3041 52 23
70 3185 52 25
251 3198 44 21
13 3224 2946 89
13 3315 55 89
70 3315 225 89
296 3315 55 89
353 3315 55 89
410 3315 55 89
466 3315 55 89
523 3315 55 89
580 3315 367 89
948 3315 367 89
1317 3315 1642 89
13 3406 55 225
296 3406 55 225
353 3406 55 225
410 3406 55 225
466 3406 55 225
523 3406 55 225
580 3406 367 225
948 3406 367 225
1317 3406 1642 225
273 3594 22 37
70 3601 21 30
13 3632 55 225
296 3632 55 225
353 3632 55 225
410 3632 55 225
466 3632 55 225
523 3632 55 225
580 3632 367 225
948 3632 367 225
1317 3632 1642 225
273 3795 22 62
70 3799 21 58
13 3859 2946 89
13 3950 55 89
70 3950 225 89
296 3950 55 89
353 3950 55 89
410 3950 55 89
466 3950 55 89
523 3950 55 89
580 3950 367 89
948 3950 367 89
1317 3950 1642 89
13 4041 55 222
296 4041 55 222
353 4041 55 222
410 4041 55 222
466 4041 55 222
523 4041 55 222
580 4041 367 222
948 4041 367 222
1317 4041 1642 222
70 4093 51 25
273 4226 22 37
70 4231 21 32
