16 17 2832 208
16 226 2832 246
16 474 109 110
126 474 362 110
489 474 84 110
574 474 84 110
659 474 84 110
745 474 83 110
830 474 83 110
915 474 395 110
1311 474 566 110
1878 474 969 110
16 585 109 679
126 585 362 679
489 585 84 679
574 585 84 679
659 585 84 679
745 585 83 679
830 585 83 679
915 585 395 679
1311 585 566 679
1878 585 969 679
16 1266 109 677
126 1266 362 677
489 1266 84 677
574 1266 84 677
659 1266 84 677
745 1266 83 677
830 1266 83 677
915 1266 395 677
1311 1266 566 677
1878 1266 969 677
16 1948 1416 2215
1436 1948 1411 2215
