16 17 2832 208
16 226 2832 246
16 474 109 110
126 474 362 110
489 474 84 110
574 474 84 110
659 474 84 110
745 474 83 110
830 474 83 110
915 474 395 110
1311 474 566 110
1878 474 969 110
16 585 109 589
126 585 362 589
489 585 84 589
574 585 84 589
659 585 84 589
745 585 83 589
830 585 83 589
915 585 395 589
1311 585 566 589
1878 585 969 589
16 1175 109 588
126 1175 362 588
489 1175 84 588
574 1175 84 588
659 1175 84 588
745 1175 83 588
830 1175 83 588
915 1175 395 588
1311 1175 566 588
1878 1175 969 588
16 1765 109 583
126 1765 362 583
489 1765 84 583
574 1765 84 583
659 1765 84 583
745 1765 83 583
830 1765 83 583
915 1765 395 583
1311 1765 566 583
1878 1765 969 583
16 2359 1416 1804
1436 2359 1411 1804
