12 12 2871 270
12 284 2871 242
12 528 85 83
100 528 281 83
383 528 225 83
610 528 88 83
701 528 65 83
769 528 122 83
893 528 154 83
1049 528 313 83
1364 528 439 83
1805 528 1078 83
12 613 85 369
383 613 225 369
610 613 88 369
701 613 65 369
769 613 122 369
893 613 154 369
1049 613 313 369
1364 613 439 369
1805 613 1078 369
12 985 85 371
383 985 225 371
610 985 88 371
701 985 65 371
769 985 122 371
893 985 154 371
1049 985 313 371
1364 985 439 371
1805 985 1078 371
12 1358 2871 2489
12 3847 1517 196
1531 3849 1352 58
1531 3909 134 70
1667 3909 265 70
1933 3909 447 70
2381 3909 502 34
2381 3945 146 34
2529 3945 354 34
1531 3980 134 61
1667 3980 265 61
1933 3980 447 61
2381 3980 146 61
2529 3980 354 61
12 4043 2871 104
