16 17 2832 208
16 226 2832 246
16 474 109 110
126 474 362 110
489 474 84 110
574 474 84 110
659 474 84 110
745 474 83 110
830 474 83 110
915 474 395 110
1311 474 566 110
1878 474 970 110
16 585 109 611
126 585 362 611
489 585 84 611
574 585 84 611
659 585 84 611
745 585 83 611
830 585 83 611
915 585 395 611
1311 585 566 611
1878 585 970 611
16 1198 109 608
126 1198 362 608
489 1198 84 608
574 1198 84 608
659 1198 84 608
745 1198 83 608
830 1198 83 608
915 1198 395 608
1311 1198 566 608
1878 1198 970 608
16 1812 1416 2351
1436 1812 1412 2351
