16 17 2832 208
16 226 2832 246
16 474 109 110
126 474 362 110
489 474 84 110
574 474 84 110
659 474 84 110
745 474 83 110
830 474 83 110
915 474 395 110
1311 474 566 110
1878 474 970 110
16 585 109 396
126 585 362 396
489 585 84 396
574 585 84 396
659 585 84 396
745 585 83 396
830 585 83 396
915 585 395 396
1311 585 566 396
1878 585 970 396
16 982 109 394
126 982 362 394
489 982 84 394
574 982 84 394
659 982 84 394
745 982 83 394
830 982 83 394
915 982 395 394
1311 982 566 394
1878 982 970 394
16 1381 1416 2782
1436 1381 1412 2782
