17 17 56 54
74 17 56 54
131 17 169 54
301 17 115 54
417 17 58 54
476 17 28 54
505 17 54 54
560 17 58 54
619 17 106 54
726 17 161 54
888 17 514 54
1411 17 56 54
1468 17 56 54
1525 17 169 54
1695 17 115 54
1811 17 58 54
1870 17 28 54
1899 17 54 54
1954 17 58 54
2013 17 106 54
2120 17 160 54
2282 17 513 54
17 72 56 1853
74 72 56 370
131 72 169 370
301 72 115 370
417 72 58 370
476 72 28 370
505 72 54 370
560 72 58 370
619 72 106 370
726 72 161 370
888 72 514 370
1411 72 56 368
1468 72 56 368
1525 72 169 368
1695 72 115 368
1811 72 58 368
1870 72 28 368
1899 72 54 368
1954 72 58 368
2013 72 106 368
2120 72 160 368
2282 72 513 368
74 444 56 370
131 444 169 370
301 444 115 370
417 444 58 370
476 444 28 370
505 444 54 370
560 444 58 370
619 444 106 370
726 444 161 370
888 444 514 370
1411 446 56 737
1468 446 56 368
1525 446 169 368
1695 446 115 368
1811 446 58 368
1870 446 28 368
1899 446 54 368
1954 446 58 368
2013 446 106 368
2120 446 160 368
2282 446 513 368
74 815 56 370
131 815 169 370
301 815 115 370
417 815 58 370
476 815 28 370
505 815 54 370
560 815 58 370
619 815 106 370
726 815 161 370
888 815 514 370
1468 815 56 368
1525 815 169 368
1695 815 115 368
1811 815 58 368
1870 815 28 368
1899 815 54 368
1954 815 58 368
2013 815 106 368
2120 815 160 368
2282 815 513 368
74 1186 56 370
131 1186 169 370
301 1186 115 370
417 1186 58 370
476 1186 28 370
505 1186 54 370
560 1186 58 370
619 1186 106 370
726 1186 161 370
888 1186 514 370
1411 1188 56 737
1468 1188 56 368
1525 1188 169 368
1695 1188 115 368
1811 1188 58 368
1870 1188 28 368
1899 1188 54 368
1954 1188 58 368
2013 1188 106 368
2120 1188 160 368
2282 1188 513 368
74 1557 56 368
131 1557 169 368
301 1557 115 368
417 1557 58 368
476 1557 28 368
505 1557 54 368
560 1557 58 368
619 1557 106 368
726 1557 161 368
888 1557 514 368
1468 1557 56 368
1525 1557 169 368
1695 1557 115 368
1811 1557 58 368
1870 1557 28 368
1899 1557 54 368
1954 1557 58 368
2013 1557 106 368
2120 1557 160 368
2282 1557 513 368
17 1931 56 737
74 1931 56 368
131 1931 169 368
301 1931 115 368
417 1931 58 368
476 1931 28 368
505 1931 54 368
560 1931 58 368
619 1931 106 368
726 1931 161 368
888 1931 514 368
1411 1931 56 737
1468 1931 56 368
1525 1931 169 368
1695 1931 115 368
1811 1931 58 368
1870 1931 28 368
1899 1931 54 368
1954 1931 58 368
2013 1931 106 368
2120 1931 160 368
2282 1931 513 368
74 2300 56 368
131 2300 169 368
301 2300 115 368
417 2300 58 368
476 2300 28 368
505 2300 54 368
560 2300 58 368
619 2300 106 368
726 2300 161 368
888 2300 514 368
1468 2300 56 368
1525 2300 169 368
1695 2300 115 368
1811 2300 58 368
1870 2300 28 368
1899 2300 54 368
1954 2300 58 368
2013 2300 106 368
2120 2300 160 368
2282 2300 513 368
17 2674 56 737
74 2674 56 367
131 2674 169 367
301 2674 115 367
417 2674 58 367
476 2674 28 367
505 2674 54 367
560 2674 58 367
619 2674 106 367
726 2674 161 367
888 2674 514 367
1411 2674 56 737
1468 2674 56 367
1525 2674 169 367
1695 2674 115 367
1811 2674 58 367
1870 2674 28 367
1899 2674 54 367
1954 2674 58 367
2013 2674 106 367
2120 2674 160 367
2282 2674 513 367
74 3043 56 368
131 3043 169 368
301 3043 115 368
417 3043 58 368
476 3043 28 368
505 3043 54 368
560 3043 58 368
619 3043 106 368
726 3043 161 368
888 3043 514 368
1468 3043 56 368
1525 3043 169 368
1695 3043 115 368
1811 3043 58 368
1870 3043 28 368
1899 3043 54 368
1954 3043 58 368
2013 3043 106 368
2120 3043 160 368
2282 3043 513 368
17 3416 56 366
74 3416 56 366
131 3416 169 366
301 3416 115 366
417 3416 58 366
476 3416 28 366
505 3416 54 366
560 3416 58 366
619 3416 106 366
726 3416 161 366
888 3416 514 366
1411 3416 56 739
1468 3416 56 368
1525 3416 169 368
1695 3416 115 368
1811 3416 58 368
1870 3416 28 368
1899 3416 54 368
1954 3416 58 368
2013 3416 106 368
2120 3416 160 368
2282 3416 513 368
1468 3785 56 370
1525 3785 169 370
1695 3785 115 370
1811 3785 58 370
1870 3785 28 370
1899 3785 54 370
1954 3785 58 370
2013 3785 106 370
2120 3785 160 370
2282 3785 513 370
17 3787 56 368
74 3787 56 368
131 3787 169 368
301 3787 115 368
417 3787 58 368
476 3787 28 368
505 3787 54 368
560 3787 58 368
619 3787 106 368
726 3787 161 368
888 3787 514 368
