12 11 2936 261
12 277 2936 119
25 402 1452 54
1496 402 1452 54
25 458 111 229
138 458 191 229
331 458 55 229
387 458 55 229
444 458 55 229
501 458 55 229
557 458 55 229
614 458 191 229
807 458 219 229
1028 458 449 229
1496 458 55 229
1552 458 55 229
1609 458 191 229
1802 458 55 229
1859 458 55 229
1915 458 55 229
1972 458 55 229
2029 458 55 229
2085 458 191 229
2278 458 220 229
2499 458 449 229
25 689 111 229
331 689 55 229
387 689 55 229
444 689 55 229
501 689 55 229
557 689 55 229
614 689 191 229
807 689 219 229
1028 689 449 229
1496 689 55 227
1552 689 55 227
1802 689 55 227
1859 689 55 227
1915 689 55 227
1972 689 55 227
2029 689 55 227
2085 689 191 227
2278 689 220 227
2499 689 449 227
1609 750 37 24
1760 758 40 112
1609 776 35 92
25 920 111 229
331 920 55 229
387 920 55 229
444 920 55 229
501 920 55 229
557 920 55 229
614 920 191 229
807 920 219 229
1028 920 449 229
1496 922 55 457
1552 922 55 227
1802 922 55 227
1859 922 55 227
1915 922 55 227
1972 922 55 227
2029 922 55 227
2085 922 191 227
2278 922 220 227
2499 922 449 227
1609 972 44 25
1754 976 46 29
1758 1008 42 76
1609 1009 37 95
25 1151 1452 55
1552 1151 55 228
1802 1151 55 228
1859 1151 55 228
1915 1151 55 228
1972 1151 55 228
2029 1151 55 228
2085 1151 191 228
2278 1151 220 228
2499 1151 449 228
1758 1201 42 114
25 1207 55 230
81 1207 55 230
138 1207 191 230
331 1207 55 230
387 1207 55 230
444 1207 55 230
501 1207 55 230
557 1207 55 230
614 1207 191 230
807 1207 219 230
1028 1207 449 230
1609 1208 39 112
1496 1384 55 456
1552 1384 55 227
1802 1384 55 227
1859 1384 55 227
1915 1384 55 227
1972 1384 55 227
2029 1384 55 227
2085 1384 191 227
2278 1384 220 227
2499 1384 449 227
25 1438 55 1385
81 1438 55 230
331 1438 55 230
387 1438 55 230
444 1438 55 230
501 1438 55 230
557 1438 55 230
614 1438 191 230
807 1438 219 230
1028 1438 449 230
1771 1482 29 58
138 1501 34 149
1609 1501 29 62
297 1512 32 107
1552 1613 55 227
1802 1613 55 227
1859 1613 55 227
1915 1613 55 227
1972 1613 55 227
2029 1613 55 227
2085 1613 191 227
2278 1613 220 227
2499 1613 449 227
81 1669 55 230
331 1669 55 230
387 1669 55 230
444 1669 55 230
501 1669 55 230
557 1669 55 230
614 1669 191 230
807 1669 219 230
1028 1669 449 230
1496 1846 55 456
1552 1846 55 227
1609 1846 191 227
1802 1846 55 227
1859 1846 55 227
1915 1846 55 227
1972 1846 55 227
2029 1846 55 227
2085 1846 191 227
2278 1846 220 227
2499 1846 449 227
81 1900 55 230
331 1900 55 230
387 1900 55 230
444 1900 55 230
501 1900 55 230
557 1900 55 230
614 1900 191 230
807 1900 219 230
1028 1900 449 230
289 1954 40 31
138 1957 37 128
291 1987 38 76
1552 2075 55 227
1802 2075 55 227
1859 2075 55 227
1915 2075 55 227
1972 2075 55 227
2029 2075 55 227
2085 2075 191 227
2278 2075 220 227
2499 2075 449 227
1761 2127 39 100
81 2131 55 230
331 2131 55 230
387 2131 55 230
444 2131 55 230
501 2131 55 230
557 2131 55 230
614 2131 191 230
807 2131 219 230
1028 2131 449 230
1609 2132 34 98
138 2189 38 123
293 2193 36 168
1496 2308 55 226
1552 2308 55 226
1802 2308 55 226
1859 2308 55 226
1915 2308 55 226
1972 2308 55 226
2029 2308 55 226
2085 2308 191 226
2278 2308 220 226
2499 2308 449 226
1609 2358 39 33
1761 2359 39 33
81 2363 55 229
331 2363 55 229
387 2363 55 229
444 2363 55 229
501 2363 55 229
557 2363 55 229
614 2363 191 229
807 2363 219 229
1028 2363 449 229
1609 2395 35 87
1765 2395 35 89
138 2428 35 29
298 2433 31 97
138 2459 33 79
1496 2539 55 456
1552 2539 55 227
1802 2539 55 227
1859 2539 55 227
1915 2539 55 227
1972 2539 55 227
2029 2539 55 227
2085 2539 191 227
2278 2539 220 227
2499 2539 449 227
81 2594 55 229
331 2594 55 229
387 2594 55 229
444 2594 55 229
501 2594 55 229
557 2594 55 229
614 2594 191 229
807 2594 219 229
1028 2594 449 229
291 2657 38 39
138 2660 33 163
292 2696 37 111
1552 2768 55 227
1802 2768 55 227
1859 2768 55 227
1915 2768 55 227
1972 2768 55 227
2029 2768 55 227
2085 2768 191 227
2278 2768 220 227
2499 2768 449 227
25 2825 1452 55
1609 2830 38 35
1763 2830 37 28
1769 2864 31 76
1609 2870 35 74
25 2881 55 230
81 2881 55 230
138 2881 191 230
331 2881 55 230
387 2881 55 230
444 2881 55 230
501 2881 55 230
557 2881 55 230
614 2881 191 230
807 2881 219 230
1028 2881 449 230
1483 3001 1465 1262
25 3112 55 228
81 3112 55 228
331 3112 55 228
387 3112 55 228
444 3112 55 228
501 3112 55 228
557 3112 55 228
614 3112 191 228
807 3112 219 228
1028 3112 449 228
138 3197 21 102
25 3345 55 457
81 3345 55 228
331 3345 55 228
387 3345 55 228
444 3345 55 228
501 3345 55 228
557 3345 55 228
614 3345 191 228
807 3345 219 228
1028 3345 449 228
138 3392 42 36
287 3405 42 108
138 3428 41 75
81 3574 55 228
331 3574 55 228
387 3574 55 228
444 3574 55 228
501 3574 55 228
557 3574 55 228
614 3574 191 228
807 3574 219 228
1028 3574 449 228
138 3621 45 21
138 3656 38 69
289 3658 40 65
25 3807 55 226
81 3807 55 226
331 3807 55 226
387 3807 55 226
444 3807 55 226
501 3807 55 226
557 3807 55 226
614 3807 191 226
807 3807 219 226
1028 3807 449 226
138 3860 35 115
289 3868 40 107
25 4039 55 224
81 4039 55 224
331 4039 55 224
387 4039 55 224
444 4039 55 224
501 4039 55 224
557 4039 55 224
614 4039 191 224
807 4039 219 224
1028 4039 449 224
138 4114 43 80
285 4121 44 76
