8 8 120 172
130 8 271 172
404 8 229 172
636 8 94 172
732 8 95 172
829 8 142 172
973 8 116 172
1092 8 261 172
1356 8 478 172
1837 8 1050 172
8 183 120 367
130 183 271 367
404 183 229 367
636 183 94 367
732 183 95 367
829 183 142 367
973 183 116 367
1092 183 261 367
1356 183 478 367
1837 183 1050 367
8 554 1479 3186
1491 554 1396 2394
1491 2952 1396 58
1491 3011 234 49
1727 3011 742 49
2471 3012 216 48
2689 3012 198 48
1491 3062 234 46
1727 3062 742 46
2471 3062 216 46
2689 3062 198 46
1491 3110 234 46
1727 3110 742 46
2471 3110 216 46
2689 3110 198 46
1491 3158 1396 582
