215 207 2937 231
215 441 2937 213
215 656 2937 66
215 724 85 179
303 724 274 179
580 724 105 179
688 724 105 179
796 724 105 179
904 724 105 179
1012 724 105 179
1120 724 427 179
1550 724 550 179
2103 724 1049 179
215 906 85 455
303 906 274 455
580 906 105 455
688 906 105 455
796 906 105 455
904 906 105 455
1012 906 105 455
1120 906 427 455
1550 906 550 455
2103 906 1049 455
215 1364 85 455
303 1364 274 455
580 1364 105 455
688 1364 105 455
796 1364 105 455
904 1364 105 455
1012 1364 105 455
1120 1364 427 455
1550 1364 550 455
2103 1364 1049 455
215 1821 85 455
303 1821 274 455
580 1821 105 455
688 1821 105 455
796 1821 105 455
904 1821 105 455
1012 1821 105 455
1120 1821 427 455
1550 1821 550 455
2103 1821 1049 455
215 2279 85 455
303 2279 274 455
580 2279 105 455
688 2279 105 455
796 2279 105 455
904 2279 105 455
1012 2279 105 455
1120 2279 427 455
1550 2279 550 455
2103 2279 1049 455
215 2737 85 455
303 2737 274 455
580 2737 105 455
688 2737 105 455
796 2737 105 455
904 2737 105 455
1012 2737 105 455
1120 2737 427 455
1550 2737 550 455
2103 2737 1049 455
215 3195 85 455
303 3195 274 455
580 3195 105 455
688 3195 105 455
796 3195 105 455
904 3195 105 455
1012 3195 105 455
1120 3195 427 455
1550 3195 550 455
2103 3195 1049 455
215 3653 85 455
303 3653 274 455
580 3653 105 455
688 3653 105 455
796 3653 105 455
904 3653 105 455
1012 3653 105 455
1120 3653 427 455
1550 3653 550 455
2103 3653 1049 455
215 4110 85 451
303 4110 274 451
580 4110 105 451
688 4110 105 451
796 4110 105 451
904 4110 105 451
1012 4110 105 451
1120 4110 427 451
1550 4110 550 451
2103 4110 1049 451
