9 9 2769 61
9 75 146 53
157 75 202 53
361 75 213 53
576 75 157 53
735 75 72 53
809 75 100 53
911 75 136 53
1050 75 224 53
1276 75 344 53
1622 75 1156 53
10 130 144 283
157 130 201 244
361 130 213 283
577 130 156 283
735 130 71 283
809 130 99 283
911 130 136 283
1050 130 224 283
1277 130 342 283
1622 130 1156 283
9 415 146 282
157 415 202 49
361 415 213 282
576 415 157 282
735 415 72 282
809 415 100 282
911 415 136 282
1050 415 224 282
1276 415 344 282
1622 415 1156 282
157 506 43 44
313 513 46 27
320 544 39 86
157 552 41 77
328 638 30 59
10 699 144 283
157 699 201 206
361 699 213 283
577 699 156 283
735 699 71 283
809 699 99 283
911 699 136 283
1050 699 224 283
1277 699 342 283
1622 699 1156 283
188 914 134 31
9 984 146 282
157 984 202 236
361 984 213 282
576 984 157 282
735 984 72 282
809 984 100 282
911 984 136 282
1050 984 224 282
1276 984 344 282
1622 984 1156 282
157 1220 201 35
10 1268 144 283
157 1268 201 55
361 1268 213 283
577 1268 156 283
735 1268 71 283
809 1268 99 283
911 1268 136 283
1050 1268 224 283
1277 1268 342 283
1622 1268 1156 283
157 1393 37 92
319 1398 39 67
9 1553 146 282
157 1553 202 48
361 1553 213 282
576 1553 157 282
735 1553 72 282
809 1553 100 282
911 1553 136 282
1050 1553 224 282
1276 1553 344 282
1622 1553 1156 282
321 1666 38 115
157 1683 41 152
321 1781 37 54
10 1837 144 283
157 1837 201 64
361 1837 213 283
577 1837 156 283
735 1837 71 283
809 1837 99 283
911 1837 136 283
1050 1837 224 283
1277 1837 342 283
1622 1837 1156 283
321 1949 37 100
157 1950 48 24
157 1981 45 63
9 2122 146 282
157 2122 202 59
361 2122 213 282
576 2122 157 282
735 2122 72 282
809 2122 100 282
911 2122 136 282
1050 2122 224 282
1276 2122 344 282
1622 2122 1156 282
314 2219 45 35
157 2232 44 26
316 2258 43 90
157 2260 42 87
10 2406 144 281
157 2406 201 54
361 2406 213 281
577 2406 156 281
735 2406 71 281
809 2406 99 281
911 2406 136 281
1050 2406 224 281
1277 2406 342 281
1622 2406 1156 281
313 2505 45 30
157 2530 39 84
314 2535 44 25
9 2692 2769 63
9 2760 145 53
157 2760 201 53
361 2760 213 53
577 2760 156 53
735 2760 71 53
809 2760 99 53
911 2760 136 53
1050 2760 224 53
1277 2760 342 53
1622 2760 1156 53
9 2816 146 284
157 2816 202 252
361 2816 213 284
576 2816 157 284
735 2816 72 284
809 2816 100 284
911 2816 136 284
1050 2816 224 284
1276 2816 344 284
1622 2816 1156 284
157 3076 35 24
321 3076 38 24
192 3077 25 23
10 3102 144 285
157 3102 201 280
361 3102 213 285
577 3102 156 285
735 3102 71 285
809 3102 99 285
911 3102 136 285
1050 3102 224 285
1277 3102 342 285
1622 3102 1156 285
10 3389 144 285
157 3389 201 244
361 3389 213 285
577 3389 156 285
735 3389 71 285
809 3389 99 285
911 3389 136 285
1050 3389 224 285
1277 3389 342 285
1622 3389 1156 285
157 3640 86 34
276 3640 82 33
9 3676 146 285
157 3676 202 51
361 3676 213 285
576 3676 157 285
735 3676 72 285
809 3676 100 285
911 3676 136 285
1050 3676 224 285
1276 3676 344 285
1622 3676 1156 285
157 3778 43 183
318 3780 41 133
318 3913 40 48
9 3963 146 281
157 3963 202 197
361 3963 213 281
576 3963 157 281
735 3963 72 281
809 3963 100 281
911 3963 136 281
1050 3963 224 281
1276 3963 344 281
1622 3963 1156 281
192 4165 113 47
