4 598 51 96
57 598 251 96
310 598 59 96
371 598 51 96
424 598 52 96
478 598 53 96
533 598 53 96
588 598 355 96
945 598 409 96
1356 598 1960 96
4 696 51 340
57 696 251 340
310 696 59 340
371 696 51 340
424 696 52 340
478 696 53 340
533 696 53 340
588 696 355 340
945 696 409 340
1356 696 1960 340
4 1038 51 334
57 1038 251 313
310 1038 59 334
371 1038 51 334
424 1038 52 334
478 1038 53 334
533 1038 53 334
588 1038 355 334
945 1038 409 334
1356 1038 1960 334
4 1482 51 94
57 1482 251 94
310 1482 59 94
371 1482 51 94
424 1482 52 94
478 1482 53 94
533 1482 53 94
588 1482 353 94
943 1482 411 94
1356 1482 1957 94
4 1578 51 340
310 1578 59 340
371 1578 51 340
424 1578 52 340
478 1578 53 340
533 1578 53 340
588 1578 353 340
943 1578 411 340
1356 1578 1957 340
263 1660 45 26
4 1919 51 340
310 1919 59 340
371 1919 51 340
424 1919 52 340
478 1919 53 340
533 1919 53 340
588 1919 353 340
943 1919 411 340
1356 1919 1957 340
4 2261 51 338
310 2261 59 338
371 2261 51 338
424 2261 52 338
478 2261 53 338
533 2261 53 338
588 2261 353 338
943 2261 411 338
1356 2261 1957 338
57 2323 53 22
4 2601 51 335
57 2601 251 335
310 2601 59 335
371 2601 51 335
424 2601 52 335
478 2601 53 335
533 2601 53 335
588 2601 353 335
943 2601 411 335
1356 2601 1957 335
4 3102 51 97
57 3102 251 97
310 3102 59 97
371 3102 51 97
424 3102 52 97
478 3102 53 97
533 3102 53 97
588 3102 353 97
943 3102 411 97
1356 3102 1960 97
4 3200 51 339
310 3200 59 339
371 3200 51 339
424 3200 52 339
478 3200 53 339
533 3200 53 339
588 3200 353 339
943 3200 411 339
1356 3200 1960 339
4 3632 51 95
57 3632 251 95
310 3632 59 95
371 3632 51 97
424 3632 52 97
478 3632 53 97
533 3632 53 97
588 3632 353 97
943 3632 411 97
1356 3632 1957 97
4 3730 50 153
312 3730 57 248
371 3730 51 339
424 3730 52 339
478 3730 53 339
533 3730 53 339
588 3730 353 339
943 3730 411 339
1356 3730 1957 339
4 3883 51 186
310 3987 59 82
57 3988 251 81
4 4161 51 97
57 4161 251 97
310 4161 59 97
371 4161 51 97
424 4161 52 97
478 4161 53 97
533 4161 53 97
588 4161 353 97
943 4161 411 97
1356 4161 1957 97
4 4259 51 340
310 4259 59 340
371 4259 51 340
424 4259 52 340
478 4259 53 340
533 4259 53 340
588 4259 353 340
943 4259 411 340
1356 4259 1957 340
4 4601 51 335
57 4601 251 23
310 4601 59 334
371 4601 51 334
424 4601 52 334
478 4601 53 334
533 4601 53 334
588 4601 353 334
943 4601 411 334
1356 4601 1957 334
57 4704 38 23
