170 432 2902 211
170 651 1446 71
1621 651 1451 71
170 725 65 139
238 725 196 139
437 725 167 139
607 725 53 139
663 725 54 139
720 725 54 139
777 725 54 139
833 725 136 139
972 725 135 139
1110 725 506 139
1621 725 65 139
1689 725 196 139
1887 725 168 139
2057 725 54 139
2114 725 54 139
2171 725 54 139
2228 725 53 139
2284 725 136 139
2423 725 136 139
2562 725 510 139
170 866 65 519
238 866 196 519
437 866 167 519
607 866 53 519
663 866 54 519
720 866 54 519
777 866 54 519
833 866 136 519
972 866 135 519
1110 866 506 519
1621 866 65 518
1689 866 196 518
1887 866 168 518
2057 866 54 518
2114 866 54 518
2171 866 54 518
2228 866 53 518
2284 866 136 518
2423 866 136 518
2562 866 510 518
170 1388 65 517
238 1388 196 517
437 1388 167 517
607 1388 53 517
663 1388 54 517
720 1388 54 517
777 1388 54 517
833 1388 136 517
972 1388 135 517
1110 1388 506 517
1621 1389 1451 70
1621 1462 65 144
1689 1462 196 144
1887 1462 168 144
2057 1462 54 144
2114 1462 54 144
2171 1462 54 144
2228 1462 53 144
2284 1462 136 144
2423 1462 136 144
2562 1462 510 144
1621 1609 65 519
1689 1609 196 519
1887 1609 168 519
2057 1609 54 519
2114 1609 54 519
2171 1609 54 519
2228 1609 53 519
2284 1609 136 519
2423 1609 136 519
2562 1609 510 519
170 1911 1446 69
170 1983 65 145
238 1983 196 145
437 1983 167 145
607 1983 53 145
663 1983 54 145
720 1983 54 145
777 1983 54 145
833 1983 136 145
972 1983 135 145
1110 1983 506 145
170 2131 65 518
238 2131 196 518
437 2131 167 518
607 2131 53 518
663 2131 54 518
720 2131 54 518
777 2131 54 518
833 2131 136 518
972 2131 135 518
1110 2131 506 518
1621 2131 65 518
1689 2131 196 518
1887 2131 168 518
2057 2131 54 518
2114 2131 54 518
2171 2131 54 518
2228 2131 53 518
2284 2131 136 518
2423 2131 136 518
2562 2131 510 518
170 2652 65 518
238 2652 196 518
437 2652 167 518
607 2652 53 518
663 2652 54 518
720 2652 54 518
777 2652 54 518
833 2652 136 518
972 2652 135 518
1110 2652 506 518
1621 2652 65 518
1689 2652 196 518
1887 2652 168 518
2057 2652 54 518
2114 2652 54 518
2171 2652 54 518
2228 2652 53 518
2284 2652 136 518
2423 2652 136 518
2562 2652 510 518
170 3175 1446 70
1621 3175 1451 70
170 3248 65 144
238 3248 196 144
437 3248 167 144
607 3248 53 144
663 3248 54 144
720 3248 54 144
777 3248 54 144
833 3248 136 144
972 3248 135 144
1110 3248 506 144
1621 3248 65 144
1689 3248 196 144
1887 3248 168 144
2057 3248 54 144
2114 3248 54 144
2171 3248 54 144
2228 3248 53 144
2284 3248 136 144
2423 3248 136 144
2562 3248 510 144
170 3395 65 519
238 3395 196 519
437 3395 167 519
607 3395 53 519
663 3395 54 519
720 3395 54 519
777 3395 54 519
833 3395 136 519
972 3395 135 519
1110 3395 506 519
1621 3395 65 519
1689 3395 196 519
1887 3395 168 519
2057 3395 54 519
2114 3395 54 519
2171 3395 54 519
2228 3395 53 519
2284 3395 136 519
2423 3395 136 519
2562 3395 510 519
170 3917 65 518
238 3917 196 518
437 3917 167 518
607 3917 53 518
663 3917 54 518
720 3917 54 518
777 3917 54 518
833 3917 136 518
972 3917 135 518
1110 3917 506 518
1621 3917 65 518
1689 3917 196 518
1887 3917 168 518
2057 3917 54 518
2114 3917 54 518
2171 3917 54 518
2228 3917 53 518
2284 3917 136 518
2423 3917 136 518
2562 3917 510 518
