16 17 2832 208
16 226 2832 246
16 474 109 110
126 474 362 110
489 474 84 110
574 474 84 110
659 474 84 110
745 474 83 110
830 474 83 110
915 474 395 110
1311 474 566 110
1878 474 970 110
16 585 109 509
126 585 362 509
489 585 84 509
574 585 84 509
659 585 84 509
745 585 83 509
830 585 83 509
915 585 395 509
1311 585 566 509
1878 585 970 509
16 1096 109 508
126 1096 362 508
489 1096 84 508
574 1096 84 508
659 1096 84 508
745 1096 83 508
830 1096 83 508
915 1096 395 508
1311 1096 566 508
1878 1096 970 508
16 1606 109 507
126 1606 362 507
489 1606 84 507
574 1606 84 507
659 1606 84 507
745 1606 83 507
830 1606 83 507
915 1606 395 507
1311 1606 566 507
1878 1606 970 507
16 2118 1416 2045
1436 2118 1412 2045
