24 24 2837 274
24 302 2837 230
24 544 95 71
121 544 253 71
377 544 93 71
473 544 65 71
541 544 65 71
609 544 93 71
705 544 94 71
802 544 280 71
1085 544 423 71
1510 544 1351 71
24 618 95 309
121 618 253 309
377 618 93 309
473 618 65 309
541 618 65 309
609 618 93 309
705 618 94 309
802 618 280 309
1085 618 423 309
1510 618 1351 309
24 930 95 309
121 930 253 309
377 930 93 309
473 930 65 309
541 930 65 309
609 930 93 309
705 930 94 309
802 930 280 309
1085 930 423 309
1510 930 1350 309
24 1242 95 309
121 1242 253 309
377 1242 93 309
473 1242 65 309
541 1242 65 309
609 1242 93 309
705 1242 94 309
802 1242 280 309
1085 1242 423 309
1510 1242 1350 309
24 1554 95 309
121 1554 253 309
377 1554 93 309
473 1554 65 309
541 1554 65 309
609 1554 93 309
705 1554 94 309
802 1554 280 309
1085 1554 423 309
1510 1554 1350 309
24 1865 2836 2249
