179 227 2851 275
179 505 2851 241
179 748 2851 90
179 840 87 83
269 840 213 83
485 840 76 83
564 840 99 83
666 840 60 83
729 840 99 83
831 840 99 83
933 840 263 83
1199 840 388 83
1590 840 1440 83
179 926 87 938
269 926 213 938
485 926 76 938
564 926 99 938
666 926 60 938
729 926 99 938
831 926 99 938
933 926 263 938
1199 926 388 938
1590 926 1440 938
179 1867 87 938
269 1867 213 938
485 1867 76 938
564 1867 99 938
666 1867 60 938
729 1867 99 938
831 1867 99 938
933 1867 263 938
1199 1867 388 938
1590 1867 1440 938
179 2808 87 938
269 2808 213 938
485 2808 76 938
564 2808 99 938
666 2808 60 938
729 2808 99 938
831 2808 99 938
933 2808 263 938
1199 2808 388 938
1590 2808 1440 938
179 3749 2851 254
