16 17 2832 208
16 226 2832 246
16 474 109 110
126 474 362 110
489 474 84 110
574 474 84 110
659 474 84 110
745 474 83 110
830 474 83 110
915 474 395 110
1311 474 566 110
1878 474 970 110
16 585 109 492
126 585 362 492
489 585 84 492
574 585 84 492
659 585 84 492
745 585 83 492
830 585 83 492
915 585 395 492
1311 585 566 492
1878 585 970 492
16 1079 109 491
126 1079 362 491
489 1079 84 491
574 1079 84 491
659 1079 84 491
745 1079 83 491
830 1079 83 491
915 1079 395 491
1311 1079 566 491
1878 1079 970 491
16 1572 109 490
126 1572 362 490
489 1572 84 490
574 1572 84 490
659 1572 84 490
745 1572 83 490
830 1572 83 490
915 1572 395 490
1311 1572 566 489
1878 1572 970 490
16 2067 1416 2096
1436 2067 1412 2096
