12 854 51 97
65 854 200 97
267 854 65 97
333 854 63 97
398 854 64 97
463 854 65 97
530 854 64 97
596 854 472 97
1070 854 562 97
1634 854 1690 97
12 953 51 293
267 953 65 293
333 953 63 293
398 953 64 293
463 953 65 293
530 953 64 293
596 953 472 293
1070 953 562 293
1634 953 1690 293
116 1089 22 53
186 1090 22 62
11 1376 39 77
52 1376 209 77
263 1376 70 77
335 1376 62 77
399 1376 63 77
464 1376 64 77
529 1376 65 77
595 1376 135 77
732 1376 272 77
1006 1376 646 77
11 1455 39 367
52 1455 209 32
263 1455 70 367
335 1455 62 367
399 1455 63 367
464 1455 64 367
529 1455 65 367
595 1455 135 367
732 1455 272 367
1006 1455 646 367
234 1547 27 54
237 1607 24 111
52 1763 209 59
11 1824 39 367
52 1824 209 43
263 1824 70 367
335 1824 62 367
399 1824 63 367
464 1824 64 367
529 1824 65 367
595 1824 135 367
732 1824 272 367
1006 1824 646 367
52 2143 66 48
195 2143 66 48
11 2193 39 368
52 2193 209 38
263 2193 70 368
335 2193 62 368
399 2193 63 368
464 2193 64 368
529 2193 65 368
595 2193 135 368
732 2193 272 368
1006 2193 646 368
236 2289 25 26
52 2294 37 32
52 2329 34 124
52 2515 60 46
188 2515 73 46
11 2562 39 369
52 2562 209 34
263 2562 70 369
335 2562 62 369
399 2562 63 369
464 2562 64 369
529 2562 65 369
595 2562 135 369
732 2562 272 369
1006 2562 646 369
52 2659 29 29
237 2686 24 117
52 2691 26 110
52 2882 67 49
186 2882 75 49
11 2933 39 366
52 2933 209 40
263 2933 70 366
335 2933 62 366
399 2933 63 366
464 2933 64 366
529 2933 65 366
595 2933 135 366
732 2933 272 366
1006 2933 646 366
52 3038 24 151
52 3251 66 48
210 3251 51 48
1682 1379 41 80
1724 1379 209 80
1935 1379 70 80
2007 1379 62 80
2071 1379 64 80
2137 1379 65 80
2203 1379 65 80
2269 1379 134 80
2404 1380 273 79
2679 1380 648 79
1682 1461 41 367
1724 1461 209 41
1935 1461 70 367
2007 1461 62 367
2071 1461 64 367
2137 1461 65 367
2203 1461 65 367
2269 1461 134 367
2404 1461 273 367
2679 1461 647 367
1724 1792 70 36
1865 1792 68 36
1682 1830 41 367
1724 1830 209 271
1935 1830 70 367
2007 1830 62 367
2071 1830 64 367
2137 1830 65 367
2203 1830 65 367
2269 1830 134 367
2404 1830 273 367
2679 1830 646 367
1770 2101 163 33
1770 2135 157 62
1724 2158 29 39
1682 2199 41 361
1724 2199 209 40
1935 2199 70 361
2007 2199 62 361
2071 2199 64 361
2137 2199 65 361
2203 2199 65 361
2269 2199 134 361
2404 2199 273 361
2679 2199 646 361
1724 2302 37 25
1906 2306 27 23
1724 2332 27 92
1911 2332 22 91
1724 2519 79 41
1804 2519 52 41
1864 2519 69 41
1681 2647 41 80
1724 2647 208 80
1934 2647 70 80
2006 2647 63 80
2070 2647 64 80
2136 2647 65 80
2203 2647 64 80
2269 2647 133 80
2404 2648 272 79
2678 2648 649 79
1681 2728 41 368
1724 2728 208 48
1934 2728 70 368
2006 2728 63 368
2070 2728 64 368
2136 2728 65 368
2203 2728 64 368
2269 2728 133 368
2404 2728 272 368
2678 2728 648 368
1724 2829 37 136
1897 2834 35 45
1898 2879 34 78
1724 3054 96 42
1834 3054 98 42
1681 3098 41 367
1724 3098 208 367
1934 3098 70 367
2006 3098 63 367
2070 3098 64 367
2136 3098 65 367
2203 3098 64 367
2269 3098 133 367
2404 3098 272 367
2678 3098 646 367
1681 3467 41 361
1724 3467 208 48
1934 3467 70 361
2006 3467 63 361
2070 3467 64 361
2136 3467 65 361
2203 3467 64 361
2269 3467 133 361
2404 3467 272 361
2678 3467 646 361
1904 3577 28 146
1724 3578 30 148
1724 3792 208 36
9 3572 41 80
51 3572 209 80
262 3572 70 80
334 3572 63 80
398 3572 64 80
464 3572 65 80
530 3572 65 80
597 3572 132 80
730 3572 272 80
1004 3572 650 80
9 3653 41 368
51 3653 209 48
262 3653 70 368
334 3653 63 368
398 3653 64 368
464 3653 65 368
530 3653 65 368
597 3653 132 368
730 3653 272 368
1004 3653 649 368
239 3770 21 39
51 3778 28 28
51 3807 26 118
51 3981 94 40
174 3981 86 40
9 4023 41 367
51 4023 209 367
262 4023 70 367
334 4023 63 367
398 4023 64 367
464 4023 65 367
530 4023 65 367
597 4023 132 367
730 4023 272 367
1004 4023 648 367
9 4392 41 361
51 4392 209 361
262 4392 70 361
334 4392 63 361
398 4392 64 361
464 4392 65 361
530 4392 65 361
597 4392 132 361
730 4392 272 361
1004 4392 648 361
1682 3927 41 80
1724 3927 209 80
1935 3927 70 80
2007 3927 62 80
2071 3927 64 80
2137 3927 65 80
2203 3927 65 80
2269 3927 134 80
2404 3927 273 80
2679 3927 648 80
1682 4009 41 367
1724 4009 209 46
1935 4009 70 367
2007 4009 62 367
2071 4009 64 367
2137 4009 65 367
2203 4009 65 367
2269 4009 134 367
2404 4009 273 367
2679 4009 647 367
1912 4121 21 42
1724 4326 57 50
1855 4326 78 50
1682 4378 41 366
1724 4378 209 29
1935 4378 70 256
2007 4378 62 366
2071 4378 64 366
2137 4378 65 366
2203 4378 65 366
2269 4378 134 366
2404 4378 273 366
2679 4378 646 366
1724 4467 24 162
1936 4634 69 110
1724 4703 170 41
