11 81 2087 162
11 244 2087 164
11 409 2087 117
11 528 77 54
90 528 191 54
283 528 194 54
480 528 127 54
610 528 62 54
674 528 105 54
781 528 101 54
884 528 168 54
1055 528 472 54
1529 528 569 54
11 585 77 646
90 585 191 204
283 585 194 646
480 585 127 646
610 585 62 646
674 585 105 646
781 585 101 646
884 585 168 646
1055 585 472 646
1529 585 569 646
244 836 37 395
90 841 35 108
11 1233 77 646
90 1233 191 201
283 1233 194 646
480 1233 127 646
610 1233 62 646
674 1233 105 646
781 1233 101 646
884 1233 168 646
1055 1233 472 646
1529 1233 569 646
239 1476 42 21
90 1485 44 100
241 1505 40 71
90 1684 191 195
11 1881 2087 949
