8 8 120 172
130 8 271 172
404 8 229 172
636 8 94 172
732 8 95 172
829 8 142 172
973 8 116 172
1092 8 261 172
1356 8 478 172
1837 8 1050 172
8 183 120 367
130 183 271 367
404 183 229 367
636 183 94 367
732 183 95 367
829 183 142 367
973 183 116 367
1092 183 261 367
1356 183 478 367
1837 183 1050 367
8 554 1479 3186
1491 554 1396 2565
1491 3122 1396 58
1491 3182 94 48
1587 3182 115 48
1704 3182 218 48
1923 3182 569 48
2493 3182 394 48
1491 3232 94 47
1587 3232 115 47
1704 3232 218 47
1923 3232 569 47
2493 3232 394 47
1491 3280 1396 460
