17 17 2778 385
17 403 2778 356
17 760 55 54
73 760 56 54
130 760 169 54
300 760 115 54
416 760 58 54
475 760 29 54
505 760 53 54
559 760 58 54
618 760 106 54
726 760 160 54
887 760 515 54
1411 760 55 54
1467 760 56 54
1524 760 169 54
1694 760 115 54
1810 760 58 54
1869 760 29 54
1899 760 53 54
1953 760 58 54
2012 760 106 54
2120 760 160 54
2281 760 514 54
17 815 55 1110
73 815 56 370
130 815 169 370
300 815 115 370
416 815 58 370
475 815 29 370
505 815 53 370
559 815 58 370
618 815 106 370
726 815 160 370
887 815 515 370
1411 815 55 1110
1467 815 56 370
1524 815 169 370
1694 815 115 370
1810 815 58 370
1869 815 29 370
1899 815 53 370
1953 815 58 370
2012 815 106 370
2120 815 160 370
2281 815 514 370
73 1186 56 370
130 1186 169 370
300 1186 115 370
416 1186 58 370
475 1186 29 370
505 1186 53 370
559 1186 58 370
618 1186 106 370
726 1186 160 370
887 1186 515 370
1467 1186 56 370
1524 1186 169 370
1694 1186 115 370
1810 1186 58 370
1869 1186 29 370
1899 1186 53 370
1953 1186 58 370
2012 1186 106 370
2120 1186 160 370
2281 1186 514 370
73 1557 56 368
130 1557 169 368
300 1557 115 368
416 1557 58 368
475 1557 29 368
505 1557 53 368
559 1557 58 368
618 1557 106 368
726 1557 160 368
887 1557 515 368
1467 1557 56 368
1524 1557 169 368
1694 1557 115 368
1810 1557 58 368
1869 1557 29 368
1899 1557 53 368
1953 1557 58 368
2012 1557 106 368
2120 1557 160 368
2281 1557 514 368
17 1931 55 1108
73 1931 56 368
130 1931 169 368
300 1931 115 368
416 1931 58 368
475 1931 29 368
505 1931 53 368
559 1931 58 368
618 1931 106 368
726 1931 160 368
887 1931 515 368
1411 1931 55 737
1467 1931 56 368
1524 1931 169 368
1694 1931 115 368
1810 1931 58 368
1869 1931 29 368
1899 1931 53 368
1953 1931 58 368
2012 1931 106 368
2120 1931 160 368
2281 1931 514 368
73 2300 56 370
130 2300 169 370
300 2300 115 370
416 2300 58 370
475 2300 29 370
505 2300 53 370
559 2300 58 370
618 2300 106 370
726 2300 160 370
887 2300 515 370
1467 2300 56 368
1524 2300 169 368
1694 2300 115 368
1810 2300 58 368
1869 2300 29 368
1899 2300 53 368
1953 2300 58 368
2012 2300 106 368
2120 2300 160 368
2281 2300 514 368
73 2671 56 368
130 2671 169 368
300 2671 115 368
416 2671 58 368
475 2671 29 368
505 2671 53 368
559 2671 58 368
618 2671 106 368
726 2671 160 368
887 2671 515 368
1411 2673 55 738
1467 2673 56 368
1524 2673 169 368
1694 2673 115 368
1810 2673 58 368
1869 2673 29 368
1899 2673 53 368
1953 2673 58 368
2012 2673 106 368
2120 2673 160 368
2281 2673 514 368
1467 3043 56 368
1524 3043 169 368
1694 3043 115 368
1810 3043 58 368
1869 3043 29 368
1899 3043 53 368
1953 3043 58 368
2012 3043 106 368
2120 3043 160 368
2281 3043 514 368
17 3045 55 366
73 3045 56 366
130 3045 169 366
300 3045 115 366
416 3045 58 366
475 3045 29 366
505 3045 53 366
559 3045 58 366
618 3045 106 366
726 3045 160 366
887 3045 515 366
17 3416 55 739
73 3416 56 368
130 3416 169 368
300 3416 115 368
416 3416 58 368
475 3416 29 368
505 3416 53 368
559 3416 58 368
618 3416 106 368
726 3416 160 368
887 3416 515 368
1411 3416 55 366
1467 3416 56 366
1524 3416 169 366
1694 3416 115 366
1810 3416 58 366
1869 3416 29 366
1899 3416 53 366
1953 3416 58 366
2012 3416 106 366
2120 3416 160 366
2281 3416 514 366
73 3785 56 370
130 3785 169 370
300 3785 115 370
416 3785 58 370
475 3785 29 370
505 3785 53 370
559 3785 58 370
618 3785 106 370
726 3785 160 370
887 3785 515 370
1411 3787 55 368
1467 3787 56 368
1524 3787 169 368
1694 3787 115 368
1810 3787 58 368
1869 3787 29 368
1899 3787 53 368
1953 3787 58 368
2012 3787 106 368
2120 3787 160 368
2281 3787 514 368
