77 105 2936 261
77 371 2936 119
90 496 1452 54
1561 496 1452 54
90 552 111 229
203 552 191 229
396 552 55 229
452 552 55 229
509 552 55 229
566 552 55 229
622 552 55 229
679 552 191 229
872 552 219 229
1093 552 449 229
1561 552 55 229
1617 552 55 229
1674 552 191 229
1867 552 55 229
1924 552 55 229
1980 552 55 229
2037 552 55 229
2094 552 55 229
2150 552 191 229
2343 552 220 229
2564 552 449 229
90 783 111 229
396 783 55 229
452 783 55 229
509 783 55 229
566 783 55 229
622 783 55 229
679 783 191 229
872 783 219 229
1093 783 449 229
1561 783 55 457
1617 783 55 229
1674 783 191 229
1867 783 55 229
1924 783 55 229
1980 783 55 229
2037 783 55 229
2094 783 55 229
2150 783 191 229
2343 783 220 229
2564 783 449 229
90 1014 1452 55
1617 1014 55 226
1674 1014 191 21
1867 1014 55 226
1924 1014 55 226
1980 1014 55 226
2037 1014 55 226
2094 1014 55 226
2150 1014 191 226
2343 1014 220 226
2564 1014 449 226
90 1070 55 230
146 1070 55 230
203 1070 191 230
396 1070 55 230
452 1070 55 230
509 1070 55 230
566 1070 55 230
622 1070 55 230
679 1070 191 230
872 1070 219 230
1093 1070 449 230
1674 1070 42 21
1561 1246 55 456
1617 1246 55 228
1867 1246 55 228
1924 1246 55 228
1980 1246 55 228
2037 1246 55 228
2094 1246 55 228
2150 1246 191 228
2343 1246 220 228
2564 1246 449 228
90 1301 55 1154
146 1301 55 230
396 1301 55 230
452 1301 55 230
509 1301 55 230
566 1301 55 230
622 1301 55 230
679 1301 191 230
872 1301 219 230
1093 1301 449 230
1617 1476 55 226
1867 1476 55 226
1924 1476 55 226
1980 1476 55 226
2037 1476 55 226
2094 1476 55 226
2150 1476 191 226
2343 1476 220 226
2564 1476 449 226
146 1532 55 230
203 1532 191 230
396 1532 55 230
452 1532 55 230
509 1532 55 230
566 1532 55 230
622 1532 55 230
679 1532 191 230
872 1532 219 230
1093 1532 449 230
1561 1708 55 457
1617 1708 55 228
1674 1708 191 24
1867 1708 55 228
1924 1708 55 228
1980 1708 55 228
2037 1708 55 228
2094 1708 55 228
2150 1708 191 228
2343 1708 220 228
2564 1708 449 228
146 1763 55 230
396 1763 55 230
452 1763 55 230
509 1763 55 230
566 1763 55 230
622 1763 55 230
679 1763 191 230
872 1763 219 230
1093 1763 449 230
1674 1775 39 25
1617 1938 55 227
1674 1938 191 23
1867 1938 55 227
1924 1938 55 227
1980 1938 55 227
2037 1938 55 227
2094 1938 55 227
2150 1938 191 227
2343 1938 220 227
2564 1938 449 227
146 1994 55 230
396 1994 55 230
452 1994 55 230
509 1994 55 230
566 1994 55 230
622 1994 55 230
679 1994 191 230
872 1994 219 230
1093 1994 449 230
203 2114 27 36
366 2119 28 32
367 2151 27 25
1561 2171 55 225
1617 2171 55 225
1867 2171 55 225
1924 2171 55 225
1980 2171 55 225
2037 2171 55 225
2094 2171 55 225
2150 2171 191 225
2343 2171 220 225
2564 2171 449 225
146 2225 55 230
203 2225 191 24
396 2225 55 230
452 2225 55 230
509 2225 55 230
566 2225 55 230
622 2225 55 230
679 2225 191 230
872 2225 219 230
1093 2225 449 230
1561 2402 55 225
1617 2402 55 225
1867 2402 55 225
1924 2402 55 225
1980 2402 55 225
2037 2402 55 225
2094 2402 55 225
2150 2402 191 225
2343 2402 220 225
2564 2402 449 225
90 2457 1452 55
90 2513 55 230
146 2513 55 230
203 2513 191 230
396 2513 55 230
452 2513 55 230
509 2513 55 230
566 2513 55 230
622 2513 55 230
679 2513 191 230
872 2513 219 230
1093 2513 449 230
1561 2633 55 225
1617 2633 55 225
1867 2633 55 225
1924 2633 55 225
1980 2633 55 225
2037 2633 55 225
2094 2633 55 225
2150 2633 191 225
2343 2633 220 225
2564 2633 449 225
90 2744 55 458
146 2744 55 230
396 2744 55 230
452 2744 55 230
509 2744 55 230
566 2744 55 230
622 2744 55 230
679 2744 191 230
872 2744 219 230
1093 2744 449 230
203 2805 45 22
354 2810 40 22
1561 2864 55 225
1617 2864 55 225
1867 2864 55 225
1924 2864 55 225
1980 2864 55 225
2037 2864 55 225
2094 2864 55 225
2150 2864 191 225
2343 2864 220 225
2564 2864 449 225
1820 2934 45 21
146 2975 55 227
203 2975 191 21
396 2975 55 227
452 2975 55 227
509 2975 55 227
566 2975 55 227
622 2975 55 227
679 2975 191 227
872 2975 219 227
1093 2975 449 227
1548 3095 1465 1262
90 3208 55 457
146 3208 55 228
396 3208 55 228
452 3208 55 228
509 3208 55 228
566 3208 55 228
622 3208 55 228
679 3208 191 228
872 3208 219 228
1093 3208 449 228
146 3437 55 228
396 3437 55 228
452 3437 55 228
509 3437 55 228
566 3437 55 228
622 3437 55 228
679 3437 191 228
872 3437 219 228
1093 3437 449 228
90 3670 55 456
146 3670 55 228
396 3670 55 228
452 3670 55 228
509 3670 55 228
566 3670 55 228
622 3670 55 228
679 3670 191 228
872 3670 219 228
1093 3670 449 228
146 3899 55 227
396 3899 55 227
452 3899 55 227
509 3899 55 227
566 3899 55 227
622 3899 55 227
679 3899 191 227
872 3899 219 227
1093 3899 449 227
90 4132 55 225
146 4132 55 225
396 4132 55 225
452 4132 55 225
509 4132 55 225
566 4132 55 225
622 4132 55 225
679 4132 191 225
872 4132 219 225
1093 4132 449 225
