7 545 52 89
61 545 291 89
354 545 59 89
414 545 52 89
467 545 53 89
522 545 53 89
577 545 53 89
632 545 314 89
948 545 513 89
1463 545 1858 89
7 636 52 366
61 636 291 257
354 636 59 366
414 636 52 366
467 636 53 366
522 636 53 366
577 636 53 366
632 636 314 366
948 636 513 366
1463 636 1858 366
7 1003 52 362
354 1003 59 362
414 1003 52 362
467 1003 53 362
522 1003 53 362
577 1003 53 362
632 1003 314 362
948 1003 513 362
1463 1003 1858 362
4 1463 55 94
61 1463 291 94
354 1463 59 94
414 1463 52 94
467 1463 53 94
522 1463 53 94
577 1463 53 94
632 1463 311 94
945 1463 520 94
1466 1463 1850 94
4 1559 55 289
354 1559 59 289
414 1559 52 289
467 1559 53 289
522 1559 53 289
577 1559 53 289
632 1559 311 289
945 1559 520 289
1466 1559 1850 289
4 1850 55 291
354 1850 59 291
414 1850 52 291
467 1850 53 291
522 1850 53 291
577 1850 53 291
632 1850 311 291
945 1850 520 291
1466 1850 1850 291
301 1930 51 32
4 2142 55 289
354 2142 59 289
414 2142 52 289
467 2142 53 289
522 2142 53 289
577 2142 53 289
632 2142 311 289
945 2142 520 289
1466 2142 1850 289
298 2257 54 28
297 2289 55 25
4 2433 55 290
354 2433 59 290
414 2433 52 290
467 2433 53 290
522 2433 53 290
577 2433 53 290
632 2433 311 290
945 2433 520 290
1466 2433 1850 290
4 2725 55 287
354 2725 59 256
414 2725 52 287
467 2725 53 287
522 2725 53 287
577 2725 53 287
632 2725 311 287
945 2725 520 287
1466 2725 1850 287
355 2981 58 31
355 3155 59 91
416 3155 51 91
468 3155 53 91
523 3155 53 91
578 3155 53 91
633 3155 313 91
947 3155 518 91
1466 3155 1854 91
8 3156 52 90
62 3156 291 90
8 3248 52 289
355 3248 59 289
416 3248 51 289
468 3248 53 289
523 3248 53 289
578 3248 53 289
633 3248 313 289
947 3248 518 289
1466 3248 1854 289
8 3539 52 288
355 3539 59 288
416 3539 51 288
468 3539 53 288
523 3539 53 288
578 3539 53 288
633 3539 313 288
947 3539 518 288
1466 3539 1854 288
62 3618 49 30
10 3903 51 92
63 3903 291 92
356 3903 59 92
417 3903 51 92
470 3903 52 92
524 3903 53 92
579 3903 53 92
634 3903 313 92
948 3903 518 92
1468 3903 1853 92
10 3997 51 289
356 3997 59 289
417 3997 51 289
470 3997 52 289
524 3997 53 289
579 3997 53 289
634 3997 313 289
948 3997 518 289
1468 3997 1853 289
10 4287 51 288
356 4287 59 289
417 4287 51 289
470 4287 52 289
524 4287 53 289
579 4287 53 289
634 4287 313 289
948 4287 518 289
1468 4287 1853 289
63 4504 78 21
10 4652 51 91
63 4652 291 91
356 4652 59 91
416 4652 52 91
469 4652 53 91
524 4652 53 91
579 4652 53 91
634 4652 313 91
948 4652 518 91
1467 4652 1854 91
10 4745 51 288
356 4745 59 288
416 4745 52 288
469 4745 53 288
524 4745 53 288
579 4745 53 288
634 4745 313 288
948 4745 518 288
1467 4745 1854 288
63 4990 30 43
