8 8 120 82
130 8 271 82
404 8 229 82
636 8 94 82
732 8 95 82
829 8 142 82
973 8 116 82
1092 8 261 82
1356 8 478 82
1837 8 1050 82
8 93 120 280
130 93 271 280
404 93 229 280
636 93 94 280
732 93 95 280
829 93 142 280
973 93 116 280
1092 93 261 280
1356 93 478 280
1837 93 1050 280
8 376 120 281
130 376 243 281
374 376 27 281
404 376 229 281
636 376 94 281
732 376 95 281
829 376 142 281
973 376 116 281
1092 376 261 281
1356 376 478 281
1837 376 1050 281
8 660 120 280
130 660 271 280
404 660 229 280
636 660 94 280
732 660 95 280
829 660 142 280
973 660 116 280
1092 660 261 280
1356 660 478 280
1837 660 1050 280
8 943 120 281
130 943 271 281
404 943 229 281
636 943 94 281
732 943 95 281
829 943 142 281
973 943 116 281
1092 943 261 281
1356 943 478 281
1837 943 1050 281
8 1227 1479 2513
1491 1227 1396 1988
1491 3219 1396 57
1491 3278 94 48
1587 3278 115 48
1704 3278 218 48
1923 3278 569 48
2493 3278 394 48
1491 3328 94 47
1587 3328 115 47
1704 3328 218 47
1923 3328 569 47
2493 3328 394 47
1491 3376 94 47
1587 3376 115 47
1704 3376 218 47
1923 3376 569 47
2493 3376 394 47
1491 3425 1396 315
