16 55 2014 211
16 268 2014 279
16 549 2014 78
16 628 60 102
78 628 181 102
261 628 59 102
322 628 60 102
383 628 60 102
445 628 59 102
506 628 59 102
567 628 202 102
771 628 295 102
1068 628 962 102
16 732 60 322
78 732 181 322
261 732 59 322
322 732 60 322
383 732 60 322
445 732 59 322
506 732 59 322
567 732 202 322
771 732 295 322
1068 732 962 322
16 1055 60 321
78 1055 181 321
261 1055 59 321
322 1055 60 321
383 1055 60 321
445 1055 59 321
506 1055 59 321
567 1055 202 321
771 1055 295 321
1068 1055 962 321
16 1378 60 321
78 1378 181 321
261 1378 59 321
322 1378 60 321
383 1378 60 321
445 1378 59 321
506 1378 59 321
567 1378 202 321
771 1378 295 321
1068 1378 962 321
16 1700 60 321
78 1700 181 321
261 1700 59 321
322 1700 60 321
383 1700 60 321
445 1700 59 321
506 1700 59 321
567 1700 202 321
771 1700 295 321
1068 1700 962 321
16 2023 504 902
522 2023 501 902
1025 2023 502 902
1529 2023 501 902
