12 11 2812 270
12 284 2812 209
12 496 2812 68
12 568 82 103
97 568 252 103
352 568 127 103
482 568 94 103
579 568 93 103
675 568 94 103
771 568 94 103
868 568 348 103
1219 568 349 103
1571 568 1253 103
12 674 82 196
97 674 252 196
352 674 127 196
482 674 94 196
579 674 93 196
675 674 94 196
771 674 94 196
868 674 348 196
1219 674 349 196
1571 674 1253 196
12 873 82 195
97 873 252 195
352 873 127 195
482 873 94 195
579 873 93 195
675 873 94 195
771 873 94 195
868 873 348 195
1219 873 349 195
1571 873 1253 195
12 1071 82 196
97 1071 252 196
352 1071 127 196
482 1071 94 196
579 1071 93 196
675 1071 94 196
771 1071 94 196
868 1071 348 196
1219 1071 349 196
1571 1071 1253 196
12 1270 82 196
97 1270 252 196
352 1270 127 196
482 1270 94 196
579 1270 93 196
675 1270 94 196
771 1270 94 196
868 1270 348 196
1219 1270 349 196
1571 1270 1253 196
12 1469 82 195
97 1469 252 195
352 1469 127 195
482 1469 94 195
579 1469 93 195
675 1469 94 195
771 1469 94 195
868 1469 348 195
1219 1469 349 195
1571 1469 1253 195
12 1667 82 196
97 1667 252 196
352 1667 127 196
482 1667 94 196
579 1667 93 196
675 1667 94 196
771 1667 94 196
868 1667 348 196
1219 1667 349 196
1571 1667 1253 196
12 1866 82 196
97 1866 252 196
352 1866 127 196
482 1866 94 196
579 1866 93 196
675 1866 94 196
771 1866 94 196
868 1866 348 196
1219 1866 349 196
1571 1866 1253 196
12 2064 82 196
97 2064 252 196
352 2064 127 196
482 2064 94 196
579 2064 93 196
675 2064 94 196
771 2064 94 196
868 2064 348 196
1219 2064 349 196
1571 2064 1253 196
12 2263 82 196
97 2263 252 196
352 2263 127 196
482 2263 94 196
579 2263 93 196
675 2263 94 196
771 2263 94 196
868 2263 348 196
1219 2263 349 196
1571 2263 1253 196
12 2462 82 195
97 2462 252 195
352 2462 127 195
482 2462 94 195
579 2462 93 195
675 2462 94 195
771 2462 94 195
868 2462 348 195
1219 2462 349 195
1571 2462 1253 195
12 2660 82 196
97 2660 252 196
352 2660 127 196
482 2660 94 196
579 2660 93 196
675 2660 94 196
771 2660 94 196
868 2660 348 196
1219 2660 349 196
1571 2660 1253 196
12 2859 82 196
97 2859 252 196
352 2859 127 196
482 2859 94 196
579 2859 93 196
675 2859 94 196
771 2859 94 196
868 2859 348 196
1219 2859 349 196
1571 2859 1253 196
12 3057 82 196
97 3057 252 196
352 3057 127 196
482 3057 94 196
579 3057 93 196
675 3057 94 196
771 3057 94 196
868 3057 348 196
1219 3057 349 196
1571 3057 1253 196
12 3256 82 196
97 3256 252 196
352 3256 127 196
482 3256 94 196
579 3256 93 196
675 3256 94 196
771 3256 94 196
868 3256 348 196
1219 3256 349 196
1571 3256 1253 196
12 3455 82 195
352 3455 127 195
482 3455 94 195
579 3455 93 195
675 3455 94 195
771 3455 94 195
868 3455 348 195
1219 3455 349 195
1571 3455 1253 195
286 3511 63 139
97 3513 71 137
12 3653 82 196
97 3653 252 196
352 3653 127 196
482 3653 94 196
579 3653 93 196
675 3653 94 196
771 3653 94 196
868 3653 348 196
1219 3653 349 196
1571 3653 1253 196
12 3852 82 190
352 3852 127 190
482 3852 94 190
579 3852 93 190
675 3852 94 190
771 3852 94 190
868 3852 348 190
1219 3852 349 190
1571 3852 1253 190
97 3901 72 92
267 3909 82 133
97 4006 47 36
