171 222 2717 266
171 490 2717 244
171 738 111 154
284 738 225 154
511 738 83 154
596 738 83 154
681 738 83 154
766 738 83 154
851 738 83 154
936 738 422 154
1360 738 481 154
1843 738 1045 154
171 894 111 327
284 894 225 327
511 894 83 327
596 894 83 327
681 894 83 327
766 894 83 327
851 894 83 327
936 894 422 327
1360 894 481 327
1843 894 1045 327
171 1223 111 327
284 1223 225 327
511 1223 83 327
596 1223 83 327
681 1223 83 327
766 1223 83 327
851 1223 83 327
936 1223 422 327
1360 1223 481 327
1843 1223 1045 327
171 1552 2717 2627
171 4183 2717 116
