22 20 2945 303
22 332 2945 175
22 516 2945 67
43 585 54 225
99 585 225 225
326 585 55 225
383 585 43 225
428 585 41 225
471 585 34 225
508 585 54 225
564 585 385 225
951 585 539 225
1515 585 54 225
1572 585 54 225
1628 585 225 225
1855 585 55 225
1912 585 43 225
1957 585 41 225
2000 585 34 225
2036 585 55 225
2093 585 385 225
2480 585 484 225
43 812 54 225
99 812 225 225
326 812 55 225
383 812 43 225
428 812 41 225
471 812 34 225
508 812 54 225
564 812 385 225
951 812 539 225
1515 812 54 225
1572 812 54 225
1628 812 225 225
1855 812 55 225
1912 812 43 225
1957 812 41 225
2000 812 34 225
2036 812 55 225
2093 812 385 225
2480 812 484 225
41 1039 1449 81
1515 1039 54 451
1572 1039 54 225
1628 1039 225 225
1855 1039 55 225
1912 1039 43 225
1957 1039 41 225
2000 1039 34 225
2036 1039 55 225
2093 1039 385 225
2480 1039 484 225
43 1122 54 225
99 1122 225 225
326 1122 55 225
383 1122 43 225
428 1122 41 225
471 1122 34 225
508 1122 54 225
564 1122 385 225
951 1122 539 225
1572 1266 54 224
1628 1266 225 224
1855 1266 55 224
1912 1266 43 224
1957 1266 41 224
2000 1266 34 224
2036 1266 55 224
2093 1266 385 224
2480 1266 484 224
43 1349 54 225
99 1349 225 225
326 1349 55 225
383 1349 43 225
428 1349 41 225
471 1349 34 225
508 1349 54 225
564 1349 385 225
951 1349 539 225
1515 1493 54 451
1572 1493 54 224
1628 1493 225 224
1855 1493 55 224
1912 1493 43 224
1957 1493 41 224
2000 1493 34 224
2036 1493 55 224
2093 1493 385 224
2480 1493 484 224
43 1576 54 225
99 1576 225 225
326 1576 55 225
383 1576 43 225
428 1576 41 225
471 1576 34 225
508 1576 54 225
564 1576 385 225
951 1576 539 225
1572 1719 54 225
1628 1719 225 225
1855 1719 55 225
1912 1719 43 225
1957 1719 41 225
2000 1719 34 225
2036 1719 55 225
2093 1719 385 225
2480 1719 484 225
43 1803 54 224
99 1803 225 224
326 1803 55 224
383 1803 43 224
428 1803 41 224
471 1803 34 224
508 1803 54 224
564 1803 385 224
951 1803 539 224
1515 1946 54 452
1572 1946 54 225
1628 1946 225 225
1855 1946 55 225
1912 1946 43 225
1957 1946 41 225
2000 1946 34 225
2036 1946 55 225
2093 1946 385 225
2480 1946 484 225
43 2030 54 224
99 2030 225 224
326 2030 55 224
383 2030 43 224
428 2030 41 224
471 2030 34 224
508 2030 54 224
564 2030 385 224
951 2030 539 224
1572 2173 54 225
1628 2173 225 225
1855 2173 55 225
1912 2173 43 225
1957 2173 41 225
2000 2173 34 225
2036 2173 55 225
2093 2173 385 225
2480 2173 484 225
43 2256 54 225
99 2256 225 225
326 2256 55 225
383 2256 43 225
428 2256 41 225
471 2256 34 225
508 2256 54 225
564 2256 385 225
951 2256 539 225
1515 2400 54 224
1572 2400 54 224
1628 2400 225 224
1855 2400 55 224
1912 2400 43 224
1957 2400 41 224
2000 2400 34 224
2036 2400 55 224
2093 2400 385 224
2480 2400 484 224
41 2483 1449 2233
1513 2626 1453 2090
