6 45 1063 88
7 135 1062 100
7 237 43 27
52 237 97 27
150 237 119 27
320 237 30 27
352 237 64 27
418 237 70 27
489 237 107 27
598 237 139 27
739 237 330 27
7 265 43 203
52 265 97 39
150 265 119 203
270 265 49 203
320 265 30 203
352 265 64 203
418 265 70 203
489 265 107 203
598 265 139 203
739 265 330 203
52 434 97 34
7 469 43 203
52 469 97 43
150 469 119 203
270 469 49 203
320 469 30 203
352 469 64 203
418 469 70 203
489 469 107 203
598 469 139 203
739 469 330 203
52 525 24 23
52 548 21 52
7 674 589 828
598 674 471 828
