17 17 2049 167
17 189 2049 148
17 340 63 104
82 340 230 104
315 340 66 104
383 340 61 104
446 340 56 104
504 340 90 104
596 340 87 104
686 340 263 104
951 340 364 104
1318 340 748 104
17 447 63 334
82 447 230 334
315 447 66 334
383 447 61 334
446 447 56 334
504 447 90 334
596 447 87 334
686 447 263 334
951 447 364 334
1318 447 748 334
17 784 63 334
82 784 230 334
315 784 66 334
383 784 61 334
446 784 56 334
504 784 90 334
596 784 87 334
686 784 263 334
951 784 364 334
1318 784 748 334
17 1120 63 335
82 1120 230 335
315 1120 66 335
383 1120 61 335
446 1120 56 335
504 1120 90 335
596 1120 87 335
686 1120 263 335
951 1120 364 335
1318 1120 748 335
17 1457 2049 1377
