12 11 2936 261
12 277 2936 119
25 402 1452 54
1496 402 1452 54
25 458 111 229
138 458 191 228
331 458 55 229
387 458 55 229
444 458 55 229
501 458 55 229
557 458 55 229
614 458 191 229
807 458 219 229
1028 458 449 229
1496 458 55 229
1552 458 55 229
1609 458 191 229
1802 458 55 229
1859 458 55 229
1915 458 55 229
1972 458 55 229
2029 458 55 229
2085 458 191 229
2278 458 220 229
2499 458 449 229
25 689 111 229
331 689 55 229
387 689 55 229
444 689 55 229
501 689 55 229
557 689 55 229
614 689 191 229
807 689 219 229
1028 689 449 229
1496 689 55 459
1552 689 55 229
1802 689 55 229
1859 689 55 229
1915 689 55 229
1972 689 55 229
2029 689 55 229
2085 689 191 229
2278 689 220 229
2499 689 449 229
1609 767 37 97
1771 769 29 90
25 920 111 229
331 920 55 229
387 920 55 229
444 920 55 229
501 920 55 229
557 920 55 229
614 920 191 229
807 920 219 229
1028 920 449 229
1552 920 55 228
1802 920 55 228
1859 920 55 228
1915 920 55 228
1972 920 55 228
2029 920 55 228
2085 920 191 228
2278 920 220 228
2499 920 449 228
138 984 30 89
1609 984 23 100
285 987 44 83
1760 1009 40 76
25 1151 1452 55
1496 1153 55 227
1552 1153 55 227
1802 1153 55 227
1859 1153 55 227
1915 1153 55 227
1972 1153 55 227
2029 1153 55 227
2085 1153 191 227
2278 1153 220 227
2499 1153 449 227
1609 1200 41 29
25 1207 55 230
81 1207 55 230
138 1207 191 229
331 1207 55 230
387 1207 55 230
444 1207 55 230
501 1207 55 230
557 1207 55 230
614 1207 191 230
807 1207 219 230
1028 1207 449 230
1760 1207 40 24
1761 1231 39 80
1609 1235 39 77
1496 1386 55 455
1552 1386 55 225
1802 1386 55 225
1859 1386 55 225
1915 1386 55 225
1972 1386 55 225
2029 1386 55 225
2085 1386 191 225
2278 1386 220 225
2499 1386 449 225
1753 1431 47 102
25 1438 55 1154
81 1438 55 230
331 1438 55 230
387 1438 55 230
444 1438 55 230
501 1438 55 230
557 1438 55 230
614 1438 191 230
807 1438 219 230
1028 1438 449 230
1609 1438 30 98
1552 1613 55 228
1802 1613 55 228
1859 1613 55 228
1915 1613 55 228
1972 1613 55 228
2029 1613 55 228
2085 1613 191 228
2278 1613 220 228
2499 1613 449 228
1750 1657 50 25
81 1669 55 230
331 1669 55 230
387 1669 55 230
444 1669 55 230
501 1669 55 230
557 1669 55 230
614 1669 191 230
807 1669 219 230
1028 1669 449 230
1751 1682 49 86
1609 1695 37 77
1483 1846 1465 2417
81 1900 55 230
331 1900 55 230
387 1900 55 230
444 1900 55 230
501 1900 55 230
557 1900 55 230
614 1900 191 230
807 1900 219 230
1028 1900 449 230
138 1956 32 129
294 1993 35 137
138 2099 24 24
81 2131 55 230
138 2131 191 230
331 2131 55 230
387 2131 55 230
444 2131 55 230
501 2131 55 230
557 2131 55 230
614 2131 191 230
807 2131 219 230
1028 2131 449 230
81 2363 55 229
331 2363 55 229
387 2363 55 229
444 2363 55 229
501 2363 55 229
557 2363 55 229
614 2363 191 229
807 2363 219 229
1028 2363 449 229
305 2444 24 90
138 2452 26 72
25 2594 1452 55
25 2650 55 230
81 2650 55 230
138 2650 191 230
331 2650 55 230
387 2650 55 230
444 2650 55 230
501 2650 55 230
557 2650 55 230
614 2650 191 230
807 2650 219 230
1028 2650 449 230
25 2881 55 227
81 2881 55 227
331 2881 55 227
387 2881 55 227
444 2881 55 227
501 2881 55 227
557 2881 55 227
614 2881 191 227
807 2881 219 227
1028 2881 449 227
25 3114 55 457
81 3114 55 228
331 3114 55 228
387 3114 55 228
444 3114 55 228
501 3114 55 228
557 3114 55 228
614 3114 191 228
807 3114 219 228
1028 3114 449 228
138 3180 33 22
301 3203 28 91
138 3208 25 87
81 3343 55 228
138 3343 191 173
331 3343 55 228
387 3343 55 228
444 3343 55 228
501 3343 55 228
557 3343 55 228
614 3343 191 228
807 3343 219 228
1028 3343 449 228
25 3576 55 457
81 3576 55 228
331 3576 55 228
387 3576 55 228
444 3576 55 228
501 3576 55 228
557 3576 55 228
614 3576 191 228
807 3576 219 228
1028 3576 449 228
283 3623 46 84
138 3629 41 94
81 3805 55 228
331 3805 55 228
387 3805 55 228
444 3805 55 228
501 3805 55 228
557 3805 55 228
614 3805 191 228
807 3805 219 228
1028 3805 449 228
289 3858 40 117
138 3860 34 112
138 3981 29 52
296 3997 33 36
25 4039 55 224
81 4039 55 224
331 4039 55 224
387 4039 55 224
444 4039 55 224
501 4039 55 224
557 4039 55 224
614 4039 191 224
807 4039 219 224
1028 4039 449 224
138 4088 37 35
284 4095 45 27
138 4123 36 73
286 4124 43 69
