26 122 2895 156
26 279 2895 243
26 525 55 56
82 525 54 56
137 525 171 56
309 525 162 56
472 525 50 56
523 525 34 56
558 525 69 56
628 525 74 56
703 525 317 56
1021 525 445 56
1484 525 1437 3472
26 582 55 1463
82 582 54 487
137 582 171 136
309 582 162 487
472 582 50 487
523 582 34 487
558 582 69 487
628 582 74 487
703 582 317 487
1021 582 445 487
137 924 171 145
82 1070 54 487
137 1070 171 147
309 1070 162 487
472 1070 50 487
523 1070 34 487
558 1070 69 487
628 1070 74 487
703 1070 317 487
1021 1070 445 487
137 1424 171 133
82 1558 54 487
137 1558 171 144
309 1558 162 487
472 1558 50 487
523 1558 34 487
558 1558 69 487
628 1558 74 487
703 1558 317 487
1021 1558 445 487
137 1913 171 132
26 2046 55 487
82 2046 54 487
137 2046 171 146
309 2046 162 487
472 2046 50 487
523 2046 34 487
558 2046 69 487
628 2046 74 487
703 2046 317 487
1021 2046 445 487
137 2404 171 129
26 2534 55 488
82 2534 54 488
137 2534 171 146
309 2534 162 488
472 2534 50 488
523 2534 34 488
558 2534 69 488
628 2534 74 488
703 2534 317 488
1021 2534 445 488
137 2890 171 132
26 3023 55 974
82 3023 54 487
137 3023 171 144
309 3023 162 487
472 3023 50 487
523 3023 34 487
558 3023 69 487
628 3023 74 487
703 3023 317 487
1021 3023 445 487
137 3382 171 128
82 3511 54 486
137 3511 171 147
309 3511 162 486
472 3511 50 486
523 3511 34 486
558 3511 69 486
628 3511 74 486
703 3511 317 486
1021 3511 445 486
137 3868 171 129
