128 726 113 93
247 726 255 93
508 726 141 93
656 726 113 93
776 726 112 93
895 726 141 93
1042 726 142 93
1190 726 226 93
1423 726 509 93
1939 726 1023 93
128 825 113 340
247 825 255 339
508 825 141 340
656 825 113 340
776 825 112 340
895 825 141 340
1042 825 142 340
1190 825 226 340
1423 825 509 340
1939 825 1023 340
128 1171 113 339
247 1171 255 340
508 1171 141 340
656 1171 113 339
776 1171 112 340
895 1171 141 339
1042 1171 142 339
1190 1171 226 340
1423 1171 509 340
1939 1171 1023 340
1557 2795 1391 58
1557 2855 111 31
1670 2855 281 31
1953 2855 321 31
2276 2855 355 31
2634 2855 111 31
2747 2855 202 31
1557 2888 111 30
1670 2888 281 30
1953 2888 321 30
2276 2888 355 30
2634 2888 111 30
2747 2888 202 30
1557 2920 111 30
1670 2920 281 30
1953 2920 321 30
2276 2920 355 30
2634 2920 111 30
2747 2920 202 30
1557 2952 111 63
1670 2952 281 63
1953 2952 321 63
2276 2952 355 63
2634 2952 111 63
2747 2952 202 63
1557 3017 111 30
1670 3017 281 30
1953 3017 321 30
2276 3017 355 30
2634 3017 111 30
2747 3017 202 30
1557 3049 111 31
1670 3049 281 31
1953 3049 321 31
2276 3049 355 31
2634 3049 111 31
2747 3049 202 31
1557 3082 111 30
1670 3082 281 30
1953 3082 321 30
2276 3082 355 30
2634 3082 111 30
2747 3082 202 30
1557 3114 111 30
1670 3114 281 30
1953 3114 321 30
2276 3114 355 30
2634 3114 111 30
2747 3114 202 30
1557 3146 111 31
1670 3146 281 31
1953 3146 321 31
2276 3146 355 31
2634 3146 111 31
2747 3146 202 31
1557 3179 111 30
1670 3179 281 30
1953 3179 321 30
2276 3179 355 30
2634 3179 111 30
2747 3179 202 30
1557 3211 111 31
1670 3211 281 31
1953 3211 321 31
2276 3211 355 31
2634 3211 111 31
2747 3211 202 31
1557 3244 111 30
1670 3244 281 30
1953 3244 321 30
2276 3244 355 30
2634 3244 111 30
2747 3244 202 30
1557 3276 111 30
1670 3276 281 30
1953 3276 321 30
2276 3276 355 30
2634 3276 111 30
2747 3276 202 30
1557 3308 111 31
1670 3308 281 31
1953 3308 321 31
2276 3308 355 31
2634 3308 111 31
2747 3308 202 31
1557 3341 111 30
1670 3341 281 30
1953 3341 321 30
2276 3341 355 30
2634 3341 111 30
2747 3341 202 30
1557 3373 111 31
1670 3373 281 31
1953 3373 321 31
2276 3373 355 31
2634 3373 111 31
2747 3373 202 31
1557 3406 111 30
1670 3406 281 30
1953 3406 321 30
2276 3406 355 30
2634 3406 111 30
2747 3406 202 30
1557 3438 111 30
1670 3438 281 30
1953 3438 321 30
2276 3438 355 30
2634 3438 111 30
2747 3438 202 30
1557 3470 111 31
1670 3470 281 31
1953 3470 321 31
2276 3470 355 31
2634 3470 111 31
2747 3470 202 31
1557 3503 111 30
1670 3503 281 30
1953 3503 321 30
2276 3503 355 30
2634 3503 111 30
2747 3503 202 30
1557 3535 111 31
1670 3535 281 31
1953 3535 321 31
2276 3535 355 31
2634 3535 111 31
2747 3535 202 31
1557 3568 111 30
1670 3568 281 30
1953 3568 321 30
2276 3568 355 30
2634 3568 111 30
2747 3568 202 30
1557 3600 111 30
1670 3600 281 30
1953 3600 321 30
2276 3600 355 30
2634 3600 111 30
2747 3600 202 30
1557 3633 111 30
1670 3633 281 30
1953 3633 321 30
2276 3633 355 30
2634 3633 111 30
2747 3633 202 30
1557 3665 111 30
1670 3665 281 30
1953 3665 321 30
2276 3665 355 30
2634 3665 111 30
2747 3665 202 30
1557 3697 111 31
1670 3697 281 31
1953 3697 321 31
2276 3697 355 31
2634 3697 111 31
2747 3697 202 31
1557 3730 111 62
1670 3730 281 62
1953 3730 321 62
2276 3730 355 62
2634 3730 111 62
2747 3730 202 62
1557 3795 111 30
1670 3795 281 30
1953 3795 321 30
2276 3795 355 30
2634 3795 111 30
2747 3795 202 30
1557 3827 111 30
1670 3827 281 30
1953 3827 321 30
2276 3827 355 30
2634 3827 111 30
2747 3827 202 30
1557 3859 111 31
1670 3859 281 31
1953 3859 321 31
2276 3859 355 31
2634 3859 111 31
2747 3859 202 31
1557 3892 111 30
1670 3892 281 30
1953 3892 321 30
2276 3892 355 30
2634 3892 111 30
2747 3892 202 30
1557 3924 111 30
1670 3924 281 30
1953 3924 321 30
2276 3924 355 30
2634 3924 111 30
2747 3924 202 30
1557 3957 111 30
1670 3957 281 30
1953 3957 321 30
2276 3957 355 30
2634 3957 111 30
2747 3957 202 30
1557 3989 111 30
1670 3989 281 30
1953 3989 321 30
2276 3989 355 30
2634 3989 111 30
2747 3989 202 30
1557 4021 111 31
1670 4021 281 31
1953 4021 321 31
2276 4021 355 31
2634 4021 111 31
2747 4021 202 31
1557 4054 111 30
1670 4054 281 30
1953 4054 321 30
2276 4054 355 30
2634 4054 111 30
2747 4054 202 30
