122 97 2822 360
122 460 2822 400
122 867 2822 77
241 948 176 66
818 948 110 66
1044 948 225 66
1595 948 1349 66
122 949 115 65
420 949 225 65
1272 949 319 65
649 951 97 62
932 952 109 55
241 1016 176 59
649 1016 97 281
818 1016 110 281
932 1016 109 275
1044 1016 225 281
1595 1016 1349 281
420 1017 225 274
122 1019 115 271
748 1021 66 271
1272 1021 319 276
375 1113 42 23
241 1300 176 52
649 1300 97 280
818 1300 110 280
932 1300 109 280
1044 1300 225 280
122 1301 115 278
420 1301 225 278
1595 1301 1349 279
1272 1304 319 276
748 1305 66 269
122 1587 2822 2499
