42 586 55 255
99 586 225 255
327 586 54 255
383 586 43 255
429 586 40 255
471 586 34 255
507 586 55 255
565 586 258 255
825 586 665 255
1515 586 55 255
1572 586 54 255
1629 586 225 255
1856 586 54 255
1912 586 43 255
1958 586 41 255
2002 586 33 255
2037 586 55 255
2095 586 255 255
2352 586 613 255
42 843 55 255
99 843 225 255
327 843 54 255
383 843 43 255
429 843 40 255
471 843 34 255
507 843 55 255
565 843 258 255
825 843 665 255
1515 843 55 256
1572 843 54 256
1629 843 225 256
1856 843 54 256
1912 843 43 256
1958 843 41 256
2002 843 33 256
2037 843 55 256
2095 843 255 256
2352 843 613 256
42 1100 55 255
99 1100 225 255
327 1100 54 255
383 1100 43 255
429 1100 40 255
471 1100 34 255
507 1100 55 255
565 1100 258 255
825 1100 665 255
1515 1101 55 513
1572 1101 54 256
1629 1101 225 256
1856 1101 54 256
1912 1101 43 256
1958 1101 41 256
2002 1101 33 256
2037 1101 55 256
2095 1101 255 256
2352 1101 613 256
22 1357 1468 101
1572 1359 54 255
1629 1359 225 255
1856 1359 54 255
1912 1359 43 255
1958 1359 41 255
2002 1359 33 255
2037 1359 55 255
2095 1359 255 255
2352 1359 613 255
43 1461 54 254
100 1461 225 254
327 1461 54 254
383 1461 44 254
429 1461 41 254
472 1461 34 254
508 1461 55 254
565 1461 258 254
826 1461 664 254
1515 1617 55 1286
1572 1617 54 255
1629 1617 225 255
1856 1617 54 255
1912 1617 43 255
1958 1617 41 255
2002 1617 33 255
2037 1617 55 255
2095 1617 255 255
2352 1617 613 255
43 1718 54 254
100 1718 225 254
327 1718 54 254
383 1718 44 254
429 1718 41 254
472 1718 34 254
508 1718 55 254
565 1718 258 254
826 1718 664 254
1572 1874 54 256
1629 1874 225 256
1856 1874 54 256
1912 1874 43 256
1958 1874 41 256
2002 1874 33 256
2037 1874 55 256
2095 1874 255 256
2352 1874 613 256
43 1975 54 254
100 1975 225 254
327 1975 54 254
383 1975 44 254
429 1975 41 254
472 1975 34 254
508 1975 55 254
565 1975 258 254
826 1975 664 254
1572 2132 54 256
1629 2132 225 256
1856 2132 54 256
1912 2132 43 256
1958 2132 41 256
2002 2132 33 256
2037 2132 55 256
2095 2132 255 256
2352 2132 613 256
43 2232 54 254
100 2232 225 254
327 2232 54 254
383 2232 44 254
429 2232 41 254
472 2232 34 254
508 2232 55 254
565 2232 258 254
826 2232 664 254
1572 2390 54 255
1629 2390 225 255
1856 2390 54 255
1912 2390 43 255
1958 2390 41 255
2002 2390 33 255
2037 2390 55 255
2095 2390 255 255
2352 2390 613 255
43 2488 54 255
100 2488 225 255
327 2488 54 255
383 2488 44 255
429 2488 41 255
472 2488 34 255
508 2488 55 255
565 2488 258 255
826 2488 664 255
1572 2648 54 255
1629 2648 225 255
1856 2648 54 255
1912 2648 43 255
1958 2648 41 255
2002 2648 33 255
2037 2648 55 255
2095 2648 255 255
2352 2648 613 255
43 2745 54 255
327 2745 54 255
383 2745 44 255
429 2745 41 255
472 2745 34 255
508 2745 55 255
565 2745 258 255
826 2745 664 255
1499 2905 1468 1811
22 3002 1468 1714
