16 17 2832 208
16 226 2832 246
16 474 109 110
126 474 362 110
489 474 84 110
574 474 84 110
659 474 84 110
745 474 83 110
830 474 83 110
915 474 395 110
1311 474 566 110
1878 474 969 110
16 585 109 367
126 585 362 367
489 585 84 367
574 585 84 367
659 585 84 367
745 585 83 367
830 585 83 367
915 585 395 367
1311 585 566 367
1878 585 969 367
16 954 109 365
126 954 362 365
489 954 84 365
574 954 84 365
659 954 84 365
745 954 83 365
830 954 83 365
915 954 395 365
1311 954 566 365
1878 954 969 365
16 1325 1416 2838
1436 1325 1411 2838
