12 11 2936 261
12 277 2936 119
25 402 1452 54
1496 402 1452 54
25 458 111 229
138 458 191 229
331 458 55 229
387 458 55 229
444 458 55 229
501 458 55 229
557 458 55 229
614 458 191 229
807 458 219 229
1028 458 449 229
1496 458 55 229
1552 458 55 229
1609 458 191 229
1802 458 55 229
1859 458 55 229
1915 458 55 229
1972 458 55 229
2029 458 55 229
2085 458 191 229
2278 458 220 229
2499 458 449 229
25 689 111 229
331 689 55 229
387 689 55 229
444 689 55 229
501 689 55 229
557 689 55 229
614 689 191 229
807 689 219 229
1028 689 449 229
1496 689 55 458
1552 689 55 229
1802 689 55 229
1859 689 55 229
1915 689 55 229
1972 689 55 229
2029 689 55 229
2085 689 191 229
2278 689 220 229
2499 689 449 229
1609 744 31 174
138 747 40 24
1768 747 32 133
138 771 38 147
296 772 33 146
1772 884 28 34
25 920 111 229
331 920 55 229
387 920 55 229
444 920 55 229
501 920 55 229
557 920 55 229
614 920 191 229
807 920 219 229
1028 920 449 229
1552 920 55 227
1802 920 55 227
1859 920 55 227
1915 920 55 227
1972 920 55 227
2029 920 55 227
2085 920 191 227
2278 920 220 227
2499 920 449 227
1770 981 30 115
1609 983 25 111
138 987 31 100
297 994 32 113
25 1151 111 229
331 1151 55 229
387 1151 55 229
444 1151 55 229
501 1151 55 229
557 1151 55 229
614 1151 191 229
807 1151 219 229
1028 1151 449 229
1496 1153 55 456
1552 1153 55 227
1802 1153 55 227
1859 1153 55 227
1915 1153 55 227
1972 1153 55 227
2029 1153 55 227
2085 1153 191 227
2278 1153 220 227
2499 1153 449 227
292 1215 37 97
138 1216 38 98
1609 1229 36 80
1769 1233 31 80
25 1382 1452 55
1552 1382 55 227
1802 1382 55 227
1859 1382 55 227
1915 1382 55 227
1972 1382 55 227
2029 1382 55 227
2085 1382 191 227
2278 1382 220 227
2499 1382 449 227
25 1438 55 230
81 1438 55 230
138 1438 191 230
331 1438 55 230
387 1438 55 230
444 1438 55 230
501 1438 55 230
557 1438 55 230
614 1438 191 230
807 1438 219 230
1028 1438 449 230
1609 1442 38 30
1765 1447 35 26
1609 1475 32 93
1768 1475 32 90
1496 1615 55 456
1552 1615 55 227
1802 1615 55 227
1859 1615 55 227
1915 1615 55 227
1972 1615 55 227
2029 1615 55 227
2085 1615 191 227
2278 1615 220 227
2499 1615 449 227
25 1669 55 2078
81 1669 55 230
331 1669 55 230
387 1669 55 230
444 1669 55 230
501 1669 55 230
557 1669 55 230
614 1669 191 230
807 1669 219 230
1028 1669 449 230
1609 1687 33 92
1767 1689 33 100
138 1729 30 114
290 1731 39 107
1552 1844 55 227
1802 1844 55 227
1859 1844 55 227
1915 1844 55 227
1972 1844 55 227
2029 1844 55 227
2085 1844 191 227
2278 1844 220 227
2499 1844 449 227
81 1900 55 230
331 1900 55 230
387 1900 55 230
444 1900 55 230
501 1900 55 230
557 1900 55 230
614 1900 191 230
807 1900 219 230
1028 1900 449 230
1609 1900 24 130
1765 1907 35 29
1770 1948 30 74
138 1952 39 106
293 1953 36 103
1496 2077 55 687
1552 2077 55 227
1802 2077 55 227
1859 2077 55 227
1915 2077 55 227
1972 2077 55 227
2029 2077 55 227
2085 2077 191 227
2278 2077 220 227
2499 2077 449 227
1766 2115 34 142
1609 2127 32 133
81 2131 55 230
331 2131 55 230
387 2131 55 230
444 2131 55 230
501 2131 55 230
557 2131 55 230
614 2131 191 230
807 2131 219 230
1028 2131 449 230
138 2189 31 122
297 2192 32 32
298 2224 31 82
1552 2306 55 229
1802 2306 55 229
1859 2306 55 229
1915 2306 55 229
1972 2306 55 229
2029 2306 55 229
2085 2306 191 229
2278 2306 220 229
2499 2306 449 229
81 2363 55 229
331 2363 55 229
387 2363 55 229
444 2363 55 229
501 2363 55 229
557 2363 55 229
614 2363 191 229
807 2363 219 229
1028 2363 449 229
1609 2365 33 23
1773 2389 27 99
1609 2395 24 88
138 2436 27 106
299 2439 30 98
1552 2537 55 227
1802 2537 55 227
1859 2537 55 227
1915 2537 55 227
1972 2537 55 227
2029 2537 55 227
2085 2537 191 227
2278 2537 220 227
2499 2537 449 227
1609 2585 33 45
81 2594 55 229
331 2594 55 229
387 2594 55 229
444 2594 55 229
501 2594 55 229
557 2594 55 229
614 2594 191 229
807 2594 219 229
1028 2594 449 229
1770 2625 30 89
1609 2630 32 84
299 2655 30 111
138 2669 29 98
1496 2770 55 456
1552 2770 55 227
1802 2770 55 227
1859 2770 55 227
1915 2770 55 227
1972 2770 55 227
2029 2770 55 227
2085 2770 191 227
2278 2770 220 227
2499 2770 449 227
1769 2823 31 40
81 2825 55 229
331 2825 55 229
387 2825 55 229
444 2825 55 229
501 2825 55 229
557 2825 55 229
614 2825 191 229
807 2825 219 229
1028 2825 449 229
1609 2832 31 33
1773 2867 27 85
1609 2868 29 88
295 2882 34 25
138 2896 33 93
298 2915 31 89
1552 2999 55 227
1802 2999 55 227
1859 2999 55 227
1915 2999 55 227
1972 2999 55 227
2029 2999 55 227
2085 2999 191 227
2278 2999 220 227
2499 2999 449 227
1609 3048 39 27
1765 3053 35 21
81 3056 55 229
331 3056 55 229
387 3056 55 229
444 3056 55 229
501 3056 55 229
557 3056 55 229
614 3056 191 229
807 3056 219 229
1028 3056 449 229
1609 3077 35 84
1769 3081 31 145
138 3113 33 129
304 3152 25 75
1496 3232 55 225
1552 3232 55 225
1802 3232 55 225
1859 3232 55 225
1915 3232 55 225
1972 3232 55 225
2029 3232 55 225
2085 3232 191 225
2278 3232 220 225
2499 3232 449 225
1609 3285 27 35
81 3287 55 229
331 3287 55 229
387 3287 55 229
444 3287 55 229
501 3287 55 229
557 3287 55 229
614 3287 191 229
807 3287 219 229
1028 3287 449 229
1768 3322 32 89
1609 3325 21 94
138 3339 36 110
285 3356 44 76
1496 3463 55 456
1552 3463 55 227
1802 3463 55 227
1859 3463 55 227
1915 3463 55 227
1972 3463 55 227
2029 3463 55 227
2085 3463 191 227
2278 3463 220 227
2499 3463 449 227
1609 3517 26 173
81 3518 55 229
331 3518 55 229
387 3518 55 229
444 3518 55 229
501 3518 55 229
557 3518 55 229
614 3518 191 229
807 3518 219 229
1028 3518 449 229
1770 3522 30 168
292 3569 37 126
138 3576 32 112
1552 3692 55 227
1802 3692 55 227
1859 3692 55 227
1915 3692 55 227
1972 3692 55 227
2029 3692 55 227
2085 3692 191 227
2278 3692 220 227
2499 3692 449 227
292 3695 27 48
1769 3746 31 136
25 3749 1452 55
1609 3751 30 120
25 3805 55 230
81 3805 55 230
138 3805 191 230
331 3805 55 230
387 3805 55 230
444 3805 55 230
501 3805 55 230
557 3805 55 230
614 3805 191 230
807 3805 219 230
1028 3805 449 230
1496 3925 55 226
1552 3925 55 226
1802 3925 55 226
1859 3925 55 226
1915 3925 55 226
1972 3925 55 226
2029 3925 55 226
2085 3925 191 226
2278 3925 220 226
2499 3925 449 226
25 4036 55 227
81 4036 55 227
138 4036 191 227
331 4036 55 227
387 4036 55 227
444 4036 55 227
501 4036 55 227
557 4036 55 227
614 4036 191 227
807 4036 219 227
1028 4036 449 227
1483 4157 1465 106
