1923 178 124 29
2174 178 35 80
1638 181 34 32
1709 202 26 28
1617 218 50 28
1285 269 116 68
974 270 49 76
1529 270 35 133
2743 270 45 59
2794 270 46 58
1122 277 124 21
2174 284 35 79
2244 284 118 33
799 296 62 46
873 296 60 112
173 308 108 26
656 310 93 114
386 318 31 26
2244 318 68 23
3265 330 45 53
561 331 40 90
1923 334 124 28
1638 337 34 31
1292 338 61 57
2889 345 23 34
2951 345 21 33
1709 358 26 28
821 363 38 32
1617 374 50 28
2684 539 25 39
2586 544 40 38
3033 546 51 30
2649 590 47 23
3040 600 25 29
3072 600 24 29
1989 1017 57 52
2047 1017 53 51
2101 1017 252 51
2355 1017 288 51
2644 1017 302 51
2948 1017 478 51
1989 1070 57 681
2047 1070 53 341
2355 1070 68 81
2424 1070 219 81
2645 1070 301 341
2948 1070 478 341
2103 1134 33 57
2315 1140 37 46
2355 1153 68 63
2425 1153 218 63
2103 1195 21 158
2355 1218 68 63
2424 1218 219 63
2354 1283 69 62
2424 1283 219 63
2424 1348 219 63
2355 1356 68 55
2050 1413 50 338
2354 1413 69 80
2424 1413 219 81
2649 1413 297 338
2947 1413 480 337
2308 1494 45 257
2101 1496 52 181
2354 1496 69 63
2424 1496 219 63
2355 1560 67 63
2425 1560 218 63
2355 1625 68 64
2424 1625 219 63
2102 1677 51 74
2355 1690 67 61
2425 1690 218 61
1989 1758 57 333
2047 1758 53 333
2355 1758 68 79
2424 1758 219 79
2644 1758 302 333
2948 1758 478 333
2102 1830 44 144
2302 1838 51 137
2355 1838 67 63
2425 1838 218 63
2354 1903 69 63
2424 1903 219 63
2355 1968 68 63
2424 1968 219 63
2355 2033 68 58
2424 2033 219 58
1990 2098 56 679
2048 2098 51 341
2356 2098 66 81
2426 2098 216 81
2645 2098 301 341
2949 2098 477 341
2102 2179 36 166
2355 2180 67 64
2424 2180 219 64
2305 2186 47 154
2355 2246 68 63
2424 2246 219 62
2354 2310 69 63
2424 2310 219 63
2355 2375 68 64
2424 2375 219 64
2047 2441 53 336
2101 2441 252 26
2355 2441 68 80
2424 2441 219 80
2644 2441 302 336
2947 2441 480 335
2291 2500 62 23
2101 2521 54 36
2355 2523 68 64
2424 2523 219 64
2293 2536 60 22
2297 2561 56 88
2101 2568 48 87
2355 2588 67 63
2425 2588 218 63
2355 2653 67 63
2425 2653 218 63
2357 2717 63 60
2426 2717 216 60
1998 2785 48 678
2047 2785 53 338
2101 2785 252 217
2354 2785 62 78
2424 2785 219 78
2658 2785 288 338
2947 2785 480 338
2357 2866 57 63
2428 2866 215 63
2354 2931 69 62
2424 2931 219 63
2354 2996 69 28
2424 2996 219 63
2164 3003 129 41
2355 3024 68 35
2355 3060 68 63
2424 3060 219 63
2047 3125 53 338
2355 3125 68 82
2424 3125 219 82
2644 3125 302 337
2948 3125 479 337
2301 3195 52 212
2355 3208 68 63
2424 3208 219 63
2102 3210 35 194
2355 3273 68 64
2424 3273 219 63
2355 3338 68 63
2424 3338 219 63
2354 3403 69 59
2424 3403 219 60
2108 3404 29 57
2301 3407 51 55
1989 3470 57 679
2047 3470 53 338
2102 3470 251 197
2355 3470 68 79
2424 3470 219 79
2644 3470 302 338
2948 3470 478 339
2355 3551 68 63
2424 3551 219 63
2355 3615 66 64
2428 3615 214 64
2176 3671 94 21
2354 3681 69 28
2424 3681 219 63
2355 3709 68 35
2355 3746 68 62
2424 3746 219 62
2047 3810 53 339
2355 3810 68 82
2424 3810 219 82
2644 3810 302 339
2947 3810 480 338
2301 3887 52 158
2101 3891 48 157
2354 3894 69 62
2424 3894 219 62
2355 3958 68 63
2424 3958 219 63
2354 4023 69 63
2424 4023 219 64
2355 4088 68 61
2424 4088 219 61
1989 4156 57 678
2047 4156 53 338
2355 4156 68 79
2424 4156 219 79
2644 4156 302 338
2948 4156 478 338
2102 4234 38 172
2355 4236 68 63
2424 4236 219 63
2303 4260 50 26
2311 4289 42 115
2355 4301 68 62
2424 4301 219 63
2355 4365 68 64
2424 4365 219 64
2355 4431 68 63
2424 4431 219 63
2047 4496 53 338
2101 4496 252 32
2355 4496 68 81
2424 4496 219 81
2644 4496 302 337
2948 4496 479 337
2354 4578 69 63
2424 4578 219 64
2101 4587 37 31
2317 4610 36 147
2101 4626 34 146
2354 4644 69 62
2424 4644 219 62
2355 4708 68 63
2424 4708 219 63
2354 4773 69 60
2424 4773 219 60
89 1017 59 47
150 1017 55 47
207 1017 250 47
458 1017 288 47
747 1017 308 47
1057 1017 839 47
88 1065 61 371
150 1065 55 371
207 1065 250 263
458 1065 69 97
529 1065 217 97
747 1065 308 371
1057 1065 840 371
458 1164 69 67
529 1164 217 67
458 1233 69 67
529 1233 217 67
460 1301 64 67
530 1301 216 67
207 1354 121 82
372 1361 85 41
458 1370 69 66
529 1370 217 66
88 1436 60 370
150 1438 55 368
458 1438 69 98
529 1438 217 98
747 1438 308 368
1057 1438 840 368
207 1501 48 50
409 1502 48 49
458 1537 69 67
529 1537 217 67
412 1551 45 140
207 1561 42 132
458 1606 69 66
529 1606 217 66
458 1674 69 68
529 1674 217 68
458 1743 69 63
529 1743 217 63
89 1940 58 46
151 1940 50 46
208 1940 248 46
459 1940 287 22
748 1940 297 46
1052 1940 848 46
459 1962 68 24
529 1965 217 21
93 1987 53 1116
748 1987 301 372
1051 1987 849 372
150 1988 55 371
458 1988 69 97
529 1988 217 97
423 2086 33 149
217 2087 23 159
458 2087 69 67
529 2087 217 67
458 2155 69 68
529 2155 217 68
459 2224 68 67
529 2224 217 67
458 2293 69 66
529 2293 217 66
150 2361 55 372
207 2361 250 25
458 2361 69 98
529 2361 217 98
747 2361 302 372
1051 2361 850 372
412 2456 45 41
458 2460 69 67
529 2460 217 67
207 2463 40 30
207 2494 38 121
413 2497 44 112
458 2529 69 67
529 2529 217 67
458 2597 69 67
529 2597 217 67
458 2666 69 67
529 2666 217 67
150 2735 55 368
458 2735 69 97
529 2735 217 97
747 2735 302 368
1051 2735 850 368
405 2826 52 26
207 2830 40 42
458 2834 69 67
529 2834 217 67
410 2868 47 129
207 2876 37 121
458 2902 69 67
529 2902 217 67
458 2971 69 67
529 2971 217 67
458 3039 69 64
529 3039 217 64
85 3296 64 54
150 3296 96 54
247 3296 288 54
536 3296 617 54
1155 3296 225 54
85 3352 64 723
150 3352 96 33
247 3352 288 33
536 3352 617 33
1155 3352 225 33
150 3387 96 32
247 3387 288 32
536 3387 617 32
1155 3387 225 32
150 3421 96 33
247 3421 288 33
536 3421 617 33
1155 3421 225 33
150 3456 96 32
247 3456 288 32
536 3456 617 32
1155 3456 225 32
150 3490 96 33
247 3490 288 33
536 3490 617 33
1155 3490 225 33
150 3525 96 33
247 3525 288 33
536 3525 617 33
1155 3525 225 33
150 3559 96 33
248 3559 287 33
536 3559 617 33
1155 3559 225 33
153 3594 93 33
247 3594 288 33
536 3594 617 33
1157 3594 221 33
150 3628 96 33
248 3628 282 33
536 3628 617 33
1155 3628 224 33
150 3662 96 34
248 3662 287 34
536 3662 617 34
1155 3662 225 34
150 3697 96 33
247 3697 288 33
536 3697 617 33
1155 3697 225 33
150 3731 96 34
247 3731 288 34
536 3731 617 34
1155 3731 225 34
150 3766 96 34
247 3766 288 34
536 3766 617 34
1155 3766 225 34
150 3801 96 33
247 3801 288 33
536 3801 617 33
1155 3801 225 33
150 3835 96 34
247 3835 288 33
536 3835 617 34
1155 3835 225 34
150 3870 96 33
247 3870 288 32
536 3870 617 32
1155 3870 225 32
150 3904 96 33
247 3904 288 33
536 3904 617 33
1155 3904 225 33
150 3939 96 33
247 3939 288 32
536 3939 617 33
1155 3939 225 33
150 3973 96 33
247 3973 288 33
536 3973 617 33
1155 3973 225 33
150 4008 96 33
247 4008 288 33
536 4008 617 33
1155 4008 225 33
150 4043 96 32
247 4043 288 32
536 4043 617 32
1155 4043 225 32
86 4224 791 32
878 4224 517 32
86 4257 157 33
245 4257 632 33
878 4257 110 33
990 4257 405 33
86 4292 157 33
245 4292 632 33
878 4292 110 33
990 4292 405 33
86 4327 157 33
245 4327 632 33
878 4327 110 33
990 4327 405 33
86 4361 157 34
245 4361 632 34
878 4361 110 34
990 4361 405 34
86 4396 157 34
245 4396 632 34
878 4396 110 34
990 4396 405 34
86 4432 157 31
245 4432 632 31
878 4432 110 31
990 4432 405 31
