20 22 2900 151
20 176 2899 240
20 419 47 63
68 419 50 63
119 419 155 63
275 419 119 63
396 419 47 63
444 419 23 63
468 419 63 63
532 419 61 63
594 419 172 63
767 419 177 63
945 419 518 63
1476 419 45 63
1522 419 50 63
1573 419 156 63
1730 419 119 63
1850 419 47 63
1898 419 24 63
1923 419 63 63
1987 419 61 63
2049 419 172 63
2222 419 177 63
2400 419 519 63
20 483 47 839
68 483 50 193
119 483 155 49
275 483 119 279
396 483 47 279
444 483 23 279
468 483 63 279
532 483 61 279
594 483 172 279
767 483 177 279
945 483 518 279
1476 483 45 559
1522 483 50 279
1573 483 156 53
1730 483 119 279
1850 483 47 279
1898 483 24 279
1923 483 63 279
1987 483 61 279
2049 483 172 279
2222 483 177 279
2400 483 520 279
1573 570 35 27
1697 575 32 78
1573 597 34 59
250 598 24 67
68 676 49 86
119 725 69 37
198 725 73 37
1573 727 155 35
68 763 50 194
119 763 155 47
275 763 119 279
396 763 47 279
444 763 23 279
468 763 63 279
532 763 61 279
594 763 172 279
767 763 177 279
945 763 518 279
1522 763 50 279
1573 763 156 55
1730 763 119 279
1850 763 47 279
1898 763 24 279
1923 763 63 279
1987 763 61 279
2049 763 172 279
2222 763 177 279
2400 763 520 279
119 847 27 110
242 848 32 194
1700 849 29 93
1573 850 28 95
68 957 49 85
1573 1008 155 34
69 1043 49 188
119 1043 155 50
275 1043 119 279
396 1043 47 279
444 1043 23 279
468 1043 63 279
532 1043 61 279
594 1043 172 279
767 1043 177 279
945 1043 518 279
1476 1043 45 559
1522 1043 50 279
1573 1043 156 51
1730 1043 119 279
1850 1043 47 279
1898 1043 24 279
1923 1043 63 279
1987 1043 61 279
2049 1043 172 279
2222 1043 177 279
2400 1043 520 279
1696 1121 33 97
1573 1124 33 96
119 1128 31 21
238 1128 36 21
119 1151 27 66
241 1152 33 67
69 1231 48 91
1573 1286 78 36
1652 1286 76 36
119 1287 152 35
20 1323 47 279
68 1323 50 186
119 1323 155 47
275 1323 119 279
396 1323 47 279
444 1323 23 279
468 1323 63 279
532 1323 61 279
594 1323 172 279
767 1323 177 279
945 1323 518 279
1522 1323 50 279
1573 1323 156 53
1730 1323 119 279
1850 1323 47 279
1898 1323 24 279
1923 1323 63 279
1987 1323 61 279
2049 1323 172 279
2222 1323 177 279
2400 1323 520 279
119 1407 30 24
240 1407 34 21
1573 1425 23 80
1707 1426 22 89
119 1431 29 63
243 1432 31 66
68 1509 49 93
1573 1563 70 39
1646 1563 82 39
119 1566 152 36
20 1603 47 279
68 1603 50 190
119 1603 155 53
275 1603 119 279
396 1603 47 279
444 1603 23 279
468 1603 63 279
532 1603 61 279
594 1603 172 279
767 1603 177 279
945 1603 518 279
1476 1603 45 559
1522 1603 50 279
1573 1603 156 58
1730 1603 119 279
1850 1603 47 279
1898 1603 24 279
1923 1603 63 279
1987 1603 61 279
2049 1603 172 279
2222 1603 177 279
2400 1603 520 279
237 1686 37 26
1691 1687 38 66
1573 1696 31 26
119 1711 30 66
239 1713 35 66
1573 1722 30 49
68 1793 49 89
119 1850 152 32
1573 1853 81 29
1658 1853 70 29
20 1883 47 559
68 1883 50 233
119 1883 155 206
275 1883 119 279
396 1883 47 279
444 1883 23 279
468 1883 63 279
532 1883 61 279
594 1883 172 279
767 1883 177 279
945 1883 518 279
1522 1883 50 279
1573 1883 156 172
1730 1883 119 279
1850 1883 47 279
1898 1883 24 279
1923 1883 63 279
1987 1883 61 279
2049 1883 172 279
2222 1883 177 279
2400 1883 520 279
121 2097 153 65
68 2116 49 46
1573 2129 89 33
1663 2129 65 33
68 2163 50 195
119 2163 155 55
275 2163 119 279
396 2163 47 279
444 2163 23 279
468 2163 63 279
532 2163 61 279
594 2163 172 279
767 2163 177 279
945 2163 518 279
1476 2163 45 279
1522 2163 50 279
1573 2163 156 60
1730 2163 119 279
1850 2163 47 279
1898 2163 24 279
1923 2163 63 279
1987 2163 61 279
2049 2163 172 279
2222 2163 177 279
2400 2163 520 279
1700 2261 29 90
1573 2262 32 25
248 2275 26 72
119 2276 23 71
1573 2289 30 65
68 2358 49 84
119 2412 152 30
1573 2421 73 21
1665 2421 63 21
20 2443 47 278
68 2443 50 181
119 2443 155 48
275 2443 119 278
396 2443 47 278
444 2443 23 278
468 2443 63 278
532 2443 61 278
594 2443 172 278
767 2443 177 278
945 2443 518 278
1476 2443 45 278
1522 2443 50 278
1573 2443 156 278
1730 2443 119 278
1850 2443 47 278
1898 2443 24 278
1923 2443 63 278
1987 2443 61 278
2049 2443 172 278
2222 2443 177 278
2400 2443 520 278
242 2524 32 25
119 2531 26 80
243 2549 31 61
68 2624 49 97
119 2684 152 37
20 2722 47 839
68 2722 50 192
119 2722 155 59
275 2722 119 279
396 2722 47 279
444 2722 23 279
468 2722 63 279
532 2722 61 279
594 2722 172 279
767 2722 177 279
945 2722 518 279
1476 2722 45 279
1522 2722 50 279
1573 2722 156 48
1730 2722 119 279
1850 2722 47 279
1898 2722 24 279
1923 2722 63 279
1987 2722 61 279
2049 2722 172 279
2222 2722 177 279
2400 2722 520 279
1696 2801 33 92
238 2810 36 95
1573 2815 41 74
119 2827 24 77
68 2914 49 87
1573 2959 155 42
119 2968 152 33
68 3002 50 279
119 3002 155 279
275 3002 119 279
396 3002 47 279
444 3002 23 279
468 3002 63 279
532 3002 61 279
594 3002 172 279
767 3002 177 279
945 3002 518 279
1476 3002 45 559
1522 3002 50 279
1573 3002 156 53
1730 3002 119 279
1850 3002 47 279
1898 3002 24 279
1923 3002 63 279
1987 3002 61 279
2049 3002 172 279
2222 3002 177 279
2400 3002 520 279
1703 3091 26 132
1573 3101 30 102
1573 3244 71 37
1650 3244 46 37
68 3282 50 210
119 3282 155 47
275 3282 119 279
396 3282 47 279
444 3282 23 279
468 3282 63 279
532 3282 61 279
594 3282 172 279
767 3282 177 279
945 3282 518 279
1522 3282 50 279
1573 3282 156 48
1730 3282 119 279
1850 3282 47 279
1898 3282 24 279
1923 3282 63 279
1987 3282 61 279
2049 3282 172 279
2222 3282 177 279
2400 3282 520 279
246 3367 28 31
250 3401 24 83
68 3492 49 69
1573 3518 22 43
1598 3518 71 43
1686 3518 40 43
119 3519 152 42
20 3562 47 279
68 3562 50 196
119 3562 155 53
275 3562 119 279
396 3562 47 279
444 3562 23 279
468 3562 63 279
532 3562 61 279
594 3562 172 279
767 3562 177 279
945 3562 518 279
1476 3562 45 559
1522 3562 50 279
1573 3562 156 223
1730 3562 119 279
1850 3562 47 279
1898 3562 24 279
1923 3562 63 279
1987 3562 61 279
2049 3562 172 279
2222 3562 177 279
2400 3562 520 279
119 3651 29 26
243 3653 31 88
119 3678 27 66
68 3758 49 83
1591 3787 138 54
119 3809 90 32
213 3809 58 32
20 3842 47 279
68 3842 50 205
119 3842 155 197
275 3842 119 279
396 3842 47 279
444 3842 23 279
468 3842 63 279
532 3842 61 279
594 3842 172 279
767 3842 177 279
945 3842 518 279
1522 3842 50 279
1573 3842 156 50
1730 3842 119 279
1850 3842 47 279
1898 3842 24 279
1923 3842 63 279
1987 3842 61 279
2049 3842 172 279
2222 3842 177 279
2400 3842 520 279
1699 3932 30 50
1573 3958 26 23
68 4047 49 74
122 4056 152 65
1573 4083 155 38
