11 81 2087 162
11 244 2087 164
11 409 2087 117
11 528 77 54
90 528 191 54
283 528 187 54
472 528 115 54
589 528 63 54
654 528 89 54
745 528 101 54
848 528 238 54
1089 528 483 54
1574 528 524 54
11 587 77 290
90 587 191 21
283 587 187 290
472 587 115 290
589 587 63 290
654 587 89 290
745 587 101 290
848 587 238 290
1089 587 483 290
1574 587 524 290
90 685 32 32
11 879 77 290
90 879 191 25
283 879 187 290
472 879 115 290
589 879 63 290
654 879 89 290
745 879 101 290
848 879 238 290
1089 879 483 290
1574 879 524 290
257 963 24 31
11 1171 77 290
90 1171 191 32
283 1171 187 290
472 1171 115 290
589 1171 63 290
654 1171 89 290
745 1171 101 290
848 1171 238 290
1089 1171 483 290
1574 1171 524 290
11 1463 77 290
283 1463 187 290
472 1463 115 290
589 1463 63 290
654 1463 89 290
745 1463 101 290
848 1463 238 290
1089 1463 483 290
1574 1463 524 290
11 1755 77 290
90 1755 191 290
283 1755 187 290
472 1755 115 290
589 1755 63 290
654 1755 89 290
745 1755 101 290
848 1755 238 290
1089 1755 483 290
1574 1755 524 290
11 2048 77 289
90 2048 191 27
283 2048 187 289
472 2048 115 289
589 2048 63 289
654 2048 89 289
745 2048 101 289
848 2048 238 289
1089 2048 483 289
1574 2048 524 289
11 2340 2087 490
