77 105 2936 261
77 371 2936 119
90 496 1452 54
1563 496 1450 54
90 552 111 229
203 552 191 229
396 552 55 229
452 552 55 229
509 552 55 229
566 552 55 229
622 552 55 229
679 552 191 229
872 552 219 229
1093 552 449 229
1563 552 55 229
1620 552 55 229
1677 552 191 229
1870 552 55 229
1926 552 55 229
1983 552 55 229
2040 552 55 229
2096 552 55 229
2153 552 191 229
2346 552 219 229
2567 552 446 229
90 783 111 229
396 783 55 229
452 783 55 229
509 783 55 229
566 783 55 229
622 783 55 229
679 783 191 229
872 783 219 229
1093 783 449 229
1563 783 55 687
1620 783 55 229
1870 783 55 229
1926 783 55 229
1983 783 55 229
2040 783 55 229
2096 783 55 229
2153 783 191 229
2346 783 219 229
2567 783 446 229
1677 834 34 42
90 1014 111 229
396 1014 55 229
452 1014 55 229
509 1014 55 229
566 1014 55 229
622 1014 55 229
679 1014 191 229
872 1014 219 229
1093 1014 449 229
1620 1014 55 229
1870 1014 55 229
1926 1014 55 229
1983 1014 55 229
2040 1014 55 229
2096 1014 55 229
2153 1014 191 229
2346 1014 219 229
2567 1014 446 229
90 1245 1452 55
1620 1245 55 225
1870 1245 55 225
1926 1245 55 225
1983 1245 55 225
2040 1245 55 225
2096 1245 55 225
2153 1245 191 225
2346 1245 219 225
2567 1245 446 225
90 1301 55 230
146 1301 55 230
203 1301 191 230
396 1301 55 230
452 1301 55 230
509 1301 55 230
566 1301 55 230
622 1301 55 230
679 1301 191 230
872 1301 219 230
1093 1301 449 230
1563 1476 55 226
1620 1476 55 226
1870 1476 55 226
1926 1476 55 226
1983 1476 55 226
2040 1476 55 226
2096 1476 55 226
2153 1476 191 226
2346 1476 219 226
2567 1476 446 226
90 1532 55 1847
146 1532 55 230
396 1532 55 230
452 1532 55 230
509 1532 55 230
566 1532 55 230
622 1532 55 230
679 1532 191 230
872 1532 219 230
1093 1532 449 230
1563 1708 55 458
1620 1708 55 228
1870 1708 55 228
1926 1708 55 228
1983 1708 55 228
2040 1708 55 228
2096 1708 55 228
2153 1708 191 228
2346 1708 219 228
2567 1708 446 228
146 1763 55 230
396 1763 55 230
452 1763 55 230
509 1763 55 230
566 1763 55 230
622 1763 55 230
679 1763 191 230
872 1763 219 230
1093 1763 449 230
373 1831 21 21
1677 1871 45 21
1620 1938 55 228
1870 1938 55 228
1926 1938 55 228
1983 1938 55 228
2040 1938 55 228
2096 1938 55 228
2153 1938 191 228
2346 1938 219 228
2567 1938 446 228
146 1994 55 230
396 1994 55 230
452 1994 55 230
509 1994 55 230
566 1994 55 230
622 1994 55 230
679 1994 191 230
872 1994 219 230
1093 1994 449 230
1563 2171 55 225
1620 2171 55 225
1677 2171 191 225
1870 2171 55 225
1926 2171 55 225
1983 2171 55 225
2040 2171 55 225
2096 2171 55 225
2153 2171 191 225
2346 2171 219 225
2567 2171 446 225
146 2225 55 230
396 2225 55 230
452 2225 55 230
509 2225 55 230
566 2225 55 230
622 2225 55 230
679 2225 191 230
872 2225 219 230
1093 2225 449 230
1563 2402 55 455
1620 2402 55 227
1870 2402 55 227
1926 2402 55 227
1983 2402 55 227
2040 2402 55 227
2096 2402 55 227
2153 2402 191 227
2346 2402 219 227
2567 2402 446 227
146 2457 55 229
396 2457 55 229
452 2457 55 229
509 2457 55 229
566 2457 55 229
622 2457 55 229
679 2457 191 229
872 2457 219 229
1093 2457 449 229
1620 2631 55 226
1870 2631 55 226
1926 2631 55 226
1983 2631 55 226
2040 2631 55 226
2096 2631 55 226
2153 2631 191 226
2346 2631 219 226
2567 2631 446 226
146 2688 55 229
203 2688 191 229
396 2688 55 229
452 2688 55 229
509 2688 55 229
566 2688 55 229
622 2688 55 229
679 2688 191 229
872 2688 219 229
1093 2688 449 229
1563 2863 55 458
1620 2863 55 228
1870 2863 55 228
1926 2863 55 228
1983 2863 55 228
2040 2863 55 228
2096 2863 55 228
2153 2863 191 228
2346 2863 219 228
2567 2863 446 228
146 2919 55 229
396 2919 55 229
452 2919 55 229
509 2919 55 229
566 2919 55 229
622 2919 55 229
679 2919 191 229
872 2919 219 229
1093 2919 449 229
1826 2921 42 30
1620 3093 55 228
1870 3093 55 228
1926 3093 55 228
1983 3093 55 228
2040 3093 55 228
2096 3093 55 228
2153 3093 191 228
2346 3093 219 228
2567 3093 446 228
146 3150 55 229
396 3150 55 229
452 3150 55 229
509 3150 55 229
566 3150 55 229
622 3150 55 229
679 3150 191 229
872 3150 219 229
1093 3150 449 229
1563 3326 55 455
1620 3326 55 227
1870 3326 55 227
1926 3326 55 227
1983 3326 55 227
2040 3326 55 227
2096 3326 55 227
2153 3326 191 227
2346 3326 219 227
2567 3326 446 227
90 3381 1452 52
90 3439 55 228
146 3439 55 228
203 3439 191 228
396 3439 55 228
452 3439 55 228
509 3439 55 228
566 3439 55 228
622 3439 55 228
679 3439 191 228
872 3439 219 228
1093 3439 449 228
1620 3555 55 226
1870 3555 55 226
1926 3555 55 226
1983 3555 55 226
2040 3555 55 226
2096 3555 55 226
2153 3555 191 226
2346 3555 219 226
2567 3555 446 226
90 3668 55 689
146 3668 55 230
396 3668 55 230
452 3668 55 230
509 3668 55 230
566 3668 55 230
622 3668 55 230
679 3668 191 230
872 3668 219 230
1093 3668 449 230
1563 3787 55 459
1620 3787 55 228
1870 3787 55 228
1926 3787 55 228
1983 3787 55 228
2040 3787 55 228
2096 3787 55 228
2153 3787 191 228
2346 3787 219 228
2567 3787 446 228
146 3899 55 230
396 3899 55 230
452 3899 55 230
509 3899 55 230
566 3899 55 230
622 3899 55 230
679 3899 191 230
872 3899 219 230
1093 3899 449 230
1620 4017 55 229
1870 4017 55 229
1926 4017 55 229
1983 4017 55 229
2040 4017 55 229
2096 4017 55 229
2153 4017 191 229
2346 4017 219 229
2567 4017 446 229
1836 4071 32 27
146 4130 55 227
396 4130 55 227
452 4130 55 227
509 4130 55 227
566 4130 55 227
622 4130 55 227
679 4130 191 227
872 4130 219 227
1093 4130 449 227
1548 4251 1465 106
