24 24 2837 315
24 345 2837 241
24 589 140 76
167 589 252 76
422 589 111 76
536 589 110 76
649 589 65 76
717 589 110 76
831 589 110 76
944 589 223 76
1171 589 393 76
1568 589 1293 76
24 669 140 280
422 669 111 280
536 669 110 280
649 669 65 280
717 669 110 280
831 669 110 280
944 669 223 280
1171 669 393 280
1568 669 1293 280
167 673 22 35
398 673 21 42
398 869 21 80
167 885 22 64
24 952 140 280
422 952 111 280
536 952 110 280
649 952 65 280
717 952 110 280
831 952 110 280
944 952 223 280
1171 952 393 280
1568 952 1293 280
167 953 252 251
24 1236 2837 2878
