170 432 2902 211
170 651 1446 71
1621 654 1451 69
170 725 65 139
238 725 196 139
437 725 167 139
607 725 53 139
663 725 54 139
720 725 54 139
777 725 54 139
833 725 136 139
972 725 135 139
1110 725 506 139
1621 726 65 145
1689 726 196 145
1887 726 168 145
2057 726 54 145
2114 726 54 145
2171 726 54 145
2228 726 53 145
2284 726 136 145
2423 726 136 145
2562 726 510 145
170 866 65 624
238 866 196 624
437 866 167 624
607 866 53 624
663 866 54 624
720 866 54 624
777 866 54 624
833 866 136 624
972 866 135 624
1110 866 506 624
1621 874 65 480
1689 874 196 480
1887 874 168 480
2057 874 54 480
2114 874 54 480
2171 874 54 480
2228 874 53 480
2284 874 136 480
2423 874 136 480
2562 874 510 480
1621 1357 65 481
1689 1357 196 481
1887 1357 168 481
2057 1357 54 481
2114 1357 54 481
2171 1357 54 481
2228 1357 53 481
2284 1357 136 481
2423 1357 136 481
2562 1357 510 481
170 1493 65 622
238 1493 196 622
437 1493 167 622
607 1493 53 622
663 1493 54 622
720 1493 54 622
777 1493 54 622
833 1493 136 622
972 1493 135 622
1110 1493 506 622
1621 1841 1451 71
1621 1914 65 145
1689 1914 196 145
1887 1914 168 145
2057 1914 54 145
2114 1914 54 145
2171 1914 54 145
2228 1914 53 145
2284 1914 136 145
2423 1914 136 145
2562 1914 510 145
1621 2062 65 479
1689 2062 196 479
1887 2062 168 479
2057 2062 54 479
2114 2062 54 479
2171 2062 54 479
2228 2062 53 479
2284 2062 136 479
2423 2062 136 479
2562 2062 510 479
170 2121 1446 69
170 2193 65 145
238 2193 196 145
437 2193 167 145
607 2193 53 145
663 2193 54 145
720 2193 54 145
777 2193 54 145
833 2193 136 145
972 2193 135 145
1110 2193 506 145
170 2340 65 623
238 2340 196 623
437 2340 167 623
607 2340 53 623
663 2340 54 623
720 2340 54 623
777 2340 54 623
833 2340 136 623
972 2340 135 623
1110 2340 506 623
1621 2547 1451 69
1621 2619 65 145
1689 2619 196 145
1887 2619 168 145
2057 2619 54 145
2114 2619 54 145
2171 2619 54 145
2228 2619 53 145
2284 2619 136 145
2423 2619 136 145
2562 2619 510 145
1621 2767 65 479
1689 2767 196 479
1887 2767 168 479
2057 2767 54 479
2114 2767 54 479
2171 2767 54 479
2228 2767 53 479
2284 2767 136 479
2423 2767 136 479
2562 2767 510 479
170 2968 1446 70
170 3041 65 144
238 3041 196 144
437 3041 167 144
607 3041 53 144
663 3041 54 144
720 3041 54 144
777 3041 54 144
833 3041 136 144
972 3041 135 144
1110 3041 506 144
170 3188 65 624
238 3188 196 624
437 3188 167 624
607 3188 53 624
663 3188 54 624
720 3188 54 624
777 3188 54 624
833 3188 136 624
972 3188 135 624
1110 3188 506 624
1621 3252 1451 69
1621 3324 65 144
1689 3324 196 144
1887 3324 168 144
2057 3324 54 144
2114 3324 54 144
2171 3324 54 144
2228 3324 53 144
2284 3324 136 144
2423 3324 136 144
2562 3324 510 144
1621 3471 65 481
1689 3471 196 481
1887 3471 168 481
2057 3471 54 481
2114 3471 54 481
2171 3471 54 481
2228 3471 53 481
2284 3471 136 481
2423 3471 136 481
2562 3471 510 481
170 3814 65 622
238 3814 196 622
437 3814 167 622
607 3814 53 622
663 3814 54 622
720 3814 54 622
777 3814 54 622
833 3814 136 622
972 3814 135 622
1110 3814 506 622
1621 3955 65 481
1689 3955 196 481
1887 3955 168 481
2057 3955 54 481
2114 3955 54 481
2171 3955 54 481
2228 3955 53 481
2284 3955 136 481
2423 3955 136 481
2562 3955 510 481
