179 198 2851 57
179 258 87 82
269 258 213 82
485 258 76 82
564 258 99 82
666 258 60 82
728 258 100 82
831 258 99 82
933 258 263 82
1199 258 388 82
1590 258 1440 82
179 343 87 275
269 343 213 275
485 343 76 275
564 343 99 275
666 343 60 275
728 343 100 275
831 343 99 275
933 343 263 275
1199 343 388 275
1590 343 1440 275
179 621 2851 65
179 689 87 275
269 689 213 275
485 689 76 275
564 689 99 275
666 689 60 275
728 689 100 275
831 689 99 275
933 689 263 275
1199 689 388 275
1590 689 1440 275
179 967 87 275
269 967 213 275
485 967 76 275
564 967 99 275
666 967 60 275
728 967 100 275
831 967 99 275
933 967 263 275
1199 967 388 275
1590 967 1440 275
179 1244 2851 66
179 1312 87 275
269 1312 213 275
485 1312 76 275
564 1312 99 275
666 1312 60 275
728 1312 100 275
831 1312 99 275
933 1312 263 275
1199 1312 388 275
1590 1312 1440 275
179 1590 2851 65
179 1658 87 275
269 1658 213 275
485 1658 76 275
564 1658 99 275
666 1658 60 275
728 1658 100 275
831 1658 99 275
933 1658 263 275
1199 1658 388 275
1590 1658 1440 275
179 1936 87 275
269 1936 213 275
485 1936 76 275
564 1936 99 275
666 1936 60 275
728 1936 100 275
831 1936 99 275
933 1936 263 275
1199 1936 388 275
1590 1936 1440 275
179 2214 2851 65
179 2282 87 275
269 2282 213 275
485 2282 76 275
564 2282 99 275
666 2282 60 275
728 2282 100 275
831 2282 99 275
933 2282 263 275
1199 2282 388 275
1590 2282 1440 275
179 2560 87 275
269 2560 213 275
485 2560 76 275
564 2560 99 275
666 2560 60 275
728 2560 100 275
831 2560 99 275
933 2560 263 275
1199 2560 388 275
1590 2560 1440 275
179 2837 2851 66
179 2906 87 274
269 2906 213 274
485 2906 76 274
564 2906 99 274
666 2906 60 274
728 2906 100 274
831 2906 99 274
933 2906 263 274
1199 2906 388 274
1590 2906 1440 274
179 3183 87 275
269 3183 213 275
485 3183 76 275
564 3183 99 275
666 3183 60 275
728 3183 100 275
831 3183 99 275
933 3183 263 275
1199 3183 388 275
1590 3183 1440 275
179 3461 2851 65
179 3529 87 275
269 3529 213 275
485 3529 76 275
564 3529 99 275
666 3529 60 275
728 3529 100 275
831 3529 99 275
933 3529 263 275
1199 3529 388 275
1590 3529 1440 275
179 3807 87 275
269 3807 213 275
485 3807 76 275
564 3807 99 275
666 3807 60 275
728 3807 100 275
831 3807 99 275
933 3807 263 275
1199 3807 388 275
1590 3807 1440 275
179 4085 2851 286
