10 578 40 80
52 578 162 80
216 578 43 80
261 578 40 80
303 578 41 80
346 578 42 80
389 578 42 80
433 578 127 80
562 578 273 80
836 578 819 80
10 660 40 367
52 660 162 69
216 660 43 367
261 660 40 367
303 660 41 367
346 660 42 367
389 660 42 367
433 660 127 367
562 660 273 367
836 660 819 367
52 964 162 63
10 1029 40 366
52 1029 162 365
216 1029 43 365
261 1029 40 365
303 1029 41 365
346 1029 42 365
389 1029 42 365
433 1029 127 365
562 1029 273 366
836 1029 819 366
1697 577 40 80
1739 577 164 80
1904 577 42 80
1948 577 40 80
1990 577 41 80
2033 577 42 80
2076 577 42 80
2120 577 127 80
2249 578 273 79
2523 578 819 79
1697 659 40 368
1739 659 164 53
1904 659 42 368
1948 659 40 368
1990 659 41 368
2033 659 42 368
2076 659 42 368
2120 659 127 368
2249 659 273 368
2523 659 819 368
1739 962 164 65
1697 1028 40 366
1739 1028 164 366
1904 1028 42 366
1948 1028 40 366
1990 1028 41 366
2033 1028 42 366
2076 1028 42 366
2120 1028 127 366
2249 1028 273 366
2523 1028 819 366
1697 1483 40 80
1739 1483 164 80
1904 1483 42 80
1948 1483 40 80
1990 1483 41 80
2033 1483 42 80
2076 1483 42 80
2120 1483 127 80
2249 1483 273 80
2523 1483 819 80
1697 1564 40 368
1739 1564 164 59
1904 1564 42 368
1948 1564 40 368
1990 1564 41 368
2033 1564 42 368
2076 1564 42 368
2120 1564 127 368
2249 1564 273 368
2523 1564 819 368
1739 1856 164 76
1697 1933 40 366
1739 1933 164 79
1904 1933 42 254
1948 1933 40 366
1990 1933 41 366
2033 1933 42 366
2076 1933 42 366
2120 1933 127 366
2249 1933 273 366
2523 1933 819 366
1906 2188 40 37
1739 2225 164 74
1904 2225 42 74
5 1565 42 76
49 1565 162 76
213 1565 43 76
258 1565 40 76
299 1565 42 76
342 1565 42 76
386 1565 42 76
430 1565 127 76
559 1565 272 76
833 1565 817 76
5 1643 42 367
49 1643 162 73
213 1643 43 367
258 1643 40 367
299 1643 42 367
342 1643 42 367
386 1643 42 367
430 1643 127 367
559 1643 272 367
833 1643 817 367
49 1940 162 70
5 2012 42 367
49 2012 162 77
213 2012 43 222
258 2012 40 367
299 2012 42 367
342 2012 42 367
386 2012 42 367
430 2012 127 367
559 2012 272 367
833 2012 817 367
213 2273 43 106
49 2295 162 84
5 2381 42 368
49 2381 162 76
213 2381 43 368
258 2381 40 368
299 2381 42 368
342 2381 42 368
386 2381 42 368
430 2381 127 368
559 2381 272 368
833 2381 817 368
49 2678 162 71
5 2751 42 368
49 2751 162 79
213 2751 43 368
258 2751 40 368
299 2751 42 368
342 2751 42 368
386 2751 42 368
430 2751 127 368
559 2751 272 368
833 2751 817 368
49 3046 162 73
5 3121 42 259
49 3121 162 73
213 3121 43 370
258 3121 40 370
299 3121 42 370
342 3121 42 370
386 3121 42 370
430 3121 127 370
559 3121 272 370
833 3121 817 370
5 3380 41 30
5 3410 42 81
49 3410 162 81
5 3493 42 368
49 3493 162 87
213 3493 43 369
258 3493 40 369
299 3493 42 369
342 3493 42 369
386 3493 42 369
430 3493 127 370
559 3493 272 369
833 3493 817 369
49 3794 162 67
1697 2383 40 80
1739 2383 164 80
1904 2383 42 80
1948 2383 40 80
1990 2383 41 80
2033 2383 42 80
2076 2383 42 80
2120 2383 127 80
2249 2384 273 79
2523 2384 819 79
1697 2465 40 368
1739 2465 164 72
1904 2465 42 368
1948 2465 40 368
1990 2465 41 368
2033 2465 42 368
2076 2465 42 368
2120 2465 127 368
2249 2465 273 368
2523 2465 819 368
1739 2767 164 66
1697 2834 40 366
1739 2834 164 56
1904 2834 42 365
1948 2834 40 365
1990 2834 41 365
2033 2834 42 365
2076 2834 42 365
2120 2834 127 366
2249 2834 273 366
2523 2834 819 366
1739 3129 164 70
1697 3280 40 80
1739 3280 164 80
1904 3280 42 80
1948 3280 40 80
1990 3280 41 80
2033 3280 42 80
2076 3280 42 80
2120 3280 127 80
2249 3280 273 80
2523 3280 819 80
1697 3361 40 368
1739 3361 164 78
1904 3361 42 259
1948 3361 40 368
1990 3361 41 368
2033 3361 42 368
2076 3361 42 368
2120 3361 127 368
2249 3361 273 368
2523 3361 819 368
1905 3620 41 33
1739 3653 164 76
1904 3653 42 76
1697 3730 40 366
1739 3730 164 248
1904 3730 42 366
1948 3730 40 366
1990 3730 41 366
2033 3730 42 366
2076 3730 42 366
2120 3730 127 366
2249 3730 273 366
2523 3730 819 366
1739 4021 164 75
7 4120 41 77
49 4120 163 77
213 4120 43 77
258 4120 40 77
299 4120 42 77
342 4120 42 77
386 4120 42 77
429 4120 131 77
562 4120 272 77
836 4120 818 77
7 4199 41 364
49 4199 163 49
213 4199 43 364
258 4199 40 364
299 4199 42 364
342 4199 42 364
386 4199 42 364
429 4199 131 364
562 4199 272 364
836 4199 818 364
49 4488 163 75
1697 4186 40 80
1739 4186 164 80
1904 4186 42 80
1948 4186 40 80
1990 4186 41 80
2033 4186 42 80
2076 4186 42 80
2120 4186 127 80
2249 4186 273 80
2523 4186 819 80
1697 4268 40 367
1739 4268 164 73
1904 4268 42 367
1948 4268 40 367
1990 4268 41 367
2033 4268 42 367
2076 4268 42 367
2120 4268 127 367
2249 4268 273 367
2523 4268 819 367
1739 4571 164 64
1697 4637 40 366
1739 4637 164 365
1904 4637 42 365
1948 4637 40 365
1990 4637 41 365
2033 4637 42 365
2076 4637 42 365
2120 4637 127 366
2249 4637 273 366
2523 4637 819 366
