11 11 2029 255
11 271 2029 139
11 415 2029 88
11 505 76 91
89 505 224 91
315 505 156 91
473 505 102 91
577 505 64 91
643 505 104 91
749 505 102 91
853 505 228 91
1083 505 356 91
1441 505 599 91
11 598 76 551
89 598 224 551
315 598 156 551
473 598 102 551
577 598 64 551
643 598 104 551
749 598 102 551
853 598 228 551
1083 598 356 551
1441 598 599 551
11 1151 76 551
89 1151 224 551
315 1151 156 551
473 1151 102 551
577 1151 64 551
643 1151 104 551
749 1151 102 551
853 1151 228 551
1083 1151 356 551
1441 1151 599 551
11 1704 76 550
89 1704 224 550
315 1704 156 550
473 1704 102 550
577 1704 64 550
643 1704 104 550
749 1704 102 550
853 1704 228 550
1083 1704 356 550
1441 1704 599 550
11 2256 2029 550
