16 17 2832 208
16 226 2832 246
16 474 109 110
126 474 362 110
489 474 84 110
574 474 84 110
659 474 84 110
745 474 83 110
830 474 83 110
915 474 395 110
1311 474 566 110
1878 474 969 110
16 585 109 379
126 585 362 379
489 585 84 379
574 585 84 379
659 585 84 379
745 585 83 379
830 585 83 379
915 585 395 379
1311 585 566 379
1878 585 969 379
16 965 109 377
126 965 362 377
489 965 84 377
574 965 84 377
659 965 84 377
745 965 83 377
830 965 83 377
915 965 395 377
1311 965 566 377
1878 965 969 377
16 1347 1416 2816
1436 1347 1411 2816
