1561 496 1452 54
1561 552 55 229
1617 552 55 229
1674 552 191 229
1867 552 55 229
1924 552 55 229
1980 552 55 229
2037 552 55 229
2094 552 55 229
2150 552 191 229
2343 552 220 229
2564 552 449 229
1561 783 55 220
1617 783 55 220
1867 783 55 220
1924 783 55 220
1980 783 55 220
2037 783 55 220
2094 783 55 220
2150 783 191 220
2343 783 220 220
2564 783 449 220
1827 827 38 113
1674 835 38 103
1561 1009 55 218
1617 1009 55 218
1867 1009 55 218
1924 1009 55 218
1980 1009 55 218
2037 1009 55 218
2094 1009 55 218
2150 1009 191 218
2343 1009 220 218
2564 1009 449 218
1828 1076 37 27
1674 1079 44 123
1831 1108 34 94
1674 1204 26 23
1561 1233 55 218
1617 1233 55 218
1674 1233 191 167
1867 1233 55 218
1924 1233 55 218
1980 1233 55 218
2037 1233 55 218
2094 1233 55 218
2150 1233 191 218
2343 1233 220 218
2564 1233 449 218
1719 1400 146 24
1561 1457 55 218
1617 1457 55 218
1867 1457 55 218
1924 1457 55 218
1980 1457 55 218
2037 1457 55 218
2094 1457 55 218
2150 1457 191 218
2343 1457 220 218
2564 1457 449 218
1829 1506 36 112
1674 1510 39 139
1561 1681 55 441
1617 1681 55 220
1867 1681 55 220
1924 1681 55 220
1980 1681 55 220
2037 1681 55 220
2094 1681 55 220
2150 1681 191 220
2343 1681 220 220
2564 1681 449 220
1821 1735 44 33
1674 1743 34 113
1824 1771 41 81
1836 1880 29 21
1617 1902 55 220
1867 1902 55 220
1924 1902 55 220
1980 1902 55 220
2037 1902 55 220
2094 1902 55 220
2150 1902 191 220
2343 1902 220 220
2564 1902 449 220
1674 1955 42 23
1828 1982 37 104
1674 1984 38 100
1561 2128 55 218
1617 2128 55 218
1867 2128 55 218
1924 2128 55 218
1980 2128 55 218
2037 2128 55 218
2094 2128 55 218
2150 2128 191 218
2343 2128 220 218
2564 2128 449 218
1674 2177 42 30
1831 2208 34 83
1674 2212 39 76
1679 2316 26 30
1561 2352 55 442
1617 2352 55 220
1867 2352 55 220
1924 2352 55 220
1980 2352 55 220
2037 2352 55 220
2094 2352 55 220
2150 2352 191 220
2343 2352 220 220
2564 2352 449 220
1674 2401 39 126
1831 2407 34 118
1617 2574 55 220
1867 2574 55 220
1924 2574 55 220
1980 2574 55 220
2037 2574 55 220
2094 2574 55 220
2150 2574 191 220
2343 2574 220 220
2564 2574 449 220
1829 2631 36 116
1674 2636 41 38
1674 2674 40 78
1561 2800 55 217
1617 2800 55 217
1867 2800 55 217
1924 2800 55 217
1980 2800 55 217
2037 2800 55 217
2094 2800 55 217
2150 2800 191 217
2343 2800 220 217
2564 2800 449 217
1674 2863 25 45
1842 2865 23 42
1561 3023 55 219
1617 3023 55 219
1867 3023 55 219
1924 3023 55 219
1980 3023 55 219
2037 3023 55 219
2094 3023 55 219
2150 3023 191 219
2343 3023 220 219
2564 3023 449 219
1831 3070 34 172
1674 3077 34 122
1561 3248 55 219
1617 3248 55 219
1867 3248 55 219
1924 3248 55 219
1980 3248 55 219
2037 3248 55 219
2094 3248 55 219
2150 3248 191 219
2343 3248 220 219
2564 3248 449 219
1674 3326 35 100
1831 3326 34 94
1561 3472 55 442
1617 3472 55 220
1867 3472 55 220
1924 3472 55 220
1980 3472 55 220
2037 3472 55 220
2094 3472 55 220
2150 3472 191 220
2343 3472 220 220
2564 3472 449 220
1674 3543 27 103
1842 3551 23 21
1617 3694 55 220
1867 3694 55 220
1924 3694 55 220
1980 3694 55 220
2037 3694 55 220
2094 3694 55 220
2150 3694 191 220
2343 3694 220 220
2564 3694 449 220
1826 3759 39 26
1674 3766 39 102
1827 3785 38 84
1561 3920 55 438
1617 3920 55 220
1867 3920 55 220
1924 3920 55 220
1980 3920 55 220
2037 3920 55 220
2094 3920 55 220
2150 3920 191 220
2343 3920 220 220
2564 3920 449 220
1674 3970 40 119
1829 3973 36 115
1617 4142 55 216
1867 4142 55 216
1924 4142 55 216
1980 4142 55 216
2037 4142 55 216
2094 4142 55 216
2150 4142 191 216
2343 4142 220 216
2564 4142 449 216
1674 4194 34 41
1825 4194 40 35
1831 4231 34 127
1674 4242 28 106
