16 17 2832 208
16 226 2832 246
16 474 109 110
126 474 362 110
489 474 84 110
574 474 84 110
659 474 84 110
745 474 83 110
830 474 83 110
915 474 395 110
1311 474 566 110
1878 474 970 110
16 585 109 328
126 585 362 328
489 585 84 328
574 585 84 328
659 585 84 328
745 585 83 328
830 585 83 328
915 585 395 328
1311 585 566 328
1878 585 970 328
16 914 109 326
126 914 362 326
489 914 84 326
574 914 84 326
659 914 84 326
745 914 83 326
830 914 83 326
915 914 395 326
1311 914 566 326
1878 914 970 326
16 1245 1416 2918
1436 1245 1412 2918
