106 90 2851 277
106 369 2851 224
106 595 99 75
207 595 272 75
481 595 230 75
713 595 89 75
804 595 66 75
872 595 123 75
997 595 195 75
1194 595 284 75
1480 595 385 75
1867 595 1090 75
106 672 99 337
481 672 230 337
713 672 89 337
804 672 66 337
872 672 123 337
997 672 195 337
1194 672 284 337
1480 672 385 337
1867 672 1090 337
414 745 65 43
207 749 54 173
421 795 58 130
106 1011 99 336
481 1011 230 336
713 1011 89 336
804 1011 66 336
872 1011 123 336
997 1011 195 336
1194 1011 284 336
1480 1011 385 336
1867 1011 1090 336
207 1095 50 28
420 1099 59 31
207 1133 41 132
429 1139 50 173
106 1349 99 336
481 1349 230 336
713 1349 89 336
804 1349 66 336
872 1349 123 336
997 1349 195 336
1194 1349 284 336
1480 1349 385 336
1867 1349 1090 336
427 1441 52 29
207 1465 48 27
435 1476 44 132
207 1492 47 101
106 1687 2851 1985
106 3672 1488 545
1597 3675 1358 55
1597 3731 134 67
1732 3731 401 67
2134 3731 370 67
2505 3731 450 67
1597 3799 134 138
1732 3799 401 138
2134 3799 370 138
2505 3799 450 138
1594 3940 1363 277
