20 20 2888 222
20 251 2888 146
20 406 1439 53
1468 406 1440 53
36 461 65 225
103 461 46 225
152 461 179 225
334 461 58 225
394 461 45 225
442 461 45 225
489 461 45 225
536 461 45 225
583 461 131 225
717 461 270 225
990 461 469 225
1484 461 65 225
1551 461 46 225
1599 461 180 225
1781 461 59 225
1842 461 45 225
1889 461 45 225
1937 461 45 225
1984 461 45 225
2031 461 131 225
2164 461 271 225
2437 461 471 225
36 688 65 451
103 688 46 225
334 688 58 225
394 688 45 225
442 688 45 225
489 688 45 225
536 688 45 225
583 688 131 225
717 688 270 225
990 688 469 225
1484 688 65 1132
1551 688 46 225
1781 688 59 225
1842 688 45 225
1889 688 45 225
1937 688 45 225
1984 688 45 225
2031 688 131 225
2164 688 271 225
2437 688 471 225
152 767 28 27
152 797 29 23
103 915 46 225
334 915 58 225
394 915 45 225
442 915 45 225
489 915 45 225
536 915 45 225
583 915 131 225
717 915 270 225
990 915 469 225
1551 915 46 225
1781 915 59 225
1842 915 45 225
1889 915 45 225
1937 915 45 225
1984 915 45 225
2031 915 131 225
2164 915 271 225
2437 915 471 225
20 1142 1439 76
1551 1142 46 224
1599 1142 180 145
1781 1142 59 224
1842 1142 45 224
1889 1142 45 224
1937 1142 45 224
1984 1142 45 224
2031 1142 131 224
2164 1142 271 224
2437 1142 471 224
36 1220 65 225
103 1220 46 225
152 1220 179 225
334 1220 58 225
394 1220 45 225
442 1220 45 225
489 1220 45 225
536 1220 45 225
583 1220 131 225
717 1220 270 225
990 1220 469 225
1551 1369 46 224
1781 1369 59 224
1842 1369 45 224
1889 1369 45 224
1937 1369 45 224
1984 1369 45 224
2031 1369 131 224
2164 1369 271 224
2437 1369 471 224
36 1447 65 1132
103 1447 46 225
334 1447 58 225
394 1447 45 225
442 1447 45 225
489 1447 45 225
536 1447 45 225
583 1447 131 225
717 1447 270 225
990 1447 469 225
1551 1595 46 225
1781 1595 59 225
1842 1595 45 225
1889 1595 45 225
1937 1595 45 225
1984 1595 45 225
2031 1595 131 225
2164 1595 271 225
2437 1595 471 225
103 1674 46 225
334 1674 58 225
394 1674 45 225
442 1674 45 225
489 1674 45 225
536 1674 45 225
583 1674 131 225
717 1674 270 225
990 1674 469 225
152 1715 34 21
1484 1823 65 224
1551 1823 46 224
1781 1823 59 224
1842 1823 45 224
1889 1823 45 224
1937 1823 45 224
1984 1823 45 224
2031 1823 131 224
2164 1823 271 224
2437 1823 471 224
103 1901 46 224
334 1901 58 224
394 1901 45 224
442 1901 45 224
489 1901 45 224
536 1901 45 224
583 1901 131 224
717 1901 270 224
990 1901 469 224
1484 2050 65 224
1551 2050 46 224
1599 2050 180 224
1781 2050 59 224
1842 2050 45 224
1889 2050 45 224
1937 2050 45 224
1984 2050 45 224
2031 2050 131 224
2164 2050 271 224
2437 2050 471 224
103 2127 46 225
334 2127 58 225
394 2127 45 225
442 2127 45 225
489 2127 45 225
536 2127 45 225
583 2127 131 225
717 2127 270 225
990 2127 469 225
293 2168 38 22
1484 2277 65 224
1551 2277 46 224
1781 2277 59 224
1842 2277 45 224
1889 2277 45 224
1937 2277 45 224
1984 2277 45 224
2031 2277 131 224
2164 2277 271 224
2437 2277 471 224
103 2354 46 225
334 2354 58 225
394 2354 45 225
442 2354 45 225
489 2354 45 225
536 2354 45 225
583 2354 131 225
717 2354 270 225
990 2354 469 225
1484 2503 65 452
1551 2503 46 225
1599 2503 180 196
1781 2503 59 225
1842 2503 45 225
1889 2503 45 225
1937 2503 45 225
1984 2503 45 225
2031 2503 131 225
2164 2503 271 225
2437 2503 471 225
20 2581 1439 77
36 2660 65 225
103 2660 46 225
152 2660 179 225
334 2660 58 225
394 2660 45 225
442 2660 45 225
489 2660 45 225
536 2660 45 225
583 2660 131 225
717 2660 270 225
990 2660 469 225
1551 2730 46 225
1781 2730 59 225
1842 2730 45 225
1889 2730 45 225
1937 2730 45 225
1984 2730 45 225
2031 2730 131 225
2164 2730 271 225
2437 2730 471 225
1599 2768 40 21
36 2887 65 225
103 2887 46 225
334 2887 58 225
394 2887 45 225
442 2887 45 225
489 2887 45 225
536 2887 45 225
583 2887 131 225
717 2887 270 225
990 2887 469 225
152 2923 43 25
1484 2957 65 678
1551 2957 46 225
1781 2957 59 225
1842 2957 45 225
1889 2957 45 225
1937 2957 45 225
1984 2957 45 225
2031 2957 131 225
2164 2957 271 225
2437 2957 471 225
36 3114 65 452
103 3114 46 225
334 3114 58 225
394 3114 45 225
442 3114 45 225
489 3114 45 225
536 3114 45 225
583 3114 131 225
717 3114 270 225
990 3114 469 225
152 3156 39 26
1551 3184 46 225
1781 3184 59 225
1842 3184 45 225
1889 3184 45 225
1937 3184 45 225
1984 3184 45 225
2031 3184 131 225
2164 3184 271 225
2437 3184 471 225
103 3341 46 224
334 3341 58 224
394 3341 45 224
442 3341 45 224
489 3341 45 224
536 3341 45 224
583 3341 131 224
717 3341 270 224
990 3341 469 224
1551 3412 46 223
1782 3412 58 224
1842 3412 45 224
1889 3412 45 224
1937 3412 45 224
1984 3412 45 224
2031 3412 131 224
2164 3412 271 224
2437 3412 471 224
36 3568 65 224
103 3568 46 224
334 3568 58 224
394 3568 45 224
442 3568 45 224
489 3568 45 224
536 3568 45 224
583 3568 131 224
717 3568 270 224
990 3568 469 224
1600 3603 179 31
1468 3639 1440 1099
36 3794 65 452
103 3794 46 225
152 3794 179 222
334 3794 58 225
394 3794 45 225
442 3794 45 225
489 3794 45 225
536 3794 45 225
583 3794 131 225
717 3794 270 225
990 3794 469 225
103 4021 46 225
152 4021 179 225
334 4021 58 225
394 4021 45 225
442 4021 45 225
489 4021 45 225
536 4021 45 225
583 4021 131 225
717 4021 270 225
990 4021 469 225
36 4248 65 452
103 4248 46 225
334 4248 58 225
394 4248 45 225
442 4248 45 225
489 4248 45 225
536 4248 45 225
583 4248 131 225
717 4248 270 225
990 4248 469 225
152 4295 35 24
103 4475 46 224
152 4475 179 224
334 4475 58 224
394 4475 45 224
442 4475 45 224
489 4475 45 224
536 4475 45 224
583 4475 131 224
717 4475 270 224
990 4475 469 224
20 4702 1439 36
