12 12 2812 309
12 323 2812 281
12 608 82 87
97 608 252 87
352 608 127 87
482 608 128 87
613 608 127 87
743 608 128 87
873 608 128 87
1004 608 349 87
1355 608 349 87
1707 608 1117 87
12 698 82 835
97 698 252 835
352 698 127 835
482 698 128 835
613 698 127 835
743 698 128 835
873 698 128 835
1004 698 349 835
1355 698 349 835
1707 698 1117 835
12 1536 82 835
97 1536 252 835
352 1536 127 835
482 1536 128 835
613 1536 127 835
743 1536 128 835
873 1536 128 835
1004 1536 349 835
1355 1536 349 835
1707 1536 1117 835
12 2382 2812 1669
