170 432 2902 211
170 651 1446 71
1621 651 1451 71
170 725 65 139
238 725 196 139
437 725 167 139
607 725 53 139
663 725 54 139
720 725 54 139
777 725 54 139
833 725 136 139
972 725 135 139
1110 725 506 139
1621 725 65 139
1689 725 196 139
1887 725 168 139
2057 725 54 139
2114 725 54 139
2171 725 54 139
2228 725 53 139
2284 725 136 139
2423 725 136 139
2562 725 510 139
170 866 65 445
238 866 196 445
437 866 167 445
607 866 53 445
663 866 54 445
720 866 54 445
777 866 54 445
833 866 136 445
972 866 135 445
1110 866 506 445
1621 866 65 578
1689 866 196 578
1887 866 168 578
2057 866 54 578
2114 866 54 578
2171 866 54 578
2228 866 53 578
2284 866 136 578
2423 866 136 578
2562 866 510 578
170 1313 65 443
238 1313 196 443
437 1313 167 443
607 1313 53 443
663 1313 54 443
720 1313 54 443
777 1313 54 443
833 1313 136 443
972 1313 135 443
1110 1313 506 443
1621 1450 1451 70
1621 1522 65 145
1689 1522 196 145
1887 1522 168 145
2057 1522 54 145
2114 1522 54 145
2171 1522 54 145
2228 1522 53 145
2284 1522 136 145
2423 1522 136 145
2562 1522 510 145
1621 1670 65 578
1689 1670 196 578
1887 1670 168 578
2057 1670 54 578
2114 1670 54 578
2171 1670 54 578
2228 1670 53 578
2284 1670 136 578
2423 1670 136 578
2562 1670 510 578
170 1762 1446 69
170 1834 65 145
238 1834 196 145
437 1834 167 145
607 1834 53 145
663 1834 54 145
720 1834 54 145
777 1834 54 145
833 1834 136 145
972 1834 135 145
1110 1834 506 145
170 1982 65 444
238 1982 196 444
437 1982 167 444
607 1982 53 444
663 1982 54 444
720 1982 54 444
777 1982 54 444
833 1982 136 444
972 1982 135 444
1110 1982 506 444
1621 2253 1451 70
1621 2326 65 144
1689 2326 196 144
1887 2326 168 144
2057 2326 54 144
2114 2326 54 144
2171 2326 54 144
2228 2326 53 144
2284 2326 136 144
2423 2326 136 144
2562 2326 510 144
170 2429 65 442
238 2429 196 442
437 2429 167 442
607 2429 53 442
663 2429 54 442
720 2429 54 442
777 2429 54 442
833 2429 136 442
972 2429 135 442
1110 2429 506 442
1621 2473 65 580
1689 2473 196 580
1887 2473 168 580
2057 2473 54 580
2114 2473 54 580
2171 2473 54 580
2228 2473 53 580
2284 2473 136 580
2423 2473 136 580
2562 2473 510 580
170 2877 1446 70
170 2949 65 145
238 2949 196 145
437 2949 167 145
607 2949 53 145
663 2949 54 145
720 2949 54 145
777 2949 54 145
833 2949 136 145
972 2949 135 145
1110 2949 506 145
1621 3055 65 578
1689 3055 196 578
1887 3055 168 578
2057 3055 54 578
2114 3055 54 578
2171 3055 54 578
2228 3055 53 578
2284 3055 136 578
2423 3055 136 578
2562 3055 510 578
170 3097 65 444
238 3097 196 444
437 3097 167 444
607 3097 53 444
663 3097 54 444
720 3097 54 444
777 3097 54 444
833 3097 136 444
972 3097 135 444
1110 3097 506 444
170 3544 65 444
238 3544 196 444
437 3544 167 444
607 3544 53 444
663 3544 54 444
720 3544 54 444
777 3544 54 444
833 3544 136 444
972 3544 135 444
1110 3544 506 444
1621 3639 1451 69
1621 3711 65 145
1689 3711 196 145
1887 3711 168 145
2057 3711 54 145
2114 3711 54 145
2171 3711 54 145
2228 3711 53 145
2284 3711 136 145
2423 3711 136 145
2562 3711 510 145
1621 3859 65 577
1689 3859 196 577
1887 3859 168 577
2057 3859 54 577
2114 3859 54 577
2171 3859 54 577
2228 3859 53 577
2284 3859 136 577
2423 3859 136 577
2562 3859 510 577
170 3991 65 444
238 3991 196 444
437 3991 167 444
607 3991 53 444
663 3991 54 444
720 3991 54 444
777 3991 54 444
833 3991 136 444
972 3991 135 444
1110 3991 506 444
