11 81 2087 162
11 244 2087 164
11 409 2087 117
11 528 77 54
90 528 191 54
283 528 199 54
484 528 130 54
616 528 68 54
686 528 110 54
798 528 149 54
949 528 215 54
1166 528 404 54
1572 528 526 54
11 585 77 625
90 585 191 191
283 585 199 625
484 585 130 625
616 585 68 625
686 585 110 625
798 585 149 625
949 585 215 625
1166 585 404 625
1572 585 526 625
90 1025 191 185
11 1212 77 626
90 1212 191 193
283 1212 199 626
484 1212 130 626
616 1212 68 626
686 1212 110 626
798 1212 149 626
949 1212 215 626
1166 1212 404 626
1572 1212 526 626
90 1653 191 185
11 1840 2087 990
