77 105 2936 261
77 371 2936 119
90 496 1452 54
1561 496 1452 54
90 552 111 229
203 552 191 229
396 552 55 229
452 552 55 229
509 552 55 229
566 552 55 229
622 552 55 229
679 552 191 229
872 552 219 229
1093 552 449 229
1561 552 55 229
1617 552 55 229
1674 552 191 229
1867 552 55 229
1924 552 55 229
1980 552 55 229
2037 552 55 229
2094 552 55 229
2150 552 191 229
2343 552 220 229
2564 552 449 229
90 783 111 229
396 783 55 229
452 783 55 229
509 783 55 229
566 783 55 229
622 783 55 229
679 783 191 229
872 783 219 229
1093 783 449 229
1561 783 55 458
1617 783 55 229
1674 783 191 26
1867 783 55 229
1924 783 55 229
1980 783 55 229
2037 783 55 229
2094 783 55 229
2150 783 191 229
2343 783 220 229
2564 783 449 229
90 1014 111 229
396 1014 55 229
452 1014 55 229
509 1014 55 229
566 1014 55 229
622 1014 55 229
679 1014 191 229
872 1014 219 229
1093 1014 449 229
1617 1014 55 227
1867 1014 55 227
1924 1014 55 227
1980 1014 55 227
2037 1014 55 227
2094 1014 55 227
2150 1014 191 227
2343 1014 220 227
2564 1014 449 227
90 1245 111 229
396 1245 55 229
452 1245 55 229
509 1245 55 229
566 1245 55 229
622 1245 55 229
679 1245 191 229
872 1245 219 229
1093 1245 449 229
1561 1247 55 225
1617 1247 55 225
1674 1247 191 22
1867 1247 55 225
1924 1247 55 225
1980 1247 55 225
2037 1247 55 225
2094 1247 55 225
2150 1247 191 225
2343 1247 220 225
2564 1247 449 225
90 1476 1452 55
1561 1478 55 225
1617 1478 55 225
1867 1478 55 225
1924 1478 55 225
1980 1478 55 225
2037 1478 55 225
2094 1478 55 225
2150 1478 191 225
2343 1478 220 225
2564 1478 449 225
90 1532 55 230
146 1532 55 230
203 1532 191 230
396 1532 55 230
452 1532 55 230
509 1532 55 230
566 1532 55 230
622 1532 55 230
679 1532 191 230
872 1532 219 230
1093 1532 449 230
1561 1708 55 457
1617 1708 55 228
1867 1708 55 228
1924 1708 55 228
1980 1708 55 228
2037 1708 55 228
2094 1708 55 228
2150 1708 191 228
2343 1708 220 228
2564 1708 449 228
90 1763 55 1154
146 1763 55 230
396 1763 55 230
452 1763 55 230
509 1763 55 230
566 1763 55 230
622 1763 55 230
679 1763 191 230
872 1763 219 230
1093 1763 449 230
203 1907 60 24
1617 1938 55 227
1674 1938 191 21
1867 1938 55 227
1924 1938 55 227
1980 1938 55 227
2037 1938 55 227
2094 1938 55 227
2150 1938 191 227
2343 1938 220 227
2564 1938 449 227
146 1994 55 230
203 1994 191 30
396 1994 55 230
452 1994 55 230
509 1994 55 230
566 1994 55 230
622 1994 55 230
679 1994 191 230
872 1994 219 230
1093 1994 449 230
1823 2007 42 26
1561 2171 55 456
1617 2171 55 227
1867 2171 55 227
1924 2171 55 227
1980 2171 55 227
2037 2171 55 227
2094 2171 55 227
2150 2171 191 227
2343 2171 220 227
2564 2171 449 227
146 2225 55 230
203 2225 191 26
396 2225 55 230
452 2225 55 230
509 2225 55 230
566 2225 55 230
622 2225 55 230
679 2225 191 230
872 2225 219 230
1093 2225 449 230
1617 2400 55 227
1674 2400 191 25
1867 2400 55 227
1924 2400 55 227
1980 2400 55 227
2037 2400 55 227
2094 2400 55 227
2150 2400 191 227
2343 2400 220 227
2564 2400 449 227
146 2457 55 229
203 2457 191 27
396 2457 55 229
452 2457 55 229
509 2457 55 229
566 2457 55 229
622 2457 55 229
679 2457 191 229
872 2457 219 229
1093 2457 449 229
203 2542 38 21
356 2591 38 23
1561 2633 55 456
1617 2633 55 227
1867 2633 55 227
1924 2633 55 227
1980 2633 55 227
2037 2633 55 227
2094 2633 55 227
2150 2633 191 227
2343 2633 220 227
2564 2633 449 227
146 2688 55 229
396 2688 55 229
452 2688 55 229
509 2688 55 229
566 2688 55 229
622 2688 55 229
679 2688 191 229
872 2688 219 229
1093 2688 449 229
1617 2862 55 227
1867 2862 55 227
1924 2862 55 227
1980 2862 55 227
2037 2862 55 227
2094 2862 55 227
2150 2862 191 227
2343 2862 220 227
2564 2862 449 227
90 2919 1452 55
90 2975 55 230
146 2975 55 230
203 2975 191 228
396 2975 55 230
452 2975 55 230
509 2975 55 230
566 2975 55 230
622 2975 55 230
679 2975 191 230
872 2975 219 230
1093 2975 449 230
1548 3095 1465 1262
90 3206 55 458
146 3206 55 230
396 3206 55 230
452 3206 55 230
509 3206 55 230
566 3206 55 230
622 3206 55 230
679 3206 191 230
872 3206 219 230
1093 3206 449 230
146 3437 55 227
396 3437 55 227
452 3437 55 227
509 3437 55 227
566 3437 55 227
622 3437 55 227
679 3437 191 227
872 3437 219 227
1093 3437 449 227
90 3670 55 456
146 3670 55 228
203 3670 191 23
396 3670 55 228
452 3670 55 228
509 3670 55 228
566 3670 55 228
622 3670 55 228
679 3670 191 228
872 3670 219 228
1093 3670 449 228
146 3899 55 227
396 3899 55 227
452 3899 55 227
509 3899 55 227
566 3899 55 227
622 3899 55 227
679 3899 191 227
872 3899 219 227
1093 3899 449 227
90 4132 55 225
146 4132 55 225
396 4132 55 225
452 4132 55 225
509 4132 55 225
566 4132 55 225
622 4132 55 225
679 4132 191 225
872 4132 219 225
1093 4132 449 225
