16 17 2832 208
16 226 2832 246
16 474 109 110
126 474 362 110
489 474 84 110
574 474 84 110
659 474 84 110
745 474 83 110
830 474 83 110
915 474 395 110
1311 474 566 110
1878 474 969 110
16 585 109 362
126 585 362 362
489 585 84 362
574 585 84 362
659 585 84 362
745 585 83 362
830 585 83 362
915 585 395 362
1311 585 566 362
1878 585 969 362
16 948 109 360
126 948 362 360
489 948 84 360
574 948 84 360
659 948 84 360
745 948 83 360
830 948 83 360
915 948 395 360
1311 948 566 360
1878 948 969 360
16 1313 1416 2850
1436 1313 1411 2850
