11 81 2087 162
11 244 2087 164
11 409 2087 117
11 528 77 54
90 528 191 54
283 528 187 54
472 528 115 54
589 528 63 54
654 528 89 54
745 528 101 54
848 528 169 54
1019 528 326 54
1347 528 751 54
11 585 77 301
90 585 191 23
283 585 187 301
472 585 115 301
589 585 63 301
654 585 89 301
745 585 101 301
848 585 169 301
1019 585 326 301
1347 585 751 301
187 863 21 23
11 888 77 301
90 888 191 27
283 888 187 301
472 888 115 301
589 888 63 301
654 888 89 301
745 888 101 301
848 888 169 301
1019 888 326 301
1347 888 751 301
90 995 22 85
92 1166 23 23
11 1191 77 301
90 1191 191 301
283 1191 187 301
472 1191 115 301
589 1191 63 301
654 1191 89 301
745 1191 101 301
848 1191 169 301
1019 1191 326 301
1347 1191 751 301
11 1494 77 301
90 1494 191 30
283 1494 187 301
472 1494 115 301
589 1494 63 301
654 1494 89 301
745 1494 101 301
848 1494 169 301
1019 1494 326 301
1347 1494 751 301
252 1593 29 46
90 1599 27 71
260 1656 21 31
90 1773 191 22
11 1798 77 300
90 1798 191 30
283 1798 187 300
472 1798 115 300
589 1798 63 300
654 1798 89 300
745 1798 101 300
848 1798 169 300
1019 1798 326 300
1347 1798 751 300
90 1894 22 36
90 1930 21 105
90 2076 130 22
224 2076 57 22
11 2101 77 301
90 2101 191 34
283 2101 187 301
472 2101 115 301
589 2101 63 301
654 2101 89 301
745 2101 101 301
848 2101 169 301
1019 2101 326 301
1347 2101 751 301
244 2178 37 24
90 2182 40 21
90 2204 37 96
248 2205 33 106
152 2379 32 23
11 2404 2087 426
