8 76 2856 271
8 348 2856 163
8 513 122 65
131 513 324 65
457 513 223 65
682 513 198 65
882 513 93 65
977 513 138 65
1117 513 184 65
1302 513 246 65
1549 513 459 65
2010 513 854 65
8 580 122 560
131 580 324 83
457 580 223 560
682 580 198 560
882 580 93 560
977 580 138 560
1117 580 184 560
1302 580 246 560
1549 580 459 560
2010 580 854 560
131 755 48 269
416 767 39 261
131 1098 97 42
280 1098 33 42
363 1098 92 42
8 1142 122 560
131 1142 324 105
457 1142 223 560
682 1142 198 560
882 1142 93 560
977 1142 138 560
1117 1142 184 560
1302 1142 246 560
1549 1142 459 560
2010 1142 854 560
411 1327 44 250
131 1333 55 70
131 1410 48 167
131 1664 123 38
274 1664 28 38
348 1664 107 38
8 1717 1424 2423
1435 1717 1429 2423
