16 17 2832 208
16 226 2832 246
16 474 109 110
126 474 362 110
489 474 84 110
574 474 84 110
659 474 84 110
745 474 83 110
830 474 83 110
915 474 395 110
1311 474 566 110
1878 474 970 110
16 585 109 606
126 585 362 606
489 585 84 606
574 585 84 606
659 585 84 606
745 585 83 606
830 585 83 606
915 585 395 606
1311 585 566 606
1878 585 970 606
16 1192 109 605
126 1192 362 605
489 1192 84 605
574 1192 84 605
659 1192 84 605
745 1192 83 605
830 1192 83 605
915 1192 395 605
1311 1192 566 605
1878 1192 970 605
16 1799 109 603
126 1799 362 603
489 1799 84 603
574 1799 84 603
659 1799 84 603
745 1799 83 603
830 1799 83 603
915 1799 395 603
1311 1799 566 603
1878 1799 970 603
16 2407 1416 1756
1436 2407 1412 1756
