16 17 2832 208
16 226 2832 246
16 474 109 110
126 474 362 110
489 474 84 110
574 474 84 110
659 474 84 110
745 474 83 110
830 474 83 110
915 474 395 110
1311 474 566 110
1878 474 970 110
16 585 109 424
126 585 362 424
489 585 84 424
574 585 84 424
659 585 84 424
745 585 83 424
830 585 83 424
915 585 395 424
1311 585 566 424
1878 585 970 424
16 1011 109 421
126 1011 362 421
489 1011 84 421
574 1011 84 421
659 1011 84 421
745 1011 83 421
830 1011 83 421
915 1011 395 421
1311 1011 566 421
1878 1011 970 421
16 1438 1416 2725
1436 1438 1412 2725
