112 112 2826 286
112 401 2826 202
112 614 53 120
167 614 53 120
223 614 203 120
429 614 58 120
490 614 42 120
535 614 42 120
580 614 43 120
625 614 43 120
670 614 171 120
844 614 184 120
1031 614 491 120
1528 614 51 120
1582 614 53 120
1637 614 204 120
1844 614 58 120
1905 614 42 120
1950 614 42 120
1995 614 42 120
2040 614 42 120
2085 614 171 120
2259 614 184 120
2445 614 493 120
112 736 53 1063
167 736 53 354
223 736 203 354
429 736 58 354
490 736 42 354
535 736 42 354
580 736 43 354
625 736 43 354
670 736 171 354
844 736 184 354
1031 736 491 354
1528 736 51 350
1582 736 53 350
1637 736 204 350
1844 736 58 350
1905 736 42 350
1950 736 42 350
1995 736 42 350
2040 736 42 350
2085 736 171 350
2259 736 184 350
2445 736 493 350
167 1093 53 354
223 1093 203 354
429 1093 58 354
490 1093 42 354
535 1093 42 354
580 1093 43 354
625 1093 43 354
670 1093 171 354
844 1093 184 354
1031 1093 491 354
1528 1097 51 345
1582 1097 53 345
1637 1097 204 345
1844 1097 58 345
1905 1097 42 345
1950 1097 42 345
1995 1097 42 345
2040 1097 42 345
2085 1097 171 345
2259 1097 184 345
2445 1097 493 345
167 1449 53 350
223 1449 203 350
429 1449 58 350
490 1449 42 350
535 1449 42 350
580 1449 43 350
625 1449 43 350
670 1449 171 350
844 1449 184 350
1031 1449 491 350
1528 1454 51 701
1582 1454 53 349
1637 1454 204 349
1844 1454 58 349
1905 1454 42 349
1950 1454 42 349
1995 1454 42 349
2040 1454 42 349
2085 1454 171 349
2259 1454 184 349
2445 1454 493 349
1582 1806 53 349
1637 1806 204 349
1844 1806 58 349
1905 1806 42 349
1950 1806 42 349
1995 1806 42 349
2040 1806 42 349
2085 1806 171 349
2259 1806 184 349
2445 1806 493 349
112 1810 53 702
167 1810 53 350
223 1810 203 350
429 1810 58 350
490 1810 42 350
535 1810 42 350
580 1810 43 350
625 1810 43 350
670 1810 171 350
844 1810 184 350
1031 1810 491 350
167 2162 53 350
223 2162 203 350
429 2162 58 350
490 2162 42 350
535 2162 42 350
580 2162 43 350
625 2162 43 350
670 2162 171 350
844 2162 184 350
1031 2162 491 350
1528 2167 51 345
1582 2167 53 345
1637 2167 204 345
1844 2167 58 345
1905 2167 42 345
1950 2167 42 345
1995 2167 42 345
2040 2167 42 345
2085 2167 171 345
2259 2167 184 345
2445 2167 493 345
112 2523 53 702
167 2523 53 350
223 2523 203 350
429 2523 58 350
490 2523 42 350
535 2523 42 350
580 2523 43 350
625 2523 43 350
670 2523 171 350
844 2523 184 350
1031 2523 491 350
1528 2523 51 702
1582 2523 53 350
1637 2523 204 350
1844 2523 58 350
1905 2523 42 350
1950 2523 42 350
1995 2523 42 350
2040 2523 42 350
2085 2523 171 350
2259 2523 184 350
2445 2523 493 350
167 2875 53 350
223 2875 203 350
429 2875 58 350
490 2875 42 350
535 2875 42 350
580 2875 43 350
625 2875 43 350
670 2875 171 350
844 2875 184 350
1031 2875 491 350
1582 2875 53 350
1637 2875 204 350
1844 2875 58 350
1905 2875 42 350
1950 2875 42 350
1995 2875 42 350
2040 2875 42 350
2085 2875 171 350
2259 2875 184 350
2445 2875 493 350
112 3236 53 702
167 3236 53 350
223 3236 203 350
429 3236 58 350
490 3236 42 350
535 3236 42 350
580 3236 43 350
625 3236 43 350
670 3236 171 350
844 3236 184 350
1031 3236 491 350
1528 3236 51 706
1582 3236 53 350
1637 3236 204 350
1844 3236 58 350
1905 3236 42 350
1950 3236 42 350
1995 3236 42 350
2040 3236 42 350
2085 3236 171 350
2259 3236 184 350
2445 3236 493 350
167 3589 53 349
223 3589 203 349
429 3589 58 349
490 3589 42 349
535 3589 42 349
580 3589 43 349
625 3589 43 349
670 3589 171 349
844 3589 184 349
1031 3589 491 349
1582 3589 53 353
1637 3589 204 353
1844 3589 58 353
1905 3589 42 353
1950 3589 42 353
1995 3589 42 353
2040 3589 42 353
2085 3589 171 353
2259 3589 184 353
2445 3589 493 353
1528 3945 1410 354
112 3949 53 350
167 3949 53 350
223 3949 203 350
429 3949 58 350
490 3949 42 350
535 3949 42 350
580 3949 43 350
625 3949 43 350
670 3949 171 350
844 3949 184 350
1031 3949 491 350
