12 11 2812 301
12 314 2812 210
12 526 2812 69
12 598 82 108
97 598 252 108
352 598 127 108
482 598 94 108
579 598 93 108
675 598 94 108
771 598 94 108
868 598 348 108
1219 598 349 108
1571 598 1253 108
12 709 82 414
97 709 252 414
352 709 127 414
482 709 94 414
579 709 93 414
675 709 94 414
771 709 94 414
868 709 348 414
1219 709 349 414
1571 709 1253 414
12 1126 82 414
97 1126 252 414
352 1126 127 414
482 1126 94 414
579 1126 93 414
675 1126 94 414
771 1126 94 414
868 1126 348 414
1219 1126 349 414
1571 1126 1253 414
12 1542 82 414
97 1542 252 414
352 1542 127 414
482 1542 94 414
579 1542 93 414
675 1542 94 414
771 1542 94 414
868 1542 348 414
1219 1542 349 414
1571 1542 1253 414
12 1959 82 414
97 1959 252 414
352 1959 127 414
482 1959 94 414
579 1959 93 414
675 1959 94 414
771 1959 94 414
868 1959 348 414
1219 1959 349 414
1571 1959 1253 414
12 2376 82 413
97 2376 252 413
352 2376 127 413
482 2376 94 413
579 2376 93 413
675 2376 94 413
771 2376 94 413
868 2376 348 413
1219 2376 349 413
1571 2376 1253 413
12 2792 82 414
97 2792 252 414
352 2792 127 414
482 2792 94 414
579 2792 93 414
675 2792 94 414
771 2792 94 414
868 2792 348 414
1219 2792 349 414
1571 2792 1253 414
12 3209 82 414
97 3209 252 414
352 3209 127 414
482 3209 94 414
579 3209 93 414
675 3209 94 414
771 3209 94 414
868 3209 348 414
1219 3209 349 414
1571 3209 1253 414
12 3625 82 414
97 3625 252 414
352 3625 127 414
482 3625 94 414
579 3625 93 414
675 3625 94 414
771 3625 94 414
868 3625 348 414
1219 3625 349 414
1571 3625 1253 414
