12 11 2850 246
12 261 2850 221
12 486 2850 74
12 564 109 109
125 564 336 109
465 564 109 109
578 564 68 109
650 564 63 109
717 564 121 109
842 564 108 109
954 564 335 109
1293 564 442 109
1739 564 1123 109
12 676 109 310
125 676 336 310
465 676 109 310
578 676 68 310
650 676 63 310
717 676 121 310
842 676 108 310
954 676 335 310
1293 676 442 310
1739 676 1123 310
12 990 109 306
125 990 336 306
465 990 109 306
578 990 68 306
650 990 63 306
717 990 121 306
842 990 108 306
954 990 335 306
1293 990 442 306
1739 990 1123 306
12 1300 109 309
125 1300 336 309
465 1300 109 309
578 1300 68 309
650 1300 63 309
717 1300 121 309
842 1300 108 309
954 1300 335 309
1293 1300 442 309
1739 1300 1123 309
12 1612 109 309
125 1612 336 309
465 1612 109 309
578 1612 68 309
650 1612 63 309
717 1612 121 309
842 1612 108 309
954 1612 335 309
1293 1612 442 309
1739 1612 1123 309
12 1925 109 308
125 1925 336 308
465 1925 109 308
578 1925 68 308
650 1925 63 308
717 1925 121 308
842 1925 108 308
954 1925 335 308
1293 1925 442 308
1739 1925 1123 308
12 2237 2850 1868
