16 17 2832 208
16 226 2832 246
16 474 109 110
126 474 362 110
489 474 84 110
574 474 84 110
659 474 84 110
745 474 83 110
830 474 83 110
915 474 395 110
1311 474 566 110
1878 474 970 110
16 585 109 538
126 585 362 538
489 585 84 538
574 585 84 538
659 585 84 538
745 585 83 538
830 585 83 538
915 585 395 538
1311 585 566 538
1878 585 970 538
16 1124 109 535
126 1124 362 535
489 1124 84 535
574 1124 84 535
659 1124 84 535
745 1124 83 535
830 1124 83 535
915 1124 395 535
1311 1124 566 535
1878 1124 970 535
16 1665 1416 2498
1436 1665 1412 2498
