64 245 89 61
155 245 89 61
246 245 242 61
489 245 158 61
648 245 320 30
648 276 87 30
736 276 232 30
64 307 89 102
155 307 89 102
246 307 242 102
489 307 158 102
648 307 87 102
736 307 232 102
64 411 89 102
155 411 89 102
246 411 242 102
489 411 158 102
648 411 87 102
736 411 232 102
64 514 89 102
155 514 89 102
246 514 242 102
489 514 158 102
648 514 87 102
736 514 232 102
64 618 89 102
155 618 89 102
246 618 242 102
489 618 158 102
648 618 87 102
736 618 232 102
64 721 89 102
155 721 89 102
246 721 242 102
489 721 158 102
648 721 87 102
736 721 232 102
64 825 89 102
155 825 89 102
246 825 242 102
489 825 158 102
648 825 87 102
736 825 232 102
64 928 89 102
155 928 89 102
246 928 242 102
489 928 158 102
648 928 87 102
736 928 232 102
64 1032 89 102
155 1032 89 102
246 1032 242 102
489 1032 158 102
648 1032 87 102
736 1032 232 102
64 1135 89 102
155 1135 89 102
246 1135 242 102
489 1135 158 102
648 1135 87 102
736 1135 232 102
64 1238 89 103
155 1238 89 103
246 1238 242 103
489 1238 158 103
648 1238 87 103
736 1238 232 103
64 1342 89 102
155 1342 89 102
246 1342 242 102
489 1342 158 102
648 1342 87 102
736 1342 232 102
64 1445 89 102
155 1445 89 102
246 1445 242 102
489 1445 158 102
648 1445 87 102
736 1445 232 102
64 1549 89 102
155 1549 89 102
246 1549 242 102
489 1549 158 102
648 1549 87 102
736 1549 232 102
64 1652 89 102
155 1652 89 102
246 1652 242 102
489 1652 158 102
648 1652 87 102
736 1652 232 102
64 1756 89 102
155 1756 89 102
246 1756 242 102
489 1756 158 102
648 1756 87 102
736 1756 232 102
64 1859 89 102
155 1859 89 102
246 1859 242 102
489 1859 158 102
648 1859 87 102
736 1859 232 102
64 1963 89 102
155 1963 89 102
246 1963 242 102
489 1963 158 102
648 1963 87 102
736 1963 232 102
64 2066 89 102
155 2066 89 102
246 2066 242 102
489 2066 158 102
648 2066 87 102
736 2066 232 102
64 2170 89 102
155 2170 89 102
246 2170 242 102
489 2170 158 102
648 2170 87 102
736 2170 232 102
64 2273 89 102
155 2273 89 102
246 2273 242 102
489 2273 158 102
648 2273 87 102
736 2273 232 102
64 2377 89 102
155 2377 89 102
246 2377 242 102
489 2377 158 102
648 2377 87 102
736 2377 232 102
64 2480 89 102
155 2480 89 102
246 2480 242 102
489 2480 158 102
648 2480 87 102
736 2480 232 102
64 2584 89 102
155 2584 89 102
246 2584 242 102
489 2584 158 102
648 2584 87 102
736 2584 232 102
64 2687 89 102
155 2687 89 102
246 2687 242 102
489 2687 158 102
648 2687 87 102
736 2687 232 102
64 2790 89 102
155 2790 89 102
246 2790 242 102
489 2790 158 102
648 2790 87 102
736 2790 232 102
64 2894 89 102
155 2894 89 102
246 2894 242 102
489 2894 158 102
648 2894 87 102
736 2894 232 102
64 2997 89 102
155 2997 89 102
246 2997 242 102
489 2997 158 102
648 2997 87 102
736 2997 232 102
64 3101 89 102
155 3101 89 102
246 3101 242 102
489 3101 158 102
648 3101 87 102
736 3101 232 102
64 3204 89 102
155 3204 89 102
246 3204 242 102
489 3204 158 102
648 3204 87 102
736 3204 232 102
64 3308 89 102
155 3308 89 102
246 3308 242 102
489 3308 158 102
648 3308 87 102
736 3308 232 102
1000 245 89 61
1090 245 90 61
1181 245 242 61
1425 245 157 61
1584 245 320 30
1584 276 86 30
1671 276 233 30
1000 307 89 102
1090 307 90 102
1181 307 242 102
1425 307 157 102
1584 307 86 102
1671 307 233 102
1000 411 89 102
1090 411 90 102
1181 411 242 102
1425 411 157 102
1584 411 86 102
1671 411 233 102
1000 514 89 102
1090 514 90 102
1181 514 242 102
1425 514 157 102
1584 514 86 102
1671 514 233 102
1000 618 89 102
1090 618 90 102
1181 618 242 102
1425 618 157 102
1584 618 86 102
1671 618 233 102
1000 721 89 102
1090 721 90 102
1181 721 242 102
1425 721 157 102
1584 721 86 102
1671 721 233 102
1000 825 89 102
1090 825 90 102
1181 825 242 102
1425 825 157 102
1584 825 86 102
1671 825 233 102
1000 928 89 102
1090 928 90 102
1181 928 242 102
1425 928 157 102
1584 928 86 102
1671 928 233 102
1000 1032 89 102
1090 1032 90 102
1181 1032 242 102
1425 1032 157 102
1584 1032 86 102
1671 1032 233 102
1000 1135 89 102
1090 1135 90 102
1181 1135 242 102
1425 1135 157 102
1584 1135 86 102
1671 1135 233 102
1000 1238 89 103
1090 1238 90 103
1181 1238 242 103
1425 1238 157 103
1584 1238 86 103
1671 1238 233 103
1000 1342 89 102
1090 1342 90 102
1181 1342 242 102
1425 1342 157 102
1584 1342 86 102
1671 1342 233 102
1000 1445 89 102
1090 1445 90 102
1181 1445 242 102
1425 1445 157 102
1584 1445 86 102
1671 1445 233 102
1000 1549 89 102
1090 1549 90 102
1181 1549 242 102
1425 1549 157 102
1584 1549 86 102
1671 1549 233 102
1000 1652 89 102
1090 1652 90 102
1181 1652 242 102
1425 1652 157 102
1584 1652 86 102
1671 1652 233 102
1000 1756 89 102
1090 1756 90 102
1181 1756 242 102
1425 1756 157 102
1584 1756 86 102
1671 1756 233 102
1000 1859 89 102
1090 1859 90 102
1181 1859 242 102
1425 1859 157 102
1584 1859 86 102
1671 1859 233 102
1000 1963 89 102
1090 1963 90 102
1181 1963 242 102
1425 1963 157 102
1584 1963 86 102
1671 1963 233 102
1000 2066 89 102
1090 2066 90 102
1181 2066 242 102
1425 2066 157 102
1584 2066 86 102
1671 2066 233 102
1000 2170 89 102
1090 2170 90 102
1181 2170 242 102
1425 2170 157 102
1584 2170 86 102
1671 2170 233 102
1000 2273 89 102
1090 2273 90 102
1181 2273 242 102
1425 2273 157 102
1584 2273 86 102
1671 2273 233 102
1000 2377 89 102
1090 2377 90 102
1181 2377 242 102
1425 2377 157 102
1584 2377 86 102
1671 2377 233 102
1000 2480 89 102
1090 2480 90 102
1181 2480 242 102
1425 2480 157 102
1584 2480 86 102
1671 2480 233 102
1000 2584 89 102
1090 2584 90 102
1181 2584 242 102
1425 2584 157 102
1584 2584 86 102
1671 2584 233 102
1000 2687 89 102
1090 2687 90 102
1181 2687 242 102
1425 2687 157 102
1584 2687 86 102
1671 2687 233 102
1000 2790 89 102
1090 2790 90 102
1181 2790 242 102
1425 2790 157 102
1584 2790 86 102
1671 2790 233 102
1000 2894 89 102
1090 2894 90 102
1181 2894 242 102
1425 2894 157 102
1584 2894 86 102
1671 2894 233 102
1000 2997 89 102
1090 2997 90 102
1181 2997 242 102
1425 2997 157 102
1584 2997 86 102
1671 2997 233 102
1000 3101 89 102
1090 3101 90 102
1181 3101 242 102
1425 3101 157 102
1584 3101 86 102
1671 3101 233 102
1000 3204 89 102
1090 3204 90 102
1181 3204 242 102
1425 3204 157 102
1584 3204 86 102
1671 3204 233 102
1000 3308 89 102
1090 3308 90 102
1181 3308 242 102
1425 3308 157 102
1584 3308 86 102
1671 3308 233 102
1935 245 89 61
2026 245 89 61
2116 245 243 61
2360 245 158 61
2519 245 320 30
2519 276 86 30
2607 276 232 30
1935 307 89 102
2026 307 89 102
2116 307 243 102
2360 307 158 102
2519 307 86 102
2607 307 232 102
1935 411 89 102
2026 411 89 102
2116 411 243 102
2360 411 158 102
2519 411 86 102
2607 411 232 102
1935 514 89 102
2026 514 89 102
2116 514 243 102
2360 514 158 102
2519 514 86 102
2607 514 232 102
1935 618 89 102
2026 618 89 102
2116 618 243 102
2360 618 158 102
2519 618 86 102
2607 618 232 102
1935 721 89 102
2026 721 89 102
2116 721 243 102
2360 721 158 102
2519 721 86 102
2607 721 232 102
1935 825 89 102
2026 825 89 102
2116 825 243 102
2360 825 158 102
2519 825 86 102
2607 825 232 102
1935 928 89 102
2026 928 89 102
2116 928 243 102
2360 928 158 102
2519 928 86 102
2607 928 232 102
1935 1032 89 102
2026 1032 89 102
2116 1032 243 102
2360 1032 158 102
2519 1032 86 102
2607 1032 232 102
1935 1135 89 102
2026 1135 89 102
2116 1135 243 102
2360 1135 158 102
2519 1135 86 102
2607 1135 232 102
1935 1238 89 103
2026 1238 89 103
2116 1238 243 103
2360 1238 158 103
2519 1238 86 103
2607 1238 232 103
1935 1342 89 102
2026 1342 89 102
2116 1342 243 102
2360 1342 158 102
2519 1342 86 102
2607 1342 232 102
1935 1445 89 102
2026 1445 89 102
2116 1445 243 102
2360 1445 158 102
2519 1445 86 102
2607 1445 232 102
1935 1549 89 102
2026 1549 89 102
2116 1549 243 102
2360 1549 158 102
2519 1549 86 102
2607 1549 232 102
1935 1652 89 102
2026 1652 89 102
2116 1652 243 102
2360 1652 158 102
2519 1652 86 102
2607 1652 232 102
1935 1756 89 102
2026 1756 89 102
2116 1756 243 102
2360 1756 158 102
2519 1756 86 102
2607 1756 232 102
1935 1859 89 102
2026 1859 89 102
2116 1859 243 102
2360 1859 158 102
2519 1859 86 102
2607 1859 232 102
1935 1963 89 102
2026 1963 89 102
2116 1963 243 102
2360 1963 158 102
2519 1963 86 102
2607 1963 232 102
1935 2066 89 102
2026 2066 89 102
2116 2066 243 102
2360 2066 158 102
2519 2066 86 102
2607 2066 232 102
1935 2170 89 102
2026 2170 89 102
2116 2170 243 102
2360 2170 158 102
2519 2170 86 102
2607 2170 232 102
1935 2273 89 102
2026 2273 89 102
2116 2273 243 102
2360 2273 158 102
2519 2273 86 102
2607 2273 232 102
1935 2377 89 102
2026 2377 89 102
2116 2377 243 102
2360 2377 158 102
2519 2377 86 102
2607 2377 232 102
1935 2480 89 102
2026 2480 89 102
2116 2480 243 102
2360 2480 158 102
2519 2480 86 102
2607 2480 232 102
1935 2584 89 102
2026 2584 89 102
2116 2584 243 102
2360 2584 158 102
2519 2584 86 102
2607 2584 232 102
1935 2687 89 102
2026 2687 89 102
2116 2687 243 102
2360 2687 158 102
2519 2687 86 102
2607 2687 232 102
1935 2790 89 102
2026 2790 89 102
2116 2790 243 102
2360 2790 158 102
2519 2790 86 102
2607 2790 232 102
1935 2894 89 102
2026 2894 89 102
2116 2894 243 102
2360 2894 158 102
2519 2894 86 102
2607 2894 232 102
1935 2997 89 102
2026 2997 89 102
2116 2997 243 102
2360 2997 158 102
2519 2997 86 102
2607 2997 232 102
1935 3101 89 102
2026 3101 89 102
2116 3101 243 102
2360 3101 158 102
2519 3101 86 102
2607 3101 232 102
1935 3204 89 102
2026 3204 89 102
2116 3204 243 102
2360 3204 158 102
2519 3204 86 102
2607 3204 232 102
1935 3308 89 102
2026 3308 89 102
2116 3308 243 102
2360 3308 158 102
2519 3308 86 102
2607 3308 232 102
