133 185 68 87
206 185 188 87
399 185 62 87
466 185 53 87
524 185 50 87
579 185 50 87
634 185 50 87
689 185 134 87
828 185 217 87
1051 185 475 87
1531 185 1392 2190
133 277 1393 70
133 352 67 263
205 352 188 263
398 352 62 263
465 352 53 263
523 352 50 263
578 352 50 263
633 352 50 263
688 352 135 263
828 352 217 263
1050 352 475 263
133 620 67 264
205 620 188 264
398 620 62 264
465 620 53 264
523 620 50 264
578 620 50 264
633 620 50 264
688 620 135 264
828 620 217 264
1050 620 475 264
133 889 67 263
205 889 188 263
398 889 62 263
465 889 53 263
523 889 50 263
578 889 50 263
633 889 50 263
688 889 135 263
828 889 217 263
1050 889 475 263
133 1157 1393 70
133 1232 68 263
206 1232 188 263
399 1232 61 263
465 1232 53 263
523 1232 50 263
579 1232 50 263
634 1232 50 263
689 1232 134 263
828 1232 217 263
1050 1232 475 263
133 1500 1393 70
133 1575 67 263
205 1575 188 263
398 1575 62 263
465 1575 53 263
523 1575 50 263
578 1575 50 263
633 1575 50 263
688 1575 135 263
828 1575 217 263
1050 1575 475 263
133 1843 67 264
205 1843 188 264
398 1843 62 264
465 1843 53 264
523 1843 50 264
578 1843 50 264
633 1843 50 264
688 1843 135 264
828 1843 217 264
1050 1843 475 264
133 2112 67 263
205 2112 188 263
398 2112 62 263
465 2112 53 263
523 2112 50 263
578 2112 50 263
633 2112 50 263
688 2112 135 263
828 2112 217 263
1050 2112 475 263
133 2380 924 1337
1061 2380 930 1337
1996 2380 927 1337
133 3722 2790 443
