156 126 2742 273
156 404 2742 289
156 699 90 76
249 699 356 76
608 699 109 76
943 699 88 76
1034 699 260 76
1297 699 587 76
1887 699 1011 76
720 700 67 75
790 700 57 75
850 700 90 75
156 781 90 416
249 781 356 416
608 781 109 416
720 781 67 416
790 781 57 416
850 781 90 416
943 781 88 416
1034 781 260 416
1297 781 587 416
1887 781 1011 416
156 1203 90 416
249 1203 356 416
608 1203 109 416
720 1203 67 416
790 1203 57 416
850 1203 90 416
943 1203 88 416
1034 1203 260 416
1297 1203 587 416
1887 1203 1011 416
156 1625 90 416
249 1625 356 416
608 1625 109 416
720 1625 67 416
790 1625 57 416
850 1625 90 416
943 1625 88 416
1034 1625 260 416
1297 1625 587 416
1887 1625 1011 416
156 2047 1361 2157
1533 2047 1365 2157
