8 8 120 172
130 8 271 172
404 8 229 172
636 8 94 172
732 8 95 172
829 8 142 172
973 8 116 172
1092 8 261 172
1356 8 478 172
1837 8 1050 172
8 183 120 367
130 183 271 367
404 183 229 367
636 183 94 367
732 183 95 367
829 183 142 367
973 183 116 367
1092 183 261 367
1356 183 478 367
1837 183 1050 367
8 554 1479 3186
1491 554 1396 2167
1491 2725 1396 58
1491 2785 234 48
1727 2785 631 48
2360 2787 216 46
2578 2787 309 46
1491 2835 234 46
1727 2835 631 46
2360 2835 216 46
2578 2835 309 46
1491 2883 234 47
1727 2883 631 47
2360 2883 216 47
2578 2883 309 47
1491 2931 234 47
1727 2931 631 47
2360 2931 216 47
2578 2931 309 47
1491 2979 234 47
1727 2979 631 47
2360 2979 216 47
2578 2979 309 47
1491 3027 234 47
1727 3027 631 47
2360 3027 216 47
2578 3027 309 47
1491 3075 234 47
1727 3075 631 46
2360 3075 216 46
2578 3075 309 47
1491 3124 1396 616
