12 11 2812 301
12 314 2812 210
12 526 2812 69
12 598 82 108
97 598 252 108
352 598 127 108
482 598 94 108
579 598 93 108
675 598 94 108
771 598 94 108
868 598 348 108
1219 598 349 108
1571 598 1253 108
12 709 82 301
97 709 252 301
352 709 127 301
482 709 94 301
579 709 93 301
675 709 94 301
771 709 94 301
868 709 348 301
1219 709 349 301
1571 709 1253 301
12 1013 82 301
97 1013 252 301
352 1013 127 301
482 1013 94 301
579 1013 93 301
675 1013 94 301
771 1013 94 301
868 1013 348 301
1219 1013 349 301
1571 1013 1253 301
12 1317 82 301
97 1317 252 301
352 1317 127 301
482 1317 94 301
579 1317 93 301
675 1317 94 301
771 1317 94 301
868 1317 348 301
1219 1317 349 301
1571 1317 1253 301
12 1621 82 301
97 1621 252 301
352 1621 127 301
482 1621 94 301
579 1621 93 301
675 1621 94 301
771 1621 94 301
868 1621 348 301
1219 1621 349 301
1571 1621 1253 301
12 1925 82 301
97 1925 252 301
352 1925 127 301
482 1925 94 301
579 1925 93 301
675 1925 94 301
771 1925 94 301
868 1925 348 301
1219 1925 349 301
1571 1925 1253 301
12 2229 82 301
97 2229 252 301
352 2229 127 301
482 2229 94 301
579 2229 93 301
675 2229 94 301
771 2229 94 301
868 2229 348 301
1219 2229 349 301
1571 2229 1253 301
12 2533 82 301
97 2533 252 301
352 2533 127 301
482 2533 94 301
579 2533 93 301
675 2533 94 301
771 2533 94 301
868 2533 348 301
1219 2533 349 301
1571 2533 1253 301
12 2837 82 301
97 2837 252 301
352 2837 127 301
482 2837 94 301
579 2837 93 301
675 2837 94 301
771 2837 94 301
868 2837 348 301
1219 2837 349 301
1571 2837 1253 301
12 3141 82 301
97 3141 252 301
352 3141 127 301
482 3141 94 301
579 3141 93 301
675 3141 94 301
771 3141 94 301
868 3141 348 301
1219 3141 349 301
1571 3141 1253 301
12 3445 82 301
97 3445 252 301
352 3445 127 301
482 3445 94 301
579 3445 93 301
675 3445 94 301
771 3445 94 301
868 3445 348 301
1219 3445 349 301
1571 3445 1253 301
12 3749 82 299
97 3749 252 299
352 3749 127 299
482 3749 94 299
579 3749 93 299
675 3749 94 299
771 3749 94 299
868 3749 348 299
1219 3749 349 299
1571 3749 1253 299
