160 107 2769 61
160 173 146 51
308 173 202 51
512 173 213 52
727 173 157 51
886 173 72 51
960 173 100 51
1062 173 136 52
1201 173 224 52
1427 173 344 51
1773 173 1156 52
160 230 70 1200
232 230 74 297
308 230 202 227
512 230 213 297
727 230 157 297
886 230 72 297
960 230 100 297
1062 230 136 297
1201 230 224 297
1427 230 344 297
1773 230 1156 297
308 457 201 68
232 530 74 298
308 530 202 224
512 530 213 299
727 530 157 298
886 530 72 298
960 530 100 298
1062 530 136 299
1201 530 224 299
1427 530 344 298
1773 530 1156 299
308 754 201 74
232 831 74 299
308 831 202 170
512 831 213 299
727 831 157 299
886 831 72 299
960 831 100 299
1062 831 136 299
1201 831 224 299
1427 831 344 299
1773 831 1156 299
233 1132 72 298
308 1132 201 42
512 1132 213 298
728 1132 156 298
886 1132 71 298
960 1132 99 298
1062 1132 136 298
1201 1132 224 298
1428 1132 342 298
1773 1132 1156 298
308 1221 44 25
471 1221 38 209
308 1249 42 170
160 1435 70 598
232 1435 74 298
308 1435 202 298
512 1435 213 298
727 1435 157 298
886 1435 72 298
960 1435 100 298
1062 1435 136 298
1201 1435 224 298
1427 1435 344 298
1773 1435 1156 298
232 1735 74 298
308 1735 202 298
512 1735 213 298
727 1735 157 298
886 1735 72 298
960 1735 100 298
1062 1735 136 298
1201 1735 224 298
1427 1735 344 298
1773 1735 1156 298
160 2038 70 899
232 2038 74 297
308 2038 202 190
512 2038 213 298
727 2038 157 297
886 2038 72 297
960 2038 100 297
1062 2038 136 298
1201 2038 224 298
1427 2038 344 297
1773 2038 1156 298
232 2338 74 299
308 2338 202 37
512 2338 213 299
727 2338 157 299
886 2338 72 299
960 2338 100 299
1062 2338 136 299
1201 2338 224 299
1427 2338 344 299
1773 2338 1156 299
308 2422 39 120
474 2438 36 109
232 2639 74 298
308 2639 202 49
512 2639 213 298
727 2639 157 298
886 2639 72 298
960 2639 100 298
1062 2639 136 298
1201 2639 224 298
1427 2639 344 298
1773 2639 1156 298
466 2737 44 36
308 2749 37 102
467 2773 43 74
160 2942 70 899
232 2942 74 297
308 2942 202 216
512 2942 213 298
727 2942 157 297
886 2942 72 297
960 2942 100 297
1062 2942 136 298
1201 2942 224 298
1427 2942 344 297
1773 2942 1156 298
310 3160 200 46
310 3206 199 34
232 3242 74 299
308 3242 202 299
512 3242 213 299
727 3242 157 299
886 3242 72 299
960 3242 100 299
1062 3242 136 299
1201 3242 224 299
1427 3242 344 299
1773 3242 1156 299
233 3543 72 298
308 3543 201 48
512 3543 213 298
728 3543 156 298
886 3543 71 298
960 3543 99 298
1062 3543 136 298
1201 3543 224 298
1428 3543 342 298
1773 3543 1156 298
308 3643 41 99
468 3649 41 90
160 3846 2769 509
