8 76 2883 274
8 351 2883 164
8 517 123 66
133 517 327 66
462 517 225 66
689 517 199 66
890 517 95 66
986 517 140 66
1128 517 185 66
1315 517 247 66
1564 517 463 66
2029 517 862 66
8 585 123 565
133 585 327 73
462 585 225 565
689 585 199 565
890 585 95 565
986 585 140 565
1128 585 185 565
1315 585 247 565
1564 585 463 565
2029 585 862 565
216 1099 74 51
8 1152 123 565
133 1152 327 565
462 1152 225 565
689 1152 199 565
890 1152 95 565
986 1152 140 565
1128 1152 185 565
1315 1152 247 565
1564 1152 463 565
2029 1152 862 565
8 1719 123 565
133 1719 327 565
462 1719 225 565
689 1719 199 565
890 1719 95 565
986 1719 140 565
1128 1719 185 565
1315 1719 247 565
1564 1719 463 565
2029 1719 862 565
8 2299 1438 1879
1449 2299 1442 1879
