156 121 2742 273
156 400 2742 288
156 694 90 76
249 694 356 76
608 694 109 76
943 694 88 76
1034 694 260 76
1297 694 587 76
1887 694 1011 76
720 695 67 75
790 695 57 75
850 695 90 75
156 776 90 411
249 776 356 411
608 776 109 411
720 776 67 411
790 776 57 411
850 776 90 411
943 776 88 411
1034 776 260 411
1297 776 587 411
1887 776 1011 411
156 1193 90 426
249 1193 356 426
608 1193 109 426
720 1193 67 426
790 1193 57 426
850 1193 90 426
943 1193 88 426
1034 1193 260 426
1297 1193 587 426
1887 1193 1011 426
156 1625 1361 2574
1533 1625 1365 2574
