23 22 2857 337
23 360 2857 263
23 624 110 82
134 624 95 82
231 624 270 82
503 624 100 82
605 624 117 82
724 624 66 82
792 624 129 82
922 624 129 82
1053 624 270 82
1325 624 322 82
1648 624 1232 82
23 711 110 655
134 711 95 325
231 711 270 325
503 711 100 325
605 711 117 325
724 711 66 325
792 711 129 325
922 711 129 325
1053 711 270 325
1325 711 322 325
1648 711 1232 325
134 1038 95 328
231 1038 270 328
503 1038 100 328
605 1038 117 328
724 1038 66 328
792 1038 129 328
922 1038 129 328
1053 1038 270 328
1325 1038 322 328
1648 1038 1232 328
23 1370 110 1969
134 1370 95 326
231 1370 270 326
503 1370 100 326
605 1370 117 326
724 1370 66 326
792 1370 129 326
922 1370 129 326
1053 1370 270 326
1325 1370 322 326
1648 1370 1232 326
134 1697 95 328
231 1697 270 328
503 1697 100 328
605 1697 117 328
724 1697 66 328
792 1697 129 328
922 1697 129 328
1053 1697 270 328
1325 1697 322 328
1648 1697 1232 328
134 2026 95 328
231 2026 270 328
503 2026 100 328
605 2026 117 328
724 2026 66 328
792 2026 129 328
922 2026 129 328
1053 2026 270 328
1325 2026 322 328
1648 2026 1232 328
134 2355 95 327
231 2355 270 327
503 2355 100 327
605 2355 117 327
724 2355 66 327
792 2355 129 327
922 2355 129 327
1053 2355 270 327
1325 2355 322 327
1648 2355 1232 327
134 2684 95 327
231 2684 270 327
503 2684 100 327
605 2684 117 327
724 2684 66 327
792 2684 129 327
922 2684 129 327
1053 2684 270 327
1325 2684 322 327
1648 2684 1232 327
134 3013 95 326
231 3013 270 326
503 3013 100 326
605 3013 117 326
724 3013 66 326
792 3013 129 326
922 3013 129 326
1053 3013 270 326
1325 3013 322 326
1648 3013 1232 326
23 3343 110 654
134 3343 95 326
231 3343 270 326
503 3343 100 326
605 3343 117 326
724 3343 66 326
792 3343 129 326
922 3343 129 326
1053 3343 270 326
1325 3343 322 326
1648 3343 1232 326
134 3670 95 327
231 3670 270 327
503 3670 100 327
605 3670 117 327
724 3670 66 327
792 3670 129 327
922 3670 129 327
1053 3670 270 327
1325 3670 322 327
1648 3670 1232 327
