106 90 2851 277
106 369 2851 224
106 596 111 84
219 596 257 84
478 596 237 84
717 596 89 84
808 596 66 84
876 596 123 84
1001 596 195 84
1198 596 231 84
1431 596 446 84
1879 596 1078 84
106 682 111 337
478 682 237 337
717 682 89 337
808 682 66 337
876 682 123 337
1001 682 195 337
1198 682 231 337
1431 682 446 337
1879 682 1078 337
219 744 38 24
447 754 29 49
219 789 32 36
106 1021 121 3196
245 1021 55 3196
335 1021 64 3196
426 1021 2531 2576
300 1022 32 3195
399 1022 27 3195
426 3597 1175 620
1604 3600 1353 55
2519 3656 438 67
1604 3657 133 66
1738 3657 357 66
2096 3657 422 66
1604 3724 133 83
1738 3724 357 83
2096 3724 422 83
2519 3724 438 83
1604 3808 133 90
1738 3808 357 90
2096 3808 422 90
2519 3808 438 90
1601 3901 1356 316
