9 67 2031 209
9 280 2031 158
9 447 56 51
68 447 196 51
266 447 190 51
459 447 83 51
544 447 54 51
600 447 83 51
686 447 94 51
782 447 185 51
969 447 287 51
1258 447 782 51
9 500 56 508
68 500 196 508
266 500 190 508
459 500 83 508
544 500 54 508
600 500 83 508
686 500 94 508
782 500 185 508
969 500 287 508
1258 500 782 508
9 1010 56 508
68 1010 196 508
266 1010 190 508
459 1010 83 508
544 1010 54 508
600 1010 83 508
686 1010 94 508
782 1010 185 508
969 1010 287 508
1258 1010 782 508
9 1521 56 504
68 1521 196 504
266 1521 190 504
459 1521 83 504
544 1521 54 504
600 1521 83 504
686 1521 94 504
782 1521 185 504
969 1521 287 504
1258 1521 782 504
9 2034 2031 881
