13 12 2946 211
13 225 2946 197
13 424 2946 89
13 514 49 89
64 514 55 89
121 514 225 89
347 514 55 89
404 514 55 89
461 514 55 89
517 514 55 89
574 514 55 89
631 514 367 89
999 514 367 89
1368 514 1591 89
13 605 49 208
64 605 55 208
347 605 55 208
404 605 55 208
461 605 55 208
517 605 55 208
574 605 55 208
631 605 367 208
999 605 367 208
1368 605 1591 208
121 654 54 159
298 684 48 129
13 815 49 208
64 815 55 208
347 815 55 208
404 815 55 208
461 815 55 208
517 815 55 208
574 815 55 208
631 815 367 208
999 815 367 208
1368 815 1591 208
295 878 51 103
121 879 50 102
317 988 29 35
121 989 28 34
13 1024 49 209
64 1024 55 209
347 1024 55 209
404 1024 55 209
461 1024 55 209
517 1024 55 209
574 1024 55 209
631 1024 367 209
999 1024 367 209
1368 1024 1591 209
121 1064 56 136
285 1082 61 88
287 1176 59 28
13 1234 49 208
64 1234 55 208
347 1234 55 208
404 1234 55 208
461 1234 55 208
517 1234 55 208
574 1234 55 208
631 1234 367 208
999 1234 367 208
1368 1234 1591 208
121 1289 54 105
291 1291 55 97
317 1395 29 47
121 1404 28 38
13 1444 2946 89
13 1535 49 89
64 1535 55 89
121 1535 225 89
347 1535 55 89
404 1535 55 89
461 1535 55 89
517 1535 55 89
574 1535 55 89
631 1535 367 89
999 1535 367 89
1368 1535 1591 89
13 1625 49 208
64 1625 55 208
347 1625 55 208
404 1625 55 208
461 1625 55 208
517 1625 55 208
574 1625 55 208
631 1625 367 208
999 1625 367 208
1368 1625 1591 208
121 1683 55 25
290 1683 56 103
121 1709 53 73
121 1793 28 40
317 1797 29 36
13 1835 49 208
64 1835 55 208
121 1835 225 182
347 1835 55 208
404 1835 55 208
461 1835 55 208
517 1835 55 208
574 1835 55 208
631 1835 367 208
999 1835 367 208
1368 1835 1591 208
13 2045 49 208
64 2045 55 208
347 2045 55 208
404 2045 55 208
461 2045 55 208
517 2045 55 208
574 2045 55 208
631 2045 367 208
999 2045 367 208
1368 2045 1591 208
121 2090 52 26
288 2091 58 25
121 2122 49 78
294 2125 52 84
121 2212 28 41
317 2222 29 31
13 2255 49 208
64 2255 55 208
121 2255 225 199
347 2255 55 208
404 2255 55 208
461 2255 55 208
517 2255 55 208
574 2255 55 208
631 2255 367 208
999 2255 367 208
1368 2255 1591 208
13 2464 2946 89
13 2555 49 89
64 2555 55 89
121 2555 225 89
347 2555 55 89
404 2555 55 89
461 2555 55 89
517 2555 55 89
574 2555 55 89
631 2555 367 89
999 2555 367 89
1368 2555 1591 89
13 2646 49 208
64 2646 55 208
347 2646 55 208
404 2646 55 208
461 2646 55 208
517 2646 55 208
574 2646 55 208
631 2646 367 208
999 2646 367 208
1368 2646 1591 208
289 2702 57 104
121 2708 53 109
317 2818 29 36
121 2828 28 26
13 2856 2946 89
13 2946 49 89
64 2946 55 89
121 2946 225 89
347 2946 55 89
404 2946 55 89
461 2946 55 89
517 2946 55 89
574 2946 55 89
631 2946 367 89
999 2946 367 89
1368 2946 1591 89
13 3037 49 208
64 3037 55 208
347 3037 55 208
404 3037 55 208
461 3037 55 208
517 3037 55 208
574 3037 55 208
631 3037 367 208
999 3037 367 208
1368 3037 1591 208
292 3119 54 21
121 3147 41 71
296 3150 50 42
297 3192 49 24
121 3223 28 22
13 3247 49 208
64 3247 55 208
347 3247 55 208
404 3247 55 208
461 3247 55 208
517 3247 55 208
574 3247 55 208
631 3247 367 208
999 3247 367 208
1368 3247 1591 208
291 3313 55 142
121 3320 48 135
13 3457 49 208
64 3457 55 208
347 3457 55 208
404 3457 55 208
461 3457 55 208
517 3457 55 208
574 3457 55 208
631 3457 367 208
999 3457 367 208
1368 3457 1591 208
301 3517 45 22
121 3530 48 94
303 3552 43 77
121 3630 28 35
317 3634 29 31
13 3666 2946 89
13 3757 49 89
64 3757 55 89
121 3757 225 89
347 3757 55 89
404 3757 55 89
461 3757 55 89
517 3757 55 89
574 3757 55 89
631 3757 367 89
999 3757 367 89
1368 3757 1591 89
13 3848 49 208
64 3848 55 208
347 3848 55 208
404 3848 55 208
461 3848 55 208
517 3848 55 208
574 3848 55 208
631 3848 367 208
999 3848 367 208
1368 3848 1591 208
121 3884 54 43
281 3894 65 119
121 3930 52 87
288 4024 58 32
121 4027 28 29
13 4058 49 205
64 4058 55 205
347 4058 55 205
404 4058 55 205
461 4058 55 205
517 4058 55 205
574 4058 55 205
631 4058 367 205
999 4058 367 205
1368 4058 1591 205
121 4106 53 25
291 4132 55 97
121 4139 50 91
