90 105 1452 50
1547 105 1466 4252
90 157 55 229
146 157 55 229
203 157 191 229
396 157 55 229
452 157 55 229
509 157 55 229
566 157 55 229
622 157 55 229
679 157 191 229
872 157 219 229
1093 157 449 229
90 388 55 460
146 388 55 229
203 388 191 172
396 388 55 229
452 388 55 229
509 388 55 229
566 388 55 229
622 388 55 229
679 388 191 229
872 388 219 229
1093 388 449 229
203 584 191 33
146 619 55 229
396 619 55 229
452 619 55 229
509 619 55 229
566 619 55 229
622 619 55 229
679 619 191 229
872 619 219 229
1093 619 449 229
356 671 38 25
76 851 1466 3506
