16 17 2832 208
16 226 2832 246
16 474 109 110
126 474 362 110
489 474 84 110
574 474 84 110
659 474 84 110
745 474 83 110
830 474 83 110
915 474 395 110
1311 474 566 110
1878 474 969 110
16 586 109 400
126 586 362 400
489 586 84 400
574 586 84 400
659 586 84 400
745 586 83 400
830 586 83 400
915 586 395 400
1311 586 566 400
1878 586 969 400
16 988 109 399
126 988 362 399
489 988 84 399
574 988 84 399
659 988 84 399
745 988 83 399
830 988 83 399
915 988 395 399
1311 988 566 399
1878 988 969 399
16 1393 1416 2770
1436 1393 1411 2770
