4 652 54 95
59 652 198 95
259 652 65 95
326 652 62 95
390 652 64 95
455 652 65 95
522 652 64 95
588 652 400 95
990 652 698 95
1690 652 1626 95
4 749 54 277
259 749 65 277
326 749 62 277
390 749 64 277
455 749 65 277
522 749 64 277
588 749 400 277
990 749 698 277
1690 749 1626 277
236 824 21 137
59 835 25 128
4 1028 54 276
59 1028 198 224
259 1028 65 276
326 1028 62 276
390 1028 64 276
455 1028 65 276
522 1028 64 276
588 1028 400 276
990 1028 698 276
1690 1028 1625 276
59 1274 90 30
190 1275 67 29
4 1437 57 94
62 1437 195 94
259 1437 65 94
325 1437 63 94
390 1437 64 94
455 1437 65 94
522 1437 64 94
588 1437 395 94
984 1437 710 94
1696 1437 1620 94
4 1533 57 271
259 1533 65 271
325 1533 63 271
390 1533 64 271
455 1533 65 271
522 1533 64 271
588 1533 395 271
984 1533 710 271
1696 1533 1620 271
224 1580 33 148
4 1806 57 265
62 1806 195 170
259 1806 65 265
325 1806 63 265
390 1806 64 265
455 1806 65 265
522 1806 64 265
588 1806 395 265
984 1806 710 265
1696 1806 1619 265
4 2072 57 265
259 2072 65 265
325 2072 63 265
390 2072 64 265
455 2072 65 265
522 2072 64 265
588 2072 395 265
984 2072 710 265
1696 2072 1619 265
4 2339 57 275
259 2339 65 275
325 2339 63 275
390 2339 64 275
455 2339 65 275
522 2339 64 275
588 2339 395 275
984 2339 710 275
1696 2339 1619 275
4 2803 57 95
62 2803 195 95
259 2803 65 95
325 2803 63 95
390 2803 64 95
455 2803 65 95
522 2803 64 95
588 2803 395 95
984 2803 715 95
1701 2803 1615 95
4 2900 57 275
259 2900 65 275
325 2900 63 275
390 2900 64 275
455 2900 65 275
522 2900 64 275
588 2900 395 275
984 2900 715 275
1701 2900 1615 275
4 3293 57 95
62 3293 195 95
259 3293 65 95
325 3293 63 95
390 3293 64 95
455 3293 65 95
522 3293 64 95
588 3293 395 95
984 3293 715 95
1701 3293 1615 95
4 3390 57 275
259 3390 65 275
325 3390 63 275
390 3390 64 275
455 3390 65 275
522 3390 64 275
588 3390 395 275
984 3390 715 275
1701 3390 1615 275
62 3479 21 31
228 3488 29 45
4 3782 57 95
62 3782 195 95
259 3782 65 95
326 3782 62 95
390 3782 64 95
455 3782 65 95
522 3782 64 95
588 3782 395 95
984 3782 719 95
1704 3782 1612 95
4 3878 57 225
259 3878 65 278
326 3878 62 278
390 3878 64 278
455 3878 65 278
522 3878 64 278
588 3878 395 278
984 3878 719 278
1704 3878 1612 278
233 3967 24 41
4 4103 56 53
4 4158 57 274
62 4158 195 270
259 4158 65 274
326 4158 62 274
390 4158 64 274
455 4158 65 274
522 4158 64 274
588 4158 395 274
984 4158 719 274
1704 4158 1611 274
