77 105 2936 261
77 371 2936 119
90 496 1452 54
1561 496 1452 54
90 552 111 229
203 552 191 229
396 552 55 229
452 552 55 229
509 552 55 229
566 552 55 229
622 552 55 229
679 552 191 229
872 552 219 229
1093 552 449 229
1561 552 55 229
1617 552 55 229
1674 552 191 229
1867 552 55 229
1924 552 55 229
1980 552 55 229
2037 552 55 229
2094 552 55 229
2150 552 191 229
2343 552 220 229
2564 552 449 229
90 783 111 229
396 783 55 229
452 783 55 229
509 783 55 229
566 783 55 229
622 783 55 229
679 783 191 229
872 783 219 229
1093 783 449 229
1561 783 55 458
1617 783 55 229
1674 783 191 26
1867 783 55 229
1924 783 55 229
1980 783 55 229
2037 783 55 229
2094 783 55 229
2150 783 191 229
2343 783 220 229
2564 783 449 229
1829 884 36 92
1674 886 29 85
90 1014 111 229
396 1014 55 229
452 1014 55 229
509 1014 55 229
566 1014 55 229
622 1014 55 229
679 1014 191 229
872 1014 219 229
1093 1014 449 229
1617 1014 55 227
1867 1014 55 227
1924 1014 55 227
1980 1014 55 227
2037 1014 55 227
2094 1014 55 227
2150 1014 191 227
2343 1014 220 227
2564 1014 449 227
1674 1080 39 26
1828 1083 37 21
203 1093 25 138
1832 1108 33 92
1674 1112 33 79
365 1125 29 30
368 1161 26 55
90 1245 111 229
396 1245 55 229
452 1245 55 229
509 1245 55 229
566 1245 55 229
622 1245 55 229
679 1245 191 229
872 1245 219 229
1093 1245 449 229
1561 1247 55 456
1617 1247 55 227
1674 1247 191 24
1867 1247 55 227
1924 1247 55 227
1980 1247 55 227
2037 1247 55 227
2094 1247 55 227
2150 1247 191 227
2343 1247 220 227
2564 1247 449 227
1674 1313 43 32
1822 1318 43 26
357 1334 37 77
203 1336 36 79
1674 1347 38 99
1829 1353 36 93
90 1476 1452 55
1617 1476 55 227
1867 1476 55 227
1924 1476 55 227
1980 1476 55 227
2037 1476 55 227
2094 1476 55 227
2150 1476 191 227
2343 1476 220 227
2564 1476 449 227
1834 1530 31 44
90 1532 55 230
146 1532 55 230
203 1532 191 230
396 1532 55 230
452 1532 55 230
509 1532 55 230
566 1532 55 230
622 1532 55 230
679 1532 191 230
872 1532 219 230
1093 1532 449 230
1674 1540 23 157
1838 1584 27 114
1561 1709 55 225
1617 1709 55 225
1674 1709 191 173
1867 1709 55 225
1924 1709 55 225
1980 1709 55 225
2037 1709 55 225
2094 1709 55 225
2150 1709 191 225
2343 1709 220 225
2564 1709 449 225
90 1763 55 1616
146 1763 55 230
203 1763 191 26
396 1763 55 230
452 1763 55 230
509 1763 55 230
566 1763 55 230
622 1763 55 230
679 1763 191 230
872 1763 219 230
1093 1763 449 230
203 1852 28 90
365 1859 29 82
1726 1884 93 21
1561 1939 55 226
1617 1939 55 226
1674 1939 191 31
1867 1939 55 226
1924 1939 55 226
1980 1939 55 226
2037 1939 55 226
2094 1939 55 226
2150 1939 191 226
2343 1939 220 226
2564 1939 449 226
146 1994 55 230
396 1994 55 230
452 1994 55 230
509 1994 55 230
566 1994 55 230
622 1994 55 230
679 1994 191 230
872 1994 219 230
1093 1994 449 230
1814 2011 51 21
1674 2014 35 92
1816 2038 49 65
1561 2171 55 225
1617 2171 55 225
1674 2171 191 24
1867 2171 55 225
1924 2171 55 225
1980 2171 55 225
2037 2171 55 225
2094 2171 55 225
2150 2171 191 225
2343 2171 220 225
2564 2171 449 225
146 2225 55 230
203 2225 191 27
396 2225 55 230
452 2225 55 230
509 2225 55 230
566 2225 55 230
622 2225 55 230
679 2225 191 230
872 2225 219 230
1093 2225 449 230
1830 2239 35 123
1674 2243 38 122
355 2292 39 124
203 2299 27 124
1561 2402 55 687
1617 2402 55 227
1867 2402 55 227
1924 2402 55 227
1980 2402 55 227
2037 2402 55 227
2094 2402 55 227
2150 2402 191 227
2343 2402 220 227
2564 2402 449 227
146 2457 55 229
396 2457 55 229
452 2457 55 229
509 2457 55 229
566 2457 55 229
622 2457 55 229
679 2457 191 229
872 2457 219 229
1093 2457 449 229
1827 2467 38 108
1674 2478 32 133
359 2517 35 133
203 2518 33 168
1617 2631 55 229
1674 2631 191 27
1867 2631 55 229
1924 2631 55 229
1980 2631 55 229
2037 2631 55 229
2094 2631 55 229
2150 2631 191 229
2343 2631 220 229
2564 2631 449 229
146 2688 55 229
396 2688 55 229
452 2688 55 229
509 2688 55 229
566 2688 55 229
622 2688 55 229
679 2688 191 229
872 2688 219 229
1093 2688 449 229
1674 2700 38 114
1827 2701 38 111
203 2764 22 106
373 2774 21 97
1617 2862 55 227
1674 2862 191 24
1867 2862 55 227
1924 2862 55 227
1980 2862 55 227
2037 2862 55 227
2094 2862 55 227
2150 2862 191 227
2343 2862 220 227
2564 2862 449 227
146 2919 55 229
203 2919 191 26
396 2919 55 229
452 2919 55 229
509 2919 55 229
566 2919 55 229
622 2919 55 229
679 2919 191 229
872 2919 219 229
1093 2919 449 229
1840 2950 25 40
1841 2990 24 80
203 3007 39 87
355 3010 39 83
1561 3095 55 456
1617 3095 55 227
1674 3095 191 30
1867 3095 55 227
1924 3095 55 227
1980 3095 55 227
2037 3095 55 227
2094 3095 55 227
2150 3095 191 227
2343 3095 220 227
2564 3095 449 227
146 3150 55 229
203 3150 191 31
396 3150 55 229
452 3150 55 229
509 3150 55 229
566 3150 55 229
622 3150 55 229
679 3150 191 229
872 3150 219 229
1093 3150 449 229
1829 3168 36 38
1674 3172 38 150
1831 3209 34 94
203 3223 39 32
353 3225 41 25
203 3259 36 80
360 3259 34 78
1617 3324 55 227
1867 3324 55 227
1924 3324 55 227
1980 3324 55 227
2037 3324 55 227
2094 3324 55 227
2150 3324 191 227
2343 3324 220 227
2564 3324 449 227
1825 3373 40 131
90 3381 1452 55
1674 3381 46 119
90 3437 55 230
146 3437 55 230
203 3437 191 230
396 3437 55 230
452 3437 55 230
509 3437 55 230
566 3437 55 230
622 3437 55 230
679 3437 191 230
872 3437 219 230
1093 3437 449 230
1831 3512 34 39
1548 3557 1465 800
90 3668 55 228
146 3668 55 228
396 3668 55 228
452 3668 55 228
509 3668 55 228
566 3668 55 228
622 3668 55 228
679 3668 191 228
872 3668 219 228
1093 3668 449 228
203 3732 28 32
355 3738 39 27
203 3767 22 97
359 3768 35 128
90 3901 55 225
146 3901 55 225
396 3901 55 225
452 3901 55 225
509 3901 55 225
566 3901 55 225
622 3901 55 225
679 3901 191 225
872 3901 219 225
1093 3901 449 225
203 3961 44 34
351 3962 43 30
356 3994 38 81
203 3997 42 83
90 4132 55 225
146 4132 55 225
203 4132 191 23
396 4132 55 225
452 4132 55 225
509 4132 55 225
566 4132 55 225
622 4132 55 225
679 4132 191 225
872 4132 219 225
1093 4132 449 225
203 4200 46 21
203 4222 36 76
359 4222 35 77
