16 17 2832 208
16 226 2832 246
16 474 109 110
126 474 362 110
489 474 84 110
574 474 84 110
659 474 84 110
745 474 83 110
830 474 83 110
915 474 395 110
1311 474 566 110
1878 474 970 110
16 585 109 475
126 585 362 475
489 585 84 475
574 585 84 475
659 585 84 475
745 585 83 475
830 585 83 475
915 585 395 475
1311 585 566 475
1878 585 970 475
16 1062 109 472
126 1062 362 472
489 1062 84 472
574 1062 84 472
659 1062 84 472
745 1062 83 472
830 1062 83 472
915 1062 395 472
1311 1062 566 472
1878 1062 970 472
16 1540 1416 2623
1436 1540 1412 2623
