16 17 2832 208
16 226 2832 246
16 474 109 110
126 474 362 110
489 474 84 110
574 474 84 110
659 474 84 110
745 474 83 110
830 474 83 110
915 474 395 110
1311 474 566 110
1878 474 970 110
16 586 109 457
126 586 362 457
489 586 84 457
574 586 84 457
659 586 84 457
745 586 83 457
830 586 83 457
915 586 395 457
1311 586 566 457
1878 586 970 457
16 1045 109 455
126 1045 362 455
489 1045 84 455
574 1045 84 455
659 1045 84 455
745 1045 83 455
830 1045 83 455
915 1045 395 455
1311 1045 566 453
1878 1045 970 455
16 1506 1416 2657
1436 1506 1412 2657
