16 17 2832 208
16 226 2832 246
16 474 109 110
126 474 362 110
489 474 84 110
574 474 84 110
659 474 84 110
745 474 83 110
830 474 83 110
915 474 395 110
1311 474 566 110
1878 474 970 110
16 585 109 452
126 585 362 452
489 585 84 452
574 585 84 452
659 585 84 452
745 585 83 452
830 585 83 452
915 585 395 452
1311 585 566 452
1878 585 970 452
16 1039 109 450
126 1039 362 450
489 1039 84 450
574 1039 84 450
659 1039 84 450
745 1039 83 450
830 1039 83 450
915 1039 395 450
1311 1039 566 450
1878 1039 970 450
16 1495 1416 2668
1436 1495 1412 2668
