9 67 2031 209
9 280 2031 158
9 447 2031 81
9 530 56 55
68 530 196 55
266 530 190 55
459 530 83 55
544 530 54 55
600 530 83 55
686 530 94 55
782 530 185 55
969 530 287 55
1258 530 782 55
9 587 56 464
68 587 196 464
266 587 190 464
459 587 83 464
544 587 54 464
600 587 83 464
686 587 94 464
782 587 185 464
969 587 287 464
1258 587 782 464
9 1053 56 464
68 1053 196 464
266 1053 190 464
459 1053 83 464
544 1053 54 464
600 1053 83 464
686 1053 94 464
782 1053 185 464
969 1053 287 464
1258 1053 782 464
9 1519 56 463
68 1519 196 463
266 1519 190 463
459 1519 83 463
544 1519 54 463
600 1519 83 463
686 1519 94 463
782 1519 185 463
969 1519 287 463
1258 1519 782 463
9 1985 56 463
68 1985 196 463
266 1985 190 463
459 1985 83 463
544 1985 54 463
600 1985 83 463
686 1985 94 463
782 1985 185 463
969 1985 287 463
1258 1985 782 463
9 2450 56 465
68 2450 196 465
266 2450 190 465
459 2450 83 465
544 2450 54 465
600 2450 83 465
686 2450 94 465
782 2450 185 465
969 2450 287 465
1258 2450 782 465
