170 432 2902 211
170 651 1446 71
1621 651 1451 71
170 725 65 139
238 725 196 139
437 725 167 139
607 725 53 139
663 725 54 139
720 725 54 139
777 725 54 139
833 725 136 139
972 725 135 139
1110 725 506 139
1621 725 65 139
1689 725 196 139
1887 725 168 139
2057 725 54 139
2114 725 54 139
2171 725 54 139
2228 725 53 139
2284 725 136 139
2423 725 136 139
2562 725 510 139
170 866 65 445
238 866 196 445
437 866 167 445
607 866 53 445
663 866 54 445
720 866 54 445
777 866 54 445
833 866 136 445
972 866 135 445
1110 866 506 445
1621 866 65 482
1689 866 196 482
1887 866 168 482
2057 866 54 482
2114 866 54 482
2171 866 54 482
2228 866 53 482
2284 866 136 482
2423 866 136 482
2562 866 510 482
170 1314 65 443
238 1314 196 443
437 1314 167 443
607 1314 53 443
663 1314 54 443
720 1314 54 443
777 1314 54 443
833 1314 136 443
972 1314 135 443
1110 1314 506 443
1621 1351 65 481
1689 1351 196 481
1887 1351 168 481
2057 1351 54 481
2114 1351 54 481
2171 1351 54 481
2228 1351 53 481
2284 1351 136 481
2423 1351 136 481
2562 1351 510 481
170 1762 1446 70
170 1835 65 144
238 1835 196 144
437 1835 167 144
607 1835 53 144
663 1835 54 144
720 1835 54 144
777 1835 54 144
833 1835 136 144
972 1835 135 144
1110 1835 506 144
1621 1837 1451 70
1621 1910 65 144
1689 1910 196 144
1887 1910 168 144
2057 1910 54 144
2114 1910 54 144
2171 1910 54 144
2228 1910 53 144
2284 1910 136 144
2423 1910 136 144
2562 1910 510 144
170 1982 65 445
238 1982 196 445
437 1982 167 445
607 1982 53 445
663 1982 54 445
720 1982 54 445
777 1982 54 445
833 1982 136 445
972 1982 135 445
1110 1982 506 445
1621 2057 65 480
1689 2057 196 480
1887 2057 168 480
2057 2057 54 480
2114 2057 54 480
2171 2057 54 480
2228 2057 53 480
2284 2057 136 480
2423 2057 136 480
2562 2057 510 480
170 2429 65 444
238 2429 196 444
437 2429 167 444
607 2429 53 444
663 2429 54 444
720 2429 54 444
777 2429 54 444
833 2429 136 444
972 2429 135 444
1110 2429 506 444
1621 2543 1451 70
1621 2615 65 145
1689 2615 196 145
1887 2615 168 145
2057 2615 54 145
2114 2615 54 145
2171 2615 54 145
2228 2615 53 145
2284 2615 136 145
2423 2615 136 145
2562 2615 510 145
1621 2763 65 482
1689 2763 196 482
1887 2763 168 482
2057 2763 54 482
2114 2763 54 482
2171 2763 54 482
2228 2763 53 482
2284 2763 136 482
2423 2763 136 482
2562 2763 510 482
170 2878 1446 70
170 2950 65 145
238 2950 196 145
437 2950 167 145
607 2950 53 145
663 2950 54 145
720 2950 54 145
777 2950 54 145
833 2950 136 145
972 2950 135 145
1110 2950 506 145
170 3098 65 444
238 3098 196 444
437 3098 167 444
607 3098 53 444
663 3098 54 444
720 3098 54 444
777 3098 54 444
833 3098 136 444
972 3098 135 444
1110 3098 506 444
1621 3248 65 480
1689 3248 196 480
1887 3248 168 480
2057 3248 54 480
2114 3248 54 480
2171 3248 54 480
2228 3248 53 480
2284 3248 136 480
2423 3248 136 480
2562 3248 510 480
170 3545 65 445
238 3545 196 445
437 3545 167 445
607 3545 53 445
663 3545 54 445
720 3545 54 445
777 3545 54 445
833 3545 136 445
972 3545 135 445
1110 3545 506 445
1621 3734 1451 69
1621 3806 65 145
1689 3806 196 145
1887 3806 168 145
2057 3806 54 145
2114 3806 54 145
2171 3806 54 145
2228 3806 53 145
2284 3806 136 145
2423 3806 136 145
2562 3806 510 145
1621 3953 65 482
1689 3953 196 482
1887 3953 168 482
2057 3953 54 482
2114 3953 54 482
2171 3953 54 482
2228 3953 53 482
2284 3953 136 482
2423 3953 136 482
2562 3953 510 482
170 3993 65 443
238 3993 196 443
437 3993 167 443
607 3993 53 443
663 3993 54 443
720 3993 54 443
777 3993 54 443
833 3993 136 443
972 3993 135 443
1110 3993 506 443
