179 198 2851 57
179 258 87 82
269 258 213 82
485 258 76 82
564 258 99 82
666 258 60 82
728 258 100 82
831 258 99 82
933 258 263 82
1199 258 388 82
1590 258 1440 82
179 343 87 249
269 343 213 249
485 343 76 249
564 343 99 249
666 343 60 249
728 343 100 249
831 343 99 249
933 343 263 249
1199 343 388 249
1590 343 1440 249
179 595 2851 65
179 663 87 250
269 663 213 250
485 663 76 250
564 663 99 250
666 663 60 250
728 663 100 250
831 663 99 250
933 663 263 250
1199 663 388 250
1590 663 1440 250
179 916 2851 65
179 984 87 249
269 984 213 249
485 984 76 249
564 984 99 249
666 984 60 249
728 984 100 249
831 984 99 249
933 984 263 249
1199 984 388 249
1590 984 1440 249
179 1236 2851 65
179 1304 87 249
269 1304 213 249
485 1304 76 249
564 1304 99 249
666 1304 60 249
728 1304 100 249
831 1304 99 249
933 1304 263 249
1199 1304 388 249
1590 1304 1440 249
179 1556 87 250
269 1556 213 250
485 1556 76 250
564 1556 99 250
666 1556 60 250
728 1556 100 250
831 1556 99 250
933 1556 263 250
1199 1556 388 250
1590 1556 1440 250
179 1808 2851 66
179 1877 87 249
269 1877 213 249
485 1877 76 249
564 1877 99 249
666 1877 60 249
728 1877 100 249
831 1877 99 249
933 1877 263 249
1199 1877 388 249
1590 1877 1440 249
179 2129 87 249
269 2129 213 249
485 2129 76 249
564 2129 99 249
666 2129 60 249
728 2129 100 249
831 2129 99 249
933 2129 263 249
1199 2129 388 249
1590 2129 1440 249
179 2381 2851 65
179 2449 87 250
269 2449 213 250
485 2449 76 250
564 2449 99 250
666 2449 60 250
728 2449 100 250
831 2449 99 250
933 2449 263 250
1199 2449 388 250
1590 2449 1440 250
179 2701 87 250
269 2701 213 250
485 2701 76 250
564 2701 99 250
666 2701 60 250
728 2701 100 250
831 2701 99 250
933 2701 263 250
1199 2701 388 250
1590 2701 1440 250
179 2954 2851 65
179 3022 87 249
269 3022 213 249
485 3022 76 249
564 3022 99 249
666 3022 60 249
728 3022 100 249
831 3022 99 249
933 3022 263 249
1199 3022 388 249
1590 3022 1440 249
179 3274 87 249
269 3274 213 249
485 3274 76 249
564 3274 99 249
666 3274 60 249
728 3274 100 249
831 3274 99 249
933 3274 263 249
1199 3274 388 249
1590 3274 1440 249
179 3526 2851 65
179 3594 87 250
269 3594 213 250
485 3594 76 250
564 3594 99 250
666 3594 60 250
728 3594 100 250
831 3594 99 250
933 3594 263 250
1199 3594 388 250
1590 3594 1440 250
179 3847 2851 65
179 3915 87 249
269 3915 213 249
485 3915 76 249
564 3915 99 249
666 3915 60 249
728 3915 100 249
831 3915 99 249
933 3915 263 249
1199 3915 388 249
1590 3915 1440 249
179 4167 2851 204
