8 77 2883 273
8 352 2883 164
8 517 123 67
133 517 327 67
462 517 225 67
689 517 199 67
890 517 95 67
986 517 140 67
1128 517 185 67
1315 517 247 67
1564 517 463 67
2029 517 862 67
8 586 123 565
133 586 327 378
462 586 225 565
689 586 199 565
890 586 95 565
986 586 140 565
1128 586 185 565
1315 586 247 565
1564 586 463 565
2029 586 862 565
151 970 288 181
8 1152 123 566
133 1152 327 102
462 1152 225 566
689 1152 199 566
890 1152 95 566
986 1152 140 566
1128 1152 185 566
1315 1152 247 566
1564 1152 463 566
2029 1152 862 566
387 1338 73 192
133 1341 57 192
133 1664 113 54
321 1664 139 54
8 1733 1438 2446
1449 1733 1442 2446
