11 12 2892 345
11 359 2892 253
11 614 2892 100
11 716 73 77
86 716 310 77
398 716 100 77
500 716 83 77
585 716 83 77
670 716 83 77
755 716 83 77
840 716 225 77
1067 716 593 77
1662 716 1241 77
11 795 73 395
398 795 100 395
500 795 83 395
585 795 83 395
670 795 83 395
755 795 83 395
840 795 225 395
1067 795 593 395
1662 795 1241 395
11 1192 73 395
398 1192 100 395
500 1192 83 395
585 1192 83 395
670 1192 83 395
755 1192 83 395
840 1192 225 395
1067 1192 593 395
1662 1192 1241 395
11 1589 73 395
398 1589 100 395
500 1589 83 395
585 1589 83 395
670 1589 83 395
755 1589 83 395
840 1589 225 395
1067 1589 593 395
1662 1589 1241 395
11 1986 73 394
86 1986 310 22
398 1986 100 394
500 1986 83 394
585 1986 83 394
670 1986 83 394
755 1986 83 394
840 1986 225 394
1067 1986 593 394
1662 1986 1241 394
86 2095 49 25
319 2254 77 21
11 2383 2892 1756
