24 23 2845 264
24 293 2845 247
24 546 2845 108
24 659 96 80
126 659 351 80
483 659 108 80
597 659 98 80
701 659 77 80
784 659 101 80
890 659 99 80
995 659 268 80
1269 659 590 80
1864 659 1005 80
24 744 96 448
126 744 351 448
483 744 108 448
597 744 98 448
701 744 77 448
784 744 101 448
890 744 99 448
995 744 268 448
1269 744 590 448
1864 744 1005 448
24 1198 96 448
126 1198 351 448
483 1198 108 448
597 1198 98 448
701 1198 77 448
784 1198 101 448
890 1198 99 448
995 1198 268 448
1269 1198 590 448
1864 1198 1005 448
24 1651 96 2409
126 1651 351 2409
483 1651 108 2409
597 1651 98 2409
701 1651 77 2409
784 1651 101 2409
890 1651 99 2409
995 1651 268 2409
1269 1651 135 2409
1416 1651 443 2409
1864 1651 1005 2409
