16 17 2832 208
16 226 2832 246
16 474 109 110
126 474 362 110
489 474 84 110
574 474 84 110
659 474 84 110
745 474 83 110
830 474 83 110
915 474 395 110
1311 474 566 110
1878 474 969 110
16 585 109 418
126 585 362 418
489 585 84 418
574 585 84 418
659 585 84 418
745 585 83 418
830 585 83 418
915 585 395 418
1311 585 566 418
1878 585 969 418
16 1005 109 418
126 1005 362 418
489 1005 84 418
574 1005 84 418
659 1005 84 418
745 1005 83 418
830 1005 83 418
915 1005 395 418
1311 1005 566 418
1878 1005 969 418
16 1425 109 415
126 1425 362 415
489 1425 84 415
574 1425 84 415
659 1425 84 415
745 1425 83 415
830 1425 83 415
915 1425 395 415
1311 1425 566 415
1878 1425 969 415
16 1846 1416 2317
1436 1846 1411 2317
