170 432 2902 211
170 651 1446 71
1621 651 1449 71
170 725 65 139
238 725 196 139
437 725 167 139
607 725 53 139
663 725 54 139
720 725 54 139
777 725 54 139
833 725 136 139
972 725 136 139
1111 725 505 139
1621 725 65 139
1689 725 196 139
1887 725 168 139
2057 725 54 139
2114 725 54 139
2171 725 54 139
2228 725 53 139
2284 725 136 139
2423 725 136 139
2562 725 508 139
170 866 65 518
238 866 196 518
437 866 167 518
607 866 53 518
663 866 54 518
720 866 54 518
777 866 54 518
833 866 136 518
972 866 136 518
1111 866 505 518
1621 866 65 779
1689 866 196 779
1887 866 168 779
2057 866 54 779
2114 866 54 779
2171 866 54 779
2228 866 53 779
2284 866 136 779
2423 866 136 779
2562 866 508 779
170 1389 1446 70
170 1462 65 144
238 1462 196 144
437 1462 167 144
607 1462 53 144
663 1462 54 144
720 1462 54 144
777 1462 54 144
833 1462 136 144
972 1462 136 144
1111 1462 505 144
170 1609 65 519
238 1609 196 519
437 1609 167 519
607 1609 53 519
663 1609 54 519
720 1609 54 519
777 1609 54 519
833 1609 136 519
972 1609 136 519
1111 1609 505 519
1621 1650 1449 70
1621 1723 65 144
1689 1723 196 144
1887 1723 168 144
2057 1723 54 144
2114 1723 54 144
2171 1723 54 144
2228 1723 53 144
2284 1723 136 144
2423 1723 136 144
2562 1723 508 144
1621 1870 65 779
1689 1870 196 779
1887 1870 168 779
2057 1870 54 779
2114 1870 54 779
2171 1870 54 779
2228 1870 53 779
2284 1870 136 779
2423 1870 136 779
2562 1870 508 779
170 2131 65 517
238 2131 196 517
437 2131 167 517
607 2131 53 517
663 2131 54 517
720 2131 54 517
777 2131 54 517
833 2131 136 517
972 2131 136 517
1111 2131 505 517
1621 2652 65 778
1689 2652 196 778
1887 2652 168 778
2057 2652 54 778
2114 2652 54 778
2171 2652 54 778
2228 2652 53 778
2284 2652 136 778
2423 2652 136 778
2562 2652 508 778
170 2654 1446 69
170 2726 65 145
238 2726 196 145
437 2726 167 145
607 2726 53 145
663 2726 54 145
720 2726 54 145
777 2726 54 145
833 2726 136 145
972 2726 136 145
1111 2726 505 145
170 2873 65 519
238 2873 196 519
437 2873 167 519
607 2873 53 519
663 2873 54 519
720 2873 54 519
777 2873 54 519
833 2873 136 519
972 2873 136 519
1111 2873 505 519
170 3395 65 519
238 3395 196 519
437 3395 167 519
607 3395 53 519
663 3395 54 519
720 3395 54 519
777 3395 54 519
833 3395 136 519
972 3395 136 519
1111 3395 505 519
1621 3436 1449 70
1621 3508 65 145
1689 3508 196 145
1887 3508 168 145
2057 3508 54 145
2114 3508 54 145
2171 3508 54 145
2228 3508 53 145
2284 3508 136 145
2423 3508 136 145
2562 3508 508 145
1621 3656 65 779
1689 3656 196 779
1887 3656 168 779
2057 3656 54 779
2114 3656 54 779
2171 3656 54 779
2228 3656 53 779
2284 3656 136 779
2423 3656 136 779
2562 3656 508 779
170 3917 65 518
238 3917 196 518
437 3917 167 518
607 3917 53 518
663 3917 54 518
720 3917 54 518
777 3917 54 518
833 3917 136 518
972 3917 136 518
1111 3917 505 518
