163 114 2769 277
163 395 2769 205
163 605 2769 63
163 673 146 54
310 673 203 54
514 673 214 54
730 673 157 54
889 673 72 54
962 673 101 54
1064 673 135 54
1201 673 179 54
1382 673 310 54
1694 673 1238 54
163 728 146 465
310 728 203 86
514 728 214 465
730 728 157 465
889 728 72 465
962 728 101 465
1064 728 135 465
1201 728 179 465
1382 728 310 465
1694 728 1238 465
310 875 28 24
310 1093 203 100
163 1194 146 465
310 1194 203 465
514 1194 214 465
730 1194 157 465
889 1194 72 465
962 1194 101 465
1064 1194 135 465
1201 1194 179 465
1382 1194 310 465
1694 1194 1238 465
163 1661 146 461
310 1661 203 202
514 1661 214 461
730 1661 157 461
889 1661 72 461
962 1661 101 461
1064 1661 135 461
1201 1661 179 461
1382 1661 310 461
1694 1661 1238 461
310 2023 203 99
