11 81 2087 178
11 261 2087 175
11 438 77 55
91 438 190 55
283 438 223 55
509 438 139 55
650 438 68 55
720 438 105 55
827 438 114 55
943 438 272 55
1217 438 377 55
1597 438 501 55
11 495 77 240
283 495 223 240
509 495 139 240
650 495 68 240
720 495 105 240
827 495 114 240
943 495 272 240
1217 495 377 240
1597 495 501 240
240 542 41 31
91 550 37 22
91 575 34 86
243 575 38 89
11 738 77 240
283 738 223 240
509 738 139 240
650 738 68 240
720 738 105 240
827 738 114 240
943 738 272 240
1217 738 377 240
1597 738 501 240
248 812 33 79
91 814 36 85
11 980 77 240
283 980 223 240
509 980 139 240
650 980 68 240
720 980 105 240
827 980 114 240
943 980 272 240
1217 980 377 240
1597 980 501 240
249 1057 32 101
91 1059 32 101
11 1222 2087 1600
