64 94 1064 87
65 184 1063 99
64 286 44 26
110 286 96 26
208 286 118 26
378 286 30 26
410 286 64 26
476 286 70 26
547 286 107 26
656 286 142 26
800 286 328 26
64 314 43 194
110 314 96 41
208 314 118 194
329 314 47 194
379 314 28 194
410 314 63 194
476 314 69 194
548 314 106 194
656 314 141 194
801 314 327 194
185 389 21 44
138 477 50 31
64 510 44 196
110 510 96 35
208 510 118 196
328 510 48 196
378 510 30 196
410 510 64 196
476 510 70 196
547 510 107 196
656 510 142 196
800 510 328 196
64 709 142 843
208 709 920 843
