91 134 2199 152
91 287 2199 232
91 520 74 84
166 520 200 84
367 520 180 84
548 520 208 84
757 520 75 84
833 520 109 84
943 520 108 84
1052 520 261 84
1314 520 457 84
1772 520 518 84
91 605 74 336
166 605 200 215
367 605 180 336
548 605 208 336
757 605 75 336
833 605 109 336
943 605 108 336
1052 605 261 336
1314 605 457 336
1772 605 518 336
166 820 148 68
166 895 109 46
275 919 36 22
311 920 54 21
91 942 74 336
166 942 200 336
367 942 180 336
548 942 208 336
757 942 75 336
833 942 109 336
943 942 108 336
1052 942 261 336
1314 942 457 336
1772 942 518 336
91 1279 2199 272
