16 17 2832 208
16 226 2832 246
16 474 109 110
126 474 362 110
489 474 84 110
574 474 84 110
659 474 84 110
745 474 83 110
830 474 83 110
915 474 395 110
1311 474 566 110
1878 474 970 110
16 585 109 521
126 585 362 521
489 585 84 521
574 585 84 521
659 585 84 521
745 585 83 521
830 585 83 521
915 585 395 521
1311 585 566 521
1878 585 970 521
16 1107 109 518
126 1107 362 518
489 1107 84 518
574 1107 84 518
659 1107 84 518
745 1107 83 518
830 1107 83 518
915 1107 395 518
1311 1107 566 518
1878 1107 970 518
16 1631 1416 2532
1436 1631 1412 2532
