90 105 1452 50
1547 105 1466 4252
90 157 55 229
146 157 55 229
203 157 191 229
396 157 55 229
452 157 55 229
509 157 55 229
566 157 55 229
622 157 55 229
679 157 191 229
872 157 219 229
1093 157 449 229
90 388 55 459
146 388 55 229
396 388 55 229
452 388 55 229
509 388 55 229
566 388 55 229
622 388 55 229
679 388 191 229
872 388 219 229
1093 388 449 229
146 619 55 228
396 619 55 228
452 619 55 228
509 619 55 228
566 619 55 228
622 619 55 228
679 619 191 228
872 619 219 228
1093 619 449 228
203 692 24 30
368 695 26 36
90 852 55 688
146 852 55 227
396 852 55 227
452 852 55 227
509 852 55 227
566 852 55 227
622 852 55 227
679 852 191 227
872 852 219 227
1093 852 449 227
146 1081 55 229
396 1081 55 229
452 1081 55 229
509 1081 55 229
566 1081 55 229
622 1081 55 229
679 1081 191 229
872 1081 219 229
1093 1081 449 229
203 1134 39 24
146 1312 55 228
396 1312 55 228
452 1312 55 228
509 1312 55 228
566 1312 55 228
622 1312 55 228
679 1312 191 228
872 1312 219 228
1093 1312 449 228
90 1545 55 457
146 1545 55 227
396 1545 55 227
452 1545 55 227
509 1545 55 227
566 1545 55 227
622 1545 55 227
679 1545 191 227
872 1545 219 227
1093 1545 449 227
146 1774 55 228
203 1774 191 199
396 1774 55 228
452 1774 55 228
509 1774 55 228
566 1774 55 228
622 1774 55 228
679 1774 191 228
872 1774 219 228
1093 1774 449 228
76 2007 1466 2350
