122 122 2822 354
122 486 2822 399
122 889 2822 80
241 973 176 65
649 973 97 64
818 973 110 65
1044 973 225 65
1595 973 1349 65
122 974 115 64
420 974 225 64
932 975 109 63
1272 975 319 63
241 1041 176 73
818 1041 110 303
1044 1041 225 303
1595 1041 1349 303
122 1042 115 302
420 1042 225 302
748 1043 66 301
932 1043 109 301
649 1044 97 300
1272 1044 319 300
241 1149 39 24
241 1348 176 77
420 1348 225 302
649 1348 97 301
818 1348 110 302
1044 1348 225 302
1595 1348 1349 302
122 1351 115 298
748 1351 66 292
932 1352 109 297
1272 1352 319 297
241 1466 32 30
122 1659 2822 2468
