16 17 2832 208
16 226 2832 246
16 474 109 110
126 474 362 110
489 474 84 110
574 474 84 110
659 474 84 110
745 474 83 110
830 474 83 110
915 474 395 110
1311 474 566 110
1878 474 970 110
16 585 109 645
126 585 362 645
489 585 84 645
574 585 84 645
659 585 84 645
745 585 83 645
830 585 83 645
915 585 395 645
1311 585 566 645
1878 585 970 645
16 1232 109 645
126 1232 362 645
489 1232 84 645
574 1232 84 645
659 1232 84 645
745 1232 83 645
830 1232 83 645
915 1232 395 645
1311 1232 566 645
1878 1232 970 645
16 1878 109 643
126 1878 362 643
489 1878 84 643
574 1878 84 643
659 1878 84 643
745 1878 83 643
830 1878 83 643
915 1878 395 643
1311 1878 566 643
1878 1878 970 643
16 2528 1416 1635
1436 2528 1412 1635
