135 126 2945 279
135 414 2945 178
135 602 2945 68
156 672 54 225
212 672 225 225
439 672 55 225
496 672 43 225
541 672 41 225
584 672 34 225
621 672 54 225
677 672 385 225
1064 672 539 225
1630 672 55 225
1687 672 55 225
1744 672 224 225
1970 672 55 225
2027 672 43 225
2072 672 41 225
2116 672 34 225
2152 672 54 225
2209 672 384 225
2595 672 484 225
156 899 54 224
212 899 225 224
439 899 55 224
496 899 43 224
541 899 41 224
584 899 34 224
621 899 54 224
677 899 385 224
1064 899 539 224
1630 899 55 224
1687 899 55 224
1744 899 224 224
1970 899 55 224
2027 899 43 224
2072 899 41 224
2116 899 34 224
2152 899 54 224
2209 899 384 224
2595 899 484 224
156 1125 54 225
212 1125 225 225
439 1125 55 225
496 1125 43 225
541 1125 41 225
584 1125 34 225
621 1125 54 225
677 1125 385 225
1064 1125 539 225
1630 1125 55 452
1687 1125 55 225
1744 1125 224 225
1970 1125 55 225
2027 1125 43 225
2072 1125 41 225
2116 1125 34 225
2152 1125 54 225
2209 1125 384 225
2595 1125 484 225
154 1352 1449 81
1687 1352 55 225
1744 1352 224 225
1970 1352 55 225
2027 1352 43 225
2072 1352 41 225
2116 1352 34 225
2152 1352 54 225
2209 1352 384 225
2595 1352 484 225
156 1435 54 225
212 1435 225 225
439 1435 55 225
496 1435 43 225
541 1435 41 225
584 1435 34 225
621 1435 54 225
677 1435 385 225
1064 1435 539 225
1630 1579 55 224
1687 1579 55 225
1744 1579 224 225
1970 1579 55 225
2027 1579 43 225
2072 1579 41 225
2116 1579 34 225
2152 1579 54 225
2209 1579 384 225
2595 1579 484 225
156 1662 54 225
212 1662 225 225
439 1662 55 225
496 1662 43 225
541 1662 41 225
584 1662 34 225
621 1662 54 225
677 1662 385 225
1064 1662 539 225
1630 1805 55 452
1687 1806 55 224
1744 1806 224 224
1970 1806 55 224
2027 1806 43 224
2072 1806 41 224
2116 1806 34 224
2152 1806 54 224
2209 1806 384 224
2595 1806 484 224
156 1889 54 225
212 1889 225 225
439 1889 55 225
496 1889 43 225
541 1889 41 225
584 1889 34 225
621 1889 54 225
677 1889 385 225
1064 1889 539 225
1687 2033 55 224
1744 2033 224 224
1970 2033 55 224
2027 2033 43 224
2072 2033 41 224
2116 2033 34 224
2152 2033 54 224
2209 2033 384 224
2595 2033 484 224
156 2116 54 225
212 2116 225 225
439 2116 55 225
496 2116 43 225
541 2116 41 225
584 2116 34 225
621 2116 54 225
677 2116 385 225
1064 2116 539 225
1630 2259 55 225
1687 2259 55 225
1744 2259 224 225
1970 2259 55 225
2027 2259 43 225
2072 2259 41 225
2116 2259 34 225
2152 2259 54 225
2209 2259 384 225
2595 2259 484 225
156 2343 54 224
212 2343 225 224
439 2343 55 224
496 2343 43 224
541 2343 41 224
584 2343 34 224
621 2343 54 224
677 2343 385 224
1064 2343 539 224
1630 2486 55 451
1687 2486 55 225
1744 2486 224 225
1970 2486 55 225
2027 2486 43 225
2072 2486 41 225
2116 2486 34 225
2152 2486 54 225
2209 2486 384 225
2595 2486 484 225
156 2569 54 225
212 2569 225 225
439 2569 55 225
496 2569 43 225
541 2569 41 225
584 2569 34 225
621 2569 54 225
677 2569 385 225
1064 2569 539 225
1687 2713 55 225
1744 2713 224 225
1970 2713 55 225
2027 2713 43 225
2072 2713 41 225
2116 2713 34 225
2152 2713 54 225
2209 2713 384 225
2595 2713 484 225
156 2796 54 225
212 2796 225 225
439 2796 55 225
496 2796 43 225
541 2796 41 225
584 2796 34 225
621 2796 54 225
677 2796 385 225
1064 2796 539 225
1630 2940 55 451
1687 2940 55 224
1744 2940 224 224
1970 2940 55 224
2027 2940 43 224
2072 2940 41 224
2116 2940 34 224
2152 2940 54 224
2209 2940 384 224
2595 2940 484 224
154 3023 1449 1279
1687 3166 55 225
1744 3166 224 225
1970 3166 55 225
2027 3166 43 225
2072 3166 41 225
2116 3166 34 225
2152 3166 54 225
2209 3166 384 225
2595 3166 484 225
1630 3393 55 451
1687 3393 55 225
1744 3393 224 225
1970 3393 55 225
2027 3393 43 225
2072 3393 41 225
2116 3393 34 225
2152 3393 54 225
2209 3393 384 225
2595 3393 484 225
1687 3620 55 224
1744 3620 224 224
1970 3620 55 224
2027 3620 43 224
2072 3620 41 224
2116 3620 34 224
2152 3620 54 224
2209 3620 384 224
2595 3620 484 224
1628 3847 1452 455
