11 92 1977 163
11 259 1977 180
11 443 1977 78
11 525 82 49
96 525 181 49
279 525 220 49
502 525 90 28
595 525 56 49
654 525 120 49
777 525 130 49
909 525 199 49
1111 525 264 49
1378 525 610 49
11 577 82 386
96 577 181 81
279 577 220 386
502 577 90 386
595 577 56 386
654 577 120 386
777 577 130 386
909 577 199 386
1111 577 264 386
1378 577 610 386
96 897 181 66
11 965 82 390
96 965 181 70
279 965 220 390
502 965 90 390
595 965 56 390
654 965 120 390
777 965 130 390
909 965 199 390
1111 965 264 390
1378 965 610 390
96 1242 181 113
11 1358 82 391
96 1358 181 80
279 1358 220 391
502 1358 90 391
595 1358 56 391
654 1358 120 391
777 1358 130 391
909 1358 199 390
1111 1358 264 390
1378 1358 610 391
96 1675 181 74
11 1752 1977 1050
