6 72 2818 279
6 354 2818 195
6 552 2818 84
6 639 53 42
62 639 184 42
249 639 167 42
419 639 64 42
486 639 54 42
543 639 99 42
645 639 139 42
787 639 230 42
1020 639 282 42
1305 639 1519 42
6 684 53 246
62 684 184 246
249 684 167 246
419 684 64 246
486 684 54 246
543 684 99 246
645 684 139 246
787 684 230 246
1020 684 282 246
1305 684 1519 246
6 933 2818 83
6 1019 53 246
62 1019 184 246
249 1019 167 246
419 1019 64 246
486 1019 54 246
543 1019 99 246
645 1019 139 246
787 1019 230 246
1020 1019 282 246
1305 1019 1519 246
6 1268 2818 83
6 1354 53 246
62 1354 184 246
249 1354 167 246
419 1354 64 246
486 1354 54 246
543 1354 99 246
645 1354 139 246
787 1354 230 246
1020 1354 282 246
1305 1354 1519 246
6 1603 53 246
62 1603 184 246
249 1603 167 246
419 1603 64 246
486 1603 54 246
543 1603 99 246
645 1603 139 246
787 1603 230 246
1020 1603 282 246
1305 1603 1519 246
6 1852 2818 83
6 1938 53 246
62 1938 184 246
249 1938 167 246
419 1938 64 246
486 1938 54 246
543 1938 99 246
645 1938 139 246
787 1938 230 246
1020 1938 282 246
1305 1938 1519 246
6 2187 53 247
62 2187 184 247
249 2187 167 247
419 2187 64 247
486 2187 54 247
543 2187 99 247
645 2187 139 247
787 2187 230 247
1020 2187 282 247
1305 2187 1519 247
6 2437 2818 83
6 2523 53 246
62 2523 184 246
249 2523 167 246
419 2523 64 246
486 2523 54 246
543 2523 99 246
645 2523 139 246
787 2523 230 246
1020 2523 282 246
1305 2523 1519 246
6 2772 2818 83
6 2858 53 246
62 2858 184 246
249 2858 167 246
419 2858 64 246
486 2858 54 246
543 2858 99 246
645 2858 139 246
787 2858 230 246
1020 2858 282 246
1305 2858 1519 246
6 3107 53 246
62 3107 184 246
249 3107 167 246
419 3107 64 246
486 3107 54 246
543 3107 99 246
645 3107 139 246
787 3107 230 246
1020 3107 282 246
1305 3107 1519 246
6 3356 2818 82
6 3441 53 246
62 3441 184 246
249 3441 167 246
419 3441 64 246
486 3441 54 246
543 3441 99 246
645 3441 139 246
787 3441 230 246
1020 3441 282 246
1305 3441 1519 246
6 3690 53 245
62 3690 184 245
249 3690 167 245
419 3690 64 245
486 3690 54 245
543 3690 99 245
645 3690 139 245
787 3690 230 245
1020 3690 282 245
1305 3690 1519 245
