1601 150 89 1387
1691 150 187 48
1880 150 253 48
2135 150 418 48
2555 150 267 48
1691 199 187 49
1880 199 253 49
2135 199 418 49
2555 199 267 49
1691 249 187 48
1880 249 253 48
2135 249 418 48
2555 249 267 48
1691 299 187 48
1880 299 253 48
2135 299 418 48
2555 299 267 48
1691 348 187 48
1880 348 253 48
2135 348 418 48
2555 348 267 48
1691 398 187 48
1880 398 253 48
2135 398 418 48
2555 398 267 48
1691 447 187 49
1880 447 253 49
2135 447 418 49
2555 447 267 49
1691 497 187 48
1880 497 253 48
2135 497 418 48
2555 497 267 48
1691 547 187 48
1880 547 253 48
2135 547 418 48
2555 547 267 48
1691 596 187 48
1880 596 253 48
2135 596 418 48
2555 596 267 48
1691 646 187 48
1880 646 253 48
2135 646 418 48
2555 646 267 48
1691 695 187 49
1880 695 253 49
2135 695 418 49
2555 695 267 49
1691 745 187 48
1880 745 253 48
2135 745 418 48
2555 745 267 48
1691 795 187 48
1880 795 253 48
2135 795 418 48
2555 795 267 48
1691 844 187 48
1880 844 253 48
2135 844 418 48
2555 844 267 48
1691 894 187 48
1880 894 253 48
2135 894 418 48
2555 894 267 48
1691 944 187 48
1880 944 253 48
2135 944 418 48
2555 944 267 48
1691 993 187 48
1880 993 253 48
2135 993 418 48
2555 993 267 48
1691 1043 187 48
1880 1043 253 48
2135 1043 418 48
2555 1043 267 48
1691 1092 187 49
1880 1092 253 49
2135 1092 418 49
2555 1092 267 49
1691 1142 187 48
1880 1142 253 48
2135 1142 418 48
2555 1142 267 48
1691 1192 187 48
1880 1192 253 48
2135 1192 418 48
2555 1192 267 48
1691 1241 187 48
1880 1241 253 48
2135 1241 418 48
2555 1241 267 48
1691 1291 187 48
1880 1291 253 48
2135 1291 418 48
2555 1291 267 48
1691 1340 187 49
1880 1340 253 49
2135 1340 418 49
2555 1340 267 49
1691 1390 187 48
1880 1390 253 48
2135 1390 418 48
2555 1390 267 48
1691 1440 187 48
1880 1440 253 48
2135 1440 418 48
2555 1440 267 48
1691 1489 187 48
1880 1489 253 48
2135 1489 418 48
2555 1489 267 48
