11 81 2087 178
11 261 2087 175
11 438 77 55
90 438 191 55
283 438 223 55
509 438 139 55
650 438 68 55
720 438 105 55
827 438 114 55
943 438 176 55
1122 438 215 55
1339 438 759 55
11 497 77 324
90 497 191 44
283 497 223 324
509 497 139 324
650 497 68 324
720 497 105 324
827 497 114 324
943 497 176 324
1122 497 215 324
1339 497 759 324
251 600 30 108
90 617 27 95
90 787 107 34
201 787 80 34
11 823 77 324
90 823 191 44
283 823 223 324
509 823 139 324
650 823 68 324
720 823 105 324
827 823 114 324
943 823 176 324
1122 823 215 324
1339 823 759 324
90 932 25 100
253 939 28 112
11 1149 2087 1673
