6 47 1063 88
6 138 1063 100
6 240 43 26
51 240 97 26
149 240 119 26
319 240 30 26
351 240 64 26
417 240 70 26
488 240 103 26
592 240 144 26
737 240 332 26
6 268 43 350
51 268 97 109
149 268 119 350
269 268 49 350
319 268 30 350
351 268 64 350
417 268 70 350
488 268 103 350
592 268 144 350
737 268 332 350
51 507 97 111
6 619 43 348
51 619 97 121
149 619 119 349
269 619 49 349
319 619 30 349
351 619 64 349
417 619 70 349
488 619 103 349
592 619 144 349
737 619 332 349
51 857 97 110
6 970 1063 535
