23 22 2857 399
23 422 2857 311
23 735 94 82
118 735 271 82
390 735 101 82
492 735 118 82
611 735 67 82
679 735 129 82
810 735 129 82
940 735 271 82
1212 735 435 82
1649 735 1231 82
23 821 94 984
118 821 271 984
390 821 101 984
492 821 118 984
611 821 67 984
679 821 129 984
810 821 129 984
940 821 271 984
1212 821 435 984
1649 821 1231 984
23 1806 94 985
118 1806 271 985
390 1806 101 985
492 1806 118 985
611 1806 67 985
679 1806 129 985
810 1806 129 985
940 1806 271 985
1212 1806 435 985
1649 1806 1231 985
23 2793 94 982
118 2793 271 982
390 2793 101 982
492 2793 118 982
611 2793 67 982
679 2793 129 982
810 2793 129 982
940 2793 271 982
1212 2793 435 982
1649 2793 1231 982
23 3780 2857 217
