9 67 2031 209
9 280 2031 158
9 447 2031 51
9 500 56 55
68 500 196 55
266 500 190 55
459 500 83 55
544 500 54 55
600 500 83 55
686 500 94 55
782 500 185 55
969 500 287 55
1258 500 782 55
9 557 56 281
68 557 196 281
266 557 190 281
459 557 83 281
544 557 54 281
600 557 83 281
686 557 94 281
782 557 185 281
969 557 287 281
1258 557 782 281
9 840 56 282
68 840 196 282
266 840 190 282
459 840 83 282
544 840 54 282
600 840 83 282
686 840 94 282
782 840 185 282
969 840 287 282
1258 840 782 282
9 1124 56 278
68 1124 196 278
266 1124 190 278
459 1124 83 278
544 1124 54 278
600 1124 83 278
686 1124 94 278
782 1124 185 278
969 1124 287 278
1258 1124 782 278
9 1411 2031 1504
