111 615 51 68
163 615 203 68
367 615 59 68
428 615 51 68
481 615 53 68
535 615 54 68
591 615 53 68
645 615 240 68
887 615 409 68
1298 615 2125 68
111 685 51 240
367 685 59 240
428 685 51 240
481 685 53 240
535 685 54 240
591 685 53 240
645 685 240 240
887 685 409 240
1298 685 2125 240
163 724 56 24
111 927 51 236
367 927 59 236
428 927 51 236
481 927 53 236
535 927 54 236
591 927 53 236
645 927 240 236
887 927 409 236
1298 927 2125 236
324 991 42 23
111 1260 49 84
162 1260 205 84
369 1260 58 84
429 1260 51 84
482 1260 53 84
536 1260 54 84
592 1260 53 84
646 1260 240 84
888 1260 409 84
1298 1260 2125 84
111 1345 49 239
369 1345 58 239
429 1345 51 239
482 1345 53 239
536 1345 54 239
592 1345 53 239
646 1345 240 239
888 1345 409 239
1298 1345 2125 239
111 1585 49 243
369 1585 58 243
429 1585 51 243
482 1585 53 243
536 1585 54 243
592 1585 53 243
646 1585 240 243
888 1585 409 243
1298 1585 2125 243
111 1830 49 241
369 1830 58 241
429 1830 51 241
482 1830 53 241
536 1830 54 241
592 1830 53 241
646 1830 240 241
888 1830 409 241
1298 1830 2125 241
111 2072 49 244
369 2072 58 244
429 2072 51 244
482 2072 53 244
536 2072 54 244
592 2072 53 244
646 2072 240 244
888 2072 409 244
1298 2072 2125 244
301 2288 66 25
111 2318 49 237
369 2318 58 237
429 2318 51 237
482 2318 53 237
536 2318 54 237
592 2318 53 237
646 2318 240 237
888 2318 409 237
1298 2318 2125 237
335 2425 32 26
111 2710 49 84
162 2710 201 84
365 2710 59 84
426 2710 51 84
479 2710 52 84
533 2710 54 84
588 2710 53 84
643 2710 243 84
888 2710 409 84
1298 2710 2125 84
111 2796 49 238
365 2796 59 238
426 2796 51 238
479 2796 52 238
533 2796 54 238
588 2796 53 238
643 2796 243 238
888 2796 409 238
1298 2796 2125 238
162 2855 39 38
111 3036 49 242
365 3036 59 242
426 3036 51 242
479 3036 52 242
533 3036 54 242
588 3036 53 242
643 3036 243 242
888 3036 409 242
1298 3036 2125 242
111 3280 49 241
365 3280 59 241
426 3280 51 241
479 3280 52 241
533 3280 54 241
588 3280 53 241
643 3280 243 241
888 3280 409 241
1298 3280 2125 241
320 3357 43 23
111 3523 49 239
365 3523 59 239
426 3523 51 239
479 3523 52 239
533 3523 54 239
588 3523 53 239
643 3523 243 239
888 3523 409 239
1298 3523 2125 239
112 3852 48 85
162 3852 201 85
365 3852 59 85
426 3852 51 85
479 3852 52 85
533 3852 54 85
588 3852 53 85
643 3852 243 85
888 3852 409 85
1298 3852 2126 85
112 3938 48 241
365 3938 59 241
426 3938 51 241
479 3938 52 241
533 3938 54 241
588 3938 53 241
643 3938 243 241
888 3938 409 241
1298 3938 2126 241
114 4269 46 85
162 4269 201 85
365 4269 59 85
426 4269 51 85
479 4269 52 85
533 4269 54 85
588 4269 53 85
643 4269 243 85
888 4269 409 85
1298 4269 2128 85
114 4355 46 241
365 4355 59 241
426 4355 51 241
479 4355 52 241
533 4355 54 241
588 4355 53 241
643 4355 243 241
888 4355 409 241
1298 4355 2128 241
114 4680 46 85
162 4680 201 85
365 4680 59 85
426 4680 51 85
479 4680 52 85
533 4680 54 85
588 4680 53 85
643 4680 243 85
888 4680 409 85
1298 4680 2128 85
114 4767 46 241
365 4767 59 241
426 4767 51 241
479 4767 52 241
533 4767 54 241
588 4767 53 241
643 4767 243 241
888 4767 409 241
1298 4767 2128 241
321 4815 42 30
