70 75 2070 213
69 291 2072 284
69 578 65 124
137 578 231 124
371 578 78 124
452 578 57 124
511 578 57 124
571 578 56 124
630 578 57 124
689 578 233 124
925 578 353 124
1280 578 861 124
69 704 65 400
137 704 231 400
371 704 78 400
452 704 57 400
511 704 57 400
571 704 56 400
630 704 57 400
689 704 233 400
925 704 353 400
1280 704 861 400
69 1107 65 400
137 1107 231 400
371 1107 78 400
452 1107 57 400
511 1107 57 400
571 1107 56 400
630 1107 57 400
689 1107 233 400
925 1107 353 400
1280 1107 861 400
69 1510 65 399
137 1510 231 399
371 1510 78 399
452 1510 57 399
511 1510 57 399
571 1510 56 399
630 1510 57 399
689 1510 233 399
925 1510 353 399
1280 1510 861 399
69 1912 2072 1077
