133 185 2790 296
133 486 2790 254
133 750 2790 172
133 927 68 93
206 927 188 93
399 927 62 93
466 927 53 93
524 927 50 93
579 927 50 93
634 927 50 93
689 927 134 93
828 927 217 93
1051 927 475 93
1531 927 72 93
1608 927 188 93
1801 927 61 93
1867 927 53 93
1925 927 50 93
1980 927 50 93
2036 927 50 93
2091 927 134 93
2230 927 217 93
2452 927 471 93
133 1025 1392 80
1531 1025 71 271
1607 1025 188 271
1800 1025 62 271
1867 1025 53 271
1925 1025 50 271
1980 1025 50 271
2035 1025 50 271
2090 1025 134 271
2230 1025 216 271
2452 1025 471 271
133 1110 68 263
399 1110 61 263
465 1110 53 263
523 1110 50 263
578 1110 50 263
633 1110 51 263
689 1110 134 263
828 1110 217 263
1050 1110 475 263
1530 1301 72 72
1607 1301 188 271
1800 1301 62 271
1867 1301 53 271
1925 1301 50 271
1980 1301 50 271
2035 1301 50 271
2090 1301 134 271
2230 1301 216 271
2452 1301 471 271
1531 1373 71 199
133 1378 1392 70
133 1453 68 263
206 1453 188 263
399 1453 61 263
465 1453 53 263
523 1453 50 263
578 1453 50 263
633 1453 51 263
689 1453 134 263
828 1453 217 263
1050 1453 475 263
1531 1577 1392 72
1531 1654 72 270
1608 1654 188 270
1801 1654 62 270
1868 1654 53 270
1926 1654 50 270
1981 1654 50 270
2036 1654 50 270
2091 1654 135 270
2231 1654 217 270
2453 1654 470 270
133 1721 68 264
206 1721 188 264
399 1721 61 264
465 1721 53 264
523 1721 50 264
578 1721 50 264
633 1721 51 264
689 1721 134 264
828 1721 217 264
1050 1721 475 264
1531 1930 1392 71
133 1990 1392 70
1531 2007 72 270
1608 2007 188 270
1801 2007 62 270
1868 2007 53 270
1926 2007 50 270
1981 2007 50 270
2036 2007 50 270
2091 2007 135 270
2231 2007 217 270
2453 2007 470 270
133 2065 68 263
206 2065 188 263
399 2065 61 263
465 2065 53 263
523 2065 50 263
578 2065 50 263
633 2065 51 263
689 2065 134 263
828 2065 217 263
1050 2065 475 263
1531 2282 1392 72
133 2333 1392 70
1531 2359 72 271
1608 2359 188 271
1801 2359 62 271
1868 2359 53 271
1926 2359 50 271
1981 2359 50 271
2036 2359 50 271
2091 2359 135 271
2231 2359 217 271
2453 2359 470 271
133 2408 68 263
206 2408 188 263
399 2408 61 263
465 2408 53 263
523 2408 50 263
578 2408 50 263
633 2408 51 263
689 2408 134 263
828 2408 217 263
1050 2408 475 263
1531 2635 1392 72
133 2676 68 264
206 2676 188 264
399 2676 61 264
465 2676 53 264
523 2676 50 264
578 2676 50 264
633 2676 51 264
689 2676 134 264
828 2676 217 264
1050 2676 475 264
1531 2712 72 271
1608 2712 188 271
1801 2712 62 271
1868 2712 53 271
1926 2712 50 271
1981 2712 50 271
2036 2712 50 271
2091 2712 135 271
2231 2712 217 271
2453 2712 470 271
133 2945 68 263
206 2945 188 263
399 2945 61 263
465 2945 53 263
523 2945 50 263
578 2945 50 263
633 2945 51 263
689 2945 134 263
828 2945 217 263
1050 2945 475 263
1531 2988 72 270
1608 2988 188 270
1801 2988 62 270
1868 2988 53 270
1926 2988 50 270
1981 2988 50 270
2036 2988 50 270
2091 2988 135 270
2231 2988 217 270
2453 2988 470 270
133 3213 1392 70
1531 3264 1392 71
133 3288 67 263
205 3288 188 263
398 3288 62 263
465 3288 52 263
523 3288 50 263
578 3288 50 263
633 3288 50 263
688 3288 134 263
827 3288 217 263
1049 3288 475 263
1530 3341 72 270
1607 3341 188 270
1800 3341 62 270
1867 3341 53 270
1925 3341 50 270
1980 3341 50 270
2035 3341 50 270
2090 3341 134 270
2230 3341 216 270
2452 3341 471 270
133 3556 67 264
205 3556 188 264
398 3556 62 264
465 3556 52 264
523 3556 50 264
578 3556 50 264
633 3556 50 264
688 3556 134 264
827 3556 217 264
1049 3556 475 264
1530 3616 72 204
1607 3616 188 271
1800 3616 62 271
1867 3616 53 271
1925 3616 50 271
1980 3616 50 271
2035 3616 50 271
2090 3616 134 271
2230 3616 216 271
2452 3616 471 271
1531 3820 71 67
133 3825 1392 69
1531 3892 71 271
1607 3892 188 271
1800 3892 62 271
1867 3892 53 271
1925 3892 50 271
1980 3892 50 271
2035 3892 50 271
2090 3892 134 271
2230 3892 216 271
2452 3892 471 271
133 3900 67 263
205 3900 188 263
398 3900 62 263
465 3900 52 263
523 3900 50 263
578 3900 50 263
633 3900 50 263
688 3900 134 263
827 3900 217 263
1049 3900 475 263
