115 145 51 68
167 145 195 68
364 145 59 68
425 145 51 68
478 145 52 68
532 145 53 68
587 145 53 68
642 145 242 68
885 145 415 68
1302 145 2125 68
115 215 51 240
364 215 59 240
425 215 51 240
478 215 52 240
532 215 53 240
587 215 53 240
642 215 242 240
885 215 415 240
1302 215 2125 240
167 245 39 151
320 264 42 38
329 307 33 103
115 457 51 236
364 457 59 236
425 457 51 236
478 457 52 236
532 457 53 236
587 457 53 236
642 457 242 236
885 457 415 236
1302 457 2124 236
167 519 34 31
330 543 32 79
167 550 33 83
115 770 51 68
167 770 195 68
364 770 59 68
425 770 51 68
478 770 52 68
532 770 53 68
587 770 53 68
642 770 242 68
885 770 415 68
1302 770 2125 68
115 839 51 241
364 839 59 241
425 839 51 241
478 839 52 241
532 839 53 241
587 839 53 241
642 839 242 241
885 839 415 241
1302 839 2125 241
167 883 36 53
334 897 28 135
167 944 32 97
115 1081 51 236
364 1081 59 236
425 1081 51 236
478 1081 52 236
532 1081 53 236
587 1081 53 236
642 1081 242 236
885 1081 415 236
1302 1081 2124 236
167 1140 29 29
340 1155 22 21
167 1184 22 101
115 1387 51 68
167 1387 195 68
364 1387 59 68
425 1387 51 68
478 1387 52 68
532 1387 53 68
587 1387 53 68
642 1387 242 68
885 1387 415 68
1302 1387 2125 68
115 1456 51 241
364 1456 59 241
425 1456 51 241
478 1456 52 241
532 1456 53 241
587 1456 53 241
642 1456 242 241
885 1456 415 241
1302 1456 2125 241
326 1515 36 25
167 1516 34 181
330 1544 32 153
115 1698 51 236
364 1698 59 236
425 1698 51 236
478 1698 52 236
532 1698 53 236
587 1698 53 236
642 1698 242 236
885 1698 415 236
1302 1698 2124 236
325 1760 37 22
167 1764 35 22
167 1791 28 85
332 1796 30 78
113 2009 53 67
167 2009 195 67
364 2009 59 67
425 2009 51 67
478 2009 52 67
532 2009 53 67
587 2009 53 67
642 2009 247 67
891 2009 409 67
1301 2009 2124 67
113 2078 53 240
364 2078 59 240
425 2078 51 240
478 2078 52 240
532 2078 53 240
587 2078 53 240
642 2078 247 240
891 2078 409 240
1301 2078 2124 240
167 2127 29 33
329 2157 33 73
167 2163 27 78
113 2320 53 239
364 2320 59 239
425 2320 51 239
478 2320 52 239
532 2320 53 239
587 2320 53 239
642 2320 247 239
891 2320 409 239
1301 2320 2124 239
167 2369 32 41
328 2373 34 105
167 2410 31 73
113 2560 53 240
364 2560 59 240
425 2560 51 240
478 2560 52 240
532 2560 53 240
587 2560 53 240
642 2560 247 240
891 2560 409 240
1301 2560 2124 240
323 2603 39 197
167 2615 35 118
115 2869 51 68
167 2869 195 68
364 2869 59 68
425 2869 51 68
478 2869 52 68
532 2869 53 68
587 2869 53 68
642 2869 242 68
885 2869 415 68
1302 2869 2125 68
115 2939 51 240
364 2939 59 240
425 2939 51 240
478 2939 52 240
532 2939 53 240
587 2939 53 240
642 2939 242 240
885 2939 415 240
1302 2939 2125 240
115 3180 51 237
364 3180 59 237
425 3180 51 237
478 3180 52 237
532 3180 53 237
587 3180 53 237
642 3180 242 237
885 3180 415 237
1302 3180 2124 237
115 3488 51 68
167 3488 195 68
364 3488 59 68
425 3488 51 68
478 3488 52 68
532 3488 53 68
587 3488 53 68
642 3488 242 68
885 3488 415 68
1302 3488 2125 68
115 3557 51 240
364 3557 59 240
425 3557 51 240
478 3557 52 240
532 3557 53 240
587 3557 53 240
642 3557 242 240
885 3557 415 240
1302 3557 2125 240
167 3617 28 148
337 3622 25 140
115 3799 51 236
364 3799 59 236
425 3799 51 236
478 3799 52 236
532 3799 53 236
587 3799 53 236
642 3799 242 236
885 3799 415 236
1302 3799 2124 236
326 3872 36 74
167 3889 36 63
115 4106 51 68
167 4106 195 68
364 4106 59 68
425 4106 51 68
478 4106 52 68
532 4106 53 68
587 4106 53 68
642 4106 242 68
885 4106 415 68
1302 4106 2125 68
115 4176 51 240
364 4176 59 240
425 4176 51 240
478 4176 52 240
532 4176 53 240
587 4176 53 240
642 4176 242 240
885 4176 415 240
1302 4176 2125 240
115 4417 51 237
364 4417 59 237
425 4417 51 237
478 4417 52 237
532 4417 53 237
587 4417 53 237
642 4417 242 237
885 4417 415 237
1302 4417 2124 237
327 4486 35 168
167 4501 26 153
206 4735 47 274
255 4735 433 28
690 4735 321 28
1013 4735 81 28
255 4765 76 23
333 4765 355 23
690 4765 63 23
755 4765 256 23
1013 4765 81 23
255 4790 76 34
333 4790 355 34
690 4790 63 34
755 4790 256 34
1013 4790 81 34
255 4826 76 50
333 4826 355 50
690 4826 63 50
755 4826 256 50
1013 4826 81 50
255 4878 76 74
333 4878 355 74
690 4878 63 74
755 4878 256 74
1013 4878 81 74
255 4954 76 55
333 4954 355 55
690 4954 63 55
755 4954 256 55
1013 4954 81 55
