16 17 2832 208
16 226 2832 246
16 474 109 110
126 474 362 110
489 474 84 110
574 474 84 110
659 474 84 110
745 474 83 110
830 474 83 110
915 474 395 110
1311 474 566 110
1878 474 970 110
16 585 109 430
126 585 362 430
489 585 84 430
574 585 84 430
659 585 84 430
745 585 83 430
830 585 83 430
915 585 395 430
1311 585 566 430
1878 585 970 430
16 1016 109 428
126 1016 362 428
489 1016 84 428
574 1016 84 428
659 1016 84 428
745 1016 83 428
830 1016 83 428
915 1016 395 428
1311 1016 566 428
1878 1016 970 428
16 1449 1416 2714
1436 1449 1412 2714
