11 11 2029 255
11 271 2029 139
11 415 76 88
89 415 224 88
315 415 156 88
473 415 102 88
577 415 64 88
643 415 104 88
749 415 102 88
853 415 228 88
1083 415 356 88
1441 415 599 88
11 505 76 311
89 505 224 311
315 505 156 311
473 505 102 311
577 505 64 311
643 505 104 311
749 505 102 311
853 505 228 311
1083 505 356 311
1441 505 599 311
11 818 76 311
89 818 224 311
315 818 156 311
473 818 102 311
577 818 64 311
643 818 104 311
749 818 102 311
853 818 228 311
1083 818 356 311
1441 818 599 311
11 1131 76 311
89 1131 224 311
315 1131 156 311
473 1131 102 311
577 1131 64 311
643 1131 104 311
749 1131 102 311
853 1131 228 311
1083 1131 356 311
1441 1131 599 311
11 1444 76 310
89 1444 224 310
315 1444 156 310
473 1444 102 310
577 1444 64 310
643 1444 104 310
749 1444 102 310
853 1444 228 310
1083 1444 356 310
1441 1444 599 310
11 1759 2029 1047
