1435 1261 229 30
1665 1261 292 30
1958 1261 529 30
2489 1261 266 30
1435 1293 229 50
1665 1293 292 50
1958 1293 529 50
2489 1293 266 50
1435 1344 229 39
1665 1344 292 39
1958 1344 529 39
2489 1344 266 39
1435 1385 229 39
1665 1385 292 39
1958 1385 529 39
2489 1385 266 39
1435 1425 229 50
1665 1425 292 50
1958 1425 529 50
2489 1425 266 50
1435 1477 229 50
1665 1477 292 50
1958 1477 529 50
2489 1477 266 50
1435 1528 229 51
1665 1528 292 51
1958 1528 529 51
2489 1528 266 51
1435 1580 229 50
1665 1580 292 50
1958 1580 529 50
2489 1580 266 50
1435 1632 229 50
1665 1632 292 50
1958 1632 529 50
2489 1632 266 50
1435 1683 229 51
1665 1683 292 51
1958 1683 529 51
2489 1683 266 51
1435 1735 229 50
1665 1735 292 50
1958 1735 529 50
2489 1735 266 50
1435 1787 229 50
1665 1787 292 50
1958 1787 529 50
2489 1787 266 50
1435 1838 229 51
1665 1838 292 51
1958 1838 529 51
2489 1838 266 51
1435 1890 229 50
1665 1890 292 50
1958 1890 529 50
2489 1890 266 50
1435 1942 229 50
1665 1942 292 50
1958 1942 529 50
2489 1942 266 50
1435 1993 229 51
1665 1993 292 51
1958 1993 529 51
2489 1993 266 51
1435 2045 229 50
1665 2045 292 50
1958 2045 529 50
2489 2045 266 50
1435 2097 229 50
1665 2097 292 50
1958 2097 529 50
2489 2097 266 50
1435 2148 229 51
1665 2148 292 51
1958 2148 529 51
2489 2148 266 51
1435 2200 229 50
1665 2200 292 50
1958 2200 529 50
2489 2200 266 50
1435 2252 229 50
1665 2252 292 50
1958 2252 529 50
2489 2252 266 50
1435 2303 229 51
1665 2303 292 51
1958 2303 529 51
2489 2303 266 51
1435 2355 229 50
1665 2355 292 50
1958 2355 529 50
2489 2355 266 50
1435 2407 229 50
1665 2407 292 50
1958 2407 529 50
2489 2407 266 50
1435 2458 229 39
1665 2458 292 39
1958 2458 529 39
2489 2458 266 39
1435 2499 229 50
1665 2499 292 50
1958 2499 529 50
2489 2499 266 50
1435 2550 229 39
1665 2550 292 39
1958 2550 529 39
2489 2550 266 39
1435 2591 229 50
1665 2591 292 50
1958 2591 529 50
2489 2591 266 50
1435 2643 229 50
1665 2643 292 50
1958 2643 529 50
2489 2643 266 50
1435 2694 229 50
1665 2694 292 50
1958 2694 529 50
2489 2694 266 50
1435 2746 229 50
1665 2746 292 50
1958 2746 529 50
2489 2746 266 50
1435 2798 229 50
1665 2798 292 50
1958 2798 529 50
2489 2798 266 50
1435 2849 229 50
1665 2849 292 50
1958 2849 529 50
2489 2849 266 50
1435 2901 229 50
1665 2901 292 50
1958 2901 529 50
2489 2901 266 50
1435 2953 229 50
1665 2953 292 50
1958 2953 529 50
2489 2953 266 50
1435 3004 229 50
1665 3004 292 50
1958 3004 529 50
2489 3004 266 50
1435 3056 229 50
1665 3056 292 50
1958 3056 529 50
2489 3056 266 50
1435 3108 229 50
1665 3108 292 50
1958 3108 529 50
2489 3108 266 50
1435 3159 229 50
1665 3159 292 50
1958 3159 529 50
2489 3159 266 50
1435 3211 229 50
1665 3211 292 50
1958 3211 529 50
2489 3211 266 50
1435 3263 229 50
1665 3263 292 50
1958 3263 529 50
2489 3263 266 50
1435 3314 229 50
1665 3314 292 50
1958 3314 529 50
2489 3314 266 50
1435 3366 229 50
1665 3366 292 50
1958 3366 529 50
2489 3366 266 50
1435 3418 229 50
1665 3418 292 50
1958 3418 529 50
2489 3418 266 50
1435 3469 229 50
1665 3469 292 50
1958 3469 529 50
2489 3469 266 50
1435 3521 229 50
1665 3521 292 50
1958 3521 529 50
2489 3521 266 50
1435 3573 229 50
1665 3573 292 50
1958 3573 529 50
2489 3573 266 50
1435 3624 229 51
1665 3624 292 51
1958 3624 529 51
2489 3624 266 51
1435 3781 609 35
2045 3781 248 35
2294 3781 176 35
2471 3781 284 35
1435 3817 609 34
2045 3817 248 34
2294 3817 176 34
2471 3817 284 34
1435 3853 609 34
2045 3853 248 34
2294 3853 176 34
2471 3853 284 34
1435 3889 609 34
2045 3889 248 34
2294 3889 176 34
2471 3889 284 34
1435 3924 609 35
2045 3924 248 35
2294 3924 176 35
2471 3924 284 35
1435 3960 609 57
2045 3960 248 57
2294 3960 176 57
2471 3960 284 57
1435 4018 609 34
2045 4018 248 34
2294 4018 176 34
2471 4018 284 34
1435 4054 609 34
2045 4054 248 34
2294 4054 176 34
2471 4054 284 34
1435 4090 609 34
2045 4090 248 34
2294 4090 176 34
2471 4090 284 34
