133 185 2790 296
133 486 2790 254
133 750 2790 172
133 927 68 93
206 927 188 93
399 927 62 93
466 927 53 93
524 927 50 93
579 927 50 93
634 927 50 93
689 927 134 93
828 927 217 93
1051 927 475 93
1531 927 72 93
1608 927 188 93
1801 927 61 93
1867 927 53 93
1925 927 50 93
1980 927 50 93
2036 927 50 93
2091 927 134 93
2230 927 217 93
2452 927 471 93
133 1025 1392 76
1531 1025 1392 75
1531 1105 72 247
1608 1105 188 247
1801 1105 61 247
1867 1105 53 247
1925 1105 50 247
1980 1105 50 247
2036 1105 50 247
2091 1105 134 247
2230 1105 217 247
2452 1105 471 247
133 1106 68 251
206 1106 188 251
399 1106 61 251
465 1106 53 251
523 1106 50 251
578 1106 50 251
633 1106 51 251
689 1106 134 251
828 1106 217 251
1050 1106 475 251
1531 1358 1392 74
133 1362 1392 66
133 1433 68 251
206 1433 188 251
399 1433 61 251
465 1433 53 251
523 1433 50 251
578 1433 50 251
633 1433 51 251
689 1433 134 251
828 1433 217 251
1050 1433 475 251
1531 1437 72 248
1608 1437 188 248
1801 1437 61 248
1867 1437 53 248
1925 1437 50 248
1980 1437 50 248
2036 1437 50 248
2091 1437 134 248
2230 1437 217 248
2452 1437 471 248
133 1690 68 250
206 1690 188 250
399 1690 61 250
465 1690 53 250
523 1690 50 250
578 1690 50 250
633 1690 51 250
689 1690 134 250
828 1690 217 250
1050 1690 475 250
1530 1690 1393 65
1531 1761 72 247
1608 1761 188 247
1801 1761 61 247
1867 1761 53 247
1925 1761 50 247
1980 1761 50 247
2036 1761 50 247
2091 1761 134 247
2230 1761 217 247
2452 1761 471 247
133 1946 1393 66
1531 2013 72 248
1608 2013 188 248
1801 2013 61 248
1867 2013 53 248
1925 2013 50 248
1980 2013 50 248
2036 2013 50 248
2091 2013 134 248
2230 2013 217 248
2452 2013 471 248
133 2017 68 251
206 2017 188 251
399 2017 61 251
465 2017 53 251
523 2017 50 251
578 2017 50 251
633 2017 51 251
689 2017 134 251
828 2017 217 251
1050 2017 475 251
1531 2268 1392 63
133 2273 1392 63
1531 2336 72 248
1608 2336 188 248
1801 2336 61 248
1867 2336 53 248
1925 2336 50 248
1980 2336 50 248
2036 2336 50 248
2091 2336 134 248
2230 2336 217 248
2452 2336 471 248
133 2345 68 251
206 2345 188 251
399 2345 61 251
465 2345 53 251
523 2345 50 251
578 2345 50 251
633 2345 51 251
689 2345 134 251
828 2345 217 251
1050 2345 475 251
1531 2589 72 248
1608 2589 188 248
1801 2589 61 248
1867 2589 53 248
1925 2589 50 248
1980 2589 50 248
2036 2589 50 248
2091 2589 134 248
2230 2589 217 248
2452 2589 471 248
133 2601 1393 66
133 2672 68 251
206 2672 188 251
399 2672 61 251
465 2672 53 251
523 2672 50 251
578 2672 50 251
633 2672 51 251
689 2672 134 251
828 2672 217 251
1050 2672 475 251
1531 2842 72 248
1608 2842 188 248
1801 2842 61 248
1867 2842 53 248
1925 2842 50 248
1980 2842 50 248
2036 2842 50 248
2091 2842 134 248
2230 2842 217 248
2452 2842 471 248
133 2928 1393 66
133 3000 68 251
206 3000 188 251
399 3000 61 251
465 3000 53 251
523 3000 50 251
578 3000 50 251
633 3000 51 251
689 3000 134 251
828 3000 217 251
1050 3000 475 251
1531 3095 72 247
1608 3095 188 247
1801 3095 61 247
1867 3095 53 247
1925 3095 50 247
1980 3095 50 247
2036 3095 50 247
2091 3095 134 247
2230 3095 217 247
2452 3095 471 247
133 3256 1392 66
133 3327 67 251
205 3327 188 251
398 3327 62 251
465 3327 52 251
523 3327 50 251
578 3327 50 251
633 3327 50 251
688 3327 134 251
827 3327 217 251
1049 3327 475 251
1530 3347 1393 66
1531 3418 72 247
1608 3418 188 247
1801 3418 61 247
1867 3418 53 247
1925 3418 50 247
1980 3418 50 247
2036 3418 50 247
2091 3418 134 247
2230 3418 217 247
2452 3418 471 247
133 3583 67 251
205 3583 188 251
398 3583 62 251
465 3583 52 251
523 3583 50 251
578 3583 50 251
633 3583 50 251
688 3583 134 251
827 3583 217 251
1049 3583 475 251
1531 3671 72 247
1608 3671 188 247
1801 3671 61 247
1867 3671 53 247
1925 3671 50 247
1980 3671 50 247
2036 3671 50 247
2091 3671 134 247
2230 3671 217 247
2452 3671 471 247
133 3839 1392 76
133 3920 67 245
205 3920 188 245
398 3920 62 245
465 3920 52 245
523 3920 50 245
578 3920 50 245
633 3920 50 245
688 3920 134 245
827 3920 217 245
1049 3920 475 245
1531 3923 72 242
1801 3923 61 242
1867 3923 53 242
1925 3923 50 242
1980 3923 50 242
2036 3923 50 242
2091 3923 134 242
2230 3923 217 242
2452 3923 471 242
