20 20 2860 318
20 343 2860 141
20 491 102 107
127 491 279 107
410 491 109 107
524 491 80 107
609 491 80 107
694 491 80 107
779 491 80 107
864 491 336 107
1204 491 449 107
1658 491 1222 107
20 602 102 427
127 602 279 427
410 602 109 427
524 602 80 427
609 602 80 427
694 602 80 427
779 602 80 427
864 602 336 427
1204 602 449 427
1658 602 1222 427
20 1033 102 427
127 1033 279 427
410 1033 109 427
524 1033 80 427
609 1033 80 427
694 1033 80 427
779 1033 80 427
864 1033 336 427
1204 1033 449 427
1658 1033 1222 427
20 1465 102 426
127 1465 279 426
410 1465 109 426
524 1465 80 426
609 1465 80 426
694 1465 80 426
779 1465 80 426
864 1465 336 426
1204 1465 449 426
1658 1465 1222 426
20 1896 102 427
127 1896 279 427
410 1896 109 427
524 1896 80 427
609 1896 80 427
694 1896 80 427
779 1896 80 427
864 1896 336 427
1204 1896 449 427
1658 1896 1222 427
20 2327 102 426
127 2327 279 426
410 2327 109 427
524 2327 80 427
609 2327 80 427
694 2327 80 427
779 2327 80 427
864 2327 336 427
1204 2327 449 427
1658 2327 1222 427
410 2758 109 427
524 2758 80 427
609 2758 80 427
694 2758 80 427
779 2758 80 427
864 2758 336 427
1204 2758 449 427
1658 2758 1222 427
20 2759 102 425
127 2759 279 425
20 3190 102 426
127 3190 279 426
410 3190 109 426
524 3190 80 426
609 3190 80 426
694 3190 80 426
779 3190 80 426
864 3190 336 426
1204 3190 449 426
1658 3190 1222 426
20 3621 102 422
127 3621 279 422
410 3621 109 422
524 3621 80 422
609 3621 80 422
694 3621 80 422
779 3621 80 422
864 3621 336 422
1204 3621 449 422
1658 3621 1222 422
