179 198 2851 277
179 478 2851 303
179 785 2851 65
179 853 87 82
269 853 213 82
485 853 76 82
564 853 99 82
666 853 60 82
728 853 100 82
831 853 99 82
933 853 263 82
1199 853 388 82
1590 853 1440 82
179 938 87 250
269 938 213 250
485 938 76 250
564 938 99 250
666 938 60 250
728 938 100 250
831 938 99 250
933 938 263 250
1199 938 388 250
1590 938 1440 250
179 1191 87 249
269 1191 213 249
485 1191 76 249
564 1191 99 249
666 1191 60 249
728 1191 100 249
831 1191 99 249
933 1191 263 249
1199 1191 388 249
1590 1191 1440 249
179 1443 87 249
269 1443 213 249
485 1443 76 249
564 1443 99 249
666 1443 60 249
728 1443 100 249
831 1443 99 249
933 1443 263 249
1199 1443 388 249
1590 1443 1440 249
179 1695 87 250
269 1695 213 250
485 1695 76 250
564 1695 99 250
666 1695 60 250
728 1695 100 250
831 1695 99 250
933 1695 263 250
1199 1695 388 250
1590 1695 1440 250
179 1947 87 250
269 1947 213 250
485 1947 76 250
564 1947 99 250
666 1947 60 250
728 1947 100 250
831 1947 99 250
933 1947 263 250
1199 1947 388 250
1590 1947 1440 250
179 2200 2851 65
179 2268 87 249
269 2268 213 249
485 2268 76 249
564 2268 99 249
666 2268 60 249
728 2268 100 249
831 2268 99 249
933 2268 263 249
1199 2268 388 249
1590 2268 1440 249
179 2520 87 249
269 2520 213 249
485 2520 76 249
564 2520 99 249
666 2520 60 249
728 2520 100 249
831 2520 99 249
933 2520 263 249
1199 2520 388 249
1590 2520 1440 249
179 2772 2851 65
179 2840 87 250
269 2840 213 250
485 2840 76 250
564 2840 99 250
666 2840 60 250
728 2840 100 250
831 2840 99 250
933 2840 263 250
1199 2840 388 250
1590 2840 1440 250
179 3093 87 249
269 3093 213 249
485 3093 76 249
564 3093 99 249
666 3093 60 249
728 3093 100 249
831 3093 99 249
933 3093 263 249
1199 3093 388 249
1590 3093 1440 249
179 3345 87 249
269 3345 213 249
485 3345 76 249
564 3345 99 249
666 3345 60 249
728 3345 100 249
831 3345 99 249
933 3345 263 249
1199 3345 388 249
1590 3345 1440 249
179 3597 2851 65
179 3665 87 250
269 3665 213 250
485 3665 76 250
564 3665 99 250
666 3665 60 250
728 3665 100 250
831 3665 99 250
933 3665 263 250
1199 3665 388 250
1590 3665 1440 250
179 3917 87 250
269 3917 213 250
485 3917 76 250
564 3917 99 250
666 3917 60 250
728 3917 100 250
831 3917 99 250
933 3917 263 250
1199 3917 388 250
1590 3917 1440 250
179 4170 2851 201
