121 521 2875 150
121 676 43 110
165 676 44 110
211 676 204 110
416 676 44 110
462 676 43 110
507 676 44 110
552 676 44 110
598 676 44 110
643 676 233 110
878 676 233 110
1112 676 451 110
1567 676 42 110
1610 676 45 110
1656 676 207 110
1864 676 44 110
1909 676 44 110
1955 676 44 110
2001 676 43 110
2046 676 43 110
2090 676 236 110
2328 676 233 110
2563 676 433 110
121 790 43 426
165 790 44 426
211 790 204 426
416 790 44 426
462 790 43 426
507 790 44 426
552 790 44 426
598 790 44 426
643 790 233 426
878 790 233 426
1112 790 451 426
1567 790 42 426
1610 790 45 426
1656 790 207 426
1864 790 44 426
1909 790 44 426
1955 790 44 426
2001 790 43 426
2046 790 43 426
2090 790 236 426
2328 790 233 426
2563 790 433 426
121 1220 43 426
165 1220 44 426
211 1220 204 426
416 1220 44 426
462 1220 43 426
507 1220 44 426
552 1220 44 426
598 1220 44 426
643 1220 233 426
878 1220 233 426
1112 1220 451 426
1567 1220 42 426
1610 1220 45 426
1656 1220 207 426
1864 1220 44 426
1909 1220 44 426
1955 1220 44 426
2001 1220 43 426
2046 1220 43 426
2090 1220 236 426
2328 1220 233 426
2563 1220 433 426
121 1650 43 855
165 1650 44 427
211 1650 204 427
416 1650 44 427
462 1650 43 427
507 1650 44 427
552 1650 44 427
598 1650 44 427
643 1650 233 427
878 1650 233 427
1112 1650 451 427
1567 1650 42 855
1610 1650 45 427
1656 1650 207 427
1864 1650 44 427
1909 1650 44 427
1955 1650 44 427
2001 1650 43 427
2046 1650 43 427
2090 1650 236 427
2328 1650 233 427
2563 1650 433 427
165 2078 44 427
211 2078 204 427
416 2078 44 427
462 2078 43 427
507 2078 44 427
552 2078 44 427
598 2078 44 427
643 2078 233 427
878 2078 233 427
1112 2078 451 427
1610 2078 45 427
1656 2078 207 427
1864 2078 44 427
1909 2078 44 427
1955 2078 44 427
2001 2078 43 427
2046 2078 43 427
2090 2078 236 427
2328 2078 233 427
2563 2078 433 427
121 2510 43 1714
165 2510 44 427
211 2510 204 427
416 2510 44 427
462 2510 43 427
507 2510 44 427
552 2510 44 427
598 2510 44 427
643 2510 233 427
878 2510 233 427
1112 2510 451 427
1567 2510 42 855
1610 2510 45 427
1656 2510 207 427
1864 2510 44 427
1909 2510 44 427
1955 2510 44 427
2001 2510 43 427
2046 2510 43 427
2090 2510 236 427
2328 2510 233 427
2563 2510 433 427
165 2938 44 428
211 2938 204 428
416 2938 44 428
462 2938 43 428
507 2938 44 428
552 2938 44 428
598 2938 44 428
643 2938 233 428
878 2938 233 428
1112 2938 451 428
1610 2938 45 427
1656 2938 207 427
1864 2938 44 427
1909 2938 44 427
1955 2938 44 427
2001 2938 43 427
2046 2938 43 427
2090 2938 236 427
2328 2938 233 427
2563 2938 433 427
165 3368 44 428
211 3368 204 428
416 3368 44 428
462 3368 43 428
507 3368 44 428
552 3368 44 428
598 3368 44 428
643 3368 233 428
878 3368 233 428
1112 3368 451 428
1567 3370 42 855
1610 3370 45 427
1656 3370 207 427
1864 3370 44 427
1909 3370 44 427
1955 3370 44 427
2001 3370 43 427
2046 3370 43 427
2090 3370 236 427
2328 3370 233 427
2563 3370 433 427
165 3798 44 426
211 3798 204 426
416 3798 44 426
462 3798 43 426
507 3798 44 426
552 3798 44 426
598 3798 44 426
643 3798 233 426
878 3798 233 426
1112 3798 451 426
1610 3798 45 427
1656 3798 207 427
1864 3798 44 427
1909 3798 44 427
1955 3798 44 427
2001 3798 43 427
2046 3798 43 427
2090 3798 236 427
2328 3798 233 427
2563 3798 433 427
