8 8 120 172
130 8 271 172
404 8 229 172
636 8 94 172
732 8 95 172
829 8 142 172
973 8 116 172
1092 8 261 172
1356 8 478 172
1837 8 1050 172
8 183 120 367
130 183 271 367
404 183 229 367
636 183 94 367
732 183 95 367
829 183 142 367
973 183 116 367
1092 183 261 367
1356 183 478 367
1837 183 1050 367
8 554 1479 3186
1491 554 1396 2547
1491 3105 1396 57
1491 3164 94 48
1587 3164 115 48
1704 3164 218 48
1923 3164 569 48
2493 3164 394 48
1491 3214 94 47
1587 3214 115 47
1704 3214 218 47
1923 3214 569 47
2493 3214 394 47
1491 3262 94 48
1587 3262 115 48
1704 3262 218 48
1923 3262 569 48
2493 3262 394 48
1491 3312 1396 428
