93 121 2830 337
93 461 2830 290
93 753 2830 160
93 915 94 102
190 915 236 102
428 915 258 102
688 915 112 102
803 915 84 102
890 915 154 102
1047 915 146 102
1195 915 253 102
1450 915 356 102
1809 915 1114 102
93 1020 94 322
428 1020 258 322
688 1020 112 322
803 1020 84 322
890 1020 154 322
1047 1020 146 322
1195 1020 253 322
1450 1020 356 322
1809 1020 1114 322
93 1344 2830 161
93 1507 94 102
190 1507 236 102
428 1507 258 102
688 1507 112 102
803 1507 84 102
890 1507 154 102
1047 1507 146 102
1195 1507 253 102
1450 1507 356 102
1809 1507 1114 102
93 1611 94 323
190 1611 236 323
428 1611 258 323
688 1611 112 323
803 1611 84 323
890 1611 154 323
1047 1611 146 323
1195 1611 253 323
1450 1611 356 323
1809 1611 1114 323
93 1936 94 322
428 1936 258 322
688 1936 112 322
803 1936 84 322
890 1936 154 322
1047 1936 146 322
1195 1936 253 322
1450 1936 356 322
1809 1936 1114 322
367 2133 59 21
190 2135 75 31
190 2166 76 32
93 2260 94 322
428 2260 258 322
688 2260 112 322
803 2260 84 322
890 2260 154 322
1047 2260 146 322
1195 2260 253 322
1450 2260 356 322
1809 2260 1114 322
93 2584 2830 161
93 2747 94 102
190 2747 236 102
428 2747 258 102
688 2747 112 102
803 2747 84 102
890 2747 154 102
1047 2747 146 102
1195 2747 253 102
1450 2747 356 102
1809 2747 1114 102
93 2852 94 322
190 2852 236 29
428 2852 258 322
688 2852 112 322
803 2852 84 322
890 2852 154 322
1047 2852 146 322
1195 2852 253 322
1450 2852 356 322
1809 2852 1114 322
93 3176 94 322
190 3176 236 21
428 3176 258 322
688 3176 112 322
803 3176 84 322
890 3176 154 322
1047 3176 146 322
1195 3176 253 322
1450 3176 356 322
1809 3176 1114 322
93 3500 2830 801
