64 245 89 61
155 245 89 61
246 245 242 61
489 245 158 61
648 245 320 30
648 276 87 30
736 276 232 30
64 307 89 67
155 307 89 67
246 307 242 67
489 307 158 67
648 307 87 67
736 307 232 67
64 375 89 67
155 375 89 67
246 375 242 67
489 375 158 67
648 375 87 67
736 375 232 67
64 443 89 67
155 443 89 67
246 443 242 67
489 443 158 67
648 443 87 67
736 443 232 67
64 511 89 67
155 511 89 67
246 511 242 67
489 511 158 67
648 511 87 67
736 511 232 67
64 579 89 67
155 579 89 67
246 579 242 67
489 579 158 67
648 579 87 67
736 579 232 67
64 647 89 67
155 647 89 67
246 647 242 67
489 647 158 67
648 647 87 67
736 647 232 67
64 715 89 67
155 715 89 67
246 715 242 67
489 715 158 67
648 715 87 67
736 715 232 67
64 784 89 66
155 784 89 66
246 784 242 66
489 784 158 66
648 784 87 66
736 784 232 66
64 852 89 66
155 852 89 66
246 852 242 66
489 852 158 66
648 852 87 66
736 852 232 66
64 920 89 66
155 920 89 66
246 920 242 66
489 920 158 66
648 920 87 66
736 920 232 66
64 988 89 66
155 988 89 66
246 988 242 66
489 988 158 66
648 988 87 66
736 988 232 66
64 1056 89 66
155 1056 89 66
246 1056 242 66
489 1056 158 66
648 1056 87 66
736 1056 232 66
64 1124 89 66
155 1124 89 66
246 1124 242 66
489 1124 158 66
648 1124 87 66
736 1124 232 66
64 1192 89 66
155 1192 89 66
246 1192 242 66
489 1192 158 66
648 1192 87 66
736 1192 232 66
64 1260 89 66
155 1260 89 66
246 1260 242 66
489 1260 158 66
648 1260 87 66
736 1260 232 66
64 1328 89 66
155 1328 89 66
246 1328 242 66
489 1328 158 66
648 1328 87 66
736 1328 232 66
64 1396 89 66
155 1396 89 66
246 1396 242 66
489 1396 158 66
648 1396 87 66
736 1396 232 66
64 1464 89 66
155 1464 89 66
246 1464 242 66
489 1464 158 66
648 1464 87 66
736 1464 232 66
64 1532 89 66
155 1532 89 66
246 1532 242 66
489 1532 158 66
648 1532 87 66
736 1532 232 66
64 1600 89 67
155 1600 89 67
246 1600 242 67
489 1600 158 67
648 1600 87 67
736 1600 232 67
64 1668 89 67
155 1668 89 67
246 1668 242 67
489 1668 158 67
648 1668 87 67
736 1668 232 67
64 1736 89 67
155 1736 89 67
246 1736 242 67
489 1736 158 67
648 1736 87 67
736 1736 232 67
64 1804 89 67
155 1804 89 67
246 1804 242 67
489 1804 158 67
648 1804 87 67
736 1804 232 67
64 1872 89 67
155 1872 89 67
246 1872 242 67
489 1872 158 67
648 1872 87 67
736 1872 232 67
64 1940 89 67
155 1940 89 67
246 1940 242 67
489 1940 158 67
648 1940 87 67
736 1940 232 67
64 2008 89 67
155 2008 89 67
246 2008 242 67
489 2008 158 67
648 2008 87 67
736 2008 232 67
64 2076 89 67
155 2076 89 67
246 2076 242 67
489 2076 158 67
648 2076 87 67
736 2076 232 67
64 2144 89 67
155 2144 89 67
246 2144 242 67
489 2144 158 67
648 2144 87 67
736 2144 232 67
64 2212 89 67
155 2212 89 67
246 2212 242 67
489 2212 158 67
648 2212 87 67
736 2212 232 67
64 2280 89 67
155 2280 89 67
246 2280 242 67
489 2280 158 67
648 2280 87 67
736 2280 232 67
64 2348 89 67
155 2348 89 67
246 2348 242 67
489 2348 158 67
648 2348 87 67
736 2348 232 67
64 2416 89 67
155 2416 89 67
246 2416 242 67
489 2416 158 67
648 2416 87 67
736 2416 232 67
64 2484 89 67
155 2484 89 67
246 2484 242 67
489 2484 158 67
648 2484 87 67
736 2484 232 67
64 2552 89 67
155 2552 89 67
246 2552 242 67
489 2552 158 67
648 2552 87 67
736 2552 232 67
64 2620 89 67
155 2620 89 67
246 2620 242 67
489 2620 158 67
648 2620 87 67
736 2620 232 67
64 2688 89 67
155 2688 89 67
246 2688 242 67
489 2688 158 67
648 2688 87 67
736 2688 232 67
64 2756 89 67
155 2756 89 67
246 2756 242 67
489 2756 158 67
648 2756 87 67
736 2756 232 67
64 2824 89 67
155 2824 89 67
246 2824 242 67
489 2824 158 67
648 2824 87 67
736 2824 232 67
64 2892 89 67
155 2892 89 67
246 2892 242 67
489 2892 158 67
648 2892 87 67
736 2892 232 67
64 2961 89 66
155 2961 89 66
246 2961 242 66
489 2961 158 66
648 2961 87 66
736 2961 232 66
64 3029 89 66
155 3029 89 66
246 3029 242 66
489 3029 158 66
648 3029 87 66
736 3029 232 66
64 3097 89 66
155 3097 89 66
246 3097 242 66
489 3097 158 66
648 3097 87 66
736 3097 232 66
64 3165 89 66
155 3165 89 66
246 3165 242 66
489 3165 158 66
648 3165 87 66
736 3165 232 66
64 3233 89 66
155 3233 89 66
246 3233 242 66
489 3233 158 66
648 3233 87 66
736 3233 232 66
64 3301 89 66
155 3301 89 66
246 3301 242 66
489 3301 158 66
648 3301 87 66
736 3301 232 66
1000 245 89 61
1090 245 90 61
1181 245 242 61
1425 245 157 61
1584 245 320 30
1584 276 86 30
1671 276 233 30
1000 307 89 67
1090 307 90 67
1181 307 242 67
1425 307 157 67
1584 307 86 67
1671 307 233 67
1000 375 89 67
1090 375 90 67
1181 375 242 67
1425 375 157 67
1584 375 86 67
1671 375 233 67
1000 443 89 67
1090 443 90 67
1181 443 242 67
1425 443 157 67
1584 443 86 67
1671 443 233 67
1000 511 89 67
1090 511 90 67
1181 511 242 67
1425 511 157 67
1584 511 86 67
1671 511 233 67
1000 579 89 67
1090 579 90 67
1181 579 242 67
1425 579 157 67
1584 579 86 67
1671 579 233 67
1000 647 89 67
1090 647 90 67
1181 647 242 67
1425 647 157 67
1584 647 86 67
1671 647 233 67
1000 715 89 67
1090 715 90 67
1181 715 242 67
1425 715 157 67
1584 715 86 67
1671 715 233 67
1000 784 89 66
1090 784 90 66
1181 784 242 66
1425 784 157 66
1584 784 86 66
1671 784 233 66
1000 852 89 66
1090 852 90 66
1181 852 242 66
1425 852 157 66
1584 852 86 66
1671 852 233 66
1000 920 89 66
1090 920 90 66
1181 920 242 66
1425 920 157 66
1584 920 86 66
1671 920 233 66
1000 988 89 66
1090 988 90 66
1181 988 242 66
1425 988 157 66
1584 988 86 66
1671 988 233 66
1000 1056 89 66
1090 1056 90 66
1181 1056 242 66
1425 1056 157 66
1584 1056 86 66
1671 1056 233 66
1000 1124 89 66
1090 1124 90 66
1181 1124 242 66
1425 1124 157 66
1584 1124 86 66
1671 1124 233 66
1000 1192 89 66
1090 1192 90 66
1181 1192 242 66
1425 1192 157 66
1584 1192 86 66
1671 1192 233 66
1000 1260 89 66
1090 1260 90 66
1181 1260 242 66
1425 1260 157 66
1584 1260 86 66
1671 1260 233 66
1000 1328 89 66
1090 1328 90 66
1181 1328 242 66
1425 1328 157 66
1584 1328 86 66
1671 1328 233 66
1000 1396 89 66
1090 1396 90 66
1181 1396 242 66
1425 1396 157 66
1584 1396 86 66
1671 1396 233 66
1000 1464 89 66
1090 1464 90 66
1181 1464 242 66
1425 1464 157 66
1584 1464 86 66
1671 1464 233 66
1000 1532 89 66
1090 1532 90 66
1181 1532 242 66
1425 1532 157 66
1584 1532 86 66
1671 1532 233 66
1000 1600 89 67
1090 1600 90 67
1181 1600 242 67
1425 1600 157 67
1584 1600 86 67
1671 1600 233 67
1000 1668 89 67
1090 1668 90 67
1181 1668 242 67
1425 1668 157 67
1584 1668 86 67
1671 1668 233 67
1000 1736 89 67
1090 1736 90 67
1181 1736 242 67
1425 1736 157 67
1584 1736 86 67
1671 1736 233 67
1000 1804 89 67
1090 1804 90 67
1181 1804 242 67
1425 1804 157 67
1584 1804 86 67
1671 1804 233 67
1000 1872 89 67
1090 1872 90 67
1181 1872 242 67
1425 1872 157 67
1584 1872 86 67
1671 1872 233 67
1000 1940 89 110
1090 1940 90 110
1181 1940 242 110
1425 1940 157 110
1584 1940 86 110
1671 1940 233 110
1000 2051 89 67
1090 2051 90 67
1181 2051 242 67
1425 2051 157 67
1584 2051 86 67
1671 2051 233 67
1000 2120 89 66
1090 2120 90 66
1181 2120 242 66
1425 2120 157 66
1584 2120 86 66
1671 2120 233 66
1000 2188 89 66
1090 2188 90 66
1181 2188 242 66
1425 2188 157 66
1584 2188 86 66
1671 2188 233 66
1000 2256 89 66
1090 2256 90 66
1181 2256 242 66
1425 2256 157 66
1584 2256 86 66
1671 2256 233 66
1000 2324 89 66
1090 2324 90 66
1181 2324 242 66
1425 2324 157 66
1584 2324 86 66
1671 2324 233 66
1000 2392 89 66
1090 2392 90 66
1181 2392 242 66
1425 2392 157 66
1584 2392 86 66
1671 2392 233 66
1000 2460 89 66
1090 2460 90 66
1181 2460 242 66
1425 2460 157 66
1584 2460 86 66
1671 2460 233 66
1000 2528 89 66
1090 2528 90 66
1181 2528 242 66
1425 2528 157 66
1584 2528 86 66
1671 2528 233 66
1000 2596 89 66
1090 2596 90 66
1181 2596 242 66
1425 2596 157 66
1584 2596 86 66
1671 2596 233 66
1000 2664 89 66
1090 2664 90 66
1181 2664 242 66
1425 2664 157 66
1584 2664 86 66
1671 2664 233 66
1000 2732 89 82
1090 2732 90 82
1181 2732 242 82
1425 2732 157 82
1584 2732 86 82
1671 2732 233 82
1000 2815 89 67
1090 2815 90 67
1181 2815 242 67
1425 2815 157 67
1584 2815 86 67
1671 2815 233 67
1000 2883 89 67
1090 2883 90 67
1181 2883 242 67
1425 2883 157 67
1584 2883 86 67
1671 2883 233 67
1000 2951 89 67
1090 2951 90 67
1181 2951 242 67
1425 2951 157 67
1584 2951 86 67
1671 2951 233 67
1000 3019 89 67
1090 3019 90 67
1181 3019 242 67
1425 3019 157 67
1584 3019 86 67
1671 3019 233 67
1000 3087 89 67
1090 3087 90 67
1181 3087 242 67
1425 3087 157 67
1584 3087 86 67
1671 3087 233 67
1000 3155 89 67
1090 3155 90 67
1181 3155 242 67
1425 3155 157 67
1584 3155 86 67
1671 3155 233 67
1000 3223 89 67
1090 3223 90 67
1181 3223 242 67
1425 3223 157 67
1584 3223 86 67
1671 3223 233 67
1000 3291 89 81
1090 3291 90 81
1181 3291 242 81
1425 3291 157 81
1584 3291 86 81
1671 3291 233 81
1935 245 89 61
2026 245 89 61
2116 245 243 61
2360 245 158 61
2519 245 320 30
2519 276 86 30
2607 276 232 30
1935 307 89 67
2026 307 89 67
2116 307 243 67
2360 307 158 67
2519 307 86 67
2607 307 232 67
1935 375 89 67
2026 375 89 67
2116 375 243 67
2360 375 158 67
2519 375 86 67
2607 375 232 67
1935 443 89 67
2026 443 89 67
2116 443 243 67
2360 443 158 67
2519 443 86 67
2607 443 232 67
1935 511 89 67
2026 511 89 67
2116 511 243 67
2360 511 158 67
2519 511 86 67
2607 511 232 67
1935 579 89 67
2026 579 89 67
2116 579 243 67
2360 579 158 67
2519 579 86 67
2607 579 232 67
1935 647 89 67
2026 647 89 67
2116 647 243 67
2360 647 158 67
2519 647 86 67
2607 647 232 67
1935 715 89 67
2026 715 89 67
2116 715 243 67
2360 715 158 67
2519 715 86 67
2607 715 232 67
1935 784 89 66
2026 784 89 66
2116 784 243 66
2360 784 158 66
2519 784 86 66
2607 784 232 66
1935 852 89 66
2026 852 89 66
2116 852 243 66
2360 852 158 66
2519 852 86 66
2607 852 232 66
1935 920 89 66
2026 920 89 66
2116 920 243 66
2360 920 158 66
2519 920 86 66
2607 920 232 66
1935 988 89 66
2026 988 89 66
2116 988 243 66
2360 988 158 66
2519 988 86 66
2607 988 232 66
1935 1056 89 66
2026 1056 89 66
2116 1056 243 66
2360 1056 158 66
2519 1056 86 66
2607 1056 232 66
1935 1124 89 66
2026 1124 89 66
2116 1124 243 66
2360 1124 158 66
2519 1124 86 66
2607 1124 232 66
1935 1192 89 66
2026 1192 89 66
2116 1192 243 66
2360 1192 158 66
2519 1192 86 66
2607 1192 232 66
1935 1260 89 66
2026 1260 89 66
2116 1260 243 66
2360 1260 158 66
2519 1260 86 66
2607 1260 232 66
1935 1328 89 66
2026 1328 89 66
2116 1328 243 66
2360 1328 158 66
2519 1328 86 66
2607 1328 232 66
1935 1396 89 66
2026 1396 89 66
2116 1396 243 66
2360 1396 158 66
2519 1396 86 66
2607 1396 232 66
1935 1464 89 66
2026 1464 89 66
2116 1464 243 66
2360 1464 158 66
2519 1464 86 66
2607 1464 232 66
1935 1532 89 66
2026 1532 89 66
2116 1532 243 66
2360 1532 158 66
2519 1532 86 66
2607 1532 232 66
1935 1600 89 67
2026 1600 89 67
2116 1600 243 67
2360 1600 158 67
2519 1600 86 67
2607 1600 232 67
1935 1668 89 67
2026 1668 89 67
2116 1668 243 67
2360 1668 158 67
2519 1668 86 67
2607 1668 232 67
1935 1736 89 67
2026 1736 89 67
2116 1736 243 67
2360 1736 158 67
2519 1736 86 67
2607 1736 232 67
1935 1804 89 67
2026 1804 89 67
2116 1804 243 67
2360 1804 158 67
2519 1804 86 67
2607 1804 232 67
1935 1872 89 67
2026 1872 89 67
2116 1872 243 67
2360 1872 158 67
2519 1872 86 67
2607 1872 232 67
1935 1940 89 67
2026 1940 89 67
2116 1940 243 67
2360 1940 158 67
2519 1940 86 67
2607 1940 232 67
1935 2008 89 67
2026 2008 89 67
2116 2008 243 67
2360 2008 158 67
2519 2008 86 67
2607 2008 232 67
1935 2076 89 67
2026 2076 89 67
2116 2076 243 67
2360 2076 158 67
2519 2076 86 67
2607 2076 232 67
1935 2144 89 67
2026 2144 89 67
2116 2144 243 67
2360 2144 158 67
2519 2144 86 67
2607 2144 232 67
1935 2212 89 67
2026 2212 89 67
2116 2212 243 67
2360 2212 158 67
2519 2212 86 67
2607 2212 232 67
1935 2280 89 67
2026 2280 89 67
2116 2280 243 67
2360 2280 158 67
2519 2280 86 67
2607 2280 232 67
1935 2348 89 67
2026 2348 89 67
2116 2348 243 67
2360 2348 158 67
2519 2348 86 67
2607 2348 232 67
1935 2416 89 67
2026 2416 89 67
2116 2416 243 67
2360 2416 158 67
2519 2416 86 67
2607 2416 232 67
1935 2484 89 67
2026 2484 89 67
2116 2484 243 67
2360 2484 158 67
2519 2484 86 67
2607 2484 232 67
1935 2552 89 67
2026 2552 89 67
2116 2552 243 67
2360 2552 158 67
2519 2552 86 67
2607 2552 232 67
1935 2620 89 67
2026 2620 89 67
2116 2620 243 67
2360 2620 158 67
2519 2620 86 67
2607 2620 232 67
1935 2688 89 67
2026 2688 89 67
2116 2688 243 67
2360 2688 158 67
2519 2688 86 67
2607 2688 232 67
1935 2756 89 67
2026 2756 89 67
2116 2756 243 67
2360 2756 158 67
2519 2756 86 67
2607 2756 232 67
1935 2824 89 67
2026 2824 89 67
2116 2824 243 67
2360 2824 158 67
2519 2824 86 67
2607 2824 232 67
1935 2892 89 67
2026 2892 89 67
2116 2892 243 67
2360 2892 158 67
2519 2892 86 67
2607 2892 232 67
1935 2961 89 66
2026 2961 89 66
2116 2961 243 66
2360 2961 158 66
2519 2961 86 66
2607 2961 232 66
1935 3029 89 66
2026 3029 89 66
2116 3029 243 66
2360 3029 158 66
2519 3029 86 66
2607 3029 232 66
1935 3097 89 66
2026 3097 89 66
2116 3097 243 66
2360 3097 158 66
2519 3097 86 66
2607 3097 232 66
1935 3165 89 54
2026 3165 89 54
2116 3165 243 54
2360 3165 158 54
2519 3165 86 54
2607 3165 232 54
