121 195 2875 319
121 521 2875 150
1567 675 42 111
1610 675 45 111
1656 675 207 111
1864 675 44 111
1909 675 44 111
1955 675 44 111
2001 675 43 111
2046 675 43 111
2090 675 236 111
2328 675 233 111
2563 675 433 111
121 676 43 110
165 676 44 110
211 676 204 110
416 676 44 110
462 676 43 110
507 676 44 110
552 676 44 110
598 676 44 110
643 676 233 110
878 676 233 110
1112 676 451 110
121 790 43 488
165 790 44 488
211 790 204 488
416 790 44 488
462 790 43 488
507 790 44 488
552 790 44 488
598 790 44 488
643 790 233 488
878 790 233 488
1112 790 451 488
1567 790 42 978
1610 790 45 488
1656 790 207 488
1864 790 44 488
1909 790 44 488
1955 790 44 488
2001 790 43 488
2046 790 43 488
2090 790 236 488
2328 790 233 488
2563 790 433 488
1610 1280 45 488
1656 1280 207 488
1864 1280 44 488
1909 1280 44 488
1955 1280 44 488
2001 1280 43 488
2046 1280 43 488
2090 1280 236 488
2328 1280 233 488
2563 1280 433 488
121 1282 43 487
165 1282 44 487
211 1282 204 487
416 1282 44 487
462 1282 43 487
507 1282 44 487
552 1282 44 487
598 1282 44 487
643 1282 233 487
878 1282 233 487
1112 1282 451 487
121 1773 43 487
165 1773 44 487
211 1773 204 487
416 1773 44 487
462 1773 43 487
507 1773 44 487
552 1773 44 487
598 1773 44 487
643 1773 233 487
878 1773 233 487
1112 1773 451 487
1567 1773 42 978
1610 1773 45 488
1656 1773 207 488
1864 1773 44 488
1909 1773 44 488
1955 1773 44 488
2001 1773 43 488
2046 1773 43 488
2090 1773 236 488
2328 1773 233 488
2563 1773 433 488
1610 2263 45 488
1656 2263 207 488
1864 2263 44 488
1909 2263 44 488
1955 2263 44 488
2001 2263 43 488
2046 2263 43 488
2090 2263 236 488
2328 2263 233 488
2563 2263 433 488
121 2265 43 1470
165 2265 44 488
211 2265 204 488
416 2265 44 488
462 2265 43 488
507 2265 44 488
552 2265 44 488
598 2265 44 488
643 2265 233 488
878 2265 233 488
1112 2265 451 488
165 2755 44 490
211 2755 204 490
416 2755 44 490
462 2755 43 490
507 2755 44 490
552 2755 44 490
598 2755 44 490
643 2755 233 490
878 2755 233 490
1112 2755 451 490
1567 2756 42 487
1610 2756 45 487
1656 2756 207 487
1864 2756 44 487
1909 2756 44 487
1955 2756 44 487
2001 2756 43 487
2046 2756 43 487
2090 2756 236 487
2328 2756 233 487
2563 2756 433 487
165 3246 44 489
211 3246 204 489
416 3246 44 489
462 3246 43 489
507 3246 44 489
552 3246 44 489
598 3246 44 489
643 3246 233 489
878 3246 233 489
1112 3246 451 489
1567 3247 42 487
1610 3247 45 487
1656 3247 207 487
1864 3247 44 487
1909 3247 44 487
1955 3247 44 487
2001 3247 43 487
2046 3247 43 487
2090 3247 236 487
2328 3247 233 487
2563 3247 433 487
1567 3738 42 488
1610 3738 45 488
1656 3738 207 124
1864 3738 44 488
1909 3738 44 488
1955 3738 44 488
2001 3738 43 488
2046 3738 43 488
2090 3738 236 488
2328 3738 233 488
2563 3738 433 488
121 3739 43 487
165 3739 44 487
211 3739 204 487
416 3739 44 487
462 3739 43 487
507 3739 44 487
552 3739 44 487
598 3739 44 487
643 3739 233 487
878 3739 233 487
1112 3739 451 487
1827 3914 36 121
1656 3922 36 115
1657 4124 91 102
1764 4124 99 102
