23 22 2857 223
23 246 2857 142
23 389 92 86
116 389 271 86
388 389 101 86
490 389 118 86
610 389 66 86
678 389 129 86
808 389 129 86
938 389 271 86
1210 389 436 86
1647 389 1233 86
23 479 92 427
116 479 271 427
388 479 101 427
490 479 118 427
610 479 66 427
678 479 129 427
808 479 129 427
938 479 271 427
1210 479 436 427
1647 479 1233 427
23 907 92 406
116 907 271 406
388 907 101 406
490 907 118 406
610 907 66 406
678 907 129 406
808 907 129 406
938 907 271 406
1210 907 436 406
1647 907 1233 406
23 1314 92 428
116 1314 271 428
388 1314 101 428
490 1314 118 428
610 1314 66 428
678 1314 129 428
808 1314 129 428
938 1314 271 428
1210 1314 436 428
1647 1314 1233 428
23 1743 92 406
116 1743 271 406
388 1743 101 406
490 1743 118 406
610 1743 66 406
678 1743 129 406
808 1743 129 406
938 1743 271 406
1210 1743 436 406
1647 1743 1233 406
23 2150 92 405
116 2150 271 405
388 2150 101 405
490 2150 118 405
610 2150 66 405
678 2150 129 405
808 2150 129 405
938 2150 271 405
1210 2150 436 405
1647 2150 1233 405
23 2556 92 406
116 2556 271 406
388 2556 101 406
490 2556 118 406
610 2556 66 406
678 2556 129 406
808 2556 129 406
938 2556 271 406
1210 2556 436 406
1647 2556 1233 406
23 2963 92 405
116 2963 271 405
388 2963 101 405
490 2963 118 405
610 2963 66 405
678 2963 129 405
808 2963 129 405
938 2963 271 405
1210 2963 436 405
1647 2963 1233 405
23 3370 92 405
116 3370 271 405
388 3370 101 405
490 3370 118 405
610 3370 66 405
678 3370 129 405
808 3370 129 405
938 3370 271 405
1210 3370 436 405
1647 3370 1233 405
23 3780 2857 217
