128 504 2834 215
128 726 113 93
247 726 255 93
508 726 141 93
656 726 113 93
776 726 112 93
895 726 141 93
1042 726 142 93
1190 726 226 93
1423 726 509 93
1939 726 1023 93
128 825 113 340
247 825 255 339
508 825 141 340
656 825 113 340
776 825 112 340
895 825 141 340
1042 825 142 340
1190 825 226 340
1423 825 509 340
1939 825 1023 340
128 1171 113 339
247 1171 255 340
508 1171 141 340
656 1171 113 339
776 1171 112 340
895 1171 141 339
1042 1171 142 339
1190 1171 226 340
1423 1171 509 340
1939 1171 1023 340
128 1518 113 339
247 1518 255 339
508 1518 141 339
656 1518 113 339
776 1518 112 339
895 1518 141 339
1042 1518 142 339
1190 1518 226 339
1423 1518 509 339
1939 1518 1023 339
1558 3021 1392 60
1558 3084 112 42
1672 3084 337 42
2011 3084 327 42
2340 3084 408 42
2751 3084 199 42
1558 3128 112 42
1672 3128 337 42
2011 3128 327 42
2340 3128 408 42
2751 3128 199 42
1558 3172 112 42
1672 3172 337 42
2011 3172 327 42
2340 3172 408 42
2751 3172 199 42
1558 3216 112 43
1672 3216 337 43
2011 3216 327 43
2340 3216 408 43
2751 3216 199 43
1558 3261 112 41
1672 3261 337 41
2011 3261 327 41
2340 3261 408 41
2751 3261 199 41
1558 3304 112 44
1672 3304 337 44
2011 3304 327 44
2340 3304 408 44
2751 3304 199 44
1558 3350 112 42
1672 3350 337 42
2011 3350 327 42
2340 3350 408 42
2751 3350 199 42
1558 3394 112 43
1672 3394 337 43
2011 3394 327 43
2340 3394 408 43
2751 3394 199 43
1558 3439 112 42
1672 3439 337 42
2011 3439 327 42
2340 3439 408 42
2751 3439 199 42
1558 3483 112 43
1672 3483 337 43
2011 3483 327 43
2340 3483 408 43
2751 3483 199 43
1558 3528 112 42
1672 3528 337 42
2011 3528 327 42
2340 3528 408 42
2751 3528 199 42
1558 3572 112 43
1672 3572 337 43
2011 3572 327 43
2340 3572 408 43
2751 3572 199 43
1558 3617 112 42
1672 3617 337 42
2011 3617 327 42
2340 3617 408 42
2751 3617 199 42
1558 3661 112 42
1672 3661 337 42
2011 3661 327 42
2340 3661 408 42
2751 3661 199 42
1558 3706 112 42
1672 3706 337 42
2011 3706 327 42
2340 3706 408 42
2751 3706 199 42
1558 3750 112 42
1672 3750 337 42
2011 3750 327 42
2340 3750 408 42
2751 3750 199 42
1558 3795 112 42
1672 3795 337 42
2011 3795 327 42
2340 3795 408 42
2751 3795 199 42
1558 3839 112 42
1672 3839 337 42
2011 3839 327 42
2340 3839 408 42
2751 3839 199 42
1558 3883 112 43
1672 3883 337 43
2011 3883 327 43
2340 3883 408 43
2751 3883 199 43
1558 3928 112 42
1672 3928 337 42
2011 3928 327 42
2340 3928 408 42
2751 3928 199 42
1558 3972 112 43
1672 3972 337 43
2011 3972 327 43
2340 3972 408 43
2751 3972 199 43
1558 4017 112 42
1672 4017 337 42
2011 4017 327 42
2340 4017 408 42
2751 4017 199 42
1558 4061 112 43
1672 4061 337 43
2011 4061 327 43
2340 4061 408 43
2751 4061 199 43
1558 4106 112 45
1672 4106 337 45
2011 4106 327 45
2340 4106 408 45
2751 4106 199 45
1558 4153 112 77
1672 4153 337 77
2011 4153 327 77
2340 4153 408 77
2751 4153 199 77
