12 12 2871 271
12 285 2871 242
12 529 89 83
104 529 281 83
387 529 225 83
614 529 88 83
705 529 65 83
773 529 122 83
897 529 154 83
1053 529 313 83
1368 529 439 83
1809 529 1074 83
12 614 89 338
387 614 225 338
614 614 88 338
705 614 65 338
773 614 122 338
897 614 154 338
1053 614 313 338
1368 614 439 338
1809 614 1074 338
322 698 63 25
12 954 2871 2810
12 3764 1521 257
1535 3766 1348 58
1535 3825 134 71
1671 3825 265 71
1937 3825 447 71
2385 3825 498 35
2385 3861 146 35
2533 3861 350 35
1535 3897 134 63
1671 3897 265 63
1937 3897 447 63
2385 3897 146 63
2533 3897 350 63
1535 3961 134 58
1671 3961 265 58
1937 3961 447 58
2385 3961 146 58
2533 3961 350 58
12 4023 2871 124
