12 12 2871 270
12 284 2871 242
12 528 85 83
100 528 281 83
383 528 225 83
610 528 88 83
701 528 65 83
769 528 122 83
893 528 154 83
1049 528 313 83
1364 528 439 83
1805 528 1078 83
12 613 85 338
383 613 225 338
610 613 88 338
701 613 65 338
769 613 122 338
893 613 154 338
1049 613 313 338
1364 613 439 338
1805 613 1078 338
12 953 2871 2825
12 3778 1517 197
1531 3780 1352 58
1531 3839 134 70
1667 3839 265 70
1933 3839 447 70
2381 3839 502 35
2381 3875 146 34
2529 3875 354 34
1531 3911 134 62
1667 3911 265 62
1933 3911 447 62
2381 3911 146 62
2529 3911 354 62
12 3975 2871 172
