16 17 2832 208
16 226 2832 246
16 474 109 110
126 474 362 110
489 474 84 110
574 474 84 110
659 474 84 110
745 474 83 110
830 474 83 110
915 474 395 110
1311 474 566 110
1878 474 970 110
16 585 109 526
126 585 362 526
489 585 84 526
574 585 84 526
659 585 84 526
745 585 83 526
830 585 83 526
915 585 395 526
1311 585 566 526
1878 585 970 526
16 1113 109 523
126 1113 362 523
489 1113 84 523
574 1113 84 523
659 1113 84 523
745 1113 83 523
830 1113 83 523
915 1113 395 523
1311 1113 566 523
1878 1113 970 523
16 1642 1416 2521
1436 1642 1412 2521
