5 541 52 89
59 541 291 89
352 541 59 89
412 541 52 89
465 541 53 89
520 541 53 89
575 541 53 89
630 541 314 89
946 541 513 89
1461 541 1858 89
5 632 52 366
59 632 291 258
352 632 59 366
412 632 52 366
465 632 53 366
520 632 53 366
575 632 53 366
630 632 314 366
946 632 513 366
1461 632 1858 366
5 1000 52 362
352 1000 59 362
412 1000 52 362
465 1000 53 362
520 1000 53 362
575 1000 53 362
630 1000 314 362
946 1000 513 362
1461 1000 1858 362
5 1458 52 95
59 1458 280 95
340 1458 59 95
401 1458 51 95
454 1458 53 95
508 1458 54 95
564 1458 53 95
618 1458 313 95
933 1458 512 95
1446 1458 1871 95
5 1554 52 306
340 1554 59 306
401 1554 51 306
454 1554 53 306
508 1554 54 306
564 1554 53 306
618 1554 313 306
933 1554 512 306
1446 1554 1871 306
274 1629 65 22
5 1862 52 305
340 1862 59 305
401 1862 51 305
454 1862 53 305
508 1862 54 305
564 1862 53 305
618 1862 313 305
933 1862 512 305
1446 1862 1871 305
5 2169 52 302
340 2169 59 301
401 2169 51 301
454 2169 53 301
508 2169 54 301
564 2169 53 301
618 2169 313 301
933 2169 512 301
1446 2169 1871 302
340 2628 59 97
401 2628 51 97
454 2628 53 97
508 2628 54 97
564 2628 53 97
618 2628 313 97
933 2628 512 97
1446 2628 1871 97
5 2629 52 96
59 2629 280 96
5 2727 52 305
340 2727 59 305
401 2727 51 305
454 2727 53 305
508 2727 54 305
564 2727 53 305
618 2727 313 305
933 2727 512 305
1446 2727 1871 305
5 3034 52 305
340 3034 59 305
401 3034 51 305
454 3034 53 305
508 3034 54 305
564 3034 53 305
618 3034 313 305
933 3034 512 305
1446 3034 1871 305
285 3094 54 21
59 3096 50 27
59 3123 49 40
5 3428 52 102
59 3428 280 102
340 3428 59 102
401 3428 51 102
454 3428 53 102
508 3428 54 102
564 3428 53 102
618 3428 313 102
933 3428 512 102
1446 3428 1871 102
5 3532 52 302
340 3532 59 302
401 3532 51 302
454 3532 53 302
508 3532 54 302
564 3532 53 302
618 3532 313 302
933 3532 512 302
1446 3532 1871 302
5 3836 52 304
340 3836 59 303
401 3836 51 303
454 3836 53 303
508 3836 54 303
564 3836 53 303
618 3836 313 303
933 3836 512 303
1446 3836 1871 303
340 4224 59 102
401 4224 51 102
454 4224 53 102
508 4224 54 102
564 4224 53 102
618 4224 313 102
933 4224 512 102
1446 4224 1871 102
5 4225 52 101
59 4225 280 101
5 4328 52 303
340 4328 59 303
401 4328 51 303
454 4328 53 303
508 4328 54 303
564 4328 53 303
618 4328 313 303
933 4328 512 303
1446 4328 1871 303
5 4632 52 303
340 4632 59 303
401 4632 51 303
454 4632 53 303
508 4632 54 303
564 4632 53 303
618 4632 313 303
933 4632 512 303
1446 4632 1871 303
282 4758 57 31
