64 245 106 61
172 245 106 61
280 245 367 61
648 245 310 61
960 245 475 30
960 276 106 30
1068 276 367 30
64 307 106 77
172 307 106 77
280 307 367 77
648 307 310 77
960 307 106 77
1068 307 367 77
64 386 106 77
172 386 106 77
280 386 367 77
648 386 310 77
960 386 106 77
1068 386 367 77
64 464 106 77
172 464 106 77
280 464 367 77
648 464 310 77
960 464 106 77
1068 464 367 77
64 543 106 77
172 543 106 77
280 543 367 77
648 543 310 77
960 543 106 77
1068 543 367 77
64 621 106 77
172 621 106 77
280 621 367 77
648 621 310 77
960 621 106 77
1068 621 367 77
64 700 106 77
172 700 106 77
280 700 367 77
648 700 310 77
960 700 106 77
1068 700 367 77
64 778 106 78
172 778 106 78
280 778 367 78
648 778 310 78
960 778 106 78
1068 778 367 78
64 857 106 77
172 857 106 77
280 857 367 77
648 857 310 77
960 857 106 77
1068 857 367 77
64 935 106 78
172 935 106 78
280 935 367 78
648 935 310 78
960 935 106 78
1068 935 367 78
64 1014 106 77
172 1014 106 77
280 1014 367 77
648 1014 310 77
960 1014 106 77
1068 1014 367 77
64 1092 106 78
172 1092 106 78
280 1092 367 78
648 1092 310 78
960 1092 106 78
1068 1092 367 78
64 1171 106 77
172 1171 106 77
280 1171 367 77
648 1171 310 77
960 1171 106 77
1068 1171 367 77
64 1250 106 77
172 1250 106 77
280 1250 367 77
648 1250 310 77
960 1250 106 77
1068 1250 367 77
64 1328 106 77
172 1328 106 77
280 1328 367 77
648 1328 310 77
960 1328 106 77
1068 1328 367 77
64 1407 106 77
172 1407 106 77
280 1407 367 77
648 1407 310 77
960 1407 106 77
1068 1407 367 77
64 1485 106 77
172 1485 106 77
280 1485 367 77
648 1485 310 77
960 1485 106 77
1068 1485 367 77
64 1564 106 77
172 1564 106 77
280 1564 367 77
648 1564 310 77
960 1564 106 77
1068 1564 367 77
64 1642 106 77
172 1642 106 77
280 1642 367 77
648 1642 310 77
960 1642 106 77
1068 1642 367 77
64 1721 106 77
172 1721 106 77
280 1721 367 77
648 1721 310 77
960 1721 106 77
1068 1721 367 77
64 1799 106 77
172 1799 106 77
280 1799 367 77
648 1799 310 77
960 1799 106 77
1068 1799 367 77
64 1878 106 77
172 1878 106 77
280 1878 367 77
648 1878 310 77
960 1878 106 77
1068 1878 367 77
64 1956 106 77
172 1956 106 77
280 1956 367 77
648 1956 310 77
960 1956 106 77
1068 1956 367 77
64 2035 106 77
172 2035 106 77
280 2035 367 77
648 2035 310 77
960 2035 106 77
1068 2035 367 77
64 2113 106 77
172 2113 106 77
280 2113 367 77
648 2113 310 77
960 2113 106 77
1068 2113 367 77
64 2192 106 77
172 2192 106 77
280 2192 367 77
648 2192 310 77
960 2192 106 77
1068 2192 367 77
64 2270 106 77
172 2270 106 77
280 2270 367 77
648 2270 310 77
960 2270 106 77
1068 2270 367 77
64 2349 106 77
172 2349 106 77
280 2349 367 77
648 2349 310 77
960 2349 106 77
1068 2349 367 77
64 2427 106 77
172 2427 106 77
280 2427 367 77
648 2427 310 77
960 2427 106 77
1068 2427 367 77
64 2506 106 77
172 2506 106 77
280 2506 367 77
648 2506 310 77
960 2506 106 77
1068 2506 367 77
64 2584 106 77
172 2584 106 77
280 2584 367 77
648 2584 310 77
960 2584 106 77
1068 2584 367 77
64 2663 106 77
172 2663 106 77
280 2663 367 77
648 2663 310 77
960 2663 106 77
1068 2663 367 77
64 2741 106 78
172 2741 106 78
280 2741 367 78
648 2741 310 78
960 2741 106 78
1068 2741 367 78
64 2820 106 77
172 2820 106 77
280 2820 367 77
648 2820 310 77
960 2820 106 77
1068 2820 367 77
64 2898 106 78
172 2898 106 78
280 2898 367 78
648 2898 310 78
960 2898 106 78
1068 2898 367 78
64 2977 106 77
172 2977 106 77
280 2977 367 77
648 2977 310 77
960 2977 106 77
1068 2977 367 77
64 3055 106 78
172 3055 106 78
280 3055 367 78
648 3055 310 78
960 3055 106 78
1068 3055 367 78
64 3134 106 77
172 3134 106 77
280 3134 367 77
648 3134 310 77
960 3134 106 77
1068 3134 367 77
64 3213 106 77
172 3213 106 77
280 3213 367 77
648 3213 310 77
960 3213 106 77
1068 3213 367 77
64 3291 106 77
172 3291 106 77
280 3291 367 77
648 3291 310 77
960 3291 106 77
1068 3291 367 77
1470 245 106 61
1578 245 106 61
1686 245 367 61
2054 245 310 61
2366 245 475 30
2366 276 106 30
2474 276 367 30
1470 307 106 77
1578 307 106 77
1686 307 367 77
2054 307 310 77
2366 307 106 77
2474 307 367 77
1470 386 106 77
1578 386 106 77
1686 386 367 77
2054 386 310 77
2366 386 106 77
2474 386 367 77
1470 464 106 77
1578 464 106 77
1686 464 367 77
2054 464 310 77
2366 464 106 77
2474 464 367 77
1470 543 106 77
1578 543 106 77
1686 543 367 77
2054 543 310 77
2366 543 106 77
2474 543 367 77
1470 621 106 77
1578 621 106 77
1686 621 367 77
2054 621 310 77
2366 621 106 77
2474 621 367 77
1470 700 106 77
1578 700 106 77
1686 700 367 77
2054 700 310 77
2366 700 106 77
2474 700 367 77
1470 778 106 78
1578 778 106 78
1686 778 367 78
2054 778 310 78
2366 778 106 78
2474 778 367 78
1470 857 106 77
1578 857 106 77
1686 857 367 77
2054 857 310 77
2366 857 106 77
2474 857 367 77
1470 935 106 78
1578 935 106 78
1686 935 367 78
2054 935 310 78
2366 935 106 78
2474 935 367 78
1470 1014 106 77
1578 1014 106 77
1686 1014 367 77
2054 1014 310 77
2366 1014 106 77
2474 1014 367 77
1470 1092 106 78
1578 1092 106 78
1686 1092 367 78
2054 1092 310 78
2366 1092 106 78
2474 1092 367 78
1470 1171 106 77
1578 1171 106 77
1686 1171 367 77
2054 1171 310 77
2366 1171 106 77
2474 1171 367 77
1470 1250 106 77
1578 1250 106 77
1686 1250 367 77
2054 1250 310 77
2366 1250 106 77
2474 1250 367 77
1470 1328 106 77
1578 1328 106 77
1686 1328 367 77
2054 1328 310 77
2366 1328 106 77
2474 1328 367 77
1470 1407 106 77
1578 1407 106 77
1686 1407 367 77
2054 1407 310 77
2366 1407 106 77
2474 1407 367 77
1470 1485 106 77
1578 1485 106 77
1686 1485 367 77
2054 1485 310 77
2366 1485 106 77
2474 1485 367 77
1470 1564 106 77
1578 1564 106 77
1686 1564 367 77
2054 1564 310 77
2366 1564 106 77
2474 1564 367 77
1470 1642 106 77
1578 1642 106 77
1686 1642 367 77
2054 1642 310 77
2366 1642 106 77
2474 1642 367 77
1470 1721 106 77
1578 1721 106 77
1686 1721 367 77
2054 1721 310 77
2366 1721 106 77
2474 1721 367 77
1470 1799 106 77
1578 1799 106 77
1686 1799 367 77
2054 1799 310 77
2366 1799 106 77
2474 1799 367 77
1470 1878 106 77
1578 1878 106 77
1686 1878 367 77
2054 1878 310 77
2366 1878 106 77
2474 1878 367 77
1470 1956 106 77
1578 1956 106 77
1686 1956 367 77
2054 1956 310 77
2366 1956 106 77
2474 1956 367 77
1470 2035 106 77
1578 2035 106 77
1686 2035 367 77
2054 2035 310 77
2366 2035 106 77
2474 2035 367 77
1470 2113 106 77
1578 2113 106 77
1686 2113 367 77
2054 2113 310 77
2366 2113 106 77
2474 2113 367 77
1470 2192 106 77
1578 2192 106 77
1686 2192 367 77
2054 2192 310 77
2366 2192 106 77
2474 2192 367 77
1470 2270 106 77
1578 2270 106 77
1686 2270 367 77
2054 2270 310 77
2366 2270 106 77
2474 2270 367 77
1470 2349 106 77
1578 2349 106 77
1686 2349 367 77
2054 2349 310 77
2366 2349 106 77
2474 2349 367 77
1470 2427 106 77
1578 2427 106 77
1686 2427 367 77
2054 2427 310 77
2366 2427 106 77
2474 2427 367 77
1470 2506 106 77
1578 2506 106 77
1686 2506 367 77
2054 2506 310 77
2366 2506 106 77
2474 2506 367 77
1470 2584 106 77
1578 2584 106 77
1686 2584 367 77
2054 2584 310 77
2366 2584 106 77
2474 2584 367 77
1470 2663 106 77
1578 2663 106 77
1686 2663 367 77
2054 2663 310 77
2366 2663 106 77
2474 2663 367 77
1470 2741 106 78
1578 2741 106 78
1686 2741 367 78
2054 2741 310 78
2366 2741 106 78
2474 2741 367 78
1470 2820 106 77
1578 2820 106 77
1686 2820 367 77
2054 2820 310 77
2366 2820 106 77
2474 2820 367 77
1470 2898 106 78
1578 2898 106 78
1686 2898 367 78
2054 2898 310 78
2366 2898 106 78
2474 2898 367 78
1470 2977 106 77
1578 2977 106 77
1686 2977 367 77
2054 2977 310 77
2366 2977 106 77
2474 2977 367 77
1470 3055 106 78
1578 3055 106 78
1686 3055 367 78
2054 3055 310 78
2366 3055 106 78
2474 3055 367 78
1470 3134 106 77
1578 3134 106 77
1686 3134 367 77
2054 3134 310 77
2366 3134 106 77
2474 3134 367 77
1470 3213 106 77
1578 3213 106 77
1686 3213 367 77
2054 3213 310 77
2366 3213 106 77
2474 3213 367 77
1470 3291 106 77
1578 3291 106 77
1686 3291 367 77
2054 3291 310 77
2366 3291 106 77
2474 3291 367 77
