9 46 2259 317
9 366 2259 188
9 557 92 159
104 557 187 159
293 557 184 159
480 557 154 159
636 557 84 159
723 557 119 159
844 557 170 159
1017 557 225 159
1245 557 225 159
1473 557 795 159
9 719 92 330
104 719 187 53
293 719 184 206
480 719 154 330
636 719 84 330
723 719 119 330
844 719 170 330
1017 719 225 330
1245 719 225 330
1473 719 795 330
104 811 35 25
294 925 183 87
293 1012 184 37
104 1016 187 33
9 1052 92 330
104 1052 187 330
293 1052 184 330
480 1052 154 330
636 1052 84 330
723 1052 119 330
844 1052 170 330
1017 1052 225 330
1245 1052 225 330
1473 1052 795 328
1549 1384 719 1882
9 1385 764 1884
776 1385 770 1881
