102 90 2851 277
102 369 2851 224
102 595 107 83
211 595 256 83
469 595 239 83
710 595 88 83
800 595 66 83
868 595 123 83
993 595 196 83
1191 595 267 83
1460 595 409 83
1871 595 1082 83
102 680 107 339
211 680 256 22
469 680 239 339
710 680 88 339
800 680 66 339
868 680 123 339
993 680 196 339
1191 680 267 339
1460 680 409 339
1871 680 1082 339
211 813 31 27
437 824 30 21
211 840 30 92
440 846 27 84
102 1021 2851 2579
102 3600 1495 617
1600 3603 1353 54
2507 3658 446 68
1600 3659 134 67
1735 3659 381 67
2117 3659 389 67
1600 3727 134 173
1735 3727 381 173
2117 3727 389 173
2507 3727 446 173
1597 3903 1356 314
