714 55 31 31
1079 55 31 31
1298 55 31 31
1955 55 32 31
620 58 49 25
331 61 42 35
257 73 48 28
179 124 53 31
544 124 54 31
111 157 47 21
6 424 70 68
77 424 207 68
285 424 207 68
493 424 96 68
590 424 64 68
655 424 98 68
754 424 98 68
854 424 202 68
1057 424 357 68
1415 424 960 68
6 494 70 268
77 494 207 214
285 494 207 268
493 494 96 268
590 494 64 268
655 494 98 268
754 494 98 268
854 494 202 268
1057 494 357 268
1415 494 960 268
6 764 70 268
285 764 207 268
493 764 96 268
590 764 64 268
655 764 98 268
754 764 98 268
854 764 202 268
1057 764 357 268
1415 764 960 268
77 838 39 28
6 1033 70 268
285 1033 207 268
493 1033 96 268
590 1033 64 268
655 1033 98 268
754 1033 98 268
854 1033 202 268
1057 1033 357 268
1415 1033 960 268
77 1034 207 204
6 1302 70 268
285 1302 207 268
493 1302 96 268
590 1302 64 268
655 1302 98 268
754 1302 98 268
854 1302 202 268
1057 1302 357 268
1415 1302 960 268
6 1572 70 268
77 1572 207 222
285 1572 207 268
493 1572 96 268
590 1572 64 268
655 1572 98 268
754 1572 98 268
854 1572 202 268
1057 1572 357 268
1415 1572 960 268
6 1841 70 266
285 1841 207 266
493 1841 96 266
590 1841 64 266
655 1841 98 266
754 1841 98 266
854 1841 202 266
1057 1841 357 266
1415 1841 960 266
254 1909 30 30
