128 726 113 93
247 726 255 93
508 726 141 93
656 726 113 93
776 726 112 93
895 726 141 93
1042 726 142 93
1190 726 226 93
1423 726 509 93
1939 726 1023 93
128 825 113 340
247 825 255 340
508 825 141 340
656 825 113 340
776 825 112 340
895 825 141 340
1042 825 142 340
1190 825 226 340
1423 825 509 340
1939 825 1023 340
1557 2646 1391 64
1557 2713 111 33
1670 2713 281 33
1953 2713 321 33
2276 2713 355 33
2634 2713 111 33
2747 2713 202 33
1557 2748 111 34
1670 2748 281 34
1953 2748 321 34
2276 2748 355 34
2634 2748 111 34
2747 2748 202 34
1557 2784 111 34
1670 2784 281 34
1953 2784 321 34
2276 2784 355 34
2634 2784 111 34
2747 2784 202 34
1557 2820 111 70
1670 2820 281 70
1953 2820 321 70
2276 2820 355 70
2634 2820 111 70
2747 2820 202 70
1557 2892 111 34
1670 2892 281 34
1953 2892 321 34
2276 2892 355 34
2634 2892 111 34
2747 2892 202 34
1557 2928 111 34
1670 2928 281 34
1953 2928 321 34
2276 2928 355 34
2634 2928 111 34
2747 2928 202 34
1557 2964 111 34
1670 2964 281 34
1953 2964 321 34
2276 2964 355 34
2634 2964 111 34
2747 2964 202 34
1557 3000 111 34
1670 3000 281 34
1953 3000 321 34
2276 3000 355 34
2634 3000 111 34
2747 3000 202 34
1557 3036 111 34
1670 3036 281 34
1953 3036 321 34
2276 3036 355 34
2634 3036 111 34
2747 3036 202 34
1557 3072 111 34
1670 3072 281 34
1953 3072 321 34
2276 3072 355 34
2634 3072 111 34
2747 3072 202 34
1557 3108 111 34
1670 3108 281 34
1953 3108 321 34
2276 3108 355 34
2634 3108 111 34
2747 3108 202 34
1557 3144 111 34
1670 3144 281 34
1953 3144 321 34
2276 3144 355 34
2634 3144 111 34
2747 3144 202 34
1557 3180 111 34
1670 3180 281 34
1953 3180 321 34
2276 3180 355 34
2634 3180 111 34
2747 3180 202 34
1557 3216 111 34
1670 3216 281 34
1953 3216 321 34
2276 3216 355 34
2634 3216 111 34
2747 3216 202 34
1557 3252 111 34
1670 3252 281 34
1953 3252 321 34
2276 3252 355 34
2634 3252 111 34
2747 3252 202 34
1557 3288 111 34
1670 3288 281 34
1953 3288 321 34
2276 3288 355 34
2634 3288 111 34
2747 3288 202 34
1557 3325 111 33
1670 3325 281 33
1953 3325 321 33
2276 3325 355 33
2634 3325 111 33
2747 3325 202 33
1557 3361 111 33
1670 3361 281 33
1953 3361 321 33
2276 3361 355 33
2634 3361 111 33
2747 3361 202 33
1557 3397 111 33
1670 3397 281 33
1953 3397 321 33
2276 3397 355 33
2634 3397 111 33
2747 3397 202 33
1557 3433 111 33
1670 3433 281 33
1953 3433 321 33
2276 3433 355 33
2634 3433 111 33
2747 3433 202 33
1557 3469 111 33
1670 3469 281 33
1953 3469 321 33
2276 3469 355 33
2634 3469 111 33
2747 3469 202 33
1557 3505 111 33
1670 3505 281 33
1953 3505 321 33
2276 3505 355 33
2634 3505 111 33
2747 3505 202 33
1557 3541 111 34
1670 3541 281 34
1953 3541 321 34
2276 3541 355 34
2634 3541 111 34
2747 3541 202 34
1557 3577 111 34
1670 3577 281 34
1953 3577 321 34
2276 3577 355 34
2634 3577 111 34
2747 3577 202 34
1557 3613 111 34
1670 3613 281 34
1953 3613 321 34
2276 3613 355 34
2634 3613 111 34
2747 3613 202 34
1557 3649 111 34
1670 3649 281 34
1953 3649 321 34
2276 3649 355 34
2634 3649 111 34
2747 3649 202 34
1557 3685 111 70
1670 3685 281 70
1953 3685 321 70
2276 3685 355 70
2634 3685 111 70
2747 3685 202 70
1557 3757 111 34
1670 3757 281 34
1953 3757 321 34
2276 3757 355 34
2634 3757 111 34
2747 3757 202 34
1557 3793 111 34
1670 3793 281 34
1953 3793 321 34
2276 3793 355 34
2634 3793 111 34
2747 3793 202 34
1557 3829 111 34
1670 3829 281 34
1953 3829 321 34
2276 3829 355 34
2634 3829 111 34
2747 3829 202 34
1557 3865 111 34
1670 3865 281 34
1953 3865 321 34
2276 3865 355 34
2634 3865 111 34
2747 3865 202 34
1557 3901 111 34
1670 3901 281 34
1953 3901 321 34
2276 3901 355 34
2634 3901 111 34
2747 3901 202 34
1557 3937 111 34
1670 3937 281 34
1953 3937 321 34
2276 3937 355 34
2634 3937 111 34
2747 3937 202 34
1557 3973 111 34
1670 3973 281 34
1953 3973 321 34
2276 3973 355 34
2634 3973 111 34
2747 3973 202 34
1557 4009 111 34
1670 4009 281 34
1953 4009 321 34
2276 4009 355 34
2634 4009 111 34
2747 4009 202 34
1557 4045 111 34
1670 4045 281 34
1953 4045 321 34
2276 4045 355 34
2634 4045 111 34
2747 4045 202 34
