64 245 89 61
155 245 89 61
246 245 242 61
489 245 158 61
648 245 320 30
648 276 87 30
736 276 232 30
64 307 89 92
155 307 89 92
246 307 242 92
489 307 158 92
648 307 87 92
736 307 232 92
64 401 89 92
155 401 89 92
246 401 242 92
489 401 158 92
648 401 87 92
736 401 232 92
64 494 89 93
155 494 89 93
246 494 242 93
489 494 158 93
648 494 87 93
736 494 232 93
64 588 89 92
155 588 89 92
246 588 242 92
489 588 158 92
648 588 87 92
736 588 232 92
64 681 89 93
155 681 89 93
246 681 242 93
489 681 158 93
648 681 87 93
736 681 232 93
64 775 89 92
155 775 89 92
246 775 242 92
489 775 158 92
648 775 87 92
736 775 232 92
64 869 89 92
155 869 89 92
246 869 242 92
489 869 158 92
648 869 87 92
736 869 232 92
64 962 89 92
155 962 89 92
246 962 242 92
489 962 158 92
648 962 87 92
736 962 232 92
64 1056 89 92
155 1056 89 92
246 1056 242 92
489 1056 158 92
648 1056 87 92
736 1056 232 92
64 1149 89 92
155 1149 89 92
246 1149 242 92
489 1149 158 92
648 1149 87 92
736 1149 232 92
64 1243 89 92
155 1243 89 92
246 1243 242 92
489 1243 158 92
648 1243 87 92
736 1243 232 92
64 1336 89 92
155 1336 89 92
246 1336 242 92
489 1336 158 92
648 1336 87 92
736 1336 232 92
64 1430 89 92
155 1430 89 92
246 1430 242 92
489 1430 158 92
648 1430 87 92
736 1430 232 92
64 1523 89 92
155 1523 89 92
246 1523 242 92
489 1523 158 92
648 1523 87 92
736 1523 232 92
64 1617 89 92
155 1617 89 92
246 1617 242 92
489 1617 158 92
648 1617 87 92
736 1617 232 92
64 1710 89 93
155 1710 89 93
246 1710 242 93
489 1710 158 93
648 1710 87 93
736 1710 232 93
64 1804 89 92
155 1804 89 92
246 1804 242 92
489 1804 158 92
648 1804 87 92
736 1804 232 92
64 1898 89 92
155 1898 89 92
246 1898 242 92
489 1898 158 92
648 1898 87 92
736 1898 232 92
64 1991 89 92
155 1991 89 92
246 1991 242 92
489 1991 158 92
648 1991 87 92
736 1991 232 92
64 2085 89 92
155 2085 89 92
246 2085 242 92
489 2085 158 92
648 2085 87 92
736 2085 232 92
64 2178 89 92
155 2178 89 92
246 2178 242 92
489 2178 158 92
648 2178 87 92
736 2178 232 92
64 2272 89 92
155 2272 89 92
246 2272 242 92
489 2272 158 92
648 2272 87 92
736 2272 232 92
64 2365 89 92
155 2365 89 92
246 2365 242 92
489 2365 158 92
648 2365 87 92
736 2365 232 92
64 2459 89 92
155 2459 89 92
246 2459 242 92
489 2459 158 92
648 2459 87 92
736 2459 232 92
64 2552 89 92
155 2552 89 92
246 2552 242 92
489 2552 158 92
648 2552 87 92
736 2552 232 92
64 2646 89 92
155 2646 89 92
246 2646 242 92
489 2646 158 92
648 2646 87 92
736 2646 232 92
64 2739 89 93
155 2739 89 93
246 2739 242 93
489 2739 158 93
648 2739 87 93
736 2739 232 93
64 2833 89 92
155 2833 89 92
246 2833 242 92
489 2833 158 92
648 2833 87 92
736 2833 232 92
64 2927 89 92
155 2927 89 92
246 2927 242 92
489 2927 158 92
648 2927 87 92
736 2927 232 92
64 3020 89 92
155 3020 89 92
246 3020 242 92
489 3020 158 92
648 3020 87 92
736 3020 232 92
64 3114 89 92
155 3114 89 92
246 3114 242 92
489 3114 158 92
648 3114 87 92
736 3114 232 92
64 3207 89 92
155 3207 89 92
246 3207 242 92
489 3207 158 92
648 3207 87 92
736 3207 232 92
64 3301 89 92
155 3301 89 92
246 3301 242 92
489 3301 158 92
648 3301 87 92
736 3301 232 92
1000 245 89 61
1090 245 90 61
1181 245 242 61
1425 245 157 61
1584 245 320 30
1584 276 86 30
1671 276 233 30
1000 307 89 92
1090 307 90 92
1181 307 242 92
1425 307 157 92
1584 307 86 92
1671 307 233 92
1000 401 89 92
1090 401 90 92
1181 401 242 92
1425 401 157 92
1584 401 86 92
1671 401 233 92
1000 494 89 93
1090 494 90 93
1181 494 242 93
1425 494 157 93
1584 494 86 93
1671 494 233 93
1000 588 89 92
1090 588 90 92
1181 588 242 92
1425 588 157 92
1584 588 86 92
1671 588 233 92
1000 681 89 93
1090 681 90 93
1181 681 242 93
1425 681 157 93
1584 681 86 93
1671 681 233 93
1000 775 89 92
1090 775 90 92
1181 775 242 92
1425 775 157 92
1584 775 86 92
1671 775 233 92
1000 869 89 92
1090 869 90 92
1181 869 242 92
1425 869 157 92
1584 869 86 92
1671 869 233 92
1000 962 89 92
1090 962 90 92
1181 962 242 92
1425 962 157 92
1584 962 86 92
1671 962 233 92
1000 1056 89 92
1090 1056 90 92
1181 1056 242 92
1425 1056 157 92
1584 1056 86 92
1671 1056 233 92
1000 1149 89 92
1090 1149 90 92
1181 1149 242 92
1425 1149 157 92
1584 1149 86 92
1671 1149 233 92
1000 1243 89 92
1090 1243 90 92
1181 1243 242 92
1425 1243 157 92
1584 1243 86 92
1671 1243 233 92
1000 1336 89 92
1090 1336 90 92
1181 1336 242 92
1425 1336 157 92
1584 1336 86 92
1671 1336 233 92
1000 1430 89 92
1090 1430 90 92
1181 1430 242 92
1425 1430 157 92
1584 1430 86 92
1671 1430 233 92
1000 1523 89 92
1090 1523 90 92
1181 1523 242 92
1425 1523 157 92
1584 1523 86 92
1671 1523 233 92
1000 1617 89 92
1090 1617 90 92
1181 1617 242 92
1425 1617 157 92
1584 1617 86 92
1671 1617 233 92
1000 1710 89 93
1090 1710 90 93
1181 1710 242 93
1425 1710 157 93
1584 1710 86 93
1671 1710 233 93
1000 1804 89 92
1090 1804 90 92
1181 1804 242 92
1425 1804 157 92
1584 1804 86 92
1671 1804 233 92
1000 1898 89 92
1090 1898 90 92
1181 1898 242 92
1425 1898 157 92
1584 1898 86 92
1671 1898 233 92
1000 1991 89 92
1090 1991 90 92
1181 1991 242 92
1425 1991 157 92
1584 1991 86 92
1671 1991 233 92
1000 2085 89 92
1090 2085 90 92
1181 2085 242 92
1425 2085 157 92
1584 2085 86 92
1671 2085 233 92
1000 2178 89 92
1090 2178 90 92
1181 2178 242 92
1425 2178 157 92
1584 2178 86 92
1671 2178 233 92
1000 2272 89 92
1090 2272 90 92
1181 2272 242 92
1425 2272 157 92
1584 2272 86 92
1671 2272 233 92
1000 2365 89 92
1090 2365 90 92
1181 2365 242 92
1425 2365 157 92
1584 2365 86 92
1671 2365 233 92
1000 2459 89 92
1090 2459 90 92
1181 2459 242 92
1425 2459 157 92
1584 2459 86 92
1671 2459 233 92
1000 2552 89 92
1090 2552 90 92
1181 2552 242 92
1425 2552 157 92
1584 2552 86 92
1671 2552 233 92
1000 2646 89 92
1090 2646 90 92
1181 2646 242 92
1425 2646 157 92
1584 2646 86 92
1671 2646 233 92
1000 2739 89 93
1090 2739 90 93
1181 2739 242 93
1425 2739 157 93
1584 2739 86 93
1671 2739 233 93
1000 2833 89 92
1090 2833 90 92
1181 2833 242 92
1425 2833 157 92
1584 2833 86 92
1671 2833 233 92
1000 2927 89 92
1090 2927 90 92
1181 2927 242 92
1425 2927 157 92
1584 2927 86 92
1671 2927 233 92
1000 3020 89 92
1090 3020 90 92
1181 3020 242 92
1425 3020 157 92
1584 3020 86 92
1671 3020 233 92
1000 3114 89 92
1090 3114 90 92
1181 3114 242 92
1425 3114 157 92
1584 3114 86 92
1671 3114 233 92
1000 3207 89 92
1090 3207 90 92
1181 3207 242 92
1425 3207 157 92
1584 3207 86 92
1671 3207 233 92
1000 3301 89 92
1090 3301 90 92
1181 3301 242 92
1425 3301 157 92
1584 3301 86 92
1671 3301 233 92
1935 245 89 61
2026 245 89 61
2116 245 243 61
2360 245 158 61
2519 245 320 30
2519 276 86 30
2607 276 232 30
1935 307 89 92
2026 307 89 92
2116 307 243 92
2360 307 158 92
2519 307 86 92
2607 307 232 92
1935 401 89 92
2026 401 89 92
2116 401 243 92
2360 401 158 92
2519 401 86 92
2607 401 232 92
1935 494 89 93
2026 494 89 93
2116 494 243 93
2360 494 158 93
2519 494 86 93
2607 494 232 93
1935 588 89 92
2026 588 89 92
2116 588 243 92
2360 588 158 92
2519 588 86 92
2607 588 232 92
1935 681 89 93
2026 681 89 93
2116 681 243 93
2360 681 158 93
2519 681 86 93
2607 681 232 93
1935 775 89 92
2026 775 89 92
2116 775 243 92
2360 775 158 92
2519 775 86 92
2607 775 232 92
1935 869 89 92
2026 869 89 92
2116 869 243 92
2360 869 158 92
2519 869 86 92
2607 869 232 92
1935 962 89 92
2026 962 89 92
2116 962 243 92
2360 962 158 92
2519 962 86 92
2607 962 232 92
1935 1056 89 92
2026 1056 89 92
2116 1056 243 92
2360 1056 158 92
2519 1056 86 92
2607 1056 232 92
1935 1149 89 92
2026 1149 89 92
2116 1149 243 92
2360 1149 158 92
2519 1149 86 92
2607 1149 232 92
1935 1243 89 92
2026 1243 89 92
2116 1243 243 92
2360 1243 158 92
2519 1243 86 92
2607 1243 232 92
1935 1336 89 92
2026 1336 89 92
2116 1336 243 92
2360 1336 158 92
2519 1336 86 92
2607 1336 232 92
1935 1430 89 92
2026 1430 89 92
2116 1430 243 92
2360 1430 158 92
2519 1430 86 92
2607 1430 232 92
1935 1523 89 92
2026 1523 89 92
2116 1523 243 92
2360 1523 158 92
2519 1523 86 92
2607 1523 232 92
1935 1617 89 92
2026 1617 89 92
2116 1617 243 92
2360 1617 158 92
2519 1617 86 92
2607 1617 232 92
1935 1710 89 93
2026 1710 89 93
2116 1710 243 93
2360 1710 158 93
2519 1710 86 93
2607 1710 232 93
1935 1804 89 92
2026 1804 89 92
2116 1804 243 92
2360 1804 158 92
2519 1804 86 92
2607 1804 232 92
1935 1898 89 92
2026 1898 89 92
2116 1898 243 92
2360 1898 158 92
2519 1898 86 92
2607 1898 232 92
1935 1991 89 92
2026 1991 89 92
2116 1991 243 92
2360 1991 158 92
2519 1991 86 92
2607 1991 232 92
1935 2085 89 92
2026 2085 89 92
2116 2085 243 92
2360 2085 158 92
2519 2085 86 92
2607 2085 232 92
1935 2178 89 92
2026 2178 89 92
2116 2178 243 92
2360 2178 158 92
2519 2178 86 92
2607 2178 232 92
1935 2272 89 92
2026 2272 89 92
2116 2272 243 92
2360 2272 158 92
2519 2272 86 92
2607 2272 232 92
1935 2365 89 92
2026 2365 89 92
2116 2365 243 92
2360 2365 158 92
2519 2365 86 92
2607 2365 232 92
1935 2459 89 92
2026 2459 89 92
2116 2459 243 92
2360 2459 158 92
2519 2459 86 92
2607 2459 232 92
1935 2552 89 92
2026 2552 89 92
2116 2552 243 92
2360 2552 158 92
2519 2552 86 92
2607 2552 232 92
1935 2646 89 92
2026 2646 89 92
2116 2646 243 92
2360 2646 158 92
2519 2646 86 92
2607 2646 232 92
1935 2739 89 93
2026 2739 89 93
2116 2739 243 93
2360 2739 158 93
2519 2739 86 93
2607 2739 232 93
1935 2833 89 92
2026 2833 89 92
2116 2833 243 92
2360 2833 158 92
2519 2833 86 92
2607 2833 232 92
1935 2927 89 92
2026 2927 89 92
2116 2927 243 92
2360 2927 158 92
2519 2927 86 92
2607 2927 232 92
1935 3020 89 92
2026 3020 89 92
2116 3020 243 92
2360 3020 158 92
2519 3020 86 92
2607 3020 232 92
1935 3114 89 92
2026 3114 89 92
2116 3114 243 92
2360 3114 158 92
2519 3114 86 92
2607 3114 232 92
1935 3207 89 92
2026 3207 89 92
2116 3207 243 92
2360 3207 158 92
2519 3207 86 92
2607 3207 232 92
1935 3301 89 92
2026 3301 89 92
2116 3301 243 92
2360 3301 158 92
2519 3301 86 92
2607 3301 232 92
