176 218 2710 245
176 472 2710 162
176 642 106 79
285 642 205 79
493 642 111 79
606 642 125 79
733 642 80 79
816 642 121 79
940 642 122 79
1065 642 233 79
1300 642 376 79
1678 642 1208 79
176 724 106 430
285 724 205 430
493 724 111 430
606 724 125 430
733 724 80 430
816 724 121 430
940 724 122 430
1065 724 233 430
1300 724 376 430
1678 724 1208 430
176 1157 106 426
285 1157 205 426
493 1157 111 426
606 1157 125 426
733 1157 80 426
816 1157 121 426
940 1157 122 426
1065 1157 233 426
1300 1157 376 426
1678 1157 1208 426
176 1592 1352 2640
1533 1592 1353 2640
