16 17 2832 208
16 226 2832 246
16 474 109 110
126 474 362 110
489 474 84 110
574 474 84 110
659 474 84 110
745 474 83 110
830 474 83 110
915 474 395 110
1311 474 566 110
1878 474 970 110
16 585 109 515
126 585 362 515
489 585 84 515
574 585 84 515
659 585 84 515
745 585 83 515
830 585 83 515
915 585 395 515
1311 585 566 515
1878 585 970 515
16 1101 109 515
126 1101 362 515
489 1101 84 515
574 1101 84 515
659 1101 84 515
745 1101 83 515
830 1101 83 515
915 1101 395 515
1311 1101 566 515
1878 1101 970 515
16 1617 109 513
126 1617 362 513
489 1617 84 513
574 1617 84 513
659 1617 84 513
745 1617 83 513
830 1617 83 513
915 1617 395 513
1311 1617 566 513
1878 1617 970 513
16 2135 1416 2028
1436 2135 1412 2028
