13 12 2946 371
13 384 2946 376
13 762 1472 95
1487 762 49 95
1538 762 55 95
1595 762 225 95
1821 762 55 95
1878 762 55 95
1935 762 55 95
1991 762 55 95
2048 762 55 95
2105 762 199 95
2306 762 200 95
2507 762 452 95
13 858 49 95
64 858 55 95
121 858 225 95
347 858 55 95
404 858 55 95
461 858 55 95
517 858 55 95
574 858 55 95
631 858 199 95
832 858 200 95
1033 858 452 95
1487 858 49 566
1538 858 55 282
1595 858 225 282
1821 858 55 282
1878 858 55 282
1935 858 55 282
1991 858 55 282
2048 858 55 282
2105 858 199 282
2306 858 200 282
2507 858 452 282
13 955 49 1415
64 955 55 281
121 955 225 281
347 955 55 281
404 955 55 281
461 955 55 281
517 955 55 281
574 955 55 281
631 955 199 281
832 955 200 281
1033 955 452 281
1538 1142 55 282
1595 1142 225 282
1821 1142 55 282
1878 1142 55 282
1935 1142 55 282
1991 1142 55 282
2048 1142 55 282
2105 1142 199 282
2306 1142 200 282
2507 1142 452 282
64 1238 55 282
121 1238 225 282
347 1238 55 282
404 1238 55 282
461 1238 55 282
517 1238 55 282
574 1238 55 282
631 1238 199 282
832 1238 200 282
1033 1238 452 282
1487 1425 49 566
1538 1425 55 282
1595 1425 225 282
1821 1425 55 282
1878 1425 55 282
1935 1425 55 282
1991 1425 55 282
2048 1425 55 282
2105 1425 199 282
2306 1425 200 282
2507 1425 452 282
64 1522 55 281
121 1522 225 281
347 1522 55 281
404 1522 55 281
461 1522 55 281
517 1522 55 281
574 1522 55 281
631 1522 199 281
832 1522 200 281
1033 1522 452 281
1538 1709 55 282
1595 1709 225 282
1821 1709 55 282
1878 1709 55 282
1935 1709 55 282
1991 1709 55 282
2048 1709 55 282
2105 1709 199 282
2306 1709 200 282
2507 1709 452 282
64 1805 55 282
121 1805 225 282
347 1805 55 282
404 1805 55 282
461 1805 55 282
517 1805 55 282
574 1805 55 282
631 1805 199 282
832 1805 200 282
1033 1805 452 282
1487 1992 49 282
1538 1992 55 282
1595 1992 225 282
1821 1992 55 282
1878 1992 55 282
1935 1992 55 282
1991 1992 55 282
2048 1992 55 282
2105 1992 199 282
2306 1992 200 282
2507 1992 452 282
64 2089 55 281
121 2089 225 281
347 2089 55 281
404 2089 55 281
461 2089 55 281
517 2089 55 281
574 2089 55 281
631 2089 199 281
832 2089 200 281
1033 2089 452 281
1487 2276 49 565
1538 2276 55 281
1595 2276 225 281
1821 2276 55 281
1878 2276 55 281
1935 2276 55 281
1991 2276 55 281
2048 2276 55 281
2105 2276 199 281
2306 2276 200 281
2507 2276 452 281
13 2372 49 1132
64 2372 55 282
121 2372 225 282
347 2372 55 282
404 2372 55 282
461 2372 55 282
517 2372 55 282
574 2372 55 282
631 2372 199 282
832 2372 200 282
1033 2372 452 282
1538 2559 55 282
1595 2559 225 282
1821 2559 55 282
1878 2559 55 282
1935 2559 55 282
1991 2559 55 282
2048 2559 55 282
2105 2559 199 282
2306 2559 200 282
2507 2559 452 282
64 2656 55 281
121 2656 225 281
347 2656 55 281
404 2656 55 281
461 2656 55 281
517 2656 55 281
574 2656 55 281
631 2656 199 281
832 2656 200 281
1033 2656 452 281
1487 2843 49 565
1538 2843 55 281
1595 2843 225 281
1821 2843 55 281
1878 2843 55 281
1935 2843 55 281
1991 2843 55 281
2048 2843 55 281
2105 2843 199 281
2306 2843 200 281
2507 2843 452 281
64 2939 55 282
121 2939 225 282
347 2939 55 282
404 2939 55 282
461 2939 55 282
517 2939 55 282
574 2939 55 282
631 2939 199 282
832 2939 200 282
1033 2939 452 282
1538 3126 55 282
1595 3126 225 282
1821 3126 55 282
1878 3126 55 282
1935 3126 55 282
1991 3126 55 282
2048 3126 55 282
2105 3126 199 282
2306 3126 200 282
2507 3126 452 282
64 3222 55 282
121 3222 225 282
347 3222 55 282
404 3222 55 282
461 3222 55 282
517 3222 55 282
574 3222 55 282
631 3222 199 282
832 3222 200 282
1033 3222 452 282
1487 3410 1473 853
13 3506 1472 95
13 3602 49 95
64 3602 55 95
121 3602 225 95
347 3602 55 95
404 3602 55 95
461 3602 55 95
517 3602 55 95
574 3602 55 95
631 3602 199 95
832 3602 200 95
1033 3602 452 95
13 3699 49 281
64 3699 55 281
121 3699 225 281
347 3699 55 281
404 3699 55 281
461 3699 55 281
517 3699 55 281
574 3699 55 281
631 3699 199 281
832 3699 200 281
1033 3699 452 281
13 3982 49 281
64 3982 55 281
121 3982 225 281
347 3982 55 281
404 3982 55 281
461 3982 55 281
517 3982 55 281
574 3982 55 281
631 3982 199 281
832 3982 200 281
1033 3982 452 281
