9 67 2031 209
9 280 2031 158
9 447 2031 51
9 500 56 55
68 500 196 55
266 500 190 55
459 500 83 55
544 500 54 55
600 500 83 55
686 500 94 55
782 500 185 55
969 500 287 55
1258 500 782 55
9 557 56 589
68 557 196 589
266 557 190 589
459 557 83 589
544 557 54 589
600 557 83 589
686 557 94 589
782 557 185 589
969 557 287 589
1258 557 782 589
9 1148 56 589
68 1148 196 589
266 1148 190 589
459 1148 83 589
544 1148 54 589
600 1148 83 589
686 1148 94 589
782 1148 185 589
969 1148 287 589
1258 1148 782 589
9 1739 56 589
68 1739 196 589
266 1739 190 589
459 1739 83 589
544 1739 54 589
600 1739 83 589
686 1739 94 589
782 1739 185 589
969 1739 287 589
1258 1739 782 589
9 2330 56 585
68 2330 196 585
266 2330 190 585
459 2330 83 585
544 2330 54 585
600 2330 83 585
686 2330 94 585
782 2330 185 585
969 2330 287 585
1258 2330 782 585
