11 11 2903 221
11 233 2903 225
11 459 90 67
102 459 254 67
357 459 96 67
454 459 95 67
550 459 96 67
647 459 95 67
743 459 95 67
839 459 198 67
1038 459 418 67
1457 459 1457 67
11 527 90 413
102 527 254 413
357 527 96 413
454 527 95 413
550 527 96 413
647 527 95 413
743 527 95 413
839 527 198 413
1038 527 418 413
1457 527 1457 413
11 941 90 419
102 941 254 419
357 941 96 419
454 941 95 419
550 941 96 419
647 941 95 419
743 941 95 419
839 941 198 419
1038 941 418 419
1457 941 1457 419
17 1416 1411 44
17 1461 153 45
171 1461 115 45
287 1461 314 45
602 1461 413 45
1016 1461 412 45
17 1507 153 67
171 1507 115 67
287 1507 314 67
602 1507 413 67
1016 1507 412 67
17 1575 153 66
171 1575 115 66
287 1575 314 66
602 1575 413 66
1016 1575 412 66
