106 90 2851 277
106 369 2851 221
106 592 95 83
203 592 238 83
443 592 227 83
672 592 89 83
763 592 66 83
831 592 122 83
955 592 196 83
1153 592 303 83
1458 592 405 83
1865 592 1092 83
106 677 95 338
443 677 227 338
672 677 89 338
763 677 66 338
831 677 122 338
955 677 196 338
1153 677 303 338
1458 677 405 338
1865 677 1092 338
106 1017 95 338
203 1017 238 69
443 1017 227 338
672 1017 89 338
763 1017 66 338
831 1017 122 338
955 1017 196 338
1153 1017 303 338
1458 1017 405 338
1865 1017 1092 338
396 1137 45 21
106 1357 2851 2199
106 3556 1495 339
1604 3559 1353 55
1604 3615 133 67
1738 3615 385 67
2124 3615 382 67
2507 3615 450 67
1604 3683 133 97
1738 3683 385 97
2124 3683 382 97
2507 3683 450 97
1604 3781 133 111
1738 3781 385 111
2124 3781 382 110
2507 3781 450 110
106 3895 2851 322
