11 69 2030 207
11 282 2030 175
11 463 78 52
92 463 212 52
307 463 247 52
557 463 150 52
710 463 65 52
778 463 93 52
874 463 82 52
959 463 139 52
1101 463 286 52
1390 463 651 52
11 518 78 489
92 518 212 489
307 518 247 489
557 518 150 489
710 518 65 489
778 518 93 489
874 518 82 489
959 518 139 489
1101 518 286 489
1390 518 651 489
11 1010 78 488
92 1010 212 488
307 1010 247 488
557 1010 150 488
710 1010 65 488
778 1010 93 488
874 1010 82 488
959 1010 139 488
1101 1010 286 488
1390 1010 651 488
11 1501 78 487
92 1501 212 487
307 1501 247 487
557 1501 150 487
710 1501 65 487
778 1501 93 487
874 1501 82 487
959 1501 139 487
1101 1501 286 487
1390 1501 651 487
11 1994 673 870
687 1994 678 870
1367 1994 674 870
