123 179 2816 272
123 457 2816 278
123 740 120 74
246 740 354 74
603 740 111 74
716 740 71 74
790 740 71 74
864 740 88 74
954 740 88 74
1045 740 264 74
1312 740 564 74
1879 740 1060 74
123 820 120 400
246 820 354 400
603 820 111 400
716 820 71 400
790 820 71 400
864 820 88 400
954 820 88 400
1045 820 264 400
1312 820 564 400
1879 820 1060 400
123 1226 120 400
246 1226 354 400
603 1226 111 400
716 1226 71 400
790 1226 71 400
864 1226 88 400
954 1226 88 400
1045 1226 264 400
1312 1226 564 400
1879 1226 1060 400
123 1632 1405 2611
1534 1632 1405 2611
