170 432 2902 211
170 651 1446 71
1622 651 1450 71
170 725 65 139
238 725 196 139
437 725 167 139
607 725 53 139
663 725 54 139
720 725 54 139
777 725 54 139
833 725 136 139
972 725 135 139
1110 725 506 139
1622 725 67 139
1691 725 196 139
1890 725 167 139
2060 725 54 139
2117 725 53 139
2173 725 54 139
2230 725 54 139
2287 725 136 139
2426 725 136 139
2564 725 508 139
170 866 65 578
238 866 196 578
437 866 167 578
607 866 53 578
663 866 54 578
720 866 54 578
777 866 54 578
833 866 136 578
972 866 135 578
1110 866 506 578
1622 866 67 624
1691 866 196 624
1890 866 167 624
2060 866 54 624
2117 866 53 624
2173 866 54 624
2230 866 54 624
2287 866 136 624
2426 866 136 624
2564 866 508 624
170 1450 1446 69
1622 1493 67 622
1691 1493 196 622
1890 1493 167 622
2060 1493 54 622
2117 1493 53 622
2173 1493 54 622
2230 1493 54 622
2287 1493 136 622
2426 1493 136 622
2564 1493 508 622
170 1522 65 144
238 1522 196 144
437 1522 167 144
607 1522 53 144
663 1522 54 144
720 1522 54 144
777 1522 54 144
833 1522 136 144
972 1522 135 144
1110 1522 506 144
170 1669 65 578
238 1669 196 578
437 1669 167 578
607 1669 53 578
663 1669 54 578
720 1669 54 578
777 1669 54 578
833 1669 136 578
972 1669 135 578
1110 1669 506 578
1622 2121 1450 69
1622 2193 67 145
1691 2193 196 145
1890 2193 167 145
2060 2193 54 145
2117 2193 53 145
2173 2193 54 145
2230 2193 54 145
2287 2193 136 145
2426 2193 136 145
2564 2193 508 145
170 2252 1446 70
170 2325 65 144
238 2325 196 144
437 2325 167 144
607 2325 53 144
663 2325 54 144
720 2325 54 144
777 2325 54 144
833 2325 136 144
972 2325 135 144
1110 2325 506 144
1622 2340 67 623
1691 2340 196 623
1890 2340 167 623
2060 2340 54 623
2117 2340 53 623
2173 2340 54 623
2230 2340 54 623
2287 2340 136 623
2426 2340 136 623
2564 2340 508 623
170 2472 65 577
238 2472 196 577
437 2472 167 577
607 2472 53 577
663 2472 54 577
720 2472 54 577
777 2472 54 577
833 2472 136 577
972 2472 135 577
1110 2472 506 577
1622 2968 1450 70
1622 3041 67 144
1691 3041 196 144
1890 3041 167 144
2060 3041 54 144
2117 3041 53 144
2173 3041 54 144
2230 3041 54 144
2287 3041 136 144
2426 3041 136 144
2564 3041 508 144
170 3055 1446 70
170 3127 65 145
238 3127 196 145
437 3127 167 145
607 3127 53 145
663 3127 54 145
720 3127 54 145
777 3127 54 145
833 3127 136 145
972 3127 135 145
1110 3127 506 145
1622 3188 67 624
1691 3188 196 624
1890 3188 167 624
2060 3188 54 624
2117 3188 53 624
2173 3188 54 624
2230 3188 54 624
2287 3188 136 624
2426 3188 136 624
2564 3188 508 624
170 3275 65 579
238 3275 196 579
437 3275 167 579
607 3275 53 579
663 3275 54 579
720 3275 54 579
777 3275 54 579
833 3275 136 579
972 3275 135 579
1110 3275 506 579
1622 3814 67 622
1691 3814 196 622
1890 3814 167 622
2060 3814 54 622
2117 3814 53 622
2173 3814 54 622
2230 3814 54 622
2287 3814 136 622
2426 3814 136 622
2564 3814 508 622
170 3856 65 579
238 3856 196 579
437 3856 167 579
607 3856 53 579
663 3856 54 579
720 3856 54 579
777 3856 54 579
833 3856 136 579
972 3856 135 579
1110 3856 506 579
