16 17 2832 208
16 226 2832 246
16 474 109 110
126 474 362 110
489 474 84 110
574 474 84 110
659 474 84 110
745 474 83 110
830 474 83 110
915 474 395 110
1311 474 566 110
1878 474 969 110
16 586 109 491
126 586 362 491
489 586 84 491
574 586 84 491
659 586 84 491
745 586 83 491
830 586 83 491
915 586 395 491
1311 586 566 491
1878 586 969 491
16 1079 109 489
126 1079 362 489
489 1079 84 489
574 1079 84 489
659 1079 84 489
745 1079 83 489
830 1079 83 489
915 1079 395 489
1311 1079 566 488
1878 1079 969 489
16 1574 1416 2589
1436 1574 1411 2589
