23 22 2857 223
23 246 2857 193
23 440 92 83
116 440 271 83
388 440 101 83
490 440 118 83
610 440 66 83
678 440 129 83
808 440 129 83
938 440 271 83
1210 440 436 83
1647 440 1233 83
23 527 92 462
116 527 271 462
388 527 101 462
490 527 118 462
610 527 66 462
678 527 129 462
808 527 129 462
938 527 271 462
1210 527 436 462
1647 527 1233 462
23 990 92 463
116 990 271 463
388 990 101 463
490 990 118 463
610 990 66 463
678 990 129 463
808 990 129 463
938 990 271 463
1210 990 436 463
1647 990 1233 463
23 1455 92 463
116 1455 271 463
388 1455 101 463
490 1455 118 463
610 1455 66 463
678 1455 129 463
808 1455 129 463
938 1455 271 463
1210 1455 436 463
1647 1455 1233 463
23 1919 92 463
116 1919 271 463
388 1919 101 463
490 1919 118 463
610 1919 66 463
678 1919 129 463
808 1919 129 463
938 1919 271 463
1210 1919 436 463
1647 1919 1233 463
23 2384 92 463
116 2384 271 463
388 2384 101 463
490 2384 118 463
610 2384 66 463
678 2384 129 463
808 2384 129 463
938 2384 271 463
1210 2384 436 463
1647 2384 1233 463
23 2848 92 463
116 2848 271 463
388 2848 101 463
490 2848 118 463
610 2848 66 463
678 2848 129 463
808 2848 129 463
938 2848 271 463
1210 2848 436 463
1647 2848 1233 463
23 3312 92 463
116 3312 271 463
388 3312 101 463
490 3312 118 463
610 3312 66 463
678 3312 129 463
808 3312 129 463
938 3312 271 463
1210 3312 436 463
1647 3312 1233 463
23 3780 2857 217
