16 17 2832 208
16 226 2832 246
16 474 109 110
126 474 362 110
489 474 84 110
574 474 84 110
659 474 84 110
745 474 83 110
830 474 83 110
915 474 395 110
1311 474 566 110
1878 474 969 110
16 585 109 617
126 585 362 617
489 585 84 617
574 585 84 617
659 585 84 617
745 585 83 617
830 585 83 617
915 585 395 617
1311 585 566 617
1878 585 969 617
16 1203 109 615
126 1203 362 615
489 1203 84 615
574 1203 84 615
659 1203 84 615
745 1203 83 615
830 1203 83 615
915 1203 395 615
1311 1203 566 615
1878 1203 969 615
16 1823 1416 2340
1436 1823 1411 2340
