21 21 3265 344
21 368 3265 244
21 615 3265 66
21 685 112 81
137 685 314 81
455 685 362 81
820 685 111 81
934 685 88 81
1025 685 154 81
1182 685 155 81
1340 685 295 81
1638 685 544 81
2186 685 1100 81
21 770 112 586
137 770 314 586
455 770 362 586
820 770 111 586
934 770 88 586
1025 770 154 586
1182 770 155 586
1340 770 295 586
1638 770 544 586
2186 770 1100 586
21 1359 112 586
137 1359 314 586
455 1359 362 586
820 1359 111 586
934 1359 88 586
1025 1359 154 586
1182 1359 155 586
1340 1359 295 586
1638 1359 544 586
2186 1359 1100 586
21 1948 3265 2670
