79 137 2937 297
79 438 2937 185
1549 626 1467 3681
79 627 82 60
164 627 224 60
391 627 91 60
486 627 71 60
561 627 71 60
636 627 72 60
711 627 72 60
786 627 96 60
886 627 182 60
1072 627 474 60
79 690 82 381
164 690 224 381
391 690 91 381
486 690 71 381
561 690 71 381
636 690 72 381
711 690 72 381
786 690 96 381
886 690 182 381
1072 690 474 381
79 1074 82 381
164 1074 224 381
391 1074 91 381
486 1074 71 381
561 1074 71 381
636 1074 72 381
711 1074 72 381
786 1074 96 381
886 1074 182 381
1072 1074 474 381
79 1458 82 380
164 1458 224 380
391 1458 91 380
486 1458 71 380
561 1458 71 380
636 1458 72 380
711 1458 72 380
786 1458 96 380
886 1458 182 380
1072 1458 474 380
79 1842 1467 2465
