17 17 2738 278
17 298 2738 194
17 497 77 108
97 497 252 108
352 497 170 108
525 497 125 108
652 497 125 108
780 497 125 108
907 497 126 108
1035 497 298 108
1335 497 344 108
1681 497 1074 108
17 611 77 262
97 611 252 262
352 611 170 262
525 611 125 262
652 611 125 262
780 611 125 262
907 611 126 262
1035 611 298 262
1335 611 344 262
1681 611 1074 262
17 875 77 265
97 875 252 265
352 875 170 265
525 875 125 265
652 875 125 265
780 875 125 265
907 875 126 265
1035 875 298 265
1335 875 344 265
1681 875 1074 265
17 1142 77 259
97 1142 252 259
352 1142 170 259
525 1142 125 259
652 1142 125 259
780 1142 125 259
907 1142 126 259
1035 1142 298 259
1335 1142 344 259
1681 1142 1074 259
17 1460 2738 277
17 1741 2738 193
17 1940 56 187
76 1940 71 187
149 1940 188 187
339 1940 114 187
456 1940 51 187
509 1940 58 187
569 1940 54 187
626 1940 54 187
682 1940 131 187
816 1940 131 187
949 1940 434 187
1389 1940 56 187
1447 1940 71 187
1520 1940 188 187
1710 1940 114 187
1826 1940 52 187
1880 1940 57 187
1939 1940 55 187
1996 1940 55 187
2053 1940 131 187
2186 1940 131 187
2319 1940 436 187
17 2133 56 669
76 2133 71 336
149 2133 188 336
339 2133 114 336
456 2133 51 336
509 2133 58 336
569 2133 54 336
626 2133 54 336
682 2133 131 336
816 2133 131 336
949 2133 434 336
1389 2133 56 1335
1447 2133 71 336
1520 2133 188 336
1710 2133 114 336
1826 2133 52 336
1880 2133 57 336
1939 2133 55 336
1996 2133 55 336
2053 2133 131 336
2186 2133 131 336
2319 2133 436 336
76 2471 71 331
149 2471 188 331
339 2471 114 331
456 2471 51 331
509 2471 58 331
569 2471 54 331
626 2471 54 331
682 2471 131 331
816 2471 131 331
949 2471 434 331
1447 2471 71 333
1520 2471 188 333
1710 2471 114 333
1826 2471 52 333
1880 2471 57 333
1939 2471 55 333
1996 2471 55 333
2053 2471 131 333
2186 2471 131 333
2319 2471 436 333
1447 2806 71 332
1520 2806 188 332
1710 2806 114 332
1826 2806 52 332
1880 2806 57 332
1939 2806 55 332
1996 2806 55 332
2053 2806 131 332
2186 2806 131 332
2319 2806 436 332
17 2807 56 995
76 2807 71 331
149 2807 188 331
339 2807 114 331
456 2807 51 331
509 2807 58 331
569 2807 54 331
626 2807 54 331
682 2807 131 331
816 2807 131 331
949 2807 434 331
76 3140 71 332
149 3140 188 332
339 3140 114 332
456 3140 51 332
509 3140 58 332
569 3140 54 332
626 3140 54 332
682 3140 131 332
816 3140 131 332
949 3140 434 328
1447 3140 71 328
1520 3140 188 328
1710 3140 114 328
1826 3140 52 328
1880 3140 57 328
1939 3140 55 328
1996 3140 55 328
2053 3140 131 328
2186 3140 131 328
2319 3140 436 328
76 3475 71 327
149 3475 188 327
339 3475 114 327
456 3475 51 327
509 3475 58 327
569 3475 54 327
626 3475 54 327
682 3475 131 327
816 3475 131 327
949 3475 428 327
1394 3485 1361 337
17 3822 2738 269
