12 11 2936 261
12 277 2936 119
25 402 1452 54
1496 402 1452 54
25 458 111 229
138 458 191 229
331 458 55 229
387 458 55 229
444 458 55 229
501 458 55 229
557 458 55 229
614 458 191 229
807 458 219 229
1028 458 449 229
1496 458 55 229
1552 458 55 229
1609 458 191 229
1802 458 55 229
1859 458 55 229
1915 458 55 229
1972 458 55 229
2029 458 55 229
2085 458 191 229
2278 458 220 229
2499 458 449 229
25 689 111 229
331 689 55 229
387 689 55 229
444 689 55 229
501 689 55 229
557 689 55 229
614 689 191 229
807 689 219 229
1028 689 449 229
1496 689 55 458
1552 689 55 229
1802 689 55 229
1859 689 55 229
1915 689 55 229
1972 689 55 229
2029 689 55 229
2085 689 191 229
2278 689 220 229
2499 689 449 229
25 920 111 229
331 920 55 229
387 920 55 229
444 920 55 229
501 920 55 229
557 920 55 229
614 920 191 229
807 920 219 229
1028 920 449 229
1552 920 55 227
1802 920 55 227
1859 920 55 227
1915 920 55 227
1972 920 55 227
2029 920 55 227
2085 920 191 227
2278 920 220 227
2499 920 449 227
1758 969 42 41
25 1151 111 229
331 1151 55 229
387 1151 55 229
444 1151 55 229
501 1151 55 229
557 1151 55 229
614 1151 191 229
807 1151 219 229
1028 1151 449 229
1496 1153 55 225
1552 1153 55 225
1802 1153 55 225
1859 1153 55 225
1915 1153 55 225
1972 1153 55 225
2029 1153 55 225
2085 1153 191 225
2278 1153 220 225
2499 1153 449 225
25 1382 1452 55
1496 1383 55 226
1552 1383 55 226
1802 1383 55 226
1859 1383 55 226
1915 1383 55 226
1972 1383 55 226
2029 1383 55 226
2085 1383 191 226
2278 1383 220 226
2499 1383 449 226
25 1438 55 230
81 1438 55 230
138 1438 191 230
331 1438 55 230
387 1438 55 230
444 1438 55 230
501 1438 55 230
557 1438 55 230
614 1438 191 230
807 1438 219 230
1028 1438 449 230
1496 1615 55 456
1552 1615 55 227
1802 1615 55 227
1859 1615 55 227
1915 1615 55 227
1972 1615 55 227
2029 1615 55 227
2085 1615 191 227
2278 1615 220 227
2499 1615 449 227
25 1669 55 1385
81 1669 55 230
331 1669 55 230
387 1669 55 230
444 1669 55 230
501 1669 55 230
557 1669 55 230
614 1669 191 230
807 1669 219 230
1028 1669 449 230
1552 1844 55 227
1802 1844 55 227
1859 1844 55 227
1915 1844 55 227
1972 1844 55 227
2029 1844 55 227
2085 1844 191 227
2278 1844 220 227
2499 1844 449 227
81 1900 55 230
331 1900 55 230
387 1900 55 230
444 1900 55 230
501 1900 55 230
557 1900 55 230
614 1900 191 230
807 1900 219 230
1028 1900 449 230
1496 2077 55 456
1552 2077 55 227
1802 2077 55 227
1859 2077 55 227
1915 2077 55 227
1972 2077 55 227
2029 2077 55 227
2085 2077 191 227
2278 2077 220 227
2499 2077 449 227
81 2131 55 230
331 2131 55 230
387 2131 55 230
444 2131 55 230
501 2131 55 230
557 2131 55 230
614 2131 191 230
807 2131 219 230
1028 2131 449 230
294 2215 35 48
1552 2306 55 227
1802 2306 55 227
1859 2306 55 227
1915 2306 55 227
1972 2306 55 227
2029 2306 55 227
2085 2306 191 227
2278 2306 220 227
2499 2306 449 227
81 2363 55 229
331 2363 55 229
387 2363 55 229
444 2363 55 229
501 2363 55 229
557 2363 55 229
614 2363 191 229
807 2363 219 229
1028 2363 449 229
138 2413 35 21
1483 2539 1465 1724
81 2594 55 229
331 2594 55 229
387 2594 55 229
444 2594 55 229
501 2594 55 229
557 2594 55 229
614 2594 191 229
807 2594 219 229
1028 2594 449 229
138 2663 33 33
81 2825 55 229
331 2825 55 229
387 2825 55 229
444 2825 55 229
501 2825 55 229
557 2825 55 229
614 2825 191 229
807 2825 219 229
1028 2825 449 229
25 3056 1452 55
25 3112 55 230
81 3112 55 230
138 3112 191 230
331 3112 55 230
387 3112 55 230
444 3112 55 230
501 3112 55 230
557 3112 55 230
614 3112 191 230
807 3112 219 230
1028 3112 449 230
25 3343 55 227
81 3343 55 227
331 3343 55 227
387 3343 55 227
444 3343 55 227
501 3343 55 227
557 3343 55 227
614 3343 191 227
807 3343 219 227
1028 3343 449 227
138 3386 40 26
25 3576 55 457
81 3576 55 228
331 3576 55 228
387 3576 55 228
444 3576 55 228
501 3576 55 228
557 3576 55 228
614 3576 191 228
807 3576 219 228
1028 3576 449 228
81 3805 55 228
331 3805 55 228
387 3805 55 228
444 3805 55 228
501 3805 55 228
557 3805 55 228
614 3805 191 228
807 3805 219 228
1028 3805 449 228
138 4006 24 22
25 4038 55 225
81 4038 55 225
331 4038 55 225
387 4038 55 225
444 4038 55 225
501 4038 55 225
557 4038 55 225
614 4038 191 225
807 4038 219 225
1028 4038 449 225
289 4086 40 27
