179 198 2851 277
179 478 2851 303
179 785 2851 65
179 853 87 82
269 853 213 82
485 853 76 82
564 853 99 82
666 853 60 82
728 853 100 82
831 853 99 82
933 853 263 82
1199 853 388 82
1590 853 1440 82
179 938 87 258
269 938 213 258
485 938 76 258
564 938 99 258
666 938 60 258
728 938 100 258
831 938 99 258
933 938 263 258
1199 938 388 258
1590 938 1440 258
179 1199 87 258
269 1199 213 258
485 1199 76 258
564 1199 99 258
666 1199 60 258
728 1199 100 258
831 1199 99 258
933 1199 263 258
1199 1199 388 258
1590 1199 1440 258
179 1460 87 258
269 1460 213 258
485 1460 76 258
564 1460 99 258
666 1460 60 258
728 1460 100 258
831 1460 99 258
933 1460 263 258
1199 1460 388 258
1590 1460 1440 258
179 1721 2851 65
179 1789 87 260
269 1789 213 260
485 1789 76 260
564 1789 99 260
666 1789 60 260
728 1789 100 260
831 1789 99 260
933 1789 263 260
1199 1789 388 260
1590 1789 1440 260
179 2052 87 261
269 2052 213 261
485 2052 76 261
564 2052 99 261
666 2052 60 261
728 2052 100 261
831 2052 99 261
933 2052 263 261
1199 2052 388 261
1590 2052 1440 261
179 2316 2851 65
179 2384 87 261
269 2384 213 261
485 2384 76 261
564 2384 99 261
666 2384 60 261
728 2384 100 261
831 2384 99 261
933 2384 263 261
1199 2384 388 261
1590 2384 1440 261
179 2648 87 260
269 2648 213 260
485 2648 76 260
564 2648 99 260
666 2648 60 260
728 2648 100 260
831 2648 99 260
933 2648 263 260
1199 2648 388 260
1590 2648 1440 260
179 2911 87 261
269 2911 213 261
485 2911 76 261
564 2911 99 261
666 2911 60 261
728 2911 100 261
831 2911 99 261
933 2911 263 261
1199 2911 388 261
1590 2911 1440 261
179 3175 2851 65
179 3243 87 261
269 3243 213 261
485 3243 76 261
564 3243 99 261
666 3243 60 261
728 3243 100 261
831 3243 99 261
933 3243 263 261
1199 3243 388 261
1590 3243 1440 261
179 3506 87 261
269 3506 213 261
485 3506 76 261
564 3506 99 261
666 3506 60 261
728 3506 100 261
831 3506 99 261
933 3506 263 261
1199 3506 388 261
1590 3506 1440 261
179 3770 2851 71
179 3844 87 261
269 3844 213 261
485 3844 76 261
564 3844 99 261
666 3844 60 261
728 3844 100 261
831 3844 99 261
933 3844 263 261
1199 3844 388 261
1590 3844 1440 261
179 4107 87 261
269 4107 213 261
485 4107 76 261
564 4107 99 261
666 4107 60 261
728 4107 100 261
831 4107 99 261
933 4107 263 261
1199 4107 388 261
1590 4107 1440 261
