13 12 2946 339
13 353 2946 351
13 705 1472 89
1487 705 49 89
1538 705 55 89
1595 705 225 89
1821 705 55 89
1878 705 55 89
1935 705 55 89
1991 705 55 89
2048 705 55 89
2105 705 199 89
2306 705 200 89
2507 705 452 89
13 796 49 89
64 796 55 89
121 796 225 89
347 796 55 89
404 796 55 89
461 796 55 89
517 796 55 89
574 796 55 89
631 796 199 89
832 796 200 89
1033 796 452 89
1487 796 49 265
1538 796 55 265
1595 796 225 265
1821 796 55 265
1878 796 55 265
1935 796 55 265
1991 796 55 265
2048 796 55 265
2105 796 199 265
2306 796 200 265
2507 796 452 265
13 887 49 1064
64 887 55 264
121 887 225 264
347 887 55 264
404 887 55 264
461 887 55 264
517 887 55 264
574 887 55 264
631 887 199 264
832 887 200 264
1033 887 452 264
1487 1062 49 265
1538 1062 55 265
1595 1062 225 265
1821 1062 55 265
1878 1062 55 265
1935 1062 55 265
1991 1062 55 265
2048 1062 55 265
2105 1062 199 265
2306 1062 200 265
2507 1062 452 265
64 1153 55 265
121 1153 225 265
347 1153 55 265
404 1153 55 265
461 1153 55 265
517 1153 55 265
574 1153 55 265
631 1153 199 265
832 1153 200 265
1033 1153 452 265
1487 1329 49 531
1538 1329 55 265
1595 1329 225 265
1821 1329 55 265
1878 1329 55 265
1935 1329 55 265
1991 1329 55 265
2048 1329 55 265
2105 1329 199 265
2306 1329 200 265
2507 1329 452 265
64 1420 55 264
121 1420 225 264
347 1420 55 264
404 1420 55 264
461 1420 55 264
517 1420 55 264
574 1420 55 264
631 1420 199 264
832 1420 200 264
1033 1420 452 264
1538 1595 55 265
1595 1595 225 265
1821 1595 55 265
1878 1595 55 265
1935 1595 55 265
1991 1595 55 265
2048 1595 55 265
2105 1595 199 265
2306 1595 200 265
2507 1595 452 265
64 1686 55 265
121 1686 225 265
347 1686 55 265
404 1686 55 265
461 1686 55 265
517 1686 55 265
574 1686 55 265
631 1686 199 265
832 1686 200 265
1033 1686 452 265
1487 1862 49 531
1538 1862 55 265
1595 1862 225 265
1821 1862 55 265
1878 1862 55 265
1935 1862 55 265
1991 1862 55 265
2048 1862 55 265
2105 1862 199 265
2306 1862 200 265
2507 1862 452 265
13 1953 49 531
64 1953 55 264
121 1953 225 264
347 1953 55 264
404 1953 55 264
461 1953 55 264
517 1953 55 264
574 1953 55 264
631 1953 199 264
832 1953 200 264
1033 1953 452 264
1538 2128 55 265
1595 2128 225 265
1821 2128 55 265
1878 2128 55 265
1935 2128 55 265
1991 2128 55 265
2048 2128 55 265
2105 2128 199 265
2306 2128 200 265
2507 2128 452 265
64 2219 55 265
121 2219 225 265
347 2219 55 265
404 2219 55 265
461 2219 55 265
517 2219 55 265
574 2219 55 265
631 2219 199 265
832 2219 200 265
1033 2219 452 265
1487 2395 49 531
1538 2395 55 264
1595 2395 225 264
1821 2395 55 264
1878 2395 55 264
1935 2395 55 264
1991 2395 55 264
2048 2395 55 264
2105 2395 199 264
2306 2395 200 264
2507 2395 452 264
13 2485 49 798
64 2485 55 265
121 2485 225 265
347 2485 55 265
404 2485 55 265
461 2485 55 265
517 2485 55 265
574 2485 55 265
631 2485 199 265
832 2485 200 265
1033 2485 452 265
1538 2661 55 265
1595 2661 225 265
1821 2661 55 265
1878 2661 55 265
1935 2661 55 265
1991 2661 55 265
2048 2661 55 265
2105 2661 199 265
2306 2661 200 265
2507 2661 452 265
64 2752 55 265
121 2752 225 265
347 2752 55 265
404 2752 55 265
461 2752 55 265
517 2752 55 265
574 2752 55 265
631 2752 199 265
832 2752 200 265
1033 2752 452 265
1487 2928 49 797
1538 2928 55 264
1595 2928 225 264
1821 2928 55 264
1878 2928 55 264
1935 2928 55 264
1991 2928 55 264
2048 2928 55 264
2105 2928 199 264
2306 2928 200 264
2507 2928 452 264
64 3018 55 265
121 3018 225 265
347 3018 55 265
404 3018 55 265
461 3018 55 265
517 3018 55 265
574 3018 55 265
631 3018 199 265
832 3018 200 265
1033 3018 452 265
1538 3194 55 265
1595 3194 225 265
1821 3194 55 265
1878 3194 55 265
1935 3194 55 265
1991 3194 55 265
2048 3194 55 265
2105 3194 199 265
2306 3194 200 265
2507 3194 452 265
13 3285 1472 89
13 3376 49 89
64 3376 55 89
121 3376 225 89
347 3376 55 89
404 3376 55 89
461 3376 55 89
517 3376 55 89
574 3376 55 89
631 3376 199 89
832 3376 200 89
1033 3376 452 89
1538 3461 55 264
1595 3461 225 264
1821 3461 55 264
1878 3461 55 264
1935 3461 55 264
1991 3461 55 264
2048 3461 55 264
2105 3461 199 264
2306 3461 200 264
2507 3461 452 264
13 3466 49 531
64 3466 55 265
121 3466 225 265
347 3466 55 265
404 3466 55 265
461 3466 55 265
517 3466 55 265
574 3466 55 265
631 3466 199 265
832 3466 200 265
1033 3466 452 265
1487 3727 49 265
1538 3727 55 265
1595 3727 225 265
1821 3727 55 265
1878 3727 55 265
1935 3727 55 265
1991 3727 55 265
2048 3727 55 265
2105 3727 199 265
2306 3727 200 265
2507 3727 452 265
64 3733 55 264
121 3733 225 264
347 3733 55 264
404 3733 55 264
461 3733 55 264
517 3733 55 264
574 3733 55 264
631 3733 199 264
832 3733 200 264
1033 3733 452 264
1487 3993 1473 270
13 3999 49 264
64 3999 55 264
121 3999 225 264
347 3999 55 264
404 3999 55 264
461 3999 55 264
517 3999 55 264
574 3999 55 264
631 3999 199 264
832 3999 200 264
1033 3999 452 264
