156 121 2742 273
156 400 2742 288
156 694 90 76
249 694 356 76
608 694 109 76
943 694 88 76
1034 694 260 76
1297 694 587 76
1887 694 1011 76
720 695 67 75
790 695 57 75
850 695 90 75
156 776 90 418
249 776 356 418
608 776 109 418
720 776 67 418
790 776 57 418
850 776 90 418
943 776 88 418
1034 776 260 418
1297 776 587 418
1887 776 1011 418
156 1200 90 419
249 1200 356 419
608 1200 109 419
720 1200 67 419
790 1200 57 419
850 1200 90 419
943 1200 88 419
1034 1200 260 419
1297 1200 587 419
1887 1200 1011 419
156 1625 1361 2574
1533 1625 1365 2574
