11 11 2029 255
11 271 2029 139
11 415 76 88
89 415 224 88
315 415 156 88
473 415 102 88
577 415 64 88
643 415 104 88
749 415 102 88
853 415 228 88
1083 415 356 88
1441 415 599 88
11 505 76 448
89 505 224 448
315 505 156 448
473 505 102 448
577 505 64 448
643 505 104 448
749 505 102 448
853 505 228 448
1083 505 356 448
1441 505 599 448
11 955 76 445
89 955 224 445
315 955 156 445
473 955 102 445
577 955 64 445
643 955 104 445
749 955 102 445
853 955 228 445
1083 955 356 445
1441 955 599 445
11 1405 2029 1401
