1571 61 77 32
809 62 29 58
1699 62 31 25
1735 62 31 25
2162 62 31 25
2197 62 32 25
2546 62 31 25
2581 62 32 25
1346 63 88 37
572 70 37 31
626 70 40 31
2384 82 58 33
1567 98 85 61
397 100 23 23
586 101 23 78
626 101 26 78
1166 107 50 21
1988 107 49 21
519 110 30 67
1134 115 32 35
1955 115 32 35
2377 120 33 37
2415 120 35 37
701 134 23 26
904 134 28 41
1452 134 28 41
1025 136 75 42
2270 220 22 35
2096 240 49 52
2610 243 62 37
2832 255 35 21
2700 266 57 25
192 784 62 177
256 784 66 177
324 784 264 177
590 784 75 177
667 784 57 177
726 784 59 177
787 784 62 177
851 784 62 177
915 784 244 177
1161 784 525 177
1688 784 1340 177
193 963 61 2036
256 963 66 335
590 963 75 335
667 963 57 335
726 963 59 335
787 963 62 335
851 963 62 335
915 963 244 335
1161 963 525 335
1688 963 1340 335
324 1028 63 39
530 1038 58 122
324 1073 59 91
256 1300 66 333
590 1300 75 333
667 1300 57 333
726 1300 59 333
787 1300 62 333
851 1300 62 333
915 1300 244 219
1161 1300 525 333
1688 1300 1338 333
543 1376 45 56
324 1379 39 157
544 1432 44 98
915 1520 241 113
256 1635 66 336
590 1635 75 336
667 1635 57 336
726 1635 59 336
787 1635 62 336
851 1635 62 336
915 1635 244 336
1161 1635 525 336
1688 1635 1338 336
555 1712 33 170
324 1718 49 59
324 1777 48 48
256 1973 66 341
590 1973 75 341
667 1973 57 341
726 1973 59 341
787 1973 62 341
851 1973 62 341
915 1973 244 341
1161 1973 525 341
1688 1973 1338 341
543 2034 45 167
324 2051 56 178
256 2316 66 341
590 2316 75 341
667 2316 57 341
726 2316 59 341
787 2316 62 341
851 2316 62 341
915 2316 244 341
1161 2316 525 341
1688 2316 1338 341
324 2398 44 26
541 2416 47 30
324 2424 43 21
544 2447 44 118
324 2456 39 114
256 2659 66 340
590 2659 75 340
667 2659 57 340
726 2659 59 340
787 2659 62 340
851 2659 62 340
915 2659 244 340
1161 2659 525 340
1688 2659 1338 340
542 2738 46 158
324 2763 52 140
192 3163 62 174
256 3163 67 174
325 3163 264 173
591 3163 74 174
667 3163 57 174
726 3163 60 174
788 3163 61 174
851 3163 64 174
917 3163 242 174
1161 3163 522 174
1685 3163 1343 174
193 3339 61 1030
256 3339 67 345
591 3339 74 345
667 3339 57 345
726 3339 60 345
788 3339 61 345
851 3339 64 345
917 3339 242 345
1161 3339 522 345
1685 3339 1343 345
256 3686 67 344
325 3686 264 215
591 3686 74 344
667 3686 57 344
726 3686 60 344
788 3686 61 344
851 3686 64 344
917 3686 242 344
1161 3686 522 344
1685 3686 1341 344
389 3902 162 54
256 4032 67 337
591 4032 74 288
667 4032 57 337
726 4032 60 337
788 4032 61 337
851 4032 64 337
917 4032 242 337
1161 4032 522 337
1685 4032 1341 337
541 4092 48 162
325 4115 40 140
592 4320 73 49
