11 69 2030 207
11 282 2030 175
11 463 2030 108
11 576 78 53
92 576 212 53
307 576 247 53
557 576 150 53
710 576 65 53
778 576 93 53
874 576 82 53
959 576 139 53
1101 576 286 53
1390 576 651 53
11 632 78 337
92 632 212 337
307 632 247 337
557 632 150 337
710 632 65 337
778 632 93 337
874 632 82 337
959 632 139 337
1101 632 286 337
1390 632 651 337
11 972 78 337
92 972 212 337
307 972 247 337
557 972 150 337
710 972 65 337
778 972 93 337
874 972 82 337
959 972 139 337
1101 972 286 337
1390 972 651 337
11 1312 78 337
92 1312 212 337
307 1312 247 337
557 1312 150 337
710 1312 65 337
778 1312 93 337
874 1312 82 337
959 1312 139 337
1101 1312 286 337
1390 1312 651 337
11 1652 78 336
92 1652 212 336
307 1652 247 336
557 1652 150 336
710 1652 65 336
778 1652 93 336
874 1652 82 336
959 1652 139 336
1101 1652 286 336
1390 1652 651 336
11 1994 673 870
687 1994 678 870
1367 1994 674 870
