12 12 2850 245
12 261 2850 222
12 487 2850 74
12 564 109 109
125 564 336 109
465 564 109 109
578 564 68 109
650 564 63 109
717 564 121 109
842 564 108 109
954 564 335 109
1293 564 442 109
1739 564 1123 109
12 677 109 308
125 677 336 308
465 677 109 308
578 677 68 308
650 677 63 308
717 677 121 308
842 677 108 308
954 677 335 308
1293 677 442 308
1739 677 1123 308
12 989 109 306
125 989 336 306
465 989 109 306
578 989 68 306
650 989 63 306
717 989 121 306
842 989 108 306
954 989 335 306
1293 989 442 306
1739 989 1123 306
12 1299 2850 2801
