13 12 2946 285
13 299 2946 287
13 588 2946 89
13 679 49 89
64 679 55 89
121 679 225 89
347 679 55 89
404 679 55 89
461 679 55 89
517 679 55 89
574 679 55 89
631 679 367 89
999 679 367 89
1368 679 1591 89
13 769 49 509
64 769 55 254
121 769 225 254
347 769 55 254
404 769 55 254
461 769 55 254
517 769 55 254
574 769 55 254
631 769 367 254
999 769 367 254
1368 769 1591 254
64 1024 55 254
121 1024 225 254
347 1024 55 254
404 1024 55 254
461 1024 55 254
517 1024 55 254
574 1024 55 254
631 1024 367 254
999 1024 367 254
1368 1024 1591 254
13 1280 1472 89
1487 1280 49 89
1538 1280 55 89
1595 1280 225 89
1821 1280 55 89
1878 1280 55 89
1935 1280 55 89
1991 1280 55 89
2048 1280 55 89
2105 1280 197 89
2303 1280 197 89
2502 1280 457 89
13 1370 49 89
64 1370 55 89
121 1370 225 89
347 1370 55 89
404 1370 55 89
461 1370 55 89
517 1370 55 89
574 1370 55 89
631 1370 197 89
829 1370 197 89
1028 1370 457 89
1487 1370 49 509
1538 1370 55 254
1595 1370 225 254
1821 1370 55 254
1878 1370 55 254
1935 1370 55 254
1991 1370 55 254
2048 1370 55 254
2105 1370 197 254
2303 1370 197 254
2502 1370 457 254
13 1461 49 253
64 1461 55 253
121 1461 225 253
347 1461 55 253
404 1461 55 253
461 1461 55 253
517 1461 55 253
574 1461 55 253
631 1461 197 253
829 1461 197 253
1028 1461 457 253
1538 1625 55 254
1595 1625 225 254
1821 1625 55 254
1878 1625 55 254
1935 1625 55 254
1991 1625 55 254
2048 1625 55 254
2105 1625 197 254
2303 1625 197 254
2502 1625 457 254
13 1716 49 764
64 1716 55 254
121 1716 225 254
347 1716 55 254
404 1716 55 254
461 1716 55 254
517 1716 55 254
574 1716 55 254
631 1716 197 254
829 1716 197 254
1028 1716 457 254
1487 1881 49 253
1538 1881 55 253
1595 1881 225 253
1821 1881 55 253
1878 1881 55 253
1935 1881 55 253
1991 1881 55 253
2048 1881 55 253
2105 1881 197 253
2303 1881 197 253
2502 1881 457 253
64 1971 55 254
121 1971 225 254
347 1971 55 254
404 1971 55 254
461 1971 55 254
517 1971 55 254
574 1971 55 254
631 1971 197 254
829 1971 197 254
1028 1971 457 254
1487 2136 49 253
1538 2136 55 253
1595 2136 225 253
1821 2136 55 253
1878 2136 55 253
1935 2136 55 253
1991 2136 55 253
2048 2136 55 253
2105 2136 197 253
2303 2136 197 253
2502 2136 457 253
64 2226 55 254
121 2226 225 254
347 2226 55 254
404 2226 55 254
461 2226 55 254
517 2226 55 254
574 2226 55 254
631 2226 197 254
829 2226 197 254
1028 2226 457 254
1487 2391 49 253
1538 2391 55 253
1595 2391 225 253
1821 2391 55 253
1878 2391 55 253
1935 2391 55 253
1991 2391 55 253
2048 2391 55 253
2105 2391 197 253
2303 2391 197 253
2502 2391 457 253
13 2481 49 509
64 2481 55 254
121 2481 225 254
347 2481 55 254
404 2481 55 254
461 2481 55 254
517 2481 55 254
574 2481 55 254
631 2481 197 254
829 2481 197 254
1028 2481 457 254
1487 2646 49 508
1538 2646 55 253
1595 2646 225 253
1821 2646 55 253
1878 2646 55 253
1935 2646 55 253
1991 2646 55 253
2048 2646 55 253
2105 2646 197 253
2303 2646 197 253
2502 2646 457 253
64 2737 55 253
121 2737 225 253
347 2737 55 253
404 2737 55 253
461 2737 55 253
517 2737 55 253
574 2737 55 253
631 2737 197 253
829 2737 197 253
1028 2737 457 253
1538 2901 55 253
1595 2901 225 253
1821 2901 55 253
1878 2901 55 253
1935 2901 55 253
1991 2901 55 253
2048 2901 55 253
2105 2901 197 253
2303 2901 197 253
2502 2901 457 253
13 2992 49 1018
64 2992 55 253
121 2992 225 253
347 2992 55 253
404 2992 55 253
461 2992 55 253
517 2992 55 253
574 2992 55 253
631 2992 197 253
829 2992 197 253
1028 2992 457 253
1487 3156 1473 1107
64 3247 55 253
121 3247 225 253
347 3247 55 253
404 3247 55 253
461 3247 55 253
517 3247 55 253
574 3247 55 253
631 3247 197 253
829 3247 197 253
1028 3247 457 253
64 3502 55 253
121 3502 225 253
347 3502 55 253
404 3502 55 253
461 3502 55 253
517 3502 55 253
574 3502 55 253
631 3502 197 253
829 3502 197 253
1028 3502 457 253
64 3757 55 253
121 3757 225 253
347 3757 55 253
404 3757 55 253
461 3757 55 253
517 3757 55 253
574 3757 55 253
631 3757 197 253
829 3757 197 253
1028 3757 457 253
12 4012 50 251
64 4012 55 251
121 4012 225 251
347 4012 55 251
404 4012 55 251
461 4012 55 251
517 4012 55 251
574 4012 55 251
631 4012 197 251
829 4012 197 251
1028 4012 457 251
