8 46 2259 317
8 366 2259 188
8 557 93 159
103 557 187 159
293 557 184 159
479 557 154 159
636 557 84 159
723 557 118 159
844 557 169 159
1016 557 225 159
1244 557 226 159
1472 557 795 159
8 719 93 446
103 719 187 90
293 719 184 446
479 719 154 446
636 719 84 446
723 719 118 446
844 719 169 446
1016 719 225 446
1244 719 226 446
1472 719 795 446
253 861 37 23
103 871 37 21
103 1044 187 121
8 1167 93 448
103 1167 187 448
293 1167 184 448
479 1167 154 448
636 1167 84 448
723 1167 118 448
844 1167 169 448
1016 1167 225 448
1244 1167 226 448
1472 1167 795 448
8 1618 93 445
103 1618 187 97
293 1618 184 299
479 1618 154 445
636 1618 84 445
723 1618 118 445
844 1618 169 445
1016 1618 225 445
1244 1618 226 445
1472 1618 795 445
293 1950 184 113
103 1951 187 112
1548 2065 719 1203
8 2068 765 1201
775 2068 771 1200
