77 105 2936 261
77 371 2936 119
90 496 1452 54
1561 496 1452 54
90 552 111 229
203 552 191 229
396 552 55 229
452 552 55 229
509 552 55 229
566 552 55 229
622 552 55 229
679 552 191 229
872 552 219 229
1093 552 449 229
1561 552 55 229
1617 552 55 229
1674 552 191 229
1867 552 55 229
1924 552 55 229
1980 552 55 229
2037 552 55 229
2094 552 55 229
2150 552 191 229
2343 552 220 229
2564 552 449 229
90 783 111 229
396 783 55 229
452 783 55 229
509 783 55 229
566 783 55 229
622 783 55 229
679 783 191 229
872 783 219 229
1093 783 449 229
1561 783 55 227
1617 783 55 227
1674 783 191 25
1867 783 55 227
1924 783 55 227
1980 783 55 227
2037 783 55 227
2094 783 55 227
2150 783 191 227
2343 783 220 227
2564 783 449 227
1674 852 35 123
1826 855 39 40
1827 895 38 66
1831 962 34 34
90 1014 111 229
396 1014 55 229
452 1014 55 229
509 1014 55 229
566 1014 55 229
622 1014 55 229
679 1014 191 229
872 1014 219 229
1093 1014 449 229
1548 1015 1465 3342
203 1093 25 138
365 1125 29 30
368 1161 26 55
90 1245 111 229
396 1245 55 229
452 1245 55 229
509 1245 55 229
566 1245 55 229
622 1245 55 229
679 1245 191 229
872 1245 219 229
1093 1245 449 229
357 1334 37 77
203 1336 36 79
90 1476 1452 55
90 1532 55 230
146 1532 55 230
203 1532 191 230
396 1532 55 230
452 1532 55 230
509 1532 55 230
566 1532 55 230
622 1532 55 230
679 1532 191 230
872 1532 219 230
1093 1532 449 230
90 1763 55 923
146 1763 55 230
203 1763 191 24
396 1763 55 230
452 1763 55 230
509 1763 55 230
566 1763 55 230
622 1763 55 230
679 1763 191 230
872 1763 219 230
1093 1763 449 230
203 1850 32 30
369 1858 25 127
203 1881 29 103
146 1994 55 230
203 1994 191 22
396 1994 55 230
452 1994 55 230
509 1994 55 230
566 1994 55 230
622 1994 55 230
679 1994 191 230
872 1994 219 230
1093 1994 449 230
363 2074 31 30
203 2085 27 27
203 2115 23 33
369 2115 25 27
146 2225 55 230
396 2225 55 230
452 2225 55 230
509 2225 55 230
566 2225 55 230
622 2225 55 230
679 2225 191 230
872 2225 219 230
1093 2225 449 230
146 2457 55 229
203 2457 191 33
396 2457 55 229
452 2457 55 229
509 2457 55 229
566 2457 55 229
622 2457 55 229
679 2457 191 229
872 2457 219 229
1093 2457 449 229
203 2540 29 112
364 2540 30 109
90 2688 1452 55
90 2744 55 230
146 2744 55 230
203 2744 191 230
396 2744 55 230
452 2744 55 230
509 2744 55 230
566 2744 55 230
622 2744 55 230
679 2744 191 230
872 2744 219 230
1093 2744 449 230
90 2975 55 458
146 2975 55 230
396 2975 55 230
452 2975 55 230
509 2975 55 230
566 2975 55 230
622 2975 55 230
679 2975 191 230
872 2975 219 230
1093 2975 449 230
203 3038 26 108
360 3052 34 135
146 3206 55 227
396 3206 55 227
452 3206 55 227
509 3206 55 227
566 3206 55 227
622 3206 55 227
679 3206 191 227
872 3206 219 227
1093 3206 449 227
359 3259 35 36
203 3261 33 33
203 3297 28 107
365 3300 29 128
90 3439 55 457
146 3439 55 228
203 3439 191 228
396 3439 55 228
452 3439 55 228
509 3439 55 228
566 3439 55 228
622 3439 55 228
679 3439 191 228
872 3439 219 228
1093 3439 449 228
146 3668 55 228
203 3668 191 21
396 3668 55 228
452 3668 55 228
509 3668 55 228
566 3668 55 228
622 3668 55 228
679 3668 191 228
872 3668 219 228
1093 3668 449 228
203 3732 32 136
361 3735 33 137
90 3901 55 456
146 3901 55 228
396 3901 55 228
452 3901 55 228
509 3901 55 228
566 3901 55 228
622 3901 55 228
679 3901 191 228
872 3901 219 228
1093 3901 449 228
203 3957 43 157
350 3968 44 148
146 4130 55 227
203 4130 191 26
396 4130 55 227
452 4130 55 227
509 4130 55 227
566 4130 55 227
622 4130 55 227
679 4130 191 227
872 4130 219 227
1093 4130 449 227
203 4191 34 102
351 4206 43 86
