105 90 2851 277
105 369 2851 225
105 596 95 77
202 596 242 77
446 596 225 77
673 596 89 77
764 596 66 77
832 596 123 77
957 596 195 77
1154 596 304 77
1460 596 405 77
1867 596 1089 77
105 675 95 341
202 675 242 341
446 675 225 341
673 675 89 341
764 675 66 341
832 675 123 341
957 675 195 341
1154 675 304 341
1460 675 405 341
1867 675 1089 341
105 1018 95 341
446 1018 225 341
673 1018 89 341
764 1018 66 341
832 1018 123 341
957 1018 195 341
1154 1018 304 341
1460 1018 405 341
1867 1018 1089 341
202 1118 37 173
105 1361 2851 2233
105 3594 1495 623
1603 3597 1353 55
1603 3653 134 67
1738 3653 385 67
2124 3653 382 67
2507 3653 449 67
1603 3721 134 141
1738 3721 385 141
2124 3721 382 141
2507 3721 449 141
1600 3865 1356 352
