20 20 2860 318
20 343 2860 141
20 491 60 123
85 491 255 123
345 491 90 123
439 491 45 123
488 491 41 123
533 491 41 123
579 491 40 123
624 491 81 123
709 491 162 123
875 491 572 123
1456 491 63 122
1523 491 255 122
1783 491 88 123
1876 491 45 123
1925 491 40 123
1970 491 41 123
2015 491 41 123
2061 491 81 123
2146 491 162 123
2312 491 568 123
20 619 1427 88
1456 619 1424 87
20 711 60 445
85 711 255 75
345 711 90 445
439 711 45 445
488 711 41 445
533 711 41 445
579 711 40 445
624 711 81 445
709 711 162 445
875 711 572 445
1783 711 88 445
1876 711 45 445
1925 711 40 445
1970 711 41 445
2015 711 41 445
2061 711 81 445
2146 711 162 445
2312 711 568 445
1456 712 63 444
1523 712 255 85
1728 859 50 23
313 864 27 167
85 868 43 153
1523 873 44 138
1729 882 49 116
85 1093 255 63
1523 1095 255 61
20 1161 60 445
85 1161 255 79
345 1161 90 445
439 1161 45 445
488 1161 41 445
533 1161 41 445
579 1161 40 445
624 1161 81 445
709 1161 162 445
875 1161 572 445
1456 1161 63 444
1523 1161 255 79
1783 1161 88 444
1876 1161 45 444
1925 1161 40 444
1970 1161 41 444
2015 1161 41 444
2061 1161 81 444
2146 1161 162 444
2312 1161 568 444
85 1300 53 138
290 1300 50 118
1749 1362 29 77
85 1544 122 62
208 1544 115 62
1523 1544 84 61
1686 1544 92 61
20 1610 1427 93
1781 1610 1099 2433
1453 1611 328 2432
20 1708 60 445
85 1708 255 276
345 1708 90 445
439 1708 45 445
488 1708 41 445
533 1708 41 445
579 1708 40 445
624 1708 81 445
709 1708 162 445
875 1708 572 445
159 1992 111 44
181 2088 75 65
85 2089 96 64
256 2089 41 64
298 2089 42 64
20 2157 60 445
85 2157 255 87
345 2157 90 445
439 2157 45 445
488 2157 41 445
533 2157 41 445
579 2157 40 445
624 2157 81 445
709 2157 162 445
875 2157 572 445
286 2304 54 44
85 2310 55 125
287 2348 53 95
85 2537 46 65
296 2537 44 65
20 2606 1427 93
20 2703 60 445
85 2703 255 288
345 2703 90 445
439 2703 45 445
488 2703 41 445
533 2703 41 445
579 2703 40 445
624 2703 81 445
709 2703 162 445
875 2703 572 445
150 2997 126 42
167 3088 89 60
85 3089 23 59
143 3089 24 59
20 3153 60 444
85 3153 255 89
345 3153 90 445
439 3153 45 445
488 3153 41 445
533 3153 41 445
579 3153 40 445
624 3153 81 445
709 3153 162 445
875 3153 572 445
296 3361 44 38
85 3537 82 60
228 3537 112 60
439 3602 45 441
488 3602 41 441
533 3602 41 441
579 3602 40 441
624 3602 81 441
709 3602 162 441
875 3602 572 441
20 3603 60 440
85 3603 255 440
345 3603 90 440
