11 518 119 66
132 518 327 66
461 518 225 66
687 518 200 66
889 518 95 66
985 518 140 66
1126 518 186 66
1314 518 247 66
1563 518 463 66
2028 518 864 66
11 586 119 565
132 586 327 96
461 586 225 565
687 586 200 565
889 586 95 565
985 586 140 565
1126 586 186 565
1314 586 247 565
1563 586 463 565
2028 586 864 565
132 1099 327 52
11 1153 119 565
132 1153 327 565
461 1153 225 565
687 1153 200 565
889 1153 95 565
985 1153 140 565
1126 1153 186 565
1314 1153 247 565
1563 1153 463 565
2028 1153 864 565
