178 123 55 57
234 123 54 57
289 123 171 57
461 123 163 57
625 123 50 57
676 123 34 57
711 123 68 57
1173 123 445 57
1636 123 56 57
1693 123 54 57
1748 123 171 57
1920 123 163 57
2084 123 50 57
2135 123 34 57
2170 123 68 57
2239 123 74 57
2314 123 317 57
2632 123 441 57
780 124 74 56
855 124 317 56
178 181 55 847
234 181 54 421
289 181 171 111
461 181 163 421
625 181 50 421
676 181 34 421
711 181 68 421
780 181 74 421
855 181 317 421
1173 181 445 421
1636 181 56 848
1693 181 54 424
1748 181 171 115
1920 181 163 424
2084 181 50 424
2135 181 34 424
2170 181 68 424
2239 181 74 424
2314 181 317 424
2632 181 441 424
1748 507 171 98
289 508 171 94
234 603 54 425
289 603 171 128
461 603 163 425
625 603 50 425
676 603 34 425
711 603 68 425
780 603 74 425
855 603 317 425
1173 603 445 425
1693 606 54 423
1748 606 171 118
1920 606 163 423
2084 606 50 423
2135 606 34 423
2170 606 68 423
2239 606 74 423
2314 606 317 423
2632 606 441 423
1748 766 37 26
289 937 171 91
1748 937 171 92
178 1029 55 849
234 1029 54 424
289 1029 171 424
461 1029 163 424
625 1029 50 424
676 1029 34 424
711 1029 68 424
780 1029 74 424
855 1029 317 424
1173 1029 445 424
1636 1030 56 424
1693 1030 54 424
1748 1030 171 116
1920 1030 163 424
2084 1030 50 424
2135 1030 34 424
2170 1030 68 424
2239 1030 74 424
2314 1030 317 424
2632 1030 441 424
1748 1360 171 94
234 1454 54 424
289 1454 171 121
461 1454 163 424
625 1454 50 424
676 1454 34 424
711 1454 68 424
780 1454 74 424
855 1454 317 424
1173 1454 445 424
1636 1455 56 847
1693 1455 54 423
1748 1455 171 260
1920 1455 163 423
2084 1455 50 423
2135 1455 34 423
2170 1455 68 423
2239 1455 74 423
2314 1455 317 423
2632 1455 441 423
415 1609 45 27
1748 1743 171 135
289 1785 171 93
178 1879 55 847
234 1879 54 423
289 1879 171 122
461 1879 163 423
625 1879 50 423
676 1879 34 423
711 1879 68 423
780 1879 74 423
855 1879 317 423
1173 1879 445 423
1693 1879 54 423
1748 1879 171 120
1920 1879 163 423
2084 1879 50 423
2135 1879 34 423
2170 1879 68 423
2239 1879 74 423
2314 1879 317 423
2632 1879 441 423
1883 2036 36 22
1748 2207 171 95
289 2210 171 92
234 2303 54 423
289 2303 171 115
461 2303 163 423
625 2303 50 423
676 2303 34 423
711 2303 68 423
780 2303 74 423
855 2303 317 423
1173 2303 445 423
1636 2303 56 846
1693 2303 54 423
1748 2303 171 104
1920 2303 163 423
2084 2303 50 423
2135 2303 34 423
2170 2303 68 423
2239 2303 74 423
2314 2303 317 423
2632 2303 441 423
289 2632 171 94
1748 2636 171 90
178 2727 55 422
234 2727 54 422
289 2727 171 116
461 2727 163 422
625 2727 50 422
676 2727 34 422
711 2727 68 422
780 2727 74 422
855 2727 317 422
1173 2727 445 422
1693 2727 54 422
1748 2727 171 229
1920 2727 163 422
2084 2727 50 422
2135 2727 34 422
2170 2727 68 422
2239 2727 74 422
2314 2727 317 422
2632 2727 441 422
289 3056 171 93
1748 3060 171 89
178 3150 55 849
234 3150 54 424
289 3150 171 108
461 3150 163 424
625 3150 50 424
676 3150 34 424
711 3150 68 217
780 3150 74 424
855 3150 317 424
1173 3150 445 424
1636 3150 56 849
1693 3150 54 423
1748 3150 171 122
1920 3150 163 423
2084 3150 50 423
2135 3150 34 423
2170 3150 68 423
2239 3150 74 423
2314 3150 317 423
2632 3150 441 423
289 3308 28 22
711 3383 68 191
289 3475 171 99
1748 3481 171 92
234 3575 54 424
289 3575 171 105
461 3575 163 424
625 3575 50 424
676 3575 34 424
711 3575 68 213
780 3575 74 424
855 3575 317 424
1173 3575 445 424
1693 3575 54 424
1748 3575 171 121
1920 3575 163 424
2084 3575 50 424
2135 3575 34 424
2170 3575 68 424
2239 3575 74 424
2314 3575 317 424
2632 3575 441 424
1886 3732 33 32
711 3807 68 192
289 3895 171 104
1748 3905 171 94
