135 126 2945 267
135 403 2945 178
135 590 2945 67
156 659 54 225
212 659 225 225
439 659 55 225
496 659 43 225
541 659 41 225
584 659 34 225
621 659 54 225
677 659 385 225
1064 659 539 225
1628 659 54 225
1685 659 54 225
1741 659 225 225
1968 659 55 225
2025 659 43 225
2070 659 41 225
2113 659 34 225
2149 659 55 225
2206 659 385 225
2593 659 484 225
156 886 54 225
212 886 225 225
439 886 55 225
496 886 43 225
541 886 41 225
584 886 34 225
621 886 54 225
677 886 385 225
1064 886 539 225
1628 886 54 452
1685 886 54 225
1741 886 225 225
1968 886 55 225
2025 886 43 225
2070 886 41 225
2113 886 34 225
2149 886 55 225
2206 886 385 225
2593 886 484 225
156 1113 54 225
212 1113 225 225
439 1113 55 225
496 1113 43 225
541 1113 41 225
584 1113 34 225
621 1113 54 225
677 1113 385 225
1064 1113 539 225
1685 1113 54 225
1741 1113 225 225
1968 1113 55 225
2025 1113 43 225
2070 1113 41 225
2113 1113 34 225
2149 1113 55 225
2206 1113 385 225
2593 1113 484 225
154 1340 1449 86
1628 1340 54 451
1685 1340 54 224
1741 1340 225 224
1968 1340 55 224
2025 1340 43 224
2070 1340 41 224
2113 1340 34 224
2149 1340 55 224
2206 1340 385 224
2593 1340 484 224
156 1428 54 225
212 1428 225 225
439 1428 55 225
496 1428 43 225
541 1428 41 225
584 1428 34 225
621 1428 54 225
677 1428 385 225
1064 1428 539 225
1685 1567 54 224
1741 1567 225 224
1968 1567 55 224
2025 1567 43 224
2070 1567 41 224
2113 1567 34 224
2149 1567 55 224
2206 1567 385 224
2593 1567 484 224
156 1655 54 224
212 1655 225 224
439 1655 55 224
496 1655 43 224
541 1655 41 224
584 1655 34 224
621 1655 54 224
677 1655 385 224
1064 1655 539 224
1628 1793 54 452
1685 1793 54 225
1741 1793 225 225
1968 1793 55 225
2025 1793 43 225
2070 1793 41 225
2113 1793 34 225
2149 1793 55 225
2206 1793 385 225
2593 1793 484 225
156 1882 54 224
212 1882 225 224
439 1882 55 224
496 1882 43 224
541 1882 41 224
584 1882 34 224
621 1882 54 224
677 1882 385 224
1064 1882 539 224
1685 2020 54 225
1741 2020 225 225
1968 2020 55 225
2025 2020 43 225
2070 2020 41 225
2113 2020 34 225
2149 2020 55 225
2206 2020 385 225
2593 2020 484 225
156 2108 54 225
212 2108 225 225
439 2108 55 225
496 2108 43 225
541 2108 41 225
584 2108 34 225
621 2108 54 225
677 2108 385 225
1064 2108 539 225
1628 2247 54 451
1685 2247 54 225
1741 2247 225 225
1968 2247 55 225
2025 2247 43 225
2070 2247 41 225
2113 2247 34 225
2149 2247 55 225
2206 2247 385 225
2593 2247 484 225
156 2335 54 225
212 2335 225 225
439 2335 55 225
496 2335 43 225
541 2335 41 225
584 2335 34 225
621 2335 54 225
677 2335 385 225
1064 2335 539 225
1685 2474 54 224
1741 2474 225 224
1968 2474 55 224
2025 2474 43 224
2070 2474 41 224
2113 2474 34 224
2149 2474 55 224
2206 2474 385 224
2593 2474 484 224
156 2562 54 225
212 2562 225 225
439 2562 55 225
496 2562 43 225
541 2562 41 225
584 2562 34 225
621 2562 54 225
677 2562 385 225
1064 2562 539 225
1628 2700 54 225
1685 2700 54 225
1741 2700 225 225
1968 2700 55 225
2025 2700 43 225
2070 2700 41 225
2113 2700 34 225
2149 2700 55 225
2206 2700 385 225
2593 2700 484 225
156 2789 54 224
212 2789 225 224
439 2789 55 224
496 2789 43 224
541 2789 41 224
584 2789 34 224
621 2789 54 224
677 2789 385 224
1064 2789 539 224
1628 2927 54 452
1685 2927 54 225
1741 2927 225 225
1968 2927 55 225
2025 2927 43 225
2070 2927 41 225
2113 2927 34 225
2149 2927 55 225
2206 2927 385 225
2593 2927 484 225
156 3015 54 225
212 3015 225 225
439 3015 55 225
496 3015 43 225
541 3015 41 225
584 3015 34 225
621 3015 54 225
677 3015 385 225
1064 3015 539 225
1685 3154 54 225
1741 3154 225 225
1968 3154 55 225
2025 3154 43 225
2070 3154 41 225
2113 3154 34 225
2149 3154 55 225
2206 3154 385 225
2593 3154 484 225
156 3242 54 225
212 3242 225 225
439 3242 55 225
496 3242 43 225
541 3242 41 225
584 3242 34 225
621 3242 54 225
677 3242 385 225
1064 3242 539 225
1628 3381 54 224
1685 3381 54 224
1741 3381 225 224
1968 3381 55 224
2025 3381 43 224
2070 3381 41 224
2113 3381 34 224
2149 3381 55 224
2206 3381 385 224
2593 3381 484 224
154 3469 1449 833
1628 3607 54 678
1685 3607 54 225
1741 3607 225 225
1968 3607 55 225
2025 3607 43 225
2070 3607 41 225
2113 3607 34 225
2149 3607 55 225
2206 3607 385 225
2593 3607 484 225
1685 3834 54 225
1741 3834 225 225
1968 3834 55 225
2025 3834 43 225
2070 3834 41 225
2113 3834 34 225
2149 3834 55 225
2206 3834 385 225
2593 3834 484 225
1685 4061 54 224
1741 4061 225 224
1968 4061 55 224
2025 4061 43 224
2070 4061 41 224
2113 4061 34 224
2149 4061 55 224
2206 4061 385 224
2593 4061 484 224
