12 11 3254 249
12 261 3248 214
12 476 1619 79
1637 476 1629 79
12 556 45 79
58 556 169 79
228 556 55 79
284 556 45 79
330 556 44 79
375 556 44 79
420 556 45 79
466 556 184 79
651 556 299 79
951 556 680 79
1637 556 51 78
1689 556 44 78
1734 556 169 78
1904 556 56 78
1961 556 44 78
2006 556 45 78
2052 556 44 78
2097 556 44 78
2143 556 225 78
2369 556 271 78
2641 556 625 78
1637 635 51 257
1689 635 44 257
1734 635 169 31
1904 635 56 174
1961 635 44 257
2006 635 45 257
2052 635 44 257
2097 635 44 257
2143 635 225 257
2369 635 271 257
2641 635 625 257
12 636 45 256
58 636 169 28
228 636 55 256
284 636 45 256
330 636 44 256
375 636 44 256
420 636 45 256
466 636 184 256
651 636 299 256
951 636 680 256
58 701 24 31
195 707 32 26
1734 710 39 82
1875 713 28 84
201 738 26 137
1906 809 54 83
1735 863 68 29
1842 863 61 29
12 893 45 256
58 893 169 33
228 893 55 256
284 893 45 256
330 893 44 256
375 893 44 256
420 893 45 256
466 893 184 256
651 893 299 256
951 893 680 256
1637 894 51 256
1689 894 44 256
1734 894 169 30
1904 894 56 166
1961 894 44 256
2006 894 45 256
2052 894 44 256
2097 894 44 256
2143 894 225 256
2369 894 271 256
2641 894 625 256
1734 959 36 96
1875 964 28 87
58 987 30 66
192 988 35 161
1906 1061 54 89
1735 1121 56 29
1855 1121 48 29
12 1150 45 255
58 1150 169 255
228 1150 55 256
284 1150 45 256
330 1150 44 256
375 1150 44 256
420 1150 45 256
466 1150 184 256
651 1150 299 256
951 1150 680 256
1637 1152 51 256
1689 1152 44 256
1904 1152 56 177
1961 1152 44 256
2006 1152 45 256
2052 1152 44 256
2097 1152 44 256
2143 1152 225 256
2369 1152 271 256
2641 1152 625 256
1734 1213 33 31
1876 1224 27 21
1734 1249 27 75
1905 1329 55 79
227 1407 1404 79
12 1408 215 78
1637 1411 51 772
1689 1411 44 256
1734 1411 169 256
1904 1411 56 256
1961 1411 44 256
2006 1411 45 256
2052 1411 44 256
2097 1411 44 256
2143 1411 225 256
2369 1411 271 256
2641 1411 625 256
12 1487 50 79
63 1487 45 79
109 1487 169 79
279 1487 55 79
335 1487 45 79
381 1487 44 79
426 1487 44 79
471 1487 45 79
517 1487 225 79
744 1487 271 79
1016 1487 615 79
12 1567 50 1026
63 1567 45 256
109 1567 169 26
279 1567 55 201
335 1567 45 256
381 1567 44 256
426 1567 44 256
471 1567 45 256
517 1567 225 256
744 1567 271 256
1016 1567 615 256
109 1642 28 119
249 1642 29 109
1689 1668 44 258
1734 1668 169 258
1904 1668 56 258
1961 1668 44 258
2006 1668 45 258
2052 1668 44 258
2097 1668 44 258
2143 1668 225 258
2369 1668 271 258
2641 1668 625 258
280 1768 54 55
63 1824 45 256
109 1824 169 24
279 1824 55 169
335 1824 45 256
381 1824 44 256
426 1824 44 256
471 1824 45 256
517 1824 225 256
744 1824 271 256
1016 1824 615 256
1689 1927 44 256
1904 1927 56 194
1961 1927 44 256
2006 1927 45 256
2052 1927 44 256
2097 1927 44 256
2143 1927 225 256
2369 1927 271 256
2641 1927 625 256
280 1993 54 87
1734 1996 25 118
109 2059 59 21
169 2059 23 21
200 2059 22 21
229 2059 49 21
63 2081 45 256
109 2081 169 27
279 2081 55 199
335 2081 45 256
381 2081 44 256
426 2081 44 256
471 2081 45 256
517 2081 225 256
744 2081 271 256
1016 2081 615 256
1906 2121 54 62
257 2160 21 109
1637 2186 51 514
1689 2186 44 256
1734 2186 169 44
1904 2186 56 180
1961 2186 44 256
2006 2186 45 256
2052 2186 44 256
2097 2186 44 256
2143 2186 225 256
2369 2186 271 256
2641 2186 625 256
1734 2260 41 22
280 2280 54 57
1867 2284 36 66
1734 2290 39 69
63 2338 45 255
109 2338 169 29
279 2338 55 200
335 2338 45 255
381 2338 44 255
426 2338 44 255
471 2338 45 255
517 2338 225 255
744 2338 271 255
1016 2338 615 255
1906 2367 54 75
246 2399 32 42
1735 2405 58 37
1832 2405 71 37
109 2412 29 33
1689 2443 44 257
1734 2443 169 156
1904 2443 56 180
1961 2443 44 257
2006 2443 45 257
2052 2443 44 257
2097 2443 44 257
2143 2443 225 257
2369 2443 271 257
2641 2443 625 257
249 2448 29 78
109 2449 27 79
280 2538 54 55
12 2595 50 1283
63 2595 45 256
109 2595 169 23
279 2595 55 203
335 2595 45 256
381 2595 44 256
426 2595 44 256
471 2595 45 256
517 2595 225 256
744 2595 271 256
1016 2595 615 256
1734 2599 118 23
1906 2624 54 76
1734 2678 109 22
1843 2679 60 21
1637 2702 51 256
1689 2702 44 256
1734 2702 169 256
1904 2702 56 256
1961 2702 44 256
2006 2702 45 256
2052 2702 44 256
2097 2702 44 256
2143 2702 225 256
2369 2702 271 256
2641 2702 625 256
280 2798 54 53
110 2830 54 21
233 2830 45 21
63 2852 45 256
109 2852 169 177
279 2852 55 199
335 2852 45 256
381 2852 44 256
426 2852 44 256
471 2852 45 256
517 2852 225 256
744 2852 271 256
1016 2852 615 256
1637 2960 51 515
1689 2960 44 257
1734 2960 169 186
1904 2960 56 183
1961 2960 44 257
2006 2960 45 257
2052 2960 44 257
2097 2960 44 257
2143 2960 225 257
2369 2960 271 257
2641 2960 625 257
138 3030 106 78
280 3051 54 57
63 3109 45 256
109 3109 169 25
279 3109 55 214
335 3109 45 256
381 3109 44 256
426 3109 44 256
471 3109 45 256
517 3109 225 256
744 3109 271 256
1016 3109 615 256
1905 3143 55 74
1734 3147 167 70
1689 3218 44 257
1734 3218 169 21
1904 3218 56 198
1961 3218 44 257
2006 3218 45 257
2052 3218 44 257
2097 3218 44 257
2143 3218 225 257
2369 3218 271 257
2641 3218 625 257
1880 3312 23 94
1734 3313 23 92
280 3323 54 42
63 3366 45 256
109 3366 169 223
279 3366 55 256
335 3366 45 256
381 3366 44 256
426 3366 44 256
471 3366 45 256
517 3366 225 256
744 3366 271 256
1016 3366 615 256
1906 3416 54 59
1637 3477 51 772
1689 3477 44 256
1734 3477 169 256
1904 3477 56 256
1961 3477 44 256
2006 3477 45 256
2052 3477 44 256
2097 3477 44 256
2143 3477 225 256
2369 3477 271 256
2641 3477 625 256
109 3590 167 32
63 3623 45 255
109 3623 169 29
279 3623 55 179
335 3623 45 255
381 3623 44 255
426 3623 44 255
471 3623 45 255
517 3623 225 255
744 3623 271 255
1016 3623 615 255
250 3693 28 22
109 3720 22 78
256 3727 22 62
1689 3734 44 258
1734 3734 169 30
1904 3734 56 169
1961 3734 44 258
2006 3734 45 258
2052 3734 44 258
2097 3734 44 258
2143 3734 225 258
2369 3734 271 258
2641 3734 625 258
1876 3798 27 92
280 3802 54 76
1734 3805 40 83
12 3880 50 512
63 3880 45 256
279 3880 55 206
335 3880 45 256
381 3880 44 256
426 3880 44 256
471 3880 45 256
517 3880 225 256
744 3880 271 256
1016 3880 615 256
1906 3903 54 89
109 3953 21 28
1735 3960 88 32
1834 3960 69 32
1689 3993 44 256
1734 3993 169 256
1904 3993 56 256
1961 3993 44 256
2006 3993 45 256
2052 3993 44 256
2097 3993 44 256
2143 3993 225 256
2369 3993 271 256
2641 3993 625 256
280 4086 54 50
63 4137 45 255
109 4137 169 31
279 4137 55 200
335 4137 45 255
381 4137 44 255
426 4137 44 255
471 4137 45 255
517 4137 225 255
744 4137 271 255
1016 4137 615 255
109 4243 26 67
255 4251 23 75
1637 4252 51 510
1689 4252 44 256
1734 4252 169 39
1904 4252 56 191
1961 4252 44 256
2006 4252 45 256
2052 4252 44 256
2097 4252 44 256
2143 4252 225 256
2369 4252 271 256
2641 4252 625 256
1873 4332 30 30
280 4337 54 55
1734 4369 29 68
1881 4369 22 66
12 4394 1619 368
1907 4443 53 65
1737 4483 71 25
1830 4483 32 25
1866 4483 22 25
1689 4509 44 253
1734 4509 169 40
1904 4509 56 184
1961 4509 44 253
2006 4509 45 253
2052 4509 44 253
2097 4509 44 253
2143 4509 225 253
2369 4509 271 253
2641 4509 625 253
1734 4596 34 26
1871 4600 32 83
1734 4625 31 65
1907 4694 53 68
1737 4741 47 21
1842 4741 61 21
