714 55 31 30
1079 55 31 31
1298 55 31 31
1955 55 32 31
620 57 49 25
331 60 42 36
257 73 48 27
179 123 54 31
544 123 54 31
111 156 47 21
6 423 70 69
77 423 207 69
285 423 207 69
493 423 96 69
590 423 64 69
655 423 98 69
754 423 98 69
854 423 202 69
1057 423 357 69
1415 423 960 69
6 493 70 269
285 493 207 269
493 493 96 269
590 493 64 269
655 493 98 269
754 493 98 269
854 493 202 269
1057 493 357 269
1415 493 960 269
77 560 37 21
6 763 70 266
285 763 207 266
493 763 96 266
590 763 64 266
655 763 98 266
754 763 98 266
854 763 202 266
1057 763 357 266
1415 763 960 266
