1570 51 76 27
807 52 29 49
1697 52 31 21
1733 52 31 21
2160 52 31 21
2195 52 32 21
2544 52 31 21
2579 52 32 21
1345 53 87 32
570 59 37 26
625 59 39 26
2382 69 58 29
1565 83 85 52
584 85 23 67
625 85 25 67
516 93 31 58
1132 97 32 31
1953 97 33 31
2375 102 33 32
2413 102 35 32
902 113 28 36
1450 113 28 36
1023 115 75 36
2261 182 23 35
2087 202 49 51
2601 204 62 37
2823 217 35 21
2692 228 56 25
185 600 61 177
248 600 66 177
316 600 265 177
583 600 74 177
659 600 57 177
718 600 59 177
779 600 62 177
843 600 62 177
907 600 254 177
1163 600 460 177
1625 600 1395 177
185 779 61 670
248 779 66 337
316 779 265 267
583 779 74 337
659 779 57 337
718 779 59 337
779 779 62 337
843 779 62 337
907 779 254 337
1163 779 460 337
1625 779 1395 337
316 1046 264 70
249 1118 65 331
583 1118 74 331
659 1118 57 331
718 1118 59 331
779 1118 62 331
843 1118 62 331
907 1118 254 331
1163 1118 460 331
1625 1118 1393 331
529 1197 52 37
316 1214 49 164
533 1237 48 135
184 1562 62 177
248 1562 66 177
316 1562 268 177
586 1562 70 177
658 1562 58 177
718 1562 59 177
779 1562 61 177
842 1562 63 177
907 1562 229 177
1138 1562 473 177
1613 1562 1407 177
184 1741 62 670
248 1741 66 334
586 1741 70 334
658 1741 58 334
718 1741 59 334
779 1741 61 334
842 1741 63 334
907 1741 229 334
1138 1741 473 334
1613 1741 1407 334
316 1823 54 186
529 1830 55 124
316 2026 47 46
248 2077 66 334
316 2077 268 304
586 2077 70 334
658 2077 58 334
718 2077 59 334
779 2077 61 334
842 2077 63 334
907 2077 229 334
1138 2077 473 334
1613 2077 1405 334
