11 94 1977 162
11 260 1977 183
11 447 1977 76
11 527 82 49
96 527 181 49
279 527 220 49
502 527 90 28
595 527 56 49
654 527 120 49
777 527 130 49
909 527 199 49
1111 527 264 49
1378 527 610 49
11 579 82 310
96 579 181 51
279 579 220 310
502 579 90 310
595 579 56 310
654 579 120 310
777 579 130 310
909 579 199 310
1111 579 264 310
1378 579 610 310
96 760 56 21
96 866 181 23
11 892 82 304
96 892 181 30
279 892 220 304
502 892 90 304
595 892 56 304
654 892 120 304
777 892 130 304
909 892 199 304
1111 892 264 304
1378 892 610 304
96 1164 181 32
11 1199 82 308
96 1199 181 35
279 1199 220 308
502 1199 90 308
595 1199 56 308
654 1199 120 308
777 1199 130 308
909 1199 199 308
1111 1199 264 308
1378 1199 610 308
96 1424 181 83
11 1510 82 304
96 1510 181 304
279 1510 220 304
502 1510 90 304
595 1510 56 304
654 1510 120 304
777 1510 130 304
909 1510 199 304
1111 1510 264 304
1378 1510 610 304
11 1817 1977 986
