6 47 1062 88
7 137 1061 96
7 235 1061 41
6 278 44 26
51 278 97 26
150 278 118 26
320 278 30 26
351 278 65 26
417 278 70 26
489 278 106 26
597 278 142 26
741 278 327 26
6 306 44 120
150 306 118 120
270 306 48 120
320 306 30 120
351 306 65 120
417 306 70 120
489 306 106 120
597 306 142 120
741 306 327 120
6 428 44 117
150 428 118 117
270 428 48 117
320 428 30 117
351 428 65 117
417 428 70 117
489 428 106 117
597 428 142 117
741 428 327 117
6 546 44 117
150 546 118 117
270 546 48 117
320 546 30 117
351 546 65 117
417 546 70 117
489 546 106 117
597 546 142 117
741 546 327 117
6 664 44 119
150 664 118 119
270 664 48 119
320 664 30 119
351 664 65 119
417 664 70 119
489 664 106 119
597 664 142 119
741 664 327 119
6 784 44 117
150 784 118 117
270 784 48 117
320 784 30 117
351 784 65 117
417 784 70 117
489 784 106 117
597 784 142 117
741 784 327 117
51 806 21 73
6 902 44 121
150 902 118 121
270 902 48 121
320 902 30 121
351 902 65 121
417 902 70 121
489 902 106 121
597 902 142 121
741 902 327 121
6 1024 1062 480
