11 11 2029 254
11 270 2029 140
11 415 2029 88
11 505 76 91
89 505 224 91
315 505 156 91
473 505 102 91
577 505 64 91
643 505 104 91
749 505 102 91
853 505 228 91
1083 505 356 91
1441 505 599 91
11 598 76 440
89 598 224 440
315 598 156 440
473 598 102 440
577 598 64 440
643 598 104 440
749 598 102 440
853 598 228 440
1083 598 356 440
1441 598 599 440
11 1040 76 441
89 1040 224 441
315 1040 156 441
473 1040 102 441
577 1040 64 441
643 1040 104 441
749 1040 102 441
853 1040 228 441
1083 1040 356 441
1441 1040 599 441
11 1483 76 441
89 1483 224 441
315 1483 156 441
473 1483 102 441
577 1483 64 441
643 1483 104 441
749 1483 102 441
853 1483 228 441
1083 1483 356 441
1441 1483 599 441
11 1926 76 440
89 1926 224 440
315 1926 156 440
473 1926 102 440
577 1926 64 440
643 1926 104 440
749 1926 102 440
853 1926 228 440
1083 1926 356 440
1441 1926 599 440
11 2368 76 438
89 2368 224 438
315 2368 156 438
473 2368 102 438
577 2368 64 438
643 2368 104 438
749 2368 102 438
853 2368 228 438
1083 2368 356 438
1441 2368 599 438
