119 169 1977 419
119 592 83 50
204 592 181 50
388 592 220 50
610 592 91 50
704 592 55 50
762 592 120 50
885 592 130 50
1018 592 198 50
1219 592 265 50
1487 592 609 50
119 645 83 394
204 645 181 243
388 645 220 394
610 645 91 394
704 645 55 394
762 645 120 394
885 645 130 394
1018 645 198 394
1219 645 265 394
1487 645 609 394
204 924 181 115
119 1042 83 399
204 1042 181 87
388 1042 220 399
610 1042 91 399
704 1042 55 399
762 1042 120 399
885 1042 130 399
1018 1042 198 399
1219 1042 265 123
1487 1042 609 399
204 1169 36 26
1219 1169 265 272
204 1361 181 80
119 1444 83 397
204 1444 181 78
388 1444 220 397
610 1444 91 397
704 1444 55 397
762 1444 120 397
885 1444 130 397
1018 1444 198 396
1219 1444 265 396
1487 1444 609 397
356 1572 29 26
204 1760 181 81
119 1845 1977 1033
