170 432 2902 211
170 651 1446 71
1621 651 1449 71
170 725 65 139
238 725 196 139
437 725 167 139
607 725 53 139
663 725 54 139
720 725 54 139
777 725 54 139
833 725 136 139
972 725 136 139
1111 725 505 139
1621 725 65 139
1689 725 196 139
1887 725 168 139
2057 725 54 139
2114 725 54 139
2171 725 54 139
2228 725 53 139
2284 725 136 139
2423 725 136 139
2562 725 508 139
170 866 65 482
238 866 196 482
437 866 167 482
607 866 53 482
663 866 54 482
720 866 54 482
777 866 54 482
833 866 136 482
972 866 136 482
1111 866 505 482
1621 866 65 579
1689 866 196 579
1887 866 168 579
2057 866 54 579
2114 866 54 579
2171 866 54 579
2228 866 53 579
2284 866 136 579
2423 866 136 579
2562 866 508 579
170 1351 65 482
238 1351 196 482
437 1351 167 482
607 1351 53 482
663 1351 54 482
720 1351 54 482
777 1351 54 482
833 1351 136 482
972 1351 136 482
1111 1351 505 482
1621 1448 65 578
1689 1448 196 578
1887 1448 168 578
2057 1448 54 578
2114 1448 54 578
2171 1448 54 578
2228 1448 53 578
2284 1448 136 578
2423 1448 136 578
2562 1448 508 578
170 1836 65 480
238 1836 196 480
437 1836 167 480
607 1836 53 480
663 1836 54 480
720 1836 54 480
777 1836 54 480
833 1836 136 480
972 1836 136 480
1111 1836 505 480
1621 2031 1449 70
1621 2104 65 144
1689 2104 196 144
1887 2104 168 144
2057 2104 54 144
2114 2104 54 144
2171 2104 54 144
2228 2104 53 144
2284 2104 136 144
2423 2104 136 144
2562 2104 508 144
1621 2251 65 577
1689 2251 196 577
1887 2251 168 577
2057 2251 54 577
2114 2251 54 577
2171 2251 54 577
2228 2251 53 577
2284 2251 136 577
2423 2251 136 577
2562 2251 508 577
170 2322 1446 70
170 2394 65 145
238 2394 196 145
437 2394 167 145
607 2394 53 145
663 2394 54 145
720 2394 54 145
777 2394 54 145
833 2394 136 145
972 2394 136 145
1111 2394 505 145
170 2542 65 480
238 2542 196 480
437 2542 167 480
607 2542 53 480
663 2542 54 480
720 2542 54 480
777 2542 54 480
833 2542 136 480
972 2542 136 480
1111 2542 505 480
1621 2834 1449 69
1621 2906 65 145
1689 2906 196 145
1887 2906 168 145
2057 2906 54 145
2114 2906 54 145
2171 2906 54 145
2228 2906 53 145
2284 2906 136 145
2423 2906 136 145
2562 2906 508 145
170 3028 1446 69
1621 3054 65 577
1689 3054 196 577
1887 3054 168 577
2057 3054 54 577
2114 3054 54 577
2171 3054 54 577
2228 3054 53 577
2284 3054 136 577
2423 3054 136 577
2562 3054 508 577
170 3100 65 145
238 3100 196 145
437 3100 167 145
607 3100 53 145
663 3100 54 145
720 3100 54 145
777 3100 54 145
833 3100 136 145
972 3100 136 145
1111 3100 505 145
170 3248 65 480
238 3248 196 480
437 3248 167 480
607 3248 53 480
663 3248 54 480
720 3248 54 480
777 3248 54 480
833 3248 136 480
972 3248 136 480
1111 3248 505 480
1621 3637 1449 69
1621 3709 65 145
1689 3709 196 145
1887 3709 168 145
2057 3709 54 145
2114 3709 54 145
2171 3709 54 145
2228 3709 53 145
2284 3709 136 145
2423 3709 136 145
2562 3709 508 145
170 3734 1446 69
170 3806 65 145
238 3806 196 145
437 3806 167 145
607 3806 53 145
663 3806 54 145
720 3806 54 145
777 3806 54 145
833 3806 136 145
972 3806 136 145
1111 3806 505 145
1621 3856 65 579
1689 3856 196 579
1887 3856 168 579
2057 3856 54 579
2114 3856 54 579
2171 3856 54 579
2228 3856 53 579
2284 3856 136 579
2423 3856 136 579
2562 3856 508 579
170 3953 65 482
238 3953 196 482
437 3953 167 482
607 3953 53 482
663 3953 54 482
720 3953 54 482
777 3953 54 482
833 3953 136 482
972 3953 136 482
1111 3953 505 482
