1563 496 1450 54
1563 552 55 229
1620 552 55 229
1677 552 191 229
1870 552 55 229
1926 552 55 229
1983 552 55 229
2040 552 55 229
2096 552 55 229
2153 552 191 229
2346 552 219 229
2567 552 446 229
1563 783 55 459
1620 783 55 229
1870 783 55 229
1926 783 55 229
1983 783 55 229
2040 783 55 229
2096 783 55 229
2153 783 191 229
2346 783 219 229
2567 783 446 229
1833 837 35 109
1677 866 37 79
1620 1014 55 228
1870 1014 55 228
1926 1014 55 228
1983 1014 55 228
2040 1014 55 228
2096 1014 55 228
2153 1014 191 228
2346 1014 219 228
2567 1014 446 228
1677 1059 39 29
1823 1059 45 24
1828 1093 40 84
1677 1094 36 89
1586 1380 1381 167
1586 1549 115 84
1703 1549 384 84
2089 1549 485 84
2575 1549 392 84
1586 1635 115 83
1703 1635 384 83
2089 1635 485 83
2575 1635 392 83
1586 1720 115 83
1703 1720 384 83
2089 1720 485 83
2575 1720 392 83
1586 1805 115 83
1703 1805 384 83
2089 1805 485 83
2575 1805 392 83
1586 1890 115 83
1703 1890 384 83
2089 1890 485 83
2575 1890 392 83
1586 1975 115 83
1703 1975 384 83
2089 1975 485 83
2575 1975 392 83
1586 2060 115 83
1703 2060 384 83
2089 2060 485 83
2575 2060 392 83
1586 2145 115 83
1703 2145 384 83
2089 2145 485 83
2575 2145 392 83
1586 2230 115 83
1703 2230 384 83
2089 2230 485 83
2575 2230 392 83
1586 2315 115 83
1703 2315 384 83
2089 2315 485 83
2575 2315 392 83
1586 2400 115 83
1703 2400 384 83
2089 2400 485 83
2575 2400 392 83
1586 2485 115 83
1703 2485 384 83
2089 2485 485 83
2575 2485 392 83
1586 2570 115 83
1703 2570 384 83
2089 2570 485 83
2575 2570 392 83
