11 81 2087 178
11 261 2087 175
11 438 77 55
90 438 191 55
283 438 223 55
509 438 139 55
650 438 68 55
720 438 105 55
827 438 114 55
943 438 272 55
1217 438 341 55
1560 438 538 55
11 497 77 324
90 497 191 34
283 497 223 324
509 497 139 324
650 497 68 324
720 497 105 324
827 497 114 324
943 497 272 324
1217 497 341 324
1560 497 538 324
11 823 77 324
90 823 191 43
283 823 223 324
509 823 139 324
650 823 68 324
720 823 105 324
827 823 114 324
943 823 272 324
1217 823 341 324
1560 823 538 324
243 911 38 117
90 912 38 119
90 1113 75 34
174 1113 27 34
205 1113 76 34
11 1149 2087 1673
