1583 61 76 32
820 62 30 58
1711 62 31 25
1746 62 31 25
2173 62 31 25
2209 62 31 25
2557 62 31 25
2593 62 31 25
1358 63 87 37
584 70 37 31
638 70 39 31
2395 82 58 33
1578 98 86 61
408 99 23 24
598 101 23 78
638 101 25 78
2924 103 34 22
1178 107 49 21
1999 107 49 21
530 110 31 67
1145 115 32 35
1967 115 32 35
2388 120 34 37
2427 120 34 37
916 134 28 41
1464 134 28 41
1036 136 75 42
2270 218 22 35
2096 238 49 52
2610 241 62 37
2832 253 35 21
2700 264 57 25
188 729 66 179
256 729 66 179
324 729 264 179
590 729 75 179
667 729 58 179
727 729 58 179
787 729 62 179
851 729 62 179
915 729 251 179
1168 730 471 178
1641 730 1382 178
193 910 61 3436
256 910 66 311
590 910 75 311
667 910 58 311
727 910 58 311
787 910 62 311
851 910 62 311
915 910 251 311
1168 910 471 311
1641 910 1382 311
324 989 39 201
555 992 33 192
256 1223 66 311
590 1223 75 311
667 1223 58 311
727 1223 58 311
787 1223 62 311
851 1223 62 311
915 1223 251 311
1168 1223 471 311
1641 1223 1382 311
529 1294 59 31
324 1300 59 24
530 1325 58 103
324 1326 57 112
256 1536 66 311
590 1536 75 311
667 1536 58 311
727 1536 58 311
787 1536 62 311
851 1536 62 311
915 1536 251 311
1168 1536 471 311
1641 1536 1382 311
549 1630 39 33
324 1631 35 179
550 1663 38 184
256 1849 66 310
590 1849 75 310
667 1849 58 310
727 1849 58 310
787 1849 62 310
851 1849 62 310
915 1849 251 310
1168 1849 471 310
1641 1849 1382 310
256 2161 66 309
590 2161 75 309
667 2161 58 309
727 2161 58 309
787 2161 62 309
851 2161 62 309
915 2161 251 309
1168 2161 471 309
1641 2161 1382 309
324 2223 55 22
550 2240 38 169
324 2245 54 42
324 2287 53 118
256 2472 66 310
590 2472 75 310
667 2472 58 310
727 2472 58 310
787 2472 62 310
851 2472 62 310
915 2472 251 310
1168 2472 471 310
1641 2472 1382 310
256 2784 66 310
590 2784 75 310
667 2784 58 310
727 2784 58 310
787 2784 62 310
851 2784 62 310
915 2784 251 310
1168 2784 471 310
1641 2784 1382 310
256 3096 66 313
590 3096 75 313
667 3096 58 313
727 3096 58 313
787 3096 62 313
851 3096 62 313
915 3096 251 313
1168 3096 471 313
1641 3096 1382 313
324 3265 37 79
256 3411 66 311
590 3411 75 311
667 3411 58 311
727 3411 58 311
787 3411 62 311
851 3411 62 311
915 3411 251 311
1168 3411 471 311
1641 3411 1382 311
554 3486 34 161
324 3488 42 161
256 3724 66 311
590 3724 75 311
667 3724 58 311
727 3724 58 311
787 3724 62 311
851 3724 62 311
915 3724 251 311
1168 3724 471 311
1641 3724 1382 311
324 3789 53 43
543 3795 45 43
324 3842 41 121
547 3844 41 119
256 4037 66 309
590 4037 75 309
667 4037 58 309
727 4037 58 309
787 4037 62 309
851 4037 62 309
915 4037 251 309
1168 4037 471 309
1641 4037 1382 309
554 4112 34 234
324 4120 50 172
324 4296 44 50
