1544 3550 48 37
1594 3550 215 37
1810 3550 216 37
2027 3550 190 37
1544 3589 48 51
1594 3589 215 51
1810 3589 216 51
2027 3589 190 51
1544 3642 48 51
1594 3642 215 51
1810 3642 216 51
2027 3642 190 51
1544 3694 48 51
1594 3694 215 51
1810 3694 216 51
2027 3694 190 51
1544 3747 48 51
1594 3747 215 51
1810 3747 216 51
2027 3747 190 51
1544 3800 48 51
1594 3800 215 51
1810 3800 216 51
2027 3800 190 51
1544 3852 48 51
1594 3852 215 51
1810 3852 216 51
2027 3852 190 51
1544 3905 48 51
1594 3905 215 51
1810 3905 216 51
2027 3905 190 51
1544 3957 48 51
1594 3957 215 51
1810 3957 216 51
2027 3958 190 51
1544 4010 48 51
1594 4010 215 51
1810 4010 216 51
2027 4010 190 51
1544 4063 48 51
1594 4063 215 51
1810 4063 216 51
2027 4063 190 51
1544 4115 48 51
1594 4115 215 51
1810 4115 216 51
2027 4115 190 51
1544 4168 48 51
1594 4168 215 51
1810 4168 216 51
2027 4168 190 51
1544 4221 48 51
1594 4221 215 51
1810 4221 216 51
2027 4221 190 51
2241 3550 48 37
2290 3550 215 37
2506 3550 216 37
2723 3550 191 37
2241 3589 48 51
2290 3589 215 51
2506 3589 216 51
2723 3589 191 51
2241 3642 48 51
2290 3642 215 51
2506 3642 216 51
2723 3642 191 51
2241 3694 48 51
2290 3694 215 51
2506 3694 216 51
2723 3694 191 51
2241 3747 48 51
2290 3747 215 51
2506 3747 216 51
2723 3747 191 51
2241 3800 48 51
2290 3800 215 51
2506 3800 216 51
2723 3800 191 51
2241 3852 48 51
2290 3852 215 51
2506 3852 216 51
2723 3852 191 51
2241 3905 48 51
2290 3905 215 51
2506 3905 216 51
2723 3905 191 51
2241 3957 48 51
2290 3957 215 51
2506 3957 216 51
2723 3958 191 51
2241 4010 48 51
2290 4010 215 51
2506 4010 216 51
2723 4010 191 51
2241 4063 48 51
2290 4063 215 51
2506 4063 216 51
2723 4063 191 51
2241 4115 48 51
2290 4115 215 51
2506 4115 216 51
2723 4115 191 51
2241 4168 48 51
2290 4168 215 51
2506 4168 216 51
2723 4168 191 51
