12 12 2245 161
12 174 2245 158
12 334 74 72
87 334 169 72
257 334 186 72
445 334 85 72
531 334 68 72
600 334 86 72
688 334 86 72
775 334 191 72
967 334 294 72
1263 334 994 72
87 407 169 52
257 407 186 321
445 407 85 321
531 407 68 321
600 407 86 321
688 407 86 321
775 407 191 321
967 407 294 321
12 408 74 320
1263 408 994 320
231 515 25 89
87 517 24 95
87 681 79 47
174 681 82 47
12 729 74 321
87 729 169 54
257 729 186 321
445 729 85 321
531 729 68 321
600 729 86 321
688 729 86 321
775 729 191 321
967 729 294 321
1263 729 994 321
231 825 25 43
87 829 25 126
233 871 23 85
87 1003 169 47
12 1051 74 321
87 1051 169 47
257 1051 186 321
445 1051 85 321
531 1051 68 321
600 1051 86 321
688 1051 86 321
775 1051 191 321
967 1051 294 321
1263 1051 994 321
87 1325 53 47
152 1325 27 47
198 1325 58 47
12 1373 2245 70
