12 11 2936 261
12 277 2936 119
25 402 1452 54
1496 402 1452 54
25 458 111 229
138 458 191 229
331 458 55 229
387 458 55 229
444 458 54 229
500 458 55 229
556 458 55 229
613 458 191 229
806 458 219 229
1027 458 450 229
1496 458 55 229
1552 458 55 229
1609 458 191 229
1802 458 55 229
1859 458 55 229
1915 458 55 229
1972 458 55 229
2029 458 55 229
2085 458 191 229
2278 458 220 229
2499 458 449 229
25 689 111 281
331 689 55 281
387 689 55 281
444 689 54 281
500 689 55 281
556 689 55 281
613 689 191 281
806 689 219 281
1027 689 450 281
1496 689 55 227
1552 689 55 227
1802 689 55 227
1859 689 55 227
1915 689 55 227
1972 689 55 227
2029 689 55 227
2085 689 191 227
2278 689 220 227
2499 689 449 227
1609 747 38 41
1758 757 42 29
1609 790 35 87
1765 798 35 80
1496 922 55 226
1552 922 55 226
1609 922 191 21
1802 922 55 226
1859 922 55 226
1915 922 55 226
1972 922 55 226
2029 922 55 226
2085 922 191 226
2278 922 220 226
2499 922 449 226
25 972 111 282
138 972 191 230
331 972 55 282
387 972 55 282
444 972 54 282
500 972 55 282
556 972 55 282
613 972 191 282
806 972 219 282
1027 972 450 282
1609 1026 30 87
1765 1027 35 81
1496 1153 55 226
1552 1153 55 226
1802 1153 55 226
1859 1153 55 226
1915 1153 55 226
1972 1153 55 226
2029 1153 55 226
2085 1153 191 226
2278 1153 220 226
2499 1153 449 226
1609 1213 40 94
138 1226 72 28
1764 1226 36 81
263 1227 66 27
25 1256 1452 55
25 1312 55 230
81 1312 55 230
138 1312 191 230
331 1312 55 230
387 1312 55 230
444 1312 54 230
500 1312 55 230
556 1312 55 230
613 1312 191 230
806 1312 219 230
1027 1312 450 230
1496 1384 55 227
1552 1384 55 227
1802 1384 55 227
1859 1384 55 227
1915 1384 55 227
1972 1384 55 227
2029 1384 55 227
2085 1384 191 227
2278 1384 220 227
2499 1384 449 227
1765 1447 35 105
1609 1461 33 98
25 1543 55 1989
81 1543 55 220
331 1543 55 220
387 1543 55 220
444 1543 54 220
500 1543 55 220
556 1543 55 220
613 1543 191 220
806 1543 219 220
1027 1543 450 220
138 1616 27 125
1483 1617 1465 2646
305 1618 24 105
139 1741 26 22
81 1764 55 220
331 1764 55 220
387 1764 55 220
444 1764 54 220
500 1764 55 220
556 1764 55 220
613 1764 191 220
806 1764 219 220
1027 1764 450 220
138 1823 25 145
286 1846 43 89
81 1986 55 219
331 1986 55 219
387 1986 55 219
444 1986 54 219
500 1986 55 219
556 1986 55 219
613 1986 191 219
806 1986 219 219
1027 1986 450 219
138 2047 39 125
295 2048 34 122
81 2207 55 219
331 2207 55 219
387 2207 55 219
444 2207 54 219
500 2207 55 219
556 2207 55 219
613 2207 191 219
806 2207 219 219
1027 2207 450 219
138 2263 29 22
304 2273 25 127
138 2285 28 126
81 2428 55 219
331 2428 55 219
387 2428 55 219
444 2428 54 219
500 2428 55 219
556 2428 55 219
613 2428 191 219
806 2428 219 219
1027 2428 450 219
298 2483 31 37
138 2488 31 33
138 2524 28 107
301 2525 28 105
81 2649 55 219
331 2649 55 219
387 2649 55 219
444 2649 54 219
500 2649 55 219
556 2649 55 219
613 2649 191 219
806 2649 219 219
1027 2649 450 219
138 2698 30 132
298 2725 31 101
81 2870 55 219
331 2870 55 219
387 2870 55 219
444 2870 54 219
500 2870 55 219
556 2870 55 219
613 2870 191 219
806 2870 219 219
1027 2870 450 219
81 3091 55 219
331 3091 55 219
387 3091 55 219
444 3091 54 219
500 3091 55 219
556 3091 55 219
613 3091 191 219
806 3091 219 219
1027 3091 450 219
138 3146 42 36
291 3148 38 33
138 3185 37 125
295 3185 34 89
81 3312 55 220
138 3312 191 220
331 3312 55 220
387 3312 55 220
444 3312 54 220
500 3312 55 220
556 3312 55 220
613 3312 191 220
806 3312 219 220
1027 3312 450 220
25 3533 1452 55
25 3590 55 229
81 3590 55 229
138 3590 191 229
331 3590 55 229
387 3590 55 229
444 3590 54 229
500 3590 55 229
556 3590 55 229
613 3590 191 229
806 3590 219 229
1027 3590 450 229
25 3821 55 440
81 3821 55 219
138 3821 191 212
331 3821 55 219
387 3821 55 219
444 3821 54 219
500 3821 55 219
556 3821 55 219
613 3821 191 219
806 3821 219 219
1027 3821 450 219
81 4042 55 219
331 4042 55 219
387 4042 55 219
444 4042 54 219
500 4042 55 219
556 4042 55 219
613 4042 191 219
806 4042 219 219
1027 4042 450 219
296 4104 33 115
138 4107 34 117
