16 17 2832 208
16 226 2832 246
16 474 109 110
126 474 362 110
489 474 84 110
574 474 84 110
659 474 84 110
745 474 83 110
830 474 83 110
915 474 395 110
1311 474 566 110
1878 474 970 110
16 585 109 770
126 585 362 770
489 585 84 770
574 585 84 770
659 585 84 770
745 585 83 770
830 585 83 770
915 585 395 770
1311 585 566 770
1878 585 970 770
16 1357 109 769
126 1357 362 769
489 1357 84 769
574 1357 84 769
659 1357 84 769
745 1357 83 769
830 1357 83 769
915 1357 395 769
1311 1357 566 769
1878 1357 970 769
16 2128 109 767
126 2128 362 767
489 2128 84 767
574 2128 84 767
659 2128 84 767
745 2128 83 767
830 2128 83 767
915 2128 395 767
1311 2128 566 767
1878 2128 970 767
16 2901 1416 1262
1436 2901 1412 1262
