11 11 2029 254
11 270 2029 140
11 415 2029 88
11 505 76 91
89 505 224 91
315 505 156 91
473 505 102 91
577 505 64 91
643 505 104 91
749 505 102 91
853 505 228 91
1083 505 356 91
1441 505 599 91
11 598 76 314
89 598 224 314
315 598 156 314
473 598 102 314
577 598 64 314
643 598 104 314
749 598 102 314
853 598 228 314
1083 598 356 314
1441 598 599 314
11 914 76 314
89 914 224 314
315 914 156 314
473 914 102 314
577 914 64 314
643 914 104 314
749 914 102 314
853 914 228 314
1083 914 356 314
1441 914 599 314
11 1230 76 315
89 1230 224 315
315 1230 156 315
473 1230 102 315
577 1230 64 315
643 1230 104 315
749 1230 102 315
853 1230 228 315
1083 1230 356 315
1441 1230 599 315
11 1547 76 314
89 1547 224 314
315 1547 156 314
473 1547 102 314
577 1547 64 314
643 1547 104 314
749 1547 102 314
853 1547 228 314
1083 1547 356 314
1441 1547 599 314
11 1863 76 314
89 1863 224 314
315 1863 156 314
473 1863 102 314
577 1863 64 314
643 1863 104 314
749 1863 102 314
853 1863 228 314
1083 1863 356 314
1441 1863 599 314
11 2179 76 314
89 2179 224 314
315 2179 156 314
473 2179 102 314
577 2179 64 314
643 2179 104 314
749 2179 102 314
853 2179 228 314
1083 2179 356 314
1441 2179 599 314
11 2495 76 311
89 2495 224 311
315 2495 156 311
473 2495 102 311
577 2495 64 311
643 2495 104 311
749 2495 102 311
853 2495 228 311
1083 2495 356 311
1441 2495 599 311
