16 17 2832 208
16 226 2832 246
16 474 109 110
126 474 362 110
489 474 84 110
574 474 84 110
659 474 84 110
745 474 83 110
830 474 83 110
915 474 395 110
1311 474 566 110
1878 474 970 110
16 585 109 504
126 585 362 504
489 585 84 504
574 585 84 504
659 585 84 504
745 585 83 504
830 585 83 504
915 585 395 504
1311 585 566 504
1878 585 970 504
16 1090 109 501
126 1090 362 501
489 1090 84 501
574 1090 84 501
659 1090 84 501
745 1090 83 501
830 1090 83 501
915 1090 395 501
1311 1090 566 501
1878 1090 970 501
16 1597 1416 2566
1436 1597 1412 2566
