8 46 2259 317
8 366 2259 189
8 557 92 159
103 557 187 159
293 557 184 159
479 557 154 159
636 557 84 159
723 557 118 159
844 557 169 159
1016 557 225 159
1244 557 226 159
1472 557 795 159
8 719 92 446
103 719 187 77
293 719 184 446
479 719 154 446
636 719 84 446
723 719 118 446
844 719 169 446
1016 719 225 446
1244 719 226 446
1472 719 795 446
103 839 32 118
249 843 41 108
191 1046 83 119
103 1047 78 118
8 1168 92 447
103 1168 187 447
293 1168 184 447
479 1168 154 447
636 1168 84 447
723 1168 118 447
844 1168 169 447
1016 1168 225 447
1244 1168 226 422
1472 1168 795 447
1422 1592 48 23
8 1618 92 445
103 1618 187 103
293 1618 184 445
479 1618 154 445
636 1618 84 445
723 1618 118 445
844 1618 169 445
1016 1618 225 445
1244 1618 226 445
1472 1618 795 445
159 1731 131 37
103 1772 22 31
197 1781 93 37
227 1833 63 24
262 1861 28 21
103 1934 116 129
255 1934 35 129
1548 2066 719 1203
8 2069 764 1200
775 2069 771 1200
