12 12 2890 236
12 250 2890 219
12 471 129 100
142 471 339 100
483 471 100 100
585 471 89 100
675 471 89 100
766 471 89 100
857 471 89 100
947 471 225 100
1174 471 367 100
1543 471 1359 100
12 573 129 361
142 573 339 361
483 573 100 361
585 573 89 361
675 573 89 361
766 573 89 361
857 573 89 361
947 573 225 361
1174 573 367 361
1543 573 1359 361
12 936 129 361
142 936 339 361
483 936 100 361
585 936 89 361
675 936 89 361
766 936 89 361
857 936 89 361
947 936 225 361
1174 936 367 361
1543 936 1359 361
12 1299 129 361
142 1299 339 361
483 1299 100 361
585 1299 89 361
675 1299 89 361
766 1299 89 361
857 1299 89 361
947 1299 225 361
1174 1299 367 361
1543 1299 1359 361
12 1662 129 361
142 1662 339 361
483 1662 100 361
585 1662 89 361
675 1662 89 361
766 1662 89 361
857 1662 89 361
947 1662 225 361
1174 1662 367 361
1543 1662 1359 361
1487 3798 196 55
1684 3798 322 55
2007 3798 526 55
2535 3798 112 55
2648 3798 225 55
1487 3854 196 82
1684 3854 322 82
2007 3854 526 82
2535 3854 112 82
2648 3854 225 82
1487 3937 196 82
1684 3937 322 82
2007 3937 526 82
2535 3937 112 82
2648 3937 225 82
