11 81 2087 178
11 261 2087 175
11 438 77 55
90 438 191 55
283 438 223 55
509 438 139 55
650 438 68 55
720 438 105 55
827 438 114 55
943 438 272 55
1217 438 364 55
1583 438 515 55
11 497 77 324
90 497 191 34
283 497 223 324
509 497 139 324
650 497 68 324
720 497 105 324
827 497 114 324
943 497 272 324
1217 497 364 324
1583 497 515 324
90 787 191 34
11 823 77 324
90 823 191 41
283 823 223 324
509 823 139 324
650 823 68 324
720 823 105 324
827 823 114 324
943 823 272 324
1217 823 364 324
1583 823 515 324
90 1113 191 34
11 1149 2087 1673
