179 198 2851 277
179 478 2851 303
179 785 2851 71
179 859 87 82
269 859 213 82
485 859 76 82
564 859 99 82
666 859 60 82
728 859 100 82
831 859 99 82
933 859 263 82
1199 859 388 82
1590 859 1440 82
179 944 87 275
269 944 213 275
485 944 76 275
564 944 99 275
666 944 60 275
728 944 100 275
831 944 99 275
933 944 263 275
1199 944 388 275
1590 944 1440 275
179 1222 87 275
269 1222 213 275
485 1222 76 275
564 1222 99 275
666 1222 60 275
728 1222 100 275
831 1222 99 275
933 1222 263 275
1199 1222 388 275
1590 1222 1440 275
179 1500 87 274
269 1500 213 274
485 1500 76 274
564 1500 99 274
666 1500 60 274
728 1500 100 274
831 1500 99 274
933 1500 263 274
1199 1500 388 274
1590 1500 1440 274
179 1777 87 275
269 1777 213 275
485 1777 76 275
564 1777 99 275
666 1777 60 275
728 1777 100 275
831 1777 99 275
933 1777 263 275
1199 1777 388 275
1590 1777 1440 275
179 2055 87 275
269 2055 213 275
485 2055 76 275
564 2055 99 275
666 2055 60 275
728 2055 100 275
831 2055 99 275
933 2055 263 275
1199 2055 388 275
1590 2055 1440 275
179 2333 2851 65
179 2401 87 275
269 2401 213 275
485 2401 76 275
564 2401 99 275
666 2401 60 275
728 2401 100 275
831 2401 99 275
933 2401 263 275
1199 2401 388 275
1590 2401 1440 275
179 2679 87 275
269 2679 213 275
485 2679 76 275
564 2679 99 275
666 2679 60 275
728 2679 100 275
831 2679 99 275
933 2679 263 275
1199 2679 388 275
1590 2679 1440 275
179 2957 87 274
269 2957 213 274
485 2957 76 274
564 2957 99 274
666 2957 60 274
728 2957 100 274
831 2957 99 274
933 2957 263 274
1199 2957 388 274
1590 2957 1440 274
179 3234 87 275
269 3234 213 275
485 3234 76 275
564 3234 99 275
666 3234 60 275
728 3234 100 275
831 3234 99 275
933 3234 263 275
1199 3234 388 275
1590 3234 1440 275
179 3512 87 275
269 3512 213 275
485 3512 76 275
564 3512 99 275
666 3512 60 275
728 3512 100 275
831 3512 99 275
933 3512 263 275
1199 3512 388 275
1590 3512 1440 275
179 3790 87 275
269 3790 213 275
485 3790 76 275
564 3790 99 275
666 3790 60 275
728 3790 100 275
831 3790 99 275
933 3790 263 275
1199 3790 388 275
1590 3790 1440 275
179 4068 2851 303
