172 192 2776 287
172 483 2776 166
172 652 40 108
215 652 210 108
428 652 82 108
513 652 87 108
603 652 54 108
660 652 93 108
756 652 94 108
853 652 133 108
989 652 198 108
1190 652 367 108
1560 652 42 108
1605 652 210 108
1818 652 82 108
1903 652 88 108
1994 652 53 108
2050 652 94 108
2147 652 93 108
2243 652 133 108
2379 652 198 108
2581 652 366 108
172 764 40 386
215 764 210 386
428 764 82 386
513 764 87 386
603 764 54 386
660 764 93 386
756 764 94 386
853 764 133 386
989 764 198 386
1190 764 367 386
1560 764 42 386
1605 764 210 386
1818 764 82 386
1903 764 88 386
1994 764 53 386
2050 764 94 386
2147 764 93 386
2243 764 133 386
2379 764 198 386
2581 764 366 386
172 1153 40 386
215 1153 210 386
428 1153 82 386
513 1153 87 386
603 1153 54 386
660 1153 93 386
756 1153 94 386
853 1153 133 386
989 1153 198 386
1190 1153 367 386
1560 1153 42 386
1605 1153 210 386
1818 1153 82 386
1903 1153 88 386
1994 1153 53 386
2050 1153 94 386
2147 1153 93 386
2243 1153 133 386
2379 1153 198 386
2581 1153 366 386
172 1542 1385 2688
1560 1542 1388 2688
