12 11 2936 261
12 277 2936 119
25 402 1452 54
1496 402 1452 54
25 458 111 229
138 458 191 229
331 458 55 229
387 458 55 229
444 458 55 229
501 458 55 229
557 458 55 229
614 458 191 229
807 458 220 229
1028 458 449 229
1496 458 55 229
1552 458 55 229
1609 458 191 229
1802 458 55 229
1859 458 55 229
1915 458 55 229
1972 458 55 229
2029 458 55 229
2085 458 191 229
2278 458 220 229
2499 458 449 229
25 689 111 229
331 689 55 229
387 689 55 229
444 689 55 229
501 689 55 229
557 689 55 229
614 689 191 229
807 689 220 229
1028 689 449 229
1496 689 55 227
1552 689 55 227
1802 689 55 227
1859 689 55 227
1915 689 55 227
1972 689 55 227
2029 689 55 227
2085 689 191 227
2278 689 220 227
2499 689 449 227
1609 749 40 98
1761 753 39 94
25 920 111 229
331 920 55 229
387 920 55 229
444 920 55 229
501 920 55 229
557 920 55 229
614 920 191 229
807 920 220 229
1028 920 449 229
1496 922 55 226
1552 922 55 226
1802 922 55 226
1859 922 55 226
1915 922 55 226
1972 922 55 226
2029 922 55 226
2085 922 191 226
2278 922 220 226
2499 922 449 226
1609 980 31 127
1771 985 29 121
138 986 40 100
297 993 32 94
25 1151 1452 55
1496 1153 55 456
1552 1153 55 227
1802 1153 55 227
1859 1153 55 227
1915 1153 55 227
1972 1153 55 227
2029 1153 55 227
2085 1153 191 227
2278 1153 220 227
2499 1153 449 227
25 1207 55 230
81 1207 55 230
138 1207 191 230
331 1207 55 230
387 1207 55 230
444 1207 55 230
501 1207 55 230
557 1207 55 230
614 1207 191 230
807 1207 220 230
1028 1207 449 230
1777 1237 23 91
1552 1382 55 227
1802 1382 55 227
1859 1382 55 227
1915 1382 55 227
1972 1382 55 227
2029 1382 55 227
2085 1382 191 227
2278 1382 220 227
2499 1382 449 227
1609 1425 42 103
25 1438 55 1154
81 1438 55 230
331 1438 55 230
387 1438 55 230
444 1438 55 230
501 1438 55 230
557 1438 55 230
614 1438 191 230
807 1438 220 230
1028 1438 449 230
1762 1451 38 76
1496 1614 55 457
1552 1614 55 228
1802 1614 55 228
1859 1614 55 228
1915 1614 55 228
1972 1614 55 228
2029 1614 55 228
2085 1614 191 228
2278 1614 220 228
2499 1614 449 228
1609 1661 39 38
1767 1663 33 37
81 1669 55 230
331 1669 55 230
387 1669 55 230
444 1669 55 230
501 1669 55 230
557 1669 55 230
614 1669 191 230
807 1669 220 230
1028 1669 449 230
1769 1701 31 141
1609 1703 37 131
138 1725 38 174
296 1727 33 172
1552 1844 55 227
1802 1844 55 227
1859 1844 55 227
1915 1844 55 227
1972 1844 55 227
2029 1844 55 227
2085 1844 191 227
2278 1844 220 227
2499 1844 449 227
81 1900 55 230
331 1900 55 230
387 1900 55 230
444 1900 55 230
501 1900 55 230
557 1900 55 230
614 1900 191 230
807 1900 220 230
1028 1900 449 230
1762 1902 38 22
1769 1929 31 142
1609 1930 34 97
138 1971 35 107
295 1986 34 91
1496 2077 55 225
1552 2077 55 225
1802 2077 55 225
1859 2077 55 225
1915 2077 55 225
1972 2077 55 225
2029 2077 55 225
2085 2077 191 225
2278 2077 220 225
2499 2077 449 225
1767 2120 33 129
1609 2127 36 121
81 2131 55 230
331 2131 55 230
387 2131 55 230
444 2131 55 230
501 2131 55 230
557 2131 55 230
614 2131 191 230
807 2131 220 230
1028 2131 449 230
1496 2308 55 226
1552 2308 55 226
1802 2308 55 226
1859 2308 55 226
1915 2308 55 226
1972 2308 55 226
2029 2308 55 226
2085 2308 191 226
2278 2308 220 226
2499 2308 449 226
81 2363 55 229
331 2363 55 229
387 2363 55 229
444 2363 55 229
501 2363 55 229
557 2363 55 229
614 2363 191 229
807 2363 220 229
1028 2363 449 229
1609 2371 31 128
1774 2372 26 126
1483 2539 1465 1724
25 2594 1452 55
25 2650 55 230
81 2650 55 230
138 2650 191 230
331 2650 55 230
387 2650 55 230
444 2650 55 230
501 2650 55 230
557 2650 55 230
614 2650 191 230
807 2650 220 230
1028 2650 449 230
25 2881 55 690
81 2881 55 230
331 2881 55 230
387 2881 55 230
444 2881 55 230
501 2881 55 230
557 2881 55 230
614 2881 191 230
807 2881 220 230
1028 2881 449 230
138 2966 35 59
298 2966 31 63
81 3112 55 230
331 3112 55 230
387 3112 55 230
444 3112 55 230
501 3112 55 230
557 3112 55 230
614 3112 191 230
807 3112 220 230
1028 3112 449 230
299 3165 30 33
138 3169 39 28
138 3200 35 142
302 3200 27 134
81 3343 55 228
331 3343 55 228
387 3343 55 228
444 3343 55 228
501 3343 55 228
557 3343 55 228
614 3343 191 228
807 3343 220 228
1028 3343 449 228
291 3390 38 96
138 3401 28 118
25 3576 55 457
81 3576 55 228
331 3576 55 228
387 3576 55 228
444 3576 55 228
501 3576 55 228
557 3576 55 228
614 3576 191 228
807 3576 220 228
1028 3576 449 228
303 3632 26 157
138 3640 27 150
81 3805 55 228
331 3805 55 228
387 3805 55 228
444 3805 55 228
501 3805 55 228
557 3805 55 228
614 3805 191 228
807 3805 220 228
1028 3805 449 228
293 3858 36 36
138 3861 39 99
295 3895 34 68
25 4039 55 224
81 4039 55 224
331 4039 55 224
387 4039 55 224
444 4039 55 224
501 4039 55 224
557 4039 55 224
614 4039 191 224
807 4039 220 224
1028 4039 449 224
138 4095 29 165
291 4100 38 163
