16 17 2832 208
16 226 2832 246
16 474 109 110
126 474 362 110
489 474 84 110
574 474 84 110
659 474 84 110
745 474 83 110
830 474 83 110
915 474 395 110
1311 474 566 110
1878 474 970 110
16 585 109 418
126 585 362 418
489 585 84 418
574 585 84 418
659 585 84 418
745 585 83 418
830 585 83 418
915 585 395 418
1311 585 566 418
1878 585 970 418
16 1005 109 416
126 1005 362 416
489 1005 84 416
574 1005 84 416
659 1005 84 416
745 1005 83 416
830 1005 83 416
915 1005 395 416
1311 1005 566 416
1878 1005 970 416
16 1427 1416 2736
1436 1427 1412 2736
