16 17 2832 208
16 226 2832 246
16 474 109 110
126 474 362 110
489 474 84 110
574 474 84 110
659 474 84 110
745 474 83 110
830 474 83 110
915 474 395 110
1311 474 566 110
1878 474 970 110
16 586 109 434
126 586 362 434
489 586 84 434
574 586 84 434
659 586 84 434
745 586 83 434
830 586 83 434
915 586 395 434
1311 586 566 434
1878 586 970 434
16 1022 109 433
126 1022 362 433
489 1022 84 433
574 1022 84 433
659 1022 84 433
745 1022 83 433
830 1022 83 433
915 1022 395 433
1311 1022 566 433
1878 1022 970 433
16 1461 1416 2702
1436 1461 1412 2702
