11 11 2029 255
11 271 2029 139
11 415 76 88
89 415 224 88
315 415 156 88
473 415 102 88
577 415 64 88
643 415 104 88
749 415 102 88
853 415 228 88
1083 415 356 88
1441 415 599 88
11 505 76 559
89 505 224 559
315 505 156 559
473 505 102 559
577 505 64 559
643 505 104 559
749 505 102 559
853 505 228 559
1083 505 356 559
1441 505 599 559
11 1066 76 560
89 1066 224 560
315 1066 156 560
473 1066 102 560
577 1066 64 560
643 1066 104 560
749 1066 102 560
853 1066 228 560
1083 1066 356 560
1441 1066 599 560
11 1628 76 559
89 1628 224 559
315 1628 156 559
473 1628 102 559
577 1628 64 559
643 1628 104 559
749 1628 102 559
853 1628 228 559
1083 1628 356 559
1441 1628 599 559
11 2189 76 558
89 2189 224 558
315 2189 156 558
473 2189 102 558
577 2189 64 558
643 2189 104 558
749 2189 102 558
853 2189 228 558
1083 2189 356 558
1441 2189 599 558
11 2752 2029 54
