12 11 2936 261
12 277 2936 119
25 402 1452 54
1498 402 1450 54
25 458 111 229
138 458 191 228
331 458 55 229
387 458 55 229
444 458 55 229
501 458 55 229
557 458 55 229
614 458 191 229
807 458 219 229
1028 458 449 229
1498 458 55 229
1555 458 55 229
1612 458 191 229
1805 458 55 229
1861 458 55 229
1918 458 55 229
1975 458 55 229
2031 458 55 229
2088 458 191 229
2281 458 219 229
2502 458 446 229
25 689 111 229
331 689 55 229
387 689 55 229
444 689 55 229
501 689 55 229
557 689 55 229
614 689 191 229
807 689 219 229
1028 689 449 229
1498 689 55 459
1555 689 55 229
1805 689 55 229
1861 689 55 229
1918 689 55 229
1975 689 55 229
2031 689 55 229
2088 689 191 229
2281 689 219 229
2502 689 446 229
25 920 111 229
331 920 55 229
387 920 55 229
444 920 55 229
501 920 55 229
557 920 55 229
614 920 191 229
807 920 219 229
1028 920 449 229
1555 920 55 228
1805 920 55 228
1861 920 55 228
1918 920 55 228
1975 920 55 228
2031 920 55 228
2088 920 191 228
2281 920 219 228
2502 920 446 228
25 1151 1452 55
1498 1153 55 687
1555 1153 55 227
1805 1153 55 227
1861 1153 55 227
1918 1153 55 227
1975 1153 55 227
2031 1153 55 227
2088 1153 191 227
2281 1153 219 227
2502 1153 446 227
25 1207 55 230
81 1207 55 230
138 1207 191 229
331 1207 55 230
387 1207 55 230
444 1207 55 230
501 1207 55 230
557 1207 55 230
614 1207 191 230
807 1207 219 230
1028 1207 449 230
1555 1382 55 229
1805 1382 55 229
1861 1382 55 229
1918 1382 55 229
1975 1382 55 229
2031 1382 55 229
2088 1382 191 229
2281 1382 219 229
2502 1382 446 229
25 1438 55 1385
81 1438 55 230
331 1438 55 230
387 1438 55 230
444 1438 55 230
501 1438 55 230
557 1438 55 230
614 1438 191 230
807 1438 219 230
1028 1438 449 230
1555 1613 55 227
1805 1613 55 227
1861 1613 55 227
1918 1613 55 227
1975 1613 55 227
2031 1613 55 227
2088 1613 191 227
2281 1613 219 227
2502 1613 446 227
81 1669 55 230
138 1669 191 230
331 1669 55 230
387 1669 55 230
444 1669 55 230
501 1669 55 230
557 1669 55 230
614 1669 191 230
807 1669 219 230
1028 1669 449 230
1498 1846 55 455
1555 1846 55 227
1805 1846 55 227
1861 1846 55 227
1918 1846 55 227
1975 1846 55 227
2031 1846 55 227
2088 1846 191 227
2281 1846 219 227
2502 1846 446 227
81 1900 55 230
331 1900 55 230
387 1900 55 230
444 1900 55 230
501 1900 55 230
557 1900 55 230
614 1900 191 230
807 1900 219 230
1028 1900 449 230
1555 2075 55 226
1805 2075 55 226
1861 2075 55 226
1918 2075 55 226
1975 2075 55 226
2031 2075 55 226
2088 2075 191 226
2281 2075 219 226
2502 2075 446 226
81 2131 55 230
331 2131 55 230
387 2131 55 230
444 2131 55 230
501 2131 55 230
557 2131 55 230
614 2131 191 230
807 2131 219 230
1028 2131 449 230
1498 2307 55 456
1555 2307 55 228
1805 2307 55 228
1861 2307 55 228
1918 2307 55 228
1975 2307 55 228
2031 2307 55 228
2088 2307 191 228
2281 2307 219 228
2502 2307 446 228
81 2363 55 229
331 2363 55 229
387 2363 55 229
444 2363 55 229
501 2363 55 229
557 2363 55 229
614 2363 191 229
807 2363 219 229
1028 2363 449 229
1555 2537 55 226
1805 2537 55 226
1861 2537 55 226
1918 2537 55 226
1975 2537 55 226
2031 2537 55 226
2088 2537 191 226
2281 2537 219 226
2502 2537 446 226
81 2594 55 229
331 2594 55 229
387 2594 55 229
444 2594 55 229
501 2594 55 229
557 2594 55 229
614 2594 191 229
807 2594 219 229
1028 2594 449 229
1498 2769 55 688
1555 2769 55 228
1805 2769 55 228
1861 2769 55 228
1918 2769 55 228
1975 2769 55 228
2031 2769 55 228
2088 2769 191 228
2281 2769 219 228
2502 2769 446 228
25 2825 1452 55
25 2881 55 230
81 2881 55 230
138 2881 191 230
331 2881 55 230
387 2881 55 230
444 2881 55 230
501 2881 55 230
557 2881 55 230
614 2881 191 230
807 2881 219 230
1028 2881 449 230
1555 2999 55 229
1612 2999 191 198
1805 2999 55 229
1861 2999 55 229
1918 2999 55 229
1975 2999 55 229
2031 2999 55 229
2088 2999 191 229
2281 2999 219 229
2502 2999 446 229
25 3112 55 227
81 3112 55 227
331 3112 55 227
387 3112 55 227
444 3112 55 227
501 3112 55 227
557 3112 55 227
614 3112 191 227
807 3112 219 227
1028 3112 449 227
1612 3198 191 30
1555 3230 55 227
1805 3230 55 227
1861 3230 55 227
1918 3230 55 227
1975 3230 55 227
2031 3230 55 227
2088 3230 191 227
2281 3230 219 227
2502 3230 446 227
25 3345 55 226
81 3345 55 226
331 3345 55 226
387 3345 55 226
444 3345 55 226
501 3345 55 226
557 3345 55 226
614 3345 191 226
807 3345 219 226
1028 3345 449 226
1498 3463 55 456
1555 3463 55 227
1805 3463 55 227
1861 3463 55 227
1918 3463 55 227
1975 3463 55 227
2031 3463 55 227
2088 3463 191 227
2281 3463 219 227
2502 3463 446 227
1754 3507 49 27
25 3576 55 226
81 3576 55 226
331 3576 55 226
387 3576 55 226
444 3576 55 226
501 3576 55 226
557 3576 55 226
614 3576 191 226
807 3576 219 226
1028 3576 449 226
1555 3692 55 227
1805 3692 55 227
1861 3692 55 227
1918 3692 55 227
1975 3692 55 227
2031 3692 55 227
2088 3692 191 227
2281 3692 219 227
2502 3692 446 227
25 3807 55 456
81 3807 55 228
331 3807 55 228
387 3807 55 228
444 3807 55 228
501 3807 55 228
557 3807 55 228
614 3807 191 228
807 3807 219 228
1028 3807 449 228
1483 3924 1465 339
81 4036 55 227
331 4036 55 227
387 4036 55 227
444 4036 55 227
501 4036 55 227
557 4036 55 227
614 4036 191 227
807 4036 219 227
1028 4036 449 227
