8 8 120 172
130 8 271 172
404 8 229 172
636 8 94 172
732 8 95 172
829 8 142 172
973 8 116 172
1092 8 261 172
1356 8 478 172
1837 8 1050 172
8 183 120 367
130 183 271 367
404 183 229 367
636 183 94 367
732 183 95 367
829 183 142 367
973 183 116 367
1092 183 261 367
1356 183 478 367
1837 183 1050 367
8 554 1479 3186
1491 554 1396 2533
1491 3091 1396 58
1491 3151 94 48
1587 3151 115 48
1704 3151 218 48
1923 3151 569 48
2493 3151 394 48
1491 3201 94 46
1587 3201 115 46
1704 3201 218 46
1923 3201 569 46
2493 3201 394 46
1491 3249 94 48
1587 3249 115 48
1704 3249 218 48
1923 3249 569 48
2493 3249 394 48
1491 3298 94 49
1587 3298 115 49
1704 3298 218 49
1923 3298 569 49
2493 3298 394 49
1491 3348 1396 392
