43 245 106 61
151 245 112 61
264 245 384 61
650 245 310 61
961 245 475 30
961 276 107 30
1069 276 367 30
43 307 106 67
150 307 113 67
264 307 384 67
649 307 311 67
961 307 107 67
1069 307 367 67
43 375 106 67
150 375 113 67
264 375 384 67
649 375 311 67
961 375 107 67
1069 375 367 67
43 443 106 67
150 443 113 67
264 443 384 67
649 443 311 67
961 443 107 67
1069 443 367 67
43 511 106 67
150 511 113 67
264 511 384 67
649 511 311 67
961 511 107 67
1069 511 367 67
43 579 106 67
150 579 113 67
264 579 384 67
649 579 311 67
961 579 107 67
1069 579 367 67
43 647 106 67
150 647 113 67
264 647 384 67
649 647 311 67
961 647 107 67
1069 647 367 67
43 715 106 67
150 715 113 67
264 715 384 67
649 715 311 67
961 715 107 67
1069 715 367 67
43 783 106 67
150 783 113 67
264 783 384 67
649 783 311 67
961 783 107 67
1069 783 367 67
43 851 106 67
150 851 113 67
264 851 384 67
649 851 311 67
961 851 107 67
1069 851 367 67
43 919 106 67
150 919 113 67
264 919 384 67
649 919 311 67
961 919 107 67
1069 919 367 67
43 987 106 67
150 987 113 67
264 987 384 67
649 987 311 67
961 987 107 67
1069 987 367 67
43 1055 106 67
150 1055 113 67
264 1055 384 67
649 1055 311 67
961 1055 107 67
1069 1055 367 67
43 1123 106 68
150 1123 113 68
264 1123 384 68
649 1123 311 68
961 1123 107 68
1069 1123 367 68
43 1192 106 67
150 1192 113 67
264 1192 384 67
649 1192 311 67
961 1192 107 67
1069 1192 367 67
43 1260 106 67
150 1260 113 67
264 1260 384 67
649 1260 311 67
961 1260 107 67
1069 1260 367 67
43 1328 106 67
150 1328 113 67
264 1328 384 67
649 1328 311 67
961 1328 107 67
1069 1328 367 67
43 1396 106 67
150 1396 113 67
264 1396 384 67
649 1396 311 67
961 1396 107 67
1069 1396 367 67
43 1464 106 67
150 1464 113 67
264 1464 384 67
649 1464 311 67
961 1464 107 67
1069 1464 367 67
43 1532 106 67
150 1532 113 67
264 1532 384 67
649 1532 311 67
961 1532 107 67
1069 1532 367 67
43 1600 106 67
150 1600 113 67
264 1600 384 67
649 1600 311 67
961 1600 107 67
1069 1600 367 67
43 1668 106 67
150 1668 113 67
264 1668 384 67
649 1668 311 67
961 1668 107 67
1069 1668 367 67
43 1736 106 67
150 1736 113 67
264 1736 384 67
649 1736 311 67
961 1736 107 67
1069 1736 367 67
43 1804 106 67
150 1804 113 67
264 1804 384 67
649 1804 311 67
961 1804 107 67
1069 1804 367 67
43 1872 106 67
150 1872 113 67
264 1872 384 67
649 1872 311 67
961 1872 107 67
1069 1872 367 67
43 1940 106 67
150 1940 113 67
264 1940 384 67
649 1940 311 67
961 1940 107 67
1069 1940 367 67
43 2008 106 67
150 2008 113 67
264 2008 384 67
649 2008 311 67
961 2008 107 67
1069 2008 367 67
43 2076 106 67
150 2076 113 67
264 2076 384 67
649 2076 311 67
961 2076 107 67
1069 2076 367 67
43 2144 106 67
150 2144 113 67
264 2144 384 67
649 2144 311 67
961 2144 107 67
1069 2144 367 67
43 2212 106 67
150 2212 113 67
264 2212 384 67
649 2212 311 67
961 2212 107 67
1069 2212 367 67
43 2280 106 67
150 2280 113 67
264 2280 384 67
649 2280 311 67
961 2280 107 67
1069 2280 367 67
43 2348 106 67
150 2348 113 67
264 2348 384 67
649 2348 311 67
961 2348 107 67
1069 2348 367 67
43 2416 106 67
150 2416 113 67
264 2416 384 67
649 2416 311 67
961 2416 107 67
1069 2416 367 67
43 2484 106 67
150 2484 113 67
264 2484 384 67
649 2484 311 67
961 2484 107 67
1069 2484 367 67
43 2552 106 67
150 2552 113 67
264 2552 384 67
649 2552 311 67
961 2552 107 67
1069 2552 367 67
43 2620 106 67
150 2620 113 67
264 2620 384 67
649 2620 311 67
961 2620 107 67
1069 2620 367 67
43 2688 106 67
150 2688 113 67
264 2688 384 67
649 2688 311 67
961 2688 107 67
1069 2688 367 67
43 2756 106 67
150 2756 113 67
264 2756 384 67
649 2756 311 67
961 2756 107 67
1069 2756 367 67
43 2824 106 67
150 2824 113 67
264 2824 384 67
649 2824 311 67
961 2824 107 67
1069 2824 367 67
43 2892 106 67
150 2892 113 67
264 2892 384 67
649 2892 311 67
961 2892 107 67
1069 2892 367 67
43 2960 106 67
150 2960 113 67
264 2960 384 67
649 2960 311 67
961 2960 107 67
1069 2960 367 67
43 3028 106 67
150 3028 113 67
264 3028 384 67
649 3028 311 67
961 3028 107 67
1069 3028 367 67
43 3096 106 67
150 3096 113 67
264 3096 384 67
649 3096 311 67
961 3096 107 67
1069 3096 367 67
43 3164 106 67
150 3164 113 67
264 3164 384 67
649 3164 311 67
961 3164 107 67
1069 3164 367 67
43 3232 106 67
150 3232 113 67
264 3232 384 67
649 3232 311 67
961 3232 107 67
1069 3232 367 67
43 3300 106 68
150 3300 113 68
264 3300 384 68
649 3300 311 68
961 3300 107 68
1069 3300 367 68
1467 245 107 61
1575 245 112 61
1688 245 384 61
2074 245 310 61
2386 245 475 30
2386 276 106 30
2493 276 368 30
1467 307 107 67
1575 307 112 67
1688 307 385 67
2074 307 311 67
2386 307 106 67
2493 307 368 67
1467 375 107 67
1575 375 112 67
1688 375 385 67
2074 375 311 67
2386 375 106 67
2493 375 368 67
1467 443 107 67
1575 443 112 67
1688 443 385 67
2074 443 311 67
2386 443 106 67
2493 443 368 67
1467 511 107 67
1575 511 112 67
1688 511 385 67
2074 511 311 67
2386 511 106 67
2493 511 368 67
1467 579 107 67
1575 579 112 67
1688 579 385 67
2074 579 311 67
2386 579 106 67
2493 579 368 67
1467 647 107 67
1575 647 112 67
1688 647 385 67
2074 647 311 67
2386 647 106 67
2493 647 368 67
1467 715 107 67
1575 715 112 67
1688 715 385 67
2074 715 311 67
2386 715 106 67
2493 715 368 67
1467 783 107 67
1575 783 112 67
1688 783 385 67
2074 783 311 67
2386 783 106 67
2493 783 368 67
1467 851 107 67
1575 851 112 67
1688 851 385 67
2074 851 311 67
2386 851 106 67
2493 851 368 67
1467 919 107 67
1575 919 112 67
1688 919 385 67
2074 919 311 67
2386 919 106 67
2493 919 368 67
1467 987 107 67
1575 987 112 67
1688 987 385 67
2074 987 311 67
2386 987 106 67
2493 987 368 67
1467 1055 107 67
1575 1055 112 67
1688 1055 385 67
2074 1055 311 67
2386 1055 106 67
2493 1055 368 67
1467 1123 107 67
1575 1123 112 67
1688 1123 385 67
2074 1123 311 67
2386 1123 106 67
2493 1123 368 67
1467 1191 107 67
1575 1191 112 67
1688 1191 385 67
2074 1191 311 67
2386 1191 106 67
2493 1191 368 67
1467 1259 107 67
1575 1259 112 67
1688 1259 385 67
2074 1259 311 67
2386 1259 106 67
2493 1259 368 67
1467 1327 107 67
1575 1327 112 67
1688 1327 385 67
2074 1327 311 67
2386 1327 106 67
2493 1327 368 67
1467 1395 107 67
1575 1395 112 67
1688 1395 385 67
2074 1395 311 67
2386 1395 106 67
2493 1395 368 67
1467 1463 107 67
1575 1463 112 67
1688 1463 385 67
2074 1463 311 67
2386 1463 106 67
2493 1463 368 67
1467 1531 107 67
1575 1531 112 67
1688 1531 385 67
2074 1531 311 67
2386 1531 106 67
2493 1531 368 67
1467 1599 107 68
1575 1599 112 68
1688 1599 385 68
2074 1599 311 68
2386 1599 106 68
2493 1599 368 68
1467 1668 107 67
1575 1668 112 67
1688 1668 385 67
2074 1668 311 67
2386 1668 106 67
2493 1668 368 67
1467 1736 107 67
1575 1736 112 67
1688 1736 385 67
2074 1736 311 67
2386 1736 106 67
2493 1736 368 67
1467 1804 107 67
1575 1804 112 67
1688 1804 385 67
2074 1804 311 67
2386 1804 106 67
2493 1804 368 67
1467 1872 107 67
1575 1872 112 67
1688 1872 385 67
2074 1872 311 67
2386 1872 106 67
2493 1872 368 67
1467 1940 107 67
1575 1940 112 67
1688 1940 385 67
2074 1940 311 67
2386 1940 106 67
2493 1940 368 67
1467 2008 107 67
1575 2008 112 67
1688 2008 385 67
2074 2008 311 67
2386 2008 106 67
2493 2008 368 67
1467 2076 107 67
1575 2076 112 67
1688 2076 385 67
2074 2076 311 67
2386 2076 106 67
2493 2076 368 67
1467 2144 107 67
1575 2144 112 67
1688 2144 385 67
2074 2144 311 67
2386 2144 106 67
2493 2144 368 67
1467 2212 107 67
1575 2212 112 67
1688 2212 385 67
2074 2212 311 67
2386 2212 106 67
2493 2212 368 67
1467 2280 107 67
1575 2280 112 67
1688 2280 385 67
2074 2280 311 67
2386 2280 106 67
2493 2280 368 67
1467 2348 107 67
1575 2348 112 67
1688 2348 385 67
2074 2348 311 67
2386 2348 106 67
2493 2348 368 67
1467 2416 107 67
1575 2416 112 67
1688 2416 385 67
2074 2416 311 67
2386 2416 106 67
2493 2416 368 67
1467 2484 107 67
1575 2484 112 67
1688 2484 385 67
2074 2484 311 67
2386 2484 106 67
2493 2484 368 67
1467 2552 107 67
1575 2552 112 67
1688 2552 385 67
2074 2552 311 67
2386 2552 106 67
2493 2552 368 67
1467 2620 107 67
1575 2620 112 67
1688 2620 385 67
2074 2620 311 67
2386 2620 106 67
2493 2620 368 67
1467 2688 107 67
1575 2688 112 67
1688 2688 385 67
2074 2688 311 67
2386 2688 106 67
2493 2688 368 67
1467 2756 107 67
1575 2756 112 67
1688 2756 385 67
2074 2756 311 67
2386 2756 106 67
2493 2756 368 67
1467 2824 107 67
1575 2824 112 67
1688 2824 385 67
2074 2824 311 67
2386 2824 106 67
2493 2824 368 67
1467 2892 107 67
1575 2892 112 67
1688 2892 385 67
2074 2892 311 67
2386 2892 106 67
2493 2892 368 67
1467 2960 107 67
1575 2960 112 67
1688 2960 385 67
2074 2960 311 67
2386 2960 106 67
2493 2960 368 67
1467 3028 107 67
1575 3028 112 67
1688 3028 385 67
2074 3028 311 67
2386 3028 106 67
2493 3028 368 67
1467 3096 107 67
1575 3096 112 67
1688 3096 385 67
2074 3096 311 67
2386 3096 106 67
2493 3096 368 67
