12 11 2936 255
12 271 2936 233
12 510 2936 184
25 700 111 228
138 700 202 228
342 700 76 228
420 700 76 228
497 700 76 228
575 700 76 228
653 700 76 228
730 700 225 228
957 700 509 228
1467 700 1467 228
25 929 111 257
342 929 76 257
420 929 76 257
497 929 76 257
575 929 76 257
653 929 76 257
730 929 225 257
957 929 509 257
1467 929 1467 257
25 1187 111 257
342 1187 76 257
420 1187 76 257
497 1187 76 257
575 1187 76 257
653 1187 76 257
730 1187 225 257
957 1187 509 257
1467 1187 1467 257
138 1244 38 45
308 1258 32 185
138 1297 30 147
25 1445 111 257
342 1445 76 257
420 1445 76 257
497 1445 76 257
575 1445 76 257
653 1445 76 257
730 1445 225 257
957 1445 509 257
1467 1445 1467 257
138 1503 31 138
302 1510 38 21
305 1535 35 92
25 1703 111 256
342 1703 76 256
420 1703 76 256
497 1703 76 256
575 1703 76 256
653 1703 76 256
730 1703 225 256
957 1703 509 256
1467 1703 1467 256
297 1771 43 26
138 1777 42 21
306 1800 34 87
138 1805 34 75
25 1961 111 256
342 1961 76 256
420 1961 76 256
497 1961 76 256
575 1961 76 256
653 1961 76 256
730 1961 225 256
957 1961 509 256
1467 1961 1467 256
25 2219 111 256
342 2219 76 256
420 2219 76 256
497 2219 76 256
575 2219 76 256
653 2219 76 256
730 2219 225 256
957 2219 509 256
1467 2219 1467 256
138 2272 44 26
300 2273 40 25
138 2303 41 66
303 2303 37 82
25 2477 111 256
342 2477 76 256
420 2477 76 256
497 2477 76 256
575 2477 76 256
653 2477 76 256
730 2477 225 256
957 2477 509 256
1467 2477 1467 256
25 2735 111 256
342 2735 76 256
420 2735 76 256
497 2735 76 256
575 2735 76 256
653 2735 76 256
730 2735 225 256
957 2735 509 256
1467 2735 1467 256
307 2787 33 125
138 2790 37 107
25 2993 111 256
342 2993 76 256
420 2993 76 256
497 2993 76 256
575 2993 76 256
653 2993 76 256
730 2993 225 256
957 2993 509 256
1467 2993 1467 256
25 3251 111 256
342 3251 76 256
420 3251 76 256
497 3251 76 256
575 3251 76 256
653 3251 76 256
730 3251 225 256
957 3251 509 256
1467 3251 1467 256
25 3509 111 256
342 3509 76 256
420 3509 76 256
497 3509 76 256
575 3509 76 256
653 3509 76 256
730 3509 225 256
957 3509 509 256
1467 3509 1467 256
138 3565 40 27
300 3565 40 27
138 3596 34 91
307 3598 33 89
12 3767 2936 440
