9 67 2031 209
9 280 2031 158
9 447 2031 51
9 500 56 55
68 500 196 55
266 500 190 55
459 500 83 55
544 500 54 55
600 500 83 55
686 500 94 55
782 500 185 55
969 500 287 55
1258 500 782 55
9 557 56 502
68 557 196 502
266 557 190 502
459 557 83 502
544 557 54 502
600 557 83 502
686 557 94 502
782 557 185 502
969 557 287 502
1258 557 782 502
9 1061 56 503
68 1061 196 503
266 1061 190 503
459 1061 83 503
544 1061 54 503
600 1061 83 503
686 1061 94 503
782 1061 185 503
969 1061 287 503
1258 1061 782 503
9 1566 56 499
68 1566 196 499
266 1566 190 499
459 1566 83 499
544 1566 54 499
600 1566 83 499
686 1566 94 499
782 1566 185 499
969 1566 287 499
1258 1566 782 499
9 2074 2031 841
