23 22 2857 225
23 248 2857 199
23 448 95 83
119 448 271 83
391 448 101 83
493 448 118 83
612 448 67 83
680 448 129 83
811 448 129 83
941 448 271 83
1213 448 435 83
1650 448 1230 83
23 535 95 460
119 535 271 460
391 535 101 460
493 535 118 460
612 535 67 460
680 535 129 460
811 535 129 460
941 535 271 460
1213 535 435 460
1650 535 1230 460
23 997 95 462
119 997 271 462
391 997 101 462
493 997 118 462
612 997 67 462
680 997 129 462
811 997 129 462
941 997 271 462
1213 997 435 462
1650 997 1230 462
23 1460 95 462
119 1460 271 462
391 1460 101 462
493 1460 118 462
612 1460 67 462
680 1460 129 462
811 1460 129 462
941 1460 271 462
1213 1460 435 462
1650 1460 1230 462
23 1923 95 462
119 1923 271 462
391 1923 101 462
493 1923 118 462
612 1923 67 462
680 1923 129 462
811 1923 129 462
941 1923 271 462
1213 1923 435 462
1650 1923 1230 462
23 2386 95 462
119 2386 271 462
391 2386 101 462
493 2386 118 462
612 2386 67 462
680 2386 129 462
811 2386 129 462
941 2386 271 462
1213 2386 435 462
1650 2386 1230 462
23 2850 95 462
119 2850 271 462
391 2850 101 462
493 2850 118 462
612 2850 67 462
680 2850 129 462
811 2850 129 462
941 2850 271 462
1213 2850 435 462
1650 2850 1230 462
23 3313 95 462
119 3313 271 462
391 3313 101 462
493 3313 118 462
612 3313 67 462
680 3313 129 462
811 3313 129 462
941 3313 271 462
1213 3313 435 462
1650 3313 1230 462
23 3780 2857 217
