23 22 2857 223
23 246 2857 142
23 389 94 82
118 389 271 82
390 389 101 82
492 389 118 82
611 389 67 82
679 389 129 82
810 389 129 82
940 389 271 82
1212 389 435 82
1649 389 1231 82
23 475 94 548
118 475 271 548
390 475 101 548
492 475 118 548
611 475 67 548
679 475 129 548
810 475 129 548
940 475 271 548
1212 475 435 548
1649 475 1231 548
23 1024 94 549
118 1024 271 549
390 1024 101 549
492 1024 118 549
611 1024 67 549
679 1024 129 549
810 1024 129 549
940 1024 271 549
1212 1024 435 549
1649 1024 1231 549
23 1575 94 549
118 1575 271 549
390 1575 101 549
492 1575 118 549
611 1575 67 549
679 1575 129 549
810 1575 129 549
940 1575 271 549
1212 1575 435 549
1649 1575 1231 549
23 2125 94 549
118 2125 271 549
390 2125 101 549
492 2125 118 549
611 2125 67 549
679 2125 129 549
810 2125 129 549
940 2125 271 549
1212 2125 435 549
1649 2125 1231 549
23 2675 94 549
118 2675 271 549
390 2675 101 549
492 2675 118 549
611 2675 67 549
679 2675 129 549
810 2675 129 549
940 2675 271 549
1212 2675 435 549
1649 2675 1231 549
23 3226 94 549
118 3226 271 549
390 3226 101 549
492 3226 118 549
611 3226 67 549
679 3226 129 549
810 3226 129 549
940 3226 271 549
1212 3226 435 549
1649 3226 1231 549
23 3780 2857 217
