64 104 2100 153
64 259 2100 155
64 416 84 77
150 416 193 77
345 416 114 77
461 416 51 77
514 416 51 77
567 416 50 77
620 416 50 77
672 416 209 77
883 416 457 77
1342 416 822 77
64 495 84 261
150 495 193 192
345 495 114 261
461 495 51 261
514 495 51 261
567 495 50 261
620 495 50 261
672 495 209 261
883 495 457 261
1342 495 822 261
64 759 84 261
345 759 114 261
461 759 51 261
514 759 51 261
567 759 50 261
620 759 50 261
672 759 209 261
883 759 457 261
1342 759 822 261
64 1022 84 259
567 1022 50 259
620 1022 50 259
672 1022 209 259
1342 1022 822 259
345 1023 114 257
461 1023 51 257
514 1023 51 257
883 1023 457 257
150 1082 35 27
64 1289 1048 2048
1116 1289 1048 2048
