106 90 2851 276
106 368 2851 225
106 595 112 84
220 595 258 84
480 595 236 84
718 595 88 84
808 595 66 84
876 595 123 84
1001 595 196 84
1199 595 238 84
1439 595 438 84
1879 595 1078 84
106 681 112 337
220 681 258 55
480 681 236 337
718 681 88 337
808 681 66 337
876 681 123 337
1001 681 196 337
1199 681 238 337
1439 681 438 337
1879 681 1078 337
220 805 46 39
431 816 47 27
434 847 44 126
220 848 41 132
106 1020 2851 2577
106 3597 1495 619
1604 3600 1353 54
2519 3655 438 68
1604 3656 133 67
1738 3656 357 67
2096 3656 422 67
1604 3724 133 83
1738 3724 357 83
2096 3724 422 83
2519 3724 438 83
1604 3808 133 89
1738 3808 357 89
2096 3808 422 89
2519 3808 438 89
1601 3900 1356 316
