11 81 2087 162
11 244 2087 164
11 409 2087 116
1042 527 404 54
11 528 77 54
90 528 191 54
283 528 187 54
472 528 115 54
589 528 63 54
654 528 89 54
745 528 101 54
848 528 192 54
1449 528 649 54
11 585 77 219
283 585 187 219
472 585 115 219
589 585 63 219
654 585 89 219
745 585 101 219
848 585 192 219
1042 585 404 219
1449 585 649 219
90 637 48 22
90 665 43 93
249 665 32 77
11 806 77 219
283 806 187 219
472 806 115 219
589 806 63 219
654 806 89 219
745 806 101 219
848 806 192 219
1042 806 404 219
1449 806 649 219
251 887 30 70
90 900 32 62
11 1027 77 219
283 1027 187 219
472 1027 115 219
589 1027 63 219
654 1027 89 219
745 1027 101 219
848 1027 192 219
1042 1027 404 219
1449 1027 649 219
90 1085 28 116
244 1093 37 104
11 1248 77 219
283 1248 187 219
472 1248 115 219
589 1248 63 219
654 1248 89 219
745 1248 101 219
848 1248 192 219
1042 1248 404 219
1449 1248 649 219
11 1469 77 219
283 1469 187 219
472 1469 115 219
589 1469 63 219
654 1469 89 219
745 1469 101 219
848 1469 192 219
1042 1469 404 219
1449 1469 649 219
11 1690 77 219
283 1690 187 219
472 1690 115 219
589 1690 63 219
654 1690 89 219
745 1690 101 219
848 1690 192 219
1042 1690 404 219
1449 1690 649 219
90 1745 41 129
249 1748 32 108
11 1911 77 219
283 1911 187 219
472 1911 115 219
589 1911 63 219
654 1911 89 219
745 1911 101 219
848 1911 192 219
1042 1911 404 219
1449 1911 649 219
90 1967 42 97
244 1967 37 107
11 2132 2087 698
