17 17 2049 167
17 189 2049 149
17 340 63 104
82 340 230 104
315 340 66 104
383 340 61 104
446 340 56 104
504 340 90 104
596 340 87 104
686 340 263 104
951 340 364 104
1318 340 748 104
17 447 63 348
82 447 230 348
315 447 66 348
383 447 61 348
446 447 56 348
504 447 90 348
596 447 87 348
686 447 263 348
951 447 364 348
1318 447 748 348
17 797 63 348
82 797 230 348
315 797 66 348
383 797 61 348
446 797 56 348
504 797 90 348
596 797 87 348
686 797 263 348
951 797 364 348
1318 797 748 348
17 1148 63 348
82 1148 230 348
315 1148 66 348
383 1148 61 348
446 1148 56 348
504 1148 90 348
596 1148 87 348
686 1148 263 348
951 1148 364 348
1318 1148 748 348
17 1498 63 348
82 1498 230 348
315 1498 66 348
383 1498 61 348
446 1498 56 348
504 1498 90 348
596 1498 87 348
686 1498 263 348
951 1498 364 348
1318 1498 748 348
17 1848 63 348
82 1848 230 348
315 1848 66 348
383 1848 61 348
446 1848 56 348
504 1848 90 348
596 1848 87 348
686 1848 263 348
951 1848 364 348
1318 1848 748 348
17 2199 2049 636
