26 122 2895 156
27 279 2894 253
26 535 54 56
82 535 53 56
137 535 170 56
309 535 162 56
472 535 50 56
523 535 34 56
558 535 68 56
628 535 73 56
703 535 316 56
1021 535 445 56
1484 535 55 56
1540 535 54 56
1595 535 171 56
1767 535 163 56
1931 535 50 56
1982 535 34 56
2017 535 69 56
2087 535 74 56
2162 535 316 56
2479 535 442 56
26 592 54 1277
82 592 53 425
137 592 170 119
309 592 162 425
472 592 50 425
523 592 34 425
558 592 68 425
628 592 73 425
703 592 316 425
1021 592 445 425
1484 592 55 425
1540 592 54 425
1595 592 171 241
1767 592 163 280
1931 592 50 425
1982 592 34 425
2017 592 69 425
2087 592 74 425
2162 592 316 425
2479 592 442 425
271 753 36 29
137 754 31 107
275 788 32 69
1768 872 162 145
1687 917 23 100
1595 919 92 98
1720 919 46 98
82 1018 53 425
137 1018 170 112
309 1018 162 425
472 1018 50 425
523 1018 34 425
558 1018 68 425
628 1018 73 425
703 1018 316 425
1021 1018 445 425
1484 1019 55 2557
1540 1019 54 424
1595 1019 171 119
1767 1019 163 424
1931 1019 50 424
1982 1019 34 424
2017 1019 69 424
2087 1019 74 424
2162 1019 316 424
2479 1019 442 424
137 1174 27 126
1732 1178 34 103
276 1184 31 116
1595 1184 26 105
137 1344 170 99
1595 1345 61 98
1675 1345 91 98
82 1444 53 425
137 1444 170 113
309 1444 162 425
472 1444 50 425
523 1444 34 425
558 1444 68 425
628 1444 73 425
703 1444 316 425
1021 1444 445 425
2105 1444 56 425
2162 1444 316 425
2479 1444 442 425
1540 1445 54 424
1595 1445 171 114
1767 1445 163 424
1931 1445 50 424
1982 1445 34 424
2017 1445 69 424
137 1593 34 32
1595 1602 39 94
1725 1610 41 87
278 1627 29 85
137 1631 28 70
137 1771 144 98
1602 1772 45 97
1648 1772 61 97
1721 1772 36 97
26 1870 54 1279
82 1870 53 427
137 1870 170 113
309 1870 162 427
472 1870 50 427
523 1870 34 427
558 1870 68 427
628 1870 73 427
703 1870 316 427
1021 1870 445 427
1540 1870 54 427
1595 1870 97 115
1692 1871 74 117
1767 1871 163 426
1931 1871 50 426
1982 1871 34 426
2017 1871 69 426
2087 1871 74 426
2162 1871 316 426
2479 1871 442 426
1595 2020 32 104
1727 2023 39 21
137 2027 23 124
285 2039 22 115
1728 2044 38 111
1730 2157 36 140
137 2197 170 100
82 2298 53 425
137 2298 170 112
309 2298 162 425
472 2298 50 425
523 2298 34 425
558 2298 68 425
628 2298 73 425
703 2298 316 425
1021 2298 445 425
1540 2298 54 425
1595 2298 171 112
1767 2298 163 425
1931 2298 50 425
1982 2298 34 425
2017 2298 69 425
2087 2298 74 425
2162 2298 316 425
2479 2298 442 425
226 2415 81 39
1728 2442 38 113
1595 2455 36 92
137 2464 30 82
253 2471 54 46
1595 2625 171 98
82 2724 53 425
137 2724 170 118
309 2724 162 425
472 2724 50 425
523 2724 34 68
558 2724 68 425
628 2724 73 425
703 2724 316 425
1021 2724 445 425
1540 2724 54 425
1595 2724 171 119
1767 2724 163 425
1931 2724 50 425
1982 2724 34 425
2017 2724 69 425
2087 2724 74 425
2162 2724 316 425
2479 2724 442 425
524 2792 33 357
137 2894 27 86
273 2899 34 83
1595 2904 26 62
1738 2916 28 48
197 3051 27 98
1598 3051 164 98
26 3150 54 847
82 3150 53 426
137 3150 170 113
309 3150 162 426
472 3150 50 426
524 3150 33 426
558 3150 68 426
628 3150 73 426
703 3150 316 426
1021 3150 445 426
1540 3150 54 426
1595 3150 171 113
1767 3150 163 280
1931 3150 50 426
1982 3150 34 426
2017 3150 69 426
2087 3150 74 426
2162 3150 316 426
2479 3150 442 426
1595 3303 30 117
1734 3310 32 105
276 3316 31 73
137 3320 29 93
1768 3430 162 146
137 3477 72 99
244 3477 63 99
1595 3477 166 99
82 3577 53 420
137 3577 170 110
309 3577 162 420
472 3577 50 420
524 3577 33 420
558 3577 68 420
628 3577 73 420
703 3577 316 420
1021 3577 445 420
1484 3577 1437 420
137 3731 37 22
274 3754 33 72
137 3761 31 66
137 3903 76 94
229 3903 78 94
