11 86 1977 353
11 443 82 49
96 443 181 49
279 443 220 49
502 443 90 27
595 443 56 49
654 443 120 49
777 443 130 49
909 443 199 49
1111 443 264 49
1378 443 610 49
11 495 82 290
279 495 220 290
502 495 90 290
595 495 56 290
654 495 120 290
777 495 130 290
909 495 199 290
1111 495 264 290
1378 495 610 290
96 754 181 31
11 788 82 291
96 788 181 24
279 788 220 181
502 788 90 291
595 788 56 291
654 788 120 291
777 788 130 291
909 788 199 291
1111 788 264 291
1378 788 610 291
280 969 219 80
279 1049 220 30
96 1050 181 29
11 1081 82 294
96 1081 181 294
279 1081 220 294
502 1081 90 294
595 1081 56 294
654 1081 120 294
777 1081 130 294
909 1081 199 294
1111 1081 264 62
1378 1081 610 294
1111 1163 264 212
11 1378 82 284
96 1378 181 284
279 1378 220 284
502 1378 90 284
595 1378 56 284
654 1378 120 284
777 1378 130 284
909 1378 199 284
1111 1378 264 284
1378 1378 610 284
11 1666 1977 1129
