13 12 49 254
64 12 55 254
121 12 225 254
347 12 55 254
404 12 55 254
461 12 55 254
517 12 55 254
574 12 55 254
631 12 367 254
999 12 367 254
1368 12 1591 254
13 268 49 253
64 268 55 253
121 268 225 253
347 268 55 253
404 268 55 253
461 268 55 253
517 268 55 253
574 268 55 253
631 268 367 253
999 268 367 253
1368 268 1591 253
13 523 49 253
64 523 55 253
121 523 225 253
347 523 55 253
404 523 55 253
461 523 55 253
517 523 55 253
574 523 55 253
631 523 367 253
999 523 367 253
1368 523 1591 253
13 778 49 253
64 778 55 253
121 778 225 253
347 778 55 253
404 778 55 253
461 778 55 253
517 778 55 253
574 778 55 253
631 778 367 253
999 778 367 253
1368 778 1591 253
13 1033 49 253
64 1033 55 253
121 1033 225 253
347 1033 55 253
404 1033 55 253
461 1033 55 253
517 1033 55 253
574 1033 55 253
631 1033 367 253
999 1033 367 253
1368 1033 1591 253
12 1288 2948 197
13 1487 2946 89
13 1577 55 89
70 1577 225 89
296 1577 55 89
353 1577 55 89
410 1577 55 89
466 1577 55 89
523 1577 55 89
580 1577 367 89
948 1577 367 89
1317 1577 1642 89
13 1668 55 253
70 1668 225 253
296 1668 55 253
353 1668 55 253
410 1668 55 253
466 1668 55 253
523 1668 55 253
580 1668 367 253
948 1668 367 253
1317 1668 1642 253
13 1923 55 253
70 1923 225 253
296 1923 55 253
353 1923 55 253
410 1923 55 253
466 1923 55 253
523 1923 55 253
580 1923 367 253
948 1923 367 253
1317 1923 1642 253
13 2178 55 254
70 2178 225 254
296 2178 55 254
353 2178 55 254
410 2178 55 254
466 2178 55 254
523 2178 55 254
580 2178 367 254
948 2178 367 254
1317 2178 1642 254
13 2433 55 254
70 2433 225 254
296 2433 55 254
353 2433 55 254
410 2433 55 254
466 2433 55 254
523 2433 55 254
580 2433 367 254
948 2433 367 254
1317 2433 1642 254
12 2688 2948 1575
