128 726 113 93
247 726 255 93
508 726 141 93
656 726 113 93
776 726 112 93
895 726 141 93
1042 726 142 93
1190 726 226 93
1423 726 509 93
1939 726 1023 93
128 825 113 340
247 825 255 339
508 825 141 340
656 825 113 340
776 825 112 340
895 825 141 340
1042 825 142 340
1190 825 226 340
1423 825 509 340
1939 825 1023 340
128 1171 113 339
247 1171 255 340
508 1171 141 340
656 1171 113 339
776 1171 112 340
895 1171 141 339
1042 1171 142 339
1190 1171 226 340
1423 1171 509 340
1939 1171 1023 340
128 1518 113 339
247 1518 255 339
508 1518 141 339
656 1518 113 339
776 1518 112 339
895 1518 141 339
1042 1518 142 339
1190 1518 226 339
1423 1518 509 339
1939 1518 1023 339
1557 3024 1391 54
1557 3080 111 28
1670 3080 281 28
1953 3080 321 28
2276 3080 355 28
2633 3080 112 28
2747 3080 202 28
1557 3110 111 28
1670 3110 281 28
1953 3110 321 28
2276 3110 355 28
2633 3110 112 28
2747 3110 202 28
1557 3140 111 28
1670 3140 281 28
1953 3140 321 28
2276 3140 355 28
2633 3140 112 28
2747 3140 202 28
1557 3170 111 58
1670 3170 281 58
1953 3170 321 58
2276 3170 355 58
2633 3170 112 58
2747 3170 202 58
1557 3230 111 28
1670 3230 281 28
1953 3230 321 28
2276 3230 355 28
2633 3230 112 28
2747 3230 202 28
1557 3260 111 28
1670 3260 281 28
1953 3260 321 28
2276 3260 355 28
2633 3260 112 28
2747 3260 202 28
1557 3290 111 28
1670 3290 281 28
1953 3290 321 28
2276 3290 355 28
2633 3290 112 28
2747 3290 202 28
1557 3320 111 28
1670 3320 281 28
1953 3320 321 28
2276 3320 355 28
2633 3320 112 28
2747 3320 202 28
1557 3350 111 28
1670 3350 281 28
1953 3350 321 28
2276 3350 355 28
2633 3350 112 28
2747 3350 202 28
1557 3380 111 29
1670 3380 281 29
1953 3380 321 29
2276 3380 355 29
2633 3380 112 29
2747 3380 202 29
1557 3411 111 28
1670 3411 281 28
1953 3411 321 28
2276 3411 355 28
2633 3411 112 28
2747 3411 202 28
1557 3441 111 28
1670 3441 281 28
1953 3441 321 28
2276 3441 355 28
2633 3441 112 28
2747 3441 202 28
1557 3471 111 28
1670 3471 281 28
1953 3471 321 28
2276 3471 355 28
2633 3471 112 28
2747 3471 202 28
1557 3501 111 28
1670 3501 281 28
1953 3501 321 28
2276 3501 355 28
2633 3501 112 28
2747 3501 202 28
1557 3531 111 28
1670 3531 281 28
1953 3531 321 28
2276 3531 355 28
2633 3531 112 28
2747 3531 202 28
1557 3561 111 28
1670 3561 281 28
1953 3561 321 28
2276 3561 355 28
2633 3561 112 28
2747 3561 202 28
1557 3591 111 28
1670 3591 281 28
1953 3591 321 28
2276 3591 355 28
2633 3591 112 28
2747 3591 202 28
1557 3621 111 28
1670 3621 281 28
1953 3621 321 28
2276 3621 355 28
2633 3621 112 28
2747 3621 202 28
1557 3651 111 28
1670 3651 281 28
1953 3651 321 28
2276 3651 355 28
2633 3651 112 28
2747 3651 202 28
1557 3681 111 29
1670 3681 281 29
1953 3681 321 29
2276 3681 355 29
2633 3681 112 29
2747 3681 202 29
1557 3712 111 28
1670 3712 281 28
1953 3712 321 28
2276 3712 355 28
2633 3712 112 28
2747 3712 202 28
1557 3742 111 28
1670 3742 281 28
1953 3742 321 28
2276 3742 355 28
2633 3742 112 28
2747 3742 202 28
1557 3772 111 28
1670 3772 281 28
1953 3772 321 28
2276 3772 355 28
2633 3772 112 28
2747 3772 202 28
1557 3802 111 28
1670 3802 281 28
1953 3802 321 28
2276 3802 355 28
2633 3802 112 28
2747 3802 202 28
1557 3832 111 28
1670 3832 281 28
1953 3832 321 28
2276 3832 355 28
2633 3832 112 28
2747 3832 202 28
1557 3862 111 28
1670 3862 281 28
1953 3862 321 28
2276 3862 355 28
2633 3862 112 28
2747 3862 202 28
1557 3892 111 58
1670 3892 281 58
1953 3892 321 58
2276 3892 355 58
2633 3892 112 58
2747 3892 202 58
1557 3952 111 28
1670 3952 281 28
1953 3952 321 28
2276 3952 355 28
2633 3952 112 28
2747 3952 202 28
1557 3982 111 28
1670 3982 281 28
1953 3982 321 28
2276 3982 355 28
2633 3982 112 28
2747 3982 202 28
1557 4012 111 29
1670 4012 281 29
1953 4012 321 29
2276 4012 355 29
2633 4012 112 29
2747 4012 202 29
1557 4043 111 28
1670 4043 281 28
1953 4043 321 28
2276 4043 355 28
2633 4043 112 28
2747 4043 202 28
1557 4073 111 28
1670 4073 281 28
1953 4073 321 28
2276 4073 355 28
2633 4073 112 28
2747 4073 202 28
1557 4103 111 28
1670 4103 281 28
1953 4103 321 28
2276 4103 355 28
2633 4103 112 28
2747 4103 202 28
1557 4133 111 28
1670 4133 281 28
1953 4133 321 28
2276 4133 355 28
2633 4133 112 28
2747 4133 202 28
1557 4163 111 28
1670 4163 281 28
1953 4163 321 28
2276 4163 355 28
2633 4163 112 28
2747 4163 202 28
1557 4193 111 28
1670 4193 281 28
1953 4193 321 28
2276 4193 355 28
2633 4193 112 28
2747 4193 202 28
