20 20 2860 318
20 343 2860 141
20 491 102 107
127 491 279 107
410 491 109 107
524 491 80 107
609 491 80 107
694 491 80 107
779 491 80 107
864 491 336 107
1204 491 449 107
1658 491 1222 107
20 602 102 686
127 602 279 686
410 602 109 686
524 602 80 686
609 602 80 686
694 602 80 686
779 602 80 686
864 602 336 686
1204 602 449 686
1658 602 1222 686
20 1293 102 686
127 1293 279 686
410 1293 109 686
524 1293 80 686
609 1293 80 686
694 1293 80 686
779 1293 80 686
864 1293 336 686
1204 1293 449 686
1658 1293 1222 686
20 1983 102 686
127 1983 279 686
410 1983 109 686
524 1983 80 686
609 1983 80 686
694 1983 80 686
779 1983 80 686
864 1983 336 686
1204 1983 449 686
1658 1983 1222 686
20 2674 102 685
127 2674 279 685
410 2674 109 685
524 2674 80 685
609 2674 80 685
694 2674 80 685
779 2674 80 685
864 2674 336 685
1204 2674 449 685
1658 2674 1222 685
20 3364 102 679
127 3364 279 679
410 3364 109 679
524 3364 80 679
609 3364 80 679
694 3364 80 679
779 3364 80 679
864 3364 336 679
1204 3364 449 679
1658 3364 1222 679
