102 88 2851 276
102 366 2851 225
102 593 113 84
217 593 236 84
455 593 247 84
704 593 88 84
794 593 66 84
862 593 123 84
987 593 196 84
1185 593 228 84
1415 593 448 84
1865 593 1088 84
102 679 113 337
217 679 236 50
455 679 247 337
704 679 88 337
794 679 66 337
862 679 123 337
987 679 196 337
1185 679 228 337
1415 679 448 337
1865 679 1088 337
102 1019 2851 2580
102 3599 1494 304
1599 3602 1354 55
1599 3658 134 67
1734 3658 399 67
2134 3658 373 67
2508 3658 445 67
1599 3726 134 174
1734 3726 399 174
2134 3726 373 174
2508 3726 445 174
102 3903 2851 312
