714 54 31 31
1079 54 32 32
1298 54 32 32
1956 54 31 31
620 57 50 25
332 60 41 35
258 72 47 28
179 123 54 31
545 123 53 31
112 156 46 21
6 415 70 69
78 415 206 69
285 415 207 69
494 415 95 69
591 415 63 69
656 415 97 69
755 415 98 69
854 415 202 69
1058 415 357 69
1416 415 960 69
6 485 70 269
286 485 206 269
494 485 95 269
591 485 63 269
656 485 97 269
755 485 98 269
854 485 202 269
1058 485 357 269
1416 485 960 269
78 731 40 23
6 755 70 266
286 755 206 266
494 755 95 266
591 755 63 266
656 755 97 266
755 755 98 266
854 755 202 266
1058 755 357 266
1416 755 960 266
