17 17 2778 237
17 255 2778 238
17 495 55 53
73 495 56 53
130 495 169 53
300 495 115 53
416 495 58 53
475 495 29 53
505 495 53 53
559 495 58 53
618 495 123 53
742 495 165 53
908 495 494 53
1411 495 55 53
1467 495 56 53
1524 495 169 53
1694 495 115 53
1810 495 58 53
1869 495 29 53
1899 495 53 53
1953 495 58 53
2012 495 123 53
2136 495 165 53
2302 495 493 53
17 550 55 1800
73 550 56 359
130 550 169 359
300 550 115 359
416 550 58 359
475 550 29 359
505 550 53 359
559 550 58 359
618 550 123 359
742 550 165 359
908 550 494 359
1411 550 55 1078
1467 550 56 359
1524 550 169 359
1694 550 115 359
1810 550 58 359
1869 550 29 359
1899 550 53 359
1953 550 58 359
2012 550 123 359
2136 550 165 359
2302 550 493 359
73 910 56 360
130 910 169 360
300 910 115 360
416 910 58 360
475 910 29 360
505 910 53 360
559 910 58 360
618 910 123 360
742 910 165 360
908 910 494 360
1467 910 56 360
1524 910 169 360
1694 910 115 360
1810 910 58 360
1869 910 29 360
1899 910 53 360
1953 910 58 360
2012 910 123 360
2136 910 165 360
2302 910 493 360
73 1271 56 360
130 1271 169 360
300 1271 115 360
416 1271 58 360
475 1271 29 360
505 1271 53 360
559 1271 58 360
618 1271 123 360
742 1271 165 360
908 1271 494 360
1467 1271 56 357
1524 1271 169 357
1694 1271 115 357
1810 1271 58 357
1869 1271 29 357
1899 1271 53 357
1953 1271 58 357
2012 1271 123 357
2136 1271 165 357
2302 1271 493 357
73 1632 56 359
130 1632 1272 359
1411 1634 55 1437
1467 1634 56 357
1524 1634 169 357
1694 1634 115 357
1810 1634 58 357
1869 1634 29 357
1899 1634 53 357
1953 1634 58 357
2012 1634 123 357
2136 1634 165 357
2302 1634 493 357
73 1992 56 358
130 1992 169 358
300 1992 115 358
416 1992 58 358
475 1992 29 358
505 1992 53 358
559 1992 58 358
618 1992 123 358
742 1992 165 358
908 1992 494 358
1467 1992 56 360
1524 1992 169 360
1694 1992 115 360
1810 1992 58 360
1869 1992 29 360
1899 1992 53 360
1953 1992 58 360
2012 1992 123 360
2136 1992 165 360
2302 1992 493 360
1467 2353 56 360
1524 2353 169 360
1694 2353 115 360
1810 2353 58 360
1869 2353 29 360
1899 2353 53 360
1953 2353 58 360
2012 2353 123 360
2136 2353 165 360
2302 2353 493 360
17 2355 55 1800
73 2355 56 358
130 2355 169 358
300 2355 115 358
416 2355 58 358
475 2355 29 358
505 2355 53 358
559 2355 58 358
618 2355 123 358
742 2355 165 358
908 2355 494 358
73 2714 56 359
130 2714 169 359
300 2714 115 359
416 2714 58 359
475 2714 29 359
505 2714 53 359
559 2714 58 359
618 2714 123 359
742 2714 165 359
908 2714 494 359
1467 2714 56 357
1524 2714 169 357
1694 2714 115 357
1810 2714 58 357
1869 2714 29 357
1899 2714 53 357
1953 2714 58 357
2012 2714 123 357
2136 2714 165 357
2302 2714 493 357
73 3074 56 360
130 3074 169 360
300 3074 115 360
416 3074 58 360
475 3074 29 360
505 3074 53 360
559 3074 58 360
618 3074 123 360
742 3074 165 360
908 3074 494 360
1411 3077 55 716
1467 3077 56 357
1524 3077 169 357
1694 3077 115 357
1810 3077 58 357
1869 3077 29 357
1899 3077 53 357
1953 3077 58 357
2012 3077 123 357
2136 3077 165 357
2302 3077 493 357
73 3435 56 360
130 3435 169 360
300 3435 115 360
416 3435 58 360
475 3435 29 360
505 3435 53 360
559 3435 58 360
618 3435 123 360
742 3435 165 360
908 3435 494 360
1467 3435 56 358
1524 3435 169 358
1694 3435 115 358
1810 3435 58 358
1869 3435 29 358
1899 3435 53 358
1953 3435 58 358
2012 3435 123 358
2136 3435 165 358
2302 3435 493 358
73 3796 56 359
130 3796 169 359
300 3796 115 359
416 3796 58 359
475 3796 29 359
505 3796 53 359
559 3796 58 359
618 3796 123 359
742 3796 165 359
908 3796 494 359
1411 3798 1384 357
