25 12 1452 55
1482 12 1466 4252
25 69 55 229
81 69 55 229
138 69 191 229
331 69 55 229
387 69 55 229
444 69 55 229
501 69 55 229
557 69 55 229
614 69 191 229
807 69 219 229
1028 69 449 229
25 300 55 229
81 300 55 229
331 300 55 229
387 300 55 229
444 300 55 229
501 300 55 229
557 300 55 229
614 300 191 229
807 300 219 229
1028 300 449 229
25 531 55 460
81 531 55 229
331 531 55 229
387 531 55 229
444 531 55 229
501 531 55 229
557 531 55 229
614 531 191 229
807 531 219 229
1028 531 449 229
138 583 41 129
288 588 41 172
81 762 55 229
331 762 55 229
387 762 55 229
444 762 55 229
501 762 55 229
557 762 55 229
614 762 191 229
807 762 219 229
1028 762 449 229
138 840 31 111
292 840 37 112
11 997 1466 3267
