12 12 2890 236
12 250 2890 219
12 471 129 106
142 471 339 106
483 471 100 106
585 471 89 106
675 471 89 106
766 471 89 106
857 471 89 106
947 471 225 106
1174 471 367 106
1543 471 1359 106
12 579 129 721
142 579 339 721
483 579 100 721
585 579 89 721
675 579 89 721
766 579 89 721
857 579 89 721
947 579 225 721
1174 579 367 721
1543 579 1359 721
12 1302 129 721
142 1302 339 721
483 1302 100 721
585 1302 89 721
675 1302 89 721
766 1302 89 721
857 1302 89 721
947 1302 225 721
1174 1302 367 721
1543 1302 1359 721
1487 3787 196 28
1684 3787 322 28
2007 3787 526 28
2535 3787 112 28
2648 3787 225 28
1487 3816 196 29
1684 3816 322 29
2007 3816 526 29
2535 3816 112 29
2648 3816 225 29
1487 3846 196 28
1684 3846 322 28
2007 3846 526 28
2535 3846 112 28
2648 3846 225 28
1487 3876 196 28
1684 3876 322 28
2007 3876 526 28
2535 3876 112 28
2648 3876 225 28
1487 3905 196 29
1684 3905 322 29
2007 3905 526 29
2535 3905 112 29
2648 3905 225 29
1487 3935 196 29
1684 3935 322 29
2007 3935 526 29
2535 3935 112 29
2648 3935 225 29
1487 3965 196 28
1684 3965 322 28
2007 3965 526 28
2535 3965 112 28
2648 3965 225 28
1487 3995 196 27
1684 3995 322 27
2007 3995 526 27
2535 3995 112 27
2648 3995 225 27
