77 105 2936 261
77 371 2936 119
90 496 1452 54
1561 496 1452 54
90 552 111 229
203 552 191 229
396 552 55 229
452 552 55 229
509 552 55 229
566 552 55 229
622 552 55 229
679 552 191 229
872 552 219 229
1093 552 449 229
1561 552 55 229
1617 552 55 229
1674 552 191 229
1867 552 55 229
1924 552 55 229
1980 552 55 229
2037 552 55 229
2094 552 55 229
2150 552 191 229
2343 552 220 229
2564 552 449 229
90 783 111 229
396 783 55 229
452 783 55 229
509 783 55 229
566 783 55 229
622 783 55 229
679 783 191 229
872 783 219 229
1093 783 449 229
1561 783 55 227
1617 783 55 227
1867 783 55 227
1924 783 55 227
1980 783 55 227
2037 783 55 227
2094 783 55 227
2150 783 191 227
2343 783 220 227
2564 783 449 227
1674 856 31 29
1834 856 31 29
1837 887 28 26
90 1014 111 229
396 1014 55 229
452 1014 55 229
509 1014 55 229
566 1014 55 229
622 1014 55 229
679 1014 191 229
872 1014 219 229
1093 1014 449 229
1561 1016 55 456
1617 1016 55 227
1674 1016 191 219
1867 1016 55 227
1924 1016 55 227
1980 1016 55 227
2037 1016 55 227
2094 1016 55 227
2150 1016 191 227
2343 1016 220 227
2564 1016 449 227
90 1245 1452 55
1617 1245 55 227
1867 1245 55 227
1924 1245 55 227
1980 1245 55 227
2037 1245 55 227
2094 1245 55 227
2150 1245 191 227
2343 1245 220 227
2564 1245 449 227
1823 1298 42 24
90 1301 55 230
146 1301 55 230
203 1301 191 230
396 1301 55 230
452 1301 55 230
509 1301 55 230
566 1301 55 230
622 1301 55 230
679 1301 191 230
872 1301 219 230
1093 1301 449 230
1561 1478 55 225
1617 1478 55 225
1867 1478 55 225
1924 1478 55 225
1980 1478 55 225
2037 1478 55 225
2094 1478 55 225
2150 1478 191 225
2343 1478 220 225
2564 1478 449 225
90 1532 55 923
146 1532 55 230
203 1532 191 22
396 1532 55 230
452 1532 55 230
509 1532 55 230
566 1532 55 230
622 1532 55 230
679 1532 191 230
872 1532 219 230
1093 1532 449 230
1548 1708 1465 2649
146 1763 55 230
396 1763 55 230
452 1763 55 230
509 1763 55 230
566 1763 55 230
622 1763 55 230
679 1763 191 230
872 1763 219 230
1093 1763 449 230
146 1994 55 230
203 1994 191 21
396 1994 55 230
452 1994 55 230
509 1994 55 230
566 1994 55 230
622 1994 55 230
679 1994 191 230
872 1994 219 230
1093 1994 449 230
146 2225 55 230
203 2225 191 32
396 2225 55 230
452 2225 55 230
509 2225 55 230
566 2225 55 230
622 2225 55 230
679 2225 191 230
872 2225 219 230
1093 2225 449 230
366 2370 28 23
90 2457 1452 55
90 2513 55 230
146 2513 55 230
203 2513 191 230
396 2513 55 230
452 2513 55 230
509 2513 55 230
566 2513 55 230
622 2513 55 230
679 2513 191 230
872 2513 219 230
1093 2513 449 230
90 2744 55 458
146 2744 55 230
203 2744 191 21
396 2744 55 230
452 2744 55 230
509 2744 55 230
566 2744 55 230
622 2744 55 230
679 2744 191 230
872 2744 219 230
1093 2744 449 230
146 2975 55 227
396 2975 55 227
452 2975 55 227
509 2975 55 227
566 2975 55 227
622 2975 55 227
679 2975 191 227
872 2975 219 227
1093 2975 449 227
90 3208 55 225
146 3208 55 225
396 3208 55 225
452 3208 55 225
509 3208 55 225
566 3208 55 225
622 3208 55 225
679 3208 191 225
872 3208 219 225
1093 3208 449 225
90 3439 55 457
146 3439 55 228
203 3439 191 228
396 3439 55 228
452 3439 55 228
509 3439 55 228
566 3439 55 228
622 3439 55 228
679 3439 191 228
872 3439 219 228
1093 3439 449 228
146 3668 55 228
396 3668 55 228
452 3668 55 228
509 3668 55 228
566 3668 55 228
622 3668 55 228
679 3668 191 228
872 3668 219 228
1093 3668 449 228
90 3901 55 456
146 3901 55 228
396 3901 55 228
452 3901 55 228
509 3901 55 228
566 3901 55 228
622 3901 55 228
679 3901 191 228
872 3901 219 228
1093 3901 449 228
203 3951 36 29
146 4130 55 227
396 4130 55 227
452 4130 55 227
509 4130 55 227
566 4130 55 227
622 4130 55 227
679 4130 191 227
872 4130 219 227
1093 4130 449 227
337 4276 57 21
