16 17 2832 208
16 226 2832 246
16 474 109 110
126 474 362 110
489 474 84 110
574 474 84 110
659 474 84 110
745 474 83 110
830 474 83 110
915 474 395 110
1311 474 566 110
1878 474 969 110
16 585 109 492
126 585 362 492
489 585 84 492
574 585 84 492
659 585 84 492
745 585 83 492
830 585 83 492
915 585 395 492
1311 585 566 492
1878 585 969 492
16 1079 109 489
126 1079 362 489
489 1079 84 489
574 1079 84 489
659 1079 84 489
745 1079 83 489
830 1079 83 489
915 1079 395 489
1311 1079 566 489
1878 1079 969 489
16 1574 1416 2589
1436 1574 1411 2589
