16 17 2832 208
16 226 2832 246
16 474 109 110
126 474 362 110
489 474 84 110
574 474 84 110
659 474 84 110
745 474 83 110
830 474 83 110
915 474 395 110
1311 474 566 110
1878 474 970 110
16 586 109 593
126 586 362 593
489 586 84 593
574 586 84 593
659 586 84 593
745 586 83 593
830 586 83 593
915 586 395 593
1311 586 566 593
1878 586 970 593
16 1181 109 594
126 1181 362 594
489 1181 84 594
574 1181 84 594
659 1181 84 594
745 1181 83 594
830 1181 83 594
915 1181 395 594
1311 1181 566 594
1878 1181 970 594
16 1776 109 592
126 1776 362 592
489 1776 84 592
574 1776 84 592
659 1776 84 592
745 1776 83 592
830 1776 83 592
915 1776 395 592
1311 1776 566 592
1878 1776 970 592
16 2373 1416 1790
1436 2373 1412 1790
