12 12 2890 236
12 250 2890 219
12 471 129 106
142 471 339 106
483 471 100 106
585 471 89 106
675 471 89 106
766 471 89 106
857 471 89 106
947 471 225 106
1174 471 367 106
1543 471 1359 106
12 579 129 721
142 579 339 721
483 579 100 721
585 579 89 721
675 579 89 721
766 579 89 721
857 579 89 721
947 579 225 721
1174 579 367 721
1543 579 1359 721
12 1302 129 721
142 1302 339 721
483 1302 100 721
585 1302 89 721
675 1302 89 721
766 1302 89 721
857 1302 89 721
947 1302 225 721
1174 1302 367 721
1543 1302 1359 721
1487 3798 196 55
1684 3798 322 55
2007 3798 526 55
2535 3798 111 55
2648 3798 225 55
1487 3854 196 55
1684 3854 322 55
2007 3854 526 55
2535 3854 111 55
2648 3854 225 55
1487 3910 196 56
1684 3910 322 56
2007 3910 526 56
2535 3910 111 56
2648 3910 225 56
1487 3967 196 55
1684 3967 322 55
2007 3967 526 55
2535 3967 111 55
2648 3967 225 55
