16 17 2832 208
16 226 2832 246
16 474 109 110
126 474 362 110
489 474 84 110
574 474 84 110
659 474 84 110
745 474 83 110
830 474 83 110
915 474 395 110
1311 474 566 110
1878 474 969 110
16 585 109 424
126 585 362 424
489 585 84 424
574 585 84 424
659 585 84 424
745 585 83 424
830 585 83 424
915 585 395 424
1311 585 566 424
1878 585 969 424
16 1011 109 423
126 1011 362 423
489 1011 84 423
574 1011 84 423
659 1011 84 423
745 1011 83 423
830 1011 83 423
915 1011 395 423
1311 1011 566 423
1878 1011 969 423
16 1436 109 424
126 1436 362 424
489 1436 84 424
574 1436 84 424
659 1436 84 424
745 1436 83 424
830 1436 83 424
915 1436 395 424
1311 1436 566 424
1878 1436 969 424
16 1861 109 422
126 1861 362 422
489 1861 84 422
574 1861 84 422
659 1861 84 422
745 1861 83 422
830 1861 83 422
915 1861 395 422
1311 1861 566 422
1878 1861 969 422
16 2288 1416 1875
1436 2288 1411 1875
