11 76 2883 274
11 351 2881 164
11 517 119 66
132 517 327 66
461 517 225 66
688 517 199 66
889 517 95 66
986 517 139 66
1127 517 185 66
1314 517 247 66
1563 517 463 66
2028 517 864 66
11 585 119 565
132 585 327 80
461 585 225 565
688 585 199 565
889 585 95 565
986 585 139 565
1127 585 185 565
1314 585 247 565
1563 585 463 565
2028 585 864 565
401 736 58 212
132 745 61 202
132 1097 284 53
11 1152 119 565
132 1152 327 565
461 1152 225 565
688 1152 199 565
889 1152 95 565
986 1152 139 565
1127 1152 185 565
1314 1152 247 565
1563 1152 463 565
2028 1152 864 565
11 1733 1434 2444
1448 1733 1444 2444
