13 12 2946 333
13 347 2946 338
13 687 1472 123
1487 687 1472 123
13 812 49 95
64 812 55 95
121 812 225 95
347 812 55 95
404 812 55 95
461 812 55 95
517 812 55 95
574 812 55 95
631 812 199 95
832 812 200 95
1033 812 452 95
1487 812 49 95
1538 812 55 95
1595 812 225 95
1821 812 55 95
1878 812 55 95
1935 812 55 95
1991 812 55 95
2048 812 55 95
2105 812 199 95
2306 812 200 95
2507 812 452 95
13 908 49 849
64 908 55 282
121 908 225 282
347 908 55 282
404 908 55 282
461 908 55 282
517 908 55 282
574 908 55 282
631 908 199 282
832 908 200 282
1033 908 452 282
1487 908 49 282
1538 908 55 282
1595 908 225 282
1821 908 55 282
1878 908 55 282
1935 908 55 282
1991 908 55 282
2048 908 55 282
2105 908 199 282
2306 908 200 282
2507 908 452 282
64 1192 55 281
121 1192 225 281
347 1192 55 281
404 1192 55 281
461 1192 55 281
517 1192 55 281
574 1192 55 281
631 1192 199 281
832 1192 200 281
1033 1192 452 281
1487 1192 49 565
1538 1192 55 281
1595 1192 225 281
1821 1192 55 281
1878 1192 55 281
1935 1192 55 281
1991 1192 55 281
2048 1192 55 281
2105 1192 199 281
2306 1192 200 281
2507 1192 452 281
64 1475 55 282
121 1475 225 282
347 1475 55 282
404 1475 55 282
461 1475 55 282
517 1475 55 282
574 1475 55 282
631 1475 199 282
832 1475 200 282
1033 1475 452 282
1538 1475 55 282
1595 1475 225 282
1821 1475 55 282
1878 1475 55 282
1935 1475 55 282
1991 1475 55 282
2048 1475 55 282
2105 1475 199 282
2306 1475 200 282
2507 1475 452 282
13 1759 49 565
64 1759 55 281
121 1759 225 281
347 1759 55 281
404 1759 55 281
461 1759 55 281
517 1759 55 281
574 1759 55 281
631 1759 199 281
832 1759 200 281
1033 1759 452 281
1487 1759 49 565
1538 1759 55 281
1595 1759 225 281
1821 1759 55 281
1878 1759 55 281
1935 1759 55 281
1991 1759 55 281
2048 1759 55 281
2105 1759 199 281
2306 1759 200 281
2507 1759 452 281
64 2042 55 282
121 2042 225 282
347 2042 55 282
404 2042 55 282
461 2042 55 282
517 2042 55 282
574 2042 55 282
631 2042 199 282
832 2042 200 282
1033 2042 452 282
1538 2042 55 282
1595 2042 225 282
1821 2042 55 282
1878 2042 55 282
1935 2042 55 282
1991 2042 55 282
2048 2042 55 282
2105 2042 199 282
2306 2042 200 282
2507 2042 452 282
13 2326 49 1132
64 2326 55 281
121 2326 225 281
347 2326 55 281
404 2326 55 281
461 2326 55 281
517 2326 55 281
574 2326 55 281
631 2326 199 281
832 2326 200 281
1033 2326 452 281
1487 2326 49 565
1538 2326 55 281
1595 2326 225 281
1821 2326 55 281
1878 2326 55 281
1935 2326 55 281
1991 2326 55 281
2048 2326 55 281
2105 2326 199 281
2306 2326 200 281
2507 2326 452 281
64 2609 55 282
121 2609 225 282
347 2609 55 282
404 2609 55 282
461 2609 55 282
517 2609 55 282
574 2609 55 282
631 2609 199 282
832 2609 200 282
1033 2609 452 282
1538 2609 55 282
1595 2609 225 282
1821 2609 55 282
1878 2609 55 282
1935 2609 55 282
1991 2609 55 282
2048 2609 55 282
2105 2609 199 282
2306 2609 200 282
2507 2609 452 282
64 2892 55 282
121 2892 225 282
347 2892 55 282
404 2892 55 282
461 2892 55 282
517 2892 55 282
574 2892 55 282
631 2892 199 282
832 2892 200 282
1033 2892 452 282
1487 2892 49 282
1538 2892 55 282
1595 2892 225 282
1821 2892 55 282
1878 2892 55 282
1935 2892 55 282
1991 2892 55 282
2048 2892 55 282
2105 2892 199 282
2306 2892 200 282
2507 2892 452 282
64 3176 55 282
121 3176 225 282
347 3176 55 282
404 3176 55 282
461 3176 55 282
517 3176 55 282
574 3176 55 282
631 3176 199 282
832 3176 200 282
1033 3176 452 282
1487 3176 49 282
1538 3176 55 282
1595 3176 225 282
1821 3176 55 282
1878 3176 55 282
1935 3176 55 282
1991 3176 55 282
2048 3176 55 282
2105 3176 199 282
2306 3176 200 282
2507 3176 452 282
12 3459 2948 804
