17 17 2050 190
17 213 2050 170
17 386 64 104
83 386 230 104
315 386 73 104
391 386 67 104
461 386 62 104
525 386 108 104
636 386 105 104
743 386 210 104
957 386 364 104
1323 386 744 104
17 493 64 309
83 493 230 309
315 493 73 309
391 493 67 309
461 493 62 309
525 493 108 309
636 493 105 309
743 493 210 309
957 493 364 309
1323 493 744 309
17 804 64 310
83 804 230 310
315 804 73 310
391 804 67 310
461 804 62 310
525 804 108 310
636 804 105 310
743 804 210 310
957 804 364 310
1323 804 744 310
17 1116 64 309
83 1116 230 309
315 1116 73 309
391 1116 67 309
461 1116 62 309
525 1116 108 309
636 1116 105 309
743 1116 210 309
957 1116 364 309
1323 1116 744 309
17 1427 64 310
83 1427 230 310
315 1427 73 310
391 1427 67 310
461 1427 62 310
525 1427 108 310
636 1427 105 310
743 1427 210 310
957 1427 364 310
1323 1427 744 310
17 1739 2050 1096
