12 11 2936 261
12 277 2936 119
25 402 1452 54
1496 402 1452 54
25 458 111 229
138 458 191 229
331 458 55 229
387 458 55 229
444 458 55 229
501 458 55 229
557 458 55 229
614 458 191 229
807 458 219 229
1028 458 449 229
1496 458 55 229
1552 458 55 229
1609 458 191 229
1802 458 55 229
1859 458 55 229
1915 458 55 229
1972 458 55 229
2029 458 55 229
2085 458 191 229
2278 458 220 229
2499 458 449 229
25 689 111 281
331 689 55 281
387 689 55 281
444 689 55 281
501 689 55 281
557 689 55 281
614 689 191 281
807 689 219 281
1028 689 449 281
1496 689 55 227
1552 689 55 227
1802 689 55 227
1859 689 55 227
1915 689 55 227
1972 689 55 227
2029 689 55 227
2085 689 191 227
2278 689 220 227
2499 689 449 227
1609 740 35 137
1763 743 37 29
1764 772 36 92
1496 922 55 687
1552 922 55 227
1609 922 191 227
1802 922 55 227
1859 922 55 227
1915 922 55 227
1972 922 55 227
2029 922 55 227
2085 922 191 227
2278 922 220 227
2499 922 449 227
25 972 111 282
138 972 191 230
331 972 55 282
387 972 55 282
444 972 55 282
501 972 55 282
557 972 55 282
614 972 191 282
807 972 219 282
1028 972 449 282
1552 1151 55 229
1802 1151 55 229
1859 1151 55 229
1915 1151 55 229
1972 1151 55 229
2029 1151 55 229
2085 1151 191 229
2278 1151 220 229
2499 1151 449 229
138 1226 72 28
263 1227 66 27
25 1256 1452 55
25 1312 55 230
81 1312 55 230
138 1312 191 230
331 1312 55 230
387 1312 55 230
444 1312 55 230
501 1312 55 230
557 1312 55 230
614 1312 191 230
807 1312 219 230
1028 1312 449 230
1552 1382 55 227
1802 1382 55 227
1859 1382 55 227
1915 1382 55 227
1972 1382 55 227
2029 1382 55 227
2085 1382 191 227
2278 1382 220 227
2499 1382 449 227
1609 1432 35 36
1760 1438 40 30
1609 1469 33 109
1764 1470 36 73
25 1543 55 883
81 1543 55 220
331 1543 55 220
387 1543 55 220
444 1543 55 220
501 1543 55 220
557 1543 55 220
614 1543 191 220
807 1543 219 220
1028 1543 449 220
1496 1615 55 224
1552 1615 55 224
1802 1615 55 224
1859 1615 55 224
1915 1615 55 224
1972 1615 55 224
2029 1615 55 224
2085 1615 191 224
2278 1615 220 224
2499 1615 449 224
299 1623 30 85
138 1631 36 79
1609 1669 34 30
1767 1677 33 25
1609 1701 32 82
1768 1702 32 86
81 1764 55 220
331 1764 55 220
387 1764 55 220
444 1764 55 220
501 1764 55 220
557 1764 55 220
614 1764 191 220
807 1764 219 220
1028 1764 449 220
138 1816 33 25
295 1822 34 99
138 1844 30 79
1496 1845 55 226
1552 1845 55 226
1802 1845 55 226
1859 1845 55 226
1915 1845 55 226
1972 1845 55 226
2029 1845 55 226
2085 1845 191 226
2278 1845 220 226
2499 1845 449 226
1771 1901 29 107
1609 1909 36 29
1609 1938 35 69
81 1986 55 219
331 1986 55 219
387 1986 55 219
444 1986 55 219
501 1986 55 219
557 1986 55 219
614 1986 191 219
807 1986 219 219
1028 1986 449 219
1483 2076 1465 2187
81 2207 55 219
331 2207 55 219
387 2207 55 219
444 2207 55 219
501 2207 55 219
557 2207 55 219
614 2207 191 219
807 2207 219 219
1028 2207 449 219
138 2263 35 36
297 2263 32 113
138 2299 34 76
25 2428 1452 55
25 2484 55 230
81 2484 55 230
138 2484 191 230
331 2484 55 230
387 2484 55 230
444 2484 55 230
501 2484 55 230
557 2484 55 230
614 2484 191 230
807 2484 219 230
1028 2484 449 230
25 2715 55 218
81 2715 55 218
331 2715 55 218
387 2715 55 218
444 2715 55 218
501 2715 55 218
557 2715 55 218
614 2715 191 218
807 2715 219 218
1028 2715 449 218
138 2784 23 119
25 2938 55 436
81 2938 55 218
331 2938 55 218
387 2938 55 218
444 2938 55 218
501 2938 55 218
557 2938 55 218
614 2938 191 218
807 2938 219 218
1028 2938 449 218
138 2991 37 36
290 2996 39 29
293 3027 36 84
138 3032 33 82
81 3158 55 216
331 3158 55 216
387 3158 55 216
444 3158 55 216
501 3158 55 216
557 3158 55 216
614 3158 191 216
807 3158 219 216
1028 3158 449 216
138 3219 27 123
295 3228 34 115
25 3380 55 438
81 3380 55 218
331 3380 55 218
387 3380 55 218
444 3380 55 218
501 3380 55 218
557 3380 55 218
614 3380 191 218
807 3380 219 218
1028 3380 449 218
292 3434 37 120
138 3441 34 115
81 3600 55 218
331 3600 55 218
387 3600 55 218
444 3600 55 218
501 3600 55 218
557 3600 55 218
614 3600 191 218
807 3600 219 218
1028 3600 449 218
138 3647 39 34
290 3655 39 23
293 3681 36 137
138 3683 35 95
138 3779 32 39
25 3823 55 438
81 3823 55 217
331 3823 55 217
387 3823 55 217
444 3823 55 217
501 3823 55 217
557 3823 55 217
614 3823 191 217
807 3823 219 217
1028 3823 449 217
305 3892 24 33
138 3895 29 60
81 4042 55 219
331 4042 55 219
387 4042 55 219
444 4042 55 219
501 4042 55 219
557 4042 55 219
614 4042 191 219
807 4042 219 219
1028 4042 449 219
