1569 52 77 28
807 53 29 49
1697 53 31 21
1732 53 32 21
2160 53 31 21
2195 53 31 21
2544 53 31 21
2579 53 31 21
1344 54 88 32
570 60 37 26
624 60 40 26
2381 70 59 29
1565 84 85 52
584 86 23 67
624 86 26 67
516 94 31 58
1132 98 32 31
1953 98 32 31
2375 103 33 32
2413 103 34 32
902 115 28 35
1450 115 28 35
1023 117 75 35
2261 183 22 36
2087 203 49 52
2601 206 62 37
2822 218 36 22
2691 229 57 25
183 606 62 177
247 606 66 177
315 606 268 177
585 606 70 177
657 606 58 177
717 606 59 177
778 606 61 177
841 606 63 177
906 606 229 177
1137 606 473 177
1612 606 1407 177
183 785 62 670
247 785 66 334
585 785 70 334
657 785 58 334
717 785 59 334
778 785 61 334
841 785 63 334
906 785 229 334
1137 785 473 334
1612 785 1407 334
315 867 54 186
528 874 55 124
315 1070 47 46
247 1121 66 334
315 1121 268 303
585 1121 70 334
657 1121 58 334
717 1121 59 334
778 1121 61 334
841 1121 63 334
906 1121 229 334
1137 1121 473 334
1612 1121 1405 334
184 1568 61 177
247 1568 66 177
315 1568 265 177
582 1568 74 177
658 1568 57 177
717 1568 59 177
778 1568 62 177
842 1568 62 177
906 1568 254 177
1162 1568 460 177
1624 1568 1395 177
184 1747 61 670
247 1747 66 337
315 1747 265 267
582 1747 74 337
658 1747 57 337
717 1747 59 337
778 1747 62 337
842 1747 62 337
906 1747 254 337
1162 1747 460 337
1624 1747 1395 337
315 2014 264 64
248 2086 65 331
582 2086 74 331
658 2086 57 331
717 2086 59 331
778 2086 62 331
842 2086 62 331
906 2086 254 331
1162 2086 460 331
1624 2086 1393 331
528 2165 52 37
315 2182 49 164
532 2205 48 135
