27 122 2894 156
28 279 2893 243
27 525 54 56
82 525 54 56
137 525 171 56
309 525 163 56
473 525 50 56
524 525 34 56
559 525 69 56
629 525 74 56
704 525 316 56
1021 525 446 56
1484 525 56 56
1541 525 54 56
1596 525 171 56
1768 525 163 56
1932 525 50 56
1983 525 34 56
2018 525 69 56
2088 525 74 56
2163 525 316 56
2480 525 441 56
27 582 54 3036
82 582 54 379
137 582 171 96
309 582 163 277
473 582 50 379
524 582 34 379
559 582 69 379
629 582 74 379
704 582 316 379
1021 582 446 379
1484 582 56 1517
1541 582 54 378
1596 582 171 91
1768 582 163 378
1932 582 50 378
1983 582 34 378
2018 582 69 378
2088 582 74 378
2163 582 316 378
2480 582 441 378
1738 724 29 80
1596 731 30 81
310 859 162 102
1596 886 171 74
137 888 50 73
209 888 37 73
260 888 48 73
1541 961 54 379
1596 961 171 98
1768 961 163 379
1932 961 50 379
1983 961 34 379
2018 961 69 379
2088 961 74 379
2163 961 316 379
2480 961 441 379
82 962 54 378
137 962 171 91
309 962 163 254
473 962 50 378
524 962 34 378
559 962 69 378
629 962 74 378
704 962 316 378
1021 962 446 378
1741 1097 26 110
280 1100 28 102
137 1104 29 103
1596 1104 40 21
1596 1130 37 72
310 1216 162 124
137 1265 87 75
231 1265 77 75
1596 1266 107 74
1724 1266 43 74
82 1341 54 379
137 1341 171 90
309 1341 163 379
473 1341 50 379
524 1341 34 379
559 1341 69 379
629 1341 74 379
704 1341 316 379
1021 1341 446 379
1541 1341 54 378
1596 1341 171 92
1768 1341 163 243
1932 1341 50 378
1983 1341 34 378
2018 1341 69 378
2088 1341 74 378
2163 1341 316 378
2480 1341 441 378
1596 1485 31 96
1739 1497 28 75
1769 1584 162 135
137 1646 171 74
1596 1646 49 73
1668 1646 21 73
1713 1646 54 73
1541 1720 54 379
1596 1720 171 91
1768 1720 163 256
1932 1720 50 379
1983 1720 34 379
2018 1720 69 379
2088 1720 74 379
2163 1720 316 379
2480 1720 441 379
82 1721 54 379
137 1721 171 95
309 1721 163 379
473 1721 50 379
524 1721 34 379
559 1721 69 379
629 1721 74 379
704 1721 316 379
1021 1721 446 379
1743 1855 24 108
1596 1859 22 110
137 1863 27 92
275 1864 33 236
1769 1976 162 123
1631 2026 33 73
1484 2100 56 758
1541 2100 54 379
1596 2100 171 97
1768 2100 163 257
1932 2100 50 379
1983 2100 34 379
2018 2100 69 379
2088 2100 74 379
2163 2100 316 379
2480 2100 441 379
82 2101 54 378
137 2101 171 90
309 2101 163 246
473 2101 50 378
524 2101 34 378
559 2101 69 378
629 2101 74 378
704 2101 316 378
1021 2101 446 378
1596 2236 36 112
1727 2236 40 96
137 2247 26 93
287 2255 21 84
310 2347 162 132
1769 2357 162 122
137 2405 171 74
1596 2405 56 74
1656 2405 111 74
82 2480 54 379
137 2480 171 94
309 2480 163 379
473 2480 50 379
524 2480 34 379
559 2480 69 379
629 2480 74 379
704 2480 316 379
1021 2480 446 379
1541 2480 54 378
1596 2480 171 93
1768 2480 163 378
1932 2480 50 378
1983 2480 34 378
2018 2480 69 378
2088 2480 74 378
2163 2480 316 378
2480 2480 441 378
268 2613 40 33
1596 2613 30 114
1739 2615 28 107
137 2618 32 110
269 2646 39 213
1596 2787 92 71
1691 2787 76 71
1484 2859 56 759
1541 2859 54 379
1596 2859 171 91
1768 2859 163 379
1932 2859 50 379
1983 2859 34 379
2018 2859 69 379
2088 2859 74 379
2163 2859 316 379
2480 2859 441 379
82 2860 54 378
137 2860 171 249
309 2860 163 378
473 2860 50 378
524 2860 34 378
559 2860 69 378
629 2860 74 378
704 2860 316 378
1021 2860 446 378
1596 3019 28 101
1739 3021 28 125
138 3109 170 39
139 3148 169 90
1596 3163 62 75
1680 3163 87 75
82 3239 54 379
137 3239 171 91
309 3239 163 379
473 3239 50 379
524 3239 34 379
559 3239 69 379
629 3239 74 379
704 3239 316 379
1021 3239 446 379
1541 3239 54 379
1596 3239 171 95
1768 3239 163 379
1932 3239 50 379
1983 3239 34 379
2018 3239 69 379
2088 3239 74 379
2163 3239 316 379
2480 3239 441 379
276 3370 32 102
1734 3386 33 25
137 3389 32 87
1596 3389 31 88
1735 3411 32 73
141 3542 28 76
189 3542 47 76
1596 3546 171 72
27 3619 54 378
82 3619 54 378
137 3619 171 86
309 3619 163 274
473 3619 50 378
524 3619 34 378
559 3619 69 378
629 3619 74 378
704 3619 316 378
1021 3619 446 378
1484 3619 1437 378
137 3769 28 228
287 3801 21 85
310 3893 162 104
268 3923 40 74
