16 17 2832 208
16 226 2832 246
16 474 109 110
126 474 362 110
489 474 84 110
574 474 84 110
659 474 84 110
745 474 83 110
830 474 83 110
915 474 395 110
1311 474 566 110
1878 474 970 110
16 585 109 401
126 585 362 401
489 585 84 401
574 585 84 401
659 585 84 401
745 585 83 401
830 585 83 401
915 585 395 401
1311 585 566 401
1878 585 970 401
16 988 109 399
126 988 362 399
489 988 84 399
574 988 84 399
659 988 84 399
745 988 83 399
830 988 83 399
915 988 395 399
1311 988 566 399
1878 988 970 399
16 1393 1416 2770
1436 1393 1412 2770
