12 11 2812 301
12 314 2812 210
12 526 2812 70
12 599 82 109
97 599 252 109
352 599 127 109
482 599 94 109
579 599 93 109
675 599 94 109
771 599 94 109
868 599 348 109
1219 599 349 109
1571 599 1253 109
12 711 82 236
97 711 252 236
352 711 127 236
482 711 94 236
579 711 93 236
675 711 94 236
771 711 94 236
868 711 348 236
1219 711 349 236
1571 711 1253 236
12 950 82 236
97 950 252 236
352 950 127 236
482 950 94 236
579 950 93 236
675 950 94 236
771 950 94 236
868 950 348 236
1219 950 349 236
1571 950 1253 236
12 1189 82 236
97 1189 252 236
352 1189 127 236
482 1189 94 236
579 1189 93 236
675 1189 94 236
771 1189 94 236
868 1189 348 236
1219 1189 349 236
1571 1189 1253 236
12 1427 82 237
97 1427 252 237
352 1427 127 237
482 1427 94 237
579 1427 93 237
675 1427 94 237
771 1427 94 237
868 1427 348 237
1219 1427 349 237
1571 1427 1253 237
12 1666 82 237
97 1666 252 237
352 1666 127 237
482 1666 94 237
579 1666 93 237
675 1666 94 237
771 1666 94 237
868 1666 348 237
1219 1666 349 237
1571 1666 1253 237
12 1905 82 237
97 1905 252 237
352 1905 127 237
482 1905 94 237
579 1905 93 237
675 1905 94 237
771 1905 94 237
868 1905 348 237
1219 1905 349 237
1571 1905 1253 237
12 2144 82 237
97 2144 252 237
352 2144 127 237
482 2144 94 237
579 2144 93 237
675 2144 94 237
771 2144 94 237
868 2144 348 237
1219 2144 349 237
1571 2144 1253 237
12 2383 82 236
97 2383 252 236
352 2383 127 236
482 2383 94 236
579 2383 93 236
675 2383 94 236
771 2383 94 236
868 2383 348 236
1219 2383 349 236
1571 2383 1253 236
12 2622 82 236
97 2622 252 236
352 2622 127 236
482 2622 94 236
579 2622 93 236
675 2622 94 236
771 2622 94 236
868 2622 348 236
1219 2622 349 236
1571 2622 1253 236
12 2861 82 236
97 2861 252 236
352 2861 127 236
482 2861 94 236
579 2861 93 236
675 2861 94 236
771 2861 94 236
868 2861 348 236
1219 2861 349 236
1571 2861 1253 236
12 3100 82 236
97 3100 252 236
352 3100 127 236
482 3100 94 236
579 3100 93 236
675 3100 94 236
771 3100 94 236
868 3100 348 236
1219 3100 349 236
1571 3100 1253 236
12 3339 82 236
97 3339 252 236
352 3339 127 236
482 3339 94 236
579 3339 93 236
675 3339 94 236
771 3339 94 236
868 3339 348 236
1219 3339 349 236
1571 3339 1253 236
12 3578 82 236
97 3578 252 236
352 3578 127 236
482 3578 94 236
579 3578 93 236
675 3578 94 236
771 3578 94 236
868 3578 348 236
1219 3578 349 236
1571 3578 1253 236
12 3817 82 239
97 3817 252 239
352 3817 127 239
482 3817 94 239
579 3817 93 239
675 3817 94 239
771 3817 94 239
868 3817 348 239
1219 3817 349 239
1571 3817 1253 239
