27 126 2894 168
27 295 2894 243
80 541 54 55
135 541 171 55
307 541 162 55
470 541 51 55
522 541 34 55
557 541 68 55
626 541 74 55
701 541 317 55
1019 541 446 55
1482 541 56 55
1539 541 54 55
1594 541 171 55
1766 541 162 55
1929 541 51 55
1981 541 34 55
2016 541 68 55
2085 541 74 55
2160 541 317 55
2478 541 443 55
27 597 52 854
80 597 54 285
135 597 171 46
307 597 162 219
470 597 51 285
522 597 34 285
557 597 68 285
626 597 74 285
701 597 317 285
1019 597 446 285
1482 597 56 570
1539 597 54 285
1594 597 171 37
1766 597 162 285
1929 597 51 285
1981 597 34 285
2016 597 68 285
2085 597 74 285
2160 597 317 285
2478 597 443 285
135 682 24 119
279 687 27 112
308 816 161 66
135 854 43 28
182 854 124 28
1594 854 77 28
1695 854 70 28
80 883 54 284
135 883 171 44
307 883 162 284
470 883 51 284
522 883 34 284
557 883 68 284
626 883 74 284
701 883 317 284
1019 883 446 284
1539 883 54 284
1594 883 171 40
1766 883 162 284
1929 883 51 284
1981 883 34 284
2016 883 68 284
2085 883 74 284
2160 883 317 284
2478 883 443 284
135 961 33 36
267 961 39 105
1738 961 27 44
1594 963 28 38
135 997 32 71
1594 1001 27 73
1739 1005 26 68
135 1139 65 28
233 1139 73 28
1594 1139 69 28
1681 1139 84 28
80 1168 54 220
135 1168 171 40
307 1168 162 283
470 1168 51 283
522 1168 34 283
557 1168 68 283
626 1168 74 283
701 1168 317 283
1019 1168 446 283
1482 1168 56 568
1539 1168 54 283
1594 1168 171 40
1766 1168 162 283
1929 1168 51 283
1981 1168 34 283
2016 1168 68 283
2085 1168 74 283
2160 1168 317 283
2478 1168 443 283
1733 1252 32 21
285 1266 21 23
135 1267 24 29
1734 1273 31 73
1594 1275 31 74
135 1296 23 83
80 1388 53 63
135 1423 171 28
1594 1423 171 28
27 1452 52 284
80 1452 54 284
135 1452 171 44
307 1452 162 284
470 1452 51 284
522 1452 34 284
557 1452 68 284
626 1452 74 284
701 1452 317 284
1019 1452 446 284
1539 1452 54 284
1594 1452 171 41
1766 1452 162 284
1929 1452 51 284
1981 1452 34 284
2016 1452 68 284
2085 1452 74 284
2160 1452 317 284
2478 1452 443 284
135 1539 34 101
1594 1546 34 105
1731 1550 34 22
264 1557 42 76
1732 1572 33 71
206 1708 33 28
1594 1709 78 27
1677 1709 88 27
27 1737 52 569
80 1737 54 284
135 1737 171 46
307 1737 162 284
470 1737 51 284
522 1737 34 284
557 1737 68 284
626 1737 74 284
701 1737 317 284
1019 1737 446 284
1482 1737 56 569
1539 1737 54 284
1594 1737 171 209
1766 1737 162 284
1929 1737 51 284
1981 1737 34 284
2016 1737 68 284
2085 1737 74 284
2160 1737 317 284
2478 1737 443 284
135 1824 34 103
267 1852 39 59
1594 1946 167 75
135 1993 30 28
201 1993 83 28
80 2022 54 284
135 2022 171 284
307 2022 162 284
470 2022 51 284
522 2022 34 284
557 2022 68 284
626 2022 74 284
701 2022 317 284
1019 2022 446 284
1539 2022 54 284
1594 2022 171 196
1766 2022 162 284
1929 2022 51 284
1981 2022 34 284
2016 2022 68 284
2085 2022 74 284
2160 2022 317 284
2478 2022 443 284
1596 2218 169 40
1611 2270 154 36
27 2307 52 853
80 2307 54 283
135 2307 171 44
307 2307 162 283
470 2307 51 283
522 2307 34 283
557 2307 68 283
626 2307 74 283
701 2307 317 283
1019 2307 446 283
1482 2307 56 568
1539 2307 54 283
1594 2307 171 48
1766 2307 162 283
1929 2307 51 283
1981 2307 34 283
2016 2307 68 283
2085 2307 74 283
2160 2307 317 283
2478 2307 443 283
1594 2391 35 102
1728 2400 37 91
135 2402 31 101
273 2412 33 117
135 2563 111 27
247 2563 22 27
1594 2564 171 26
80 2591 54 27
135 2591 171 27
307 2591 162 284
470 2591 51 284
522 2591 34 284
557 2591 68 284
626 2591 74 284
701 2591 317 284
1019 2591 446 284
1539 2591 54 284
1594 2591 171 43
1766 2591 162 284
1929 2591 51 284
1981 2591 34 284
2016 2591 68 284
2085 2591 74 284
2160 2591 317 284
2478 2591 443 284
80 2618 53 257
1594 2682 24 23
1737 2703 28 80
1594 2709 22 78
135 2846 58 29
236 2846 70 29
1594 2848 81 27
1676 2848 89 27
80 2876 54 284
135 2876 171 51
307 2876 162 284
470 2876 51 284
522 2876 34 284
557 2876 68 284
626 2876 74 284
701 2876 317 284
1019 2876 446 284
1482 2876 56 284
1539 2876 54 284
1594 2876 171 47
1766 2876 162 284
1929 2876 51 284
1981 2876 34 284
2016 2876 68 284
2085 2876 74 284
2160 2876 317 284
2478 2876 443 284
1731 2961 34 23
135 2974 38 82
267 2975 39 79
1594 2988 28 83
1735 2988 30 79
1594 3132 171 28
27 3161 52 840
80 3161 54 191
135 3161 171 55
307 3161 162 284
470 3161 51 284
522 3161 34 284
557 3161 68 284
626 3161 74 284
701 3161 317 284
1019 3161 446 284
1482 3161 56 569
1539 3161 54 284
1594 3161 171 44
1766 3161 162 284
1929 3161 51 284
1981 3161 34 284
2016 3161 68 284
2085 3161 74 284
2160 3161 317 284
2478 3161 443 284
1738 3246 27 101
135 3250 41 31
1594 3251 23 102
268 3253 38 22
270 3278 36 60
135 3281 40 57
80 3352 53 93
1594 3418 171 27
135 3419 73 26
211 3419 33 26
249 3419 57 26
80 3446 54 207
135 3446 171 45
307 3446 162 284
470 3446 51 284
522 3446 34 284
557 3446 68 284
626 3446 74 284
701 3446 317 284
1019 3446 446 284
1539 3446 54 284
1594 3446 171 43
1766 3446 162 284
1929 3446 51 284
1981 3446 34 284
2016 3446 68 284
2085 3446 74 284
2160 3446 317 284
2478 3446 443 284
1594 3531 33 114
276 3533 30 24
135 3534 32 105
1734 3540 31 101
278 3559 28 84
80 3653 53 77
164 3703 53 27
1594 3703 171 27
80 3731 54 270
135 3731 171 37
307 3731 162 270
470 3731 51 270
522 3731 34 270
557 3731 68 270
626 3731 74 270
701 3731 317 270
1019 3731 446 270
1482 3731 1439 270
