22 21 1895 224
22 247 1895 270
22 519 63 112
87 519 208 112
297 519 69 112
368 519 76 112
446 519 45 112
493 519 85 112
579 519 85 112
666 519 196 112
864 519 216 112
1082 519 835 112
22 632 63 509
87 632 208 509
297 632 69 509
368 632 76 509
446 632 45 509
493 632 85 509
579 632 85 509
666 632 196 509
864 632 216 509
1082 632 835 509
22 1143 63 507
87 1143 208 507
297 1143 69 507
368 1143 76 507
446 1143 45 507
493 1143 85 507
579 1143 85 507
666 1143 196 507
864 1143 216 507
1082 1143 835 507
22 1654 1895 1016
