77 185 2228 180
77 368 2228 133
77 504 59 138
139 504 264 138
406 504 64 138
472 504 64 138
539 504 64 138
606 504 64 138
673 504 63 138
739 504 390 138
1132 504 365 138
1500 504 805 138
77 645 59 253
139 645 264 253
406 645 64 253
472 645 64 253
539 645 64 253
606 645 64 253
673 645 63 253
739 645 390 253
1132 645 365 253
1500 645 805 253
77 900 59 253
139 900 264 253
406 900 64 253
472 900 64 253
539 900 64 253
606 900 64 253
673 900 63 253
739 900 390 253
1132 900 365 253
1500 900 805 253
77 1156 59 248
139 1156 264 248
406 1156 64 248
472 1156 64 248
539 1156 64 248
606 1156 64 248
673 1156 63 248
739 1156 390 248
1132 1156 365 248
1500 1156 805 248
77 1415 740 1848
821 1415 744 1848
1570 1415 735 1848
