170 432 2902 211
170 651 1446 71
1621 651 1449 71
170 725 65 139
238 725 196 139
437 725 167 139
607 725 53 139
663 725 54 139
720 725 54 139
777 725 54 139
833 725 136 139
972 725 135 139
1110 725 506 139
1621 725 65 139
1689 725 196 139
1887 725 168 139
2057 725 54 139
2114 725 54 139
2171 725 54 139
2228 725 53 139
2284 725 136 139
2423 725 136 139
2562 725 508 139
170 866 65 481
238 866 196 481
437 866 167 481
607 866 53 481
663 866 54 481
720 866 54 481
777 866 54 481
833 866 136 481
972 866 135 481
1110 866 506 481
1621 866 65 580
1689 866 196 580
1887 866 168 580
2057 866 54 580
2114 866 54 580
2171 866 54 580
2228 866 53 580
2284 866 136 580
2423 866 136 580
2562 866 508 580
170 1353 1446 69
170 1425 65 144
238 1425 196 144
437 1425 167 144
607 1425 53 144
663 1425 54 144
720 1425 54 144
777 1425 54 144
833 1425 136 144
972 1425 135 144
1110 1425 506 144
1621 1449 65 578
1689 1449 196 578
1887 1449 168 578
2057 1449 54 578
2114 1449 54 578
2171 1449 54 578
2228 1449 53 578
2284 1449 136 578
2423 1449 136 578
2562 1449 508 578
170 1572 65 481
238 1572 196 481
437 1572 167 481
607 1572 53 481
663 1572 54 481
720 1572 54 481
777 1572 54 481
833 1572 136 481
972 1572 135 481
1110 1572 506 481
1621 2032 1449 70
170 2058 1446 70
1621 2105 65 144
1689 2105 196 144
1887 2105 168 144
2057 2105 54 144
2114 2105 54 144
2171 2105 54 144
2228 2105 53 144
2284 2105 136 144
2423 2105 136 144
2562 2105 508 144
170 2131 65 144
238 2131 196 144
437 2131 167 144
607 2131 53 144
663 2131 54 144
720 2131 54 144
777 2131 54 144
833 2131 136 144
972 2131 135 144
1110 2131 506 144
1621 2252 65 578
1689 2252 196 578
1887 2252 168 578
2057 2252 54 578
2114 2252 54 578
2171 2252 54 578
2228 2252 53 578
2284 2252 136 578
2423 2252 136 578
2562 2252 508 578
170 2278 65 482
238 2278 196 482
437 2278 167 482
607 2278 53 482
663 2278 54 482
720 2278 54 482
777 2278 54 482
833 2278 136 482
972 2278 135 482
1110 2278 506 482
170 2763 65 480
238 2763 196 480
437 2763 167 480
607 2763 53 480
663 2763 54 480
720 2763 54 480
777 2763 54 480
833 2763 136 480
972 2763 135 480
1110 2763 506 480
1621 2836 1449 69
1621 2908 65 145
1689 2908 196 145
1887 2908 168 145
2057 2908 54 145
2114 2908 54 145
2171 2908 54 145
2228 2908 53 145
2284 2908 136 145
2423 2908 136 145
2562 2908 508 145
1621 3055 65 578
1689 3055 196 578
1887 3055 168 578
2057 3055 54 578
2114 3055 54 578
2171 3055 54 578
2228 3055 53 578
2284 3055 136 578
2423 3055 136 578
2562 3055 508 578
170 3249 1446 69
170 3321 65 145
238 3321 196 145
437 3321 167 145
607 3321 53 145
663 3321 54 145
720 3321 54 145
777 3321 54 145
833 3321 136 145
972 3321 135 145
1110 3321 506 145
170 3469 65 482
238 3469 196 482
437 3469 167 482
607 3469 53 482
663 3469 54 482
720 3469 54 482
777 3469 54 482
833 3469 136 482
972 3469 135 482
1110 3469 506 482
1621 3639 1449 69
1621 3711 65 145
1689 3711 196 145
1887 3711 168 145
2057 3711 54 145
2114 3711 54 145
2171 3711 54 145
2228 3711 53 145
2284 3711 136 145
2423 3711 136 145
2562 3711 508 145
1621 3859 65 577
1689 3859 196 577
1887 3859 168 577
2057 3859 54 577
2114 3859 54 577
2171 3859 54 577
2228 3859 53 577
2284 3859 136 577
2423 3859 136 577
2562 3859 508 577
170 3953 65 482
238 3953 196 482
437 3953 167 482
607 3953 53 482
663 3953 54 482
720 3953 54 482
777 3953 54 482
833 3953 136 482
972 3953 135 482
1110 3953 506 482
