12 12 2871 271
12 285 2871 242
12 529 89 83
104 529 281 83
387 529 225 83
614 529 88 83
705 529 65 83
773 529 122 83
897 529 154 83
1053 529 313 83
1368 529 439 83
1809 529 1074 83
12 614 89 338
387 614 225 338
614 614 88 338
705 614 65 338
773 614 122 338
897 614 154 338
1053 614 313 338
1368 614 439 338
1809 614 1074 338
333 708 52 21
104 739 44 23
12 954 89 338
387 954 225 338
614 954 88 338
705 954 65 338
773 954 122 338
897 954 154 338
1053 954 313 338
1368 954 439 338
1809 954 1074 338
12 1294 2871 2485
12 3779 1521 257
1535 3781 1348 58
1535 3840 134 70
1671 3840 265 70
1937 3840 447 70
2385 3840 498 35
2385 3876 146 34
2533 3876 350 34
1535 3912 134 60
1671 3912 265 60
1937 3912 447 60
2385 3912 146 60
2533 3912 350 60
1535 3974 134 60
1671 3974 265 60
1937 3974 447 60
2385 3974 146 60
2533 3974 350 60
12 4036 2871 111
