13 12 2946 270
13 284 2946 225
13 511 2946 89
13 602 49 89
64 602 55 89
121 602 225 89
347 602 55 89
404 602 55 89
461 602 55 89
517 602 55 89
574 602 55 89
631 602 367 89
999 602 367 89
1368 602 1591 89
13 693 49 253
64 693 55 253
121 693 225 253
347 693 55 253
404 693 55 253
461 693 55 253
517 693 55 253
574 693 55 253
631 693 367 253
999 693 367 253
1368 693 1591 253
13 948 49 253
64 948 55 253
121 948 225 253
347 948 55 253
404 948 55 253
461 948 55 253
517 948 55 253
574 948 55 253
631 948 367 253
999 948 367 253
1368 948 1591 253
13 1203 49 253
64 1203 55 253
121 1203 225 253
347 1203 55 253
404 1203 55 253
461 1203 55 253
517 1203 55 253
574 1203 55 253
631 1203 367 253
999 1203 367 253
1368 1203 1591 253
13 1458 49 254
64 1458 55 254
121 1458 225 254
347 1458 55 254
404 1458 55 254
461 1458 55 254
517 1458 55 254
574 1458 55 254
631 1458 367 254
999 1458 367 254
1368 1458 1591 254
13 1713 49 254
64 1713 55 254
121 1713 225 254
347 1713 55 254
404 1713 55 254
461 1713 55 254
517 1713 55 254
574 1713 55 254
631 1713 367 254
999 1713 367 254
1368 1713 1591 254
13 1968 49 254
64 1968 55 254
121 1968 225 254
347 1968 55 254
404 1968 55 254
461 1968 55 254
517 1968 55 254
574 1968 55 254
631 1968 367 254
999 1968 367 254
1368 1968 1591 254
13 2224 49 253
64 2224 55 253
121 2224 225 253
347 2224 55 253
404 2224 55 253
461 2224 55 253
517 2224 55 253
574 2224 55 253
631 2224 367 253
999 2224 367 253
1368 2224 1591 253
13 2479 49 253
64 2479 55 253
121 2479 225 253
347 2479 55 253
404 2479 55 253
461 2479 55 253
517 2479 55 253
574 2479 55 253
631 2479 367 253
999 2479 367 253
1368 2479 1591 253
13 2734 49 253
64 2734 55 253
121 2734 225 253
347 2734 55 253
404 2734 55 253
461 2734 55 253
517 2734 55 253
574 2734 55 253
631 2734 367 253
999 2734 367 253
1368 2734 1591 253
13 2989 49 253
64 2989 55 253
121 2989 225 253
347 2989 55 253
404 2989 55 253
461 2989 55 253
517 2989 55 253
574 2989 55 253
631 2989 367 253
999 2989 367 253
1368 2989 1591 253
13 3244 49 253
64 3244 55 253
121 3244 225 253
347 3244 55 253
404 3244 55 253
461 3244 55 253
517 3244 55 253
574 3244 55 253
631 3244 367 253
999 3244 367 253
1368 3244 1591 253
13 3499 49 254
64 3499 55 254
121 3499 225 254
347 3499 55 254
404 3499 55 254
461 3499 55 254
517 3499 55 254
574 3499 55 254
631 3499 367 254
999 3499 367 254
1368 3499 1591 254
13 3754 49 254
64 3754 55 254
121 3754 225 254
347 3754 55 254
404 3754 55 254
461 3754 55 254
517 3754 55 254
574 3754 55 254
631 3754 367 254
999 3754 367 254
1368 3754 1591 254
13 4009 49 254
64 4009 55 254
121 4009 225 254
347 4009 55 254
404 4009 55 254
461 4009 55 254
517 4009 55 254
574 4009 55 254
631 4009 367 254
999 4009 367 254
1368 4009 1591 254
