809 61 29 58
1571 61 77 31
1699 61 31 25
1735 61 31 25
2162 61 31 25
2197 61 32 25
2546 61 31 25
2581 61 32 25
1346 62 88 38
572 69 94 31
684 80 42 32
733 80 43 32
2384 82 58 33
1020 96 84 35
1567 97 85 62
586 100 66 63
684 113 92 46
2377 120 33 37
2415 120 35 37
475 125 74 52
904 133 28 42
1452 133 28 42
1025 136 75 42
2270 215 22 36
2096 235 49 45
2697 236 64 21
2610 238 62 37
2832 250 35 22
2700 261 57 25
192 776 62 174
256 776 67 174
325 776 264 174
591 776 74 174
667 776 57 174
726 776 60 174
788 776 61 174
851 776 64 174
917 776 242 174
1161 776 522 174
1685 776 1343 174
192 952 62 1031
256 952 67 346
591 952 74 346
667 952 57 346
726 952 60 346
788 952 61 346
851 952 64 346
917 952 242 346
1161 952 522 346
1685 952 1343 346
256 1300 67 343
325 1300 264 215
591 1300 74 343
667 1300 57 343
726 1300 60 343
788 1300 61 343
851 1300 64 343
917 1300 242 343
1161 1300 522 343
1685 1300 1343 343
256 1645 67 338
591 1645 74 289
667 1645 57 338
726 1645 60 338
788 1645 61 338
851 1645 64 338
917 1645 242 338
1161 1645 522 338
1685 1645 1343 338
541 1705 48 28
531 1766 58 30
592 1934 73 49
192 2174 62 177
256 2174 66 177
324 2174 264 177
590 2174 75 177
667 2174 57 177
726 2174 59 177
787 2174 62 177
851 2174 62 177
915 2174 244 177
1161 2174 525 177
1688 2174 1340 177
192 2353 62 2036
256 2353 66 335
590 2353 75 335
667 2353 57 335
726 2353 59 335
787 2353 62 335
851 2353 62 335
915 2353 244 335
1161 2353 525 335
1688 2353 1340 335
256 2690 66 333
590 2690 75 333
667 2690 57 333
726 2690 59 333
787 2690 62 333
851 2690 62 333
915 2690 244 219
1161 2690 525 333
1688 2690 1340 333
915 2914 244 109
256 3025 66 336
590 3025 75 336
667 3025 57 336
726 3025 59 336
787 3025 62 336
851 3025 62 336
915 3025 244 336
1161 3025 525 336
1688 3025 1340 336
324 3120 49 27
256 3363 66 341
590 3363 75 341
667 3363 57 341
726 3363 59 341
787 3363 62 341
851 3363 62 341
915 3363 244 341
1161 3363 525 341
1688 3363 1340 341
324 3441 56 23
256 3706 66 341
590 3706 75 341
667 3706 57 341
726 3706 59 341
787 3706 62 341
851 3706 62 341
915 3706 244 341
1161 3706 525 341
1688 3706 1340 341
256 4049 66 340
590 4049 75 340
667 4049 57 340
726 4049 59 340
787 4049 62 340
851 4049 62 340
915 4049 244 340
1161 4049 525 340
1688 4049 1340 340
