106 555 120 172
228 555 271 172
502 555 229 172
734 555 94 172
830 555 95 172
927 555 142 172
1071 555 116 172
1190 555 261 172
1454 555 478 172
1935 555 1050 172
106 730 120 367
228 730 271 367
502 730 229 367
734 730 94 367
830 730 95 367
927 730 142 367
1071 730 116 367
1190 730 261 367
1454 730 478 367
1935 730 1050 367
106 1103 1479 3184
1589 1103 1396 2448
1589 3555 1396 58
1589 3615 234 48
1825 3615 742 48
2569 3615 216 48
2787 3615 198 48
1589 3665 234 47
1825 3665 742 47
2569 3665 216 47
2787 3665 198 47
1589 3713 1396 574
