12 11 2080 179
12 194 2080 168
12 366 82 54
95 366 186 54
283 366 179 54
464 366 146 54
611 366 61 54
674 366 100 54
776 366 128 54
906 366 152 54
1059 366 327 54
1388 366 704 54
12 422 82 282
95 422 186 188
283 422 179 282
464 422 146 282
611 422 61 282
674 422 100 282
776 422 128 282
906 422 152 282
1059 422 327 282
1388 422 704 282
95 629 186 37
12 705 82 282
95 705 186 282
283 705 179 282
464 705 146 282
611 705 61 282
674 705 100 282
776 705 128 282
906 705 152 282
1059 705 327 282
1388 705 704 282
12 989 2080 1806
