16 17 2832 208
16 226 2832 246
16 474 109 110
126 474 362 110
489 474 84 110
574 474 84 110
659 474 84 110
745 474 83 110
830 474 83 110
915 474 395 110
1311 474 566 110
1878 474 969 110
16 585 109 384
126 585 362 384
489 585 84 384
574 585 84 384
659 585 84 384
745 585 83 384
830 585 83 384
915 585 395 384
1311 585 566 384
1878 585 969 384
16 971 109 382
126 971 362 382
489 971 84 382
574 971 84 382
659 971 84 382
745 971 83 382
830 971 83 382
915 971 395 382
1311 971 566 382
1878 971 969 382
16 1359 1416 2804
1436 1359 1411 2804
