9 77 2882 273
9 352 2882 164
9 518 122 66
133 518 327 66
462 518 225 66
689 518 199 66
890 518 95 66
987 518 139 66
1128 518 185 66
1315 518 247 66
1564 518 463 66
2029 518 862 66
9 586 122 565
133 586 327 565
462 586 225 565
689 586 199 565
890 586 95 565
987 586 139 565
1128 586 185 565
1315 586 247 565
1564 586 463 565
2029 586 862 565
9 1153 122 565
133 1153 327 565
462 1153 225 565
689 1153 199 565
890 1153 95 565
987 1153 139 565
1128 1153 185 565
1315 1153 247 565
1564 1153 463 565
2029 1153 862 565
9 1733 1437 2446
1449 1733 1442 2446
