9 67 2031 209
9 280 2031 158
9 447 2031 81
9 530 56 54
68 530 196 54
266 530 190 54
459 530 83 54
544 530 54 54
600 530 83 54
686 530 94 54
782 530 185 54
969 530 287 54
1258 530 782 54
9 587 56 463
68 587 196 463
266 587 190 463
459 587 83 463
544 587 54 463
600 587 83 463
686 587 94 463
782 587 185 463
969 587 287 463
1258 587 782 463
9 1052 56 464
68 1052 196 464
266 1052 190 464
459 1052 83 464
544 1052 54 464
600 1052 83 464
686 1052 94 464
782 1052 185 464
969 1052 287 464
1258 1052 782 464
9 1518 56 465
68 1518 196 465
266 1518 190 465
459 1518 83 465
544 1518 54 465
600 1518 83 465
686 1518 94 465
782 1518 185 465
969 1518 287 465
1258 1518 782 465
9 1985 56 464
68 1985 196 464
266 1985 190 464
459 1985 83 464
544 1985 54 464
600 1985 83 464
686 1985 94 464
782 1985 185 464
969 1985 287 464
1258 1985 782 464
9 2451 56 464
68 2451 196 464
266 2451 190 464
459 2451 83 464
544 2451 54 464
600 2451 83 464
686 2451 94 464
782 2451 185 464
969 2451 287 464
1258 2451 782 464
