17 17 2858 238
17 256 2858 238
17 495 84 85
102 495 226 85
329 495 214 85
544 495 116 85
661 495 74 85
736 495 111 85
848 495 110 85
959 495 184 85
1145 495 301 85
1447 495 1428 85
17 581 84 441
102 581 226 441
329 581 214 441
544 581 116 441
661 581 74 441
736 581 111 441
848 581 110 441
959 581 184 441
1145 581 301 441
1447 581 1428 441
17 1023 84 441
102 1023 226 441
329 1023 214 441
544 1023 116 441
661 1023 74 441
736 1023 111 441
848 1023 110 441
959 1023 184 441
1145 1023 301 441
1447 1023 1428 441
17 1465 84 442
102 1465 226 442
329 1465 214 442
544 1465 116 442
661 1465 74 442
736 1465 111 442
848 1465 110 442
959 1465 184 442
1145 1465 301 442
1447 1465 1428 442
17 1908 84 441
102 1908 226 441
329 1908 214 441
544 1908 116 441
661 1908 74 441
736 1908 111 441
848 1908 110 441
959 1908 184 441
1145 1908 301 441
1447 1908 1428 441
17 2350 2858 1539
