170 432 2902 211
170 651 1446 71
1621 651 1449 71
170 725 65 139
238 725 196 139
437 725 167 139
607 725 53 139
663 725 54 139
720 725 54 139
777 725 54 139
833 725 136 139
972 725 135 139
1110 725 506 139
1621 725 65 139
1689 725 196 139
1887 725 168 139
2057 725 54 139
2114 725 54 139
2171 725 54 139
2228 725 53 139
2284 725 136 139
2423 725 136 139
2562 725 508 139
170 866 65 481
238 866 196 481
437 866 167 481
607 866 53 481
663 866 54 481
720 866 54 481
777 866 54 481
833 866 136 481
972 866 135 481
1110 866 506 481
1621 866 65 477
1689 866 196 477
1887 866 168 477
2057 866 54 477
2114 866 54 477
2171 866 54 477
2228 866 53 477
2284 866 136 477
2423 866 136 477
2562 866 508 477
1621 1346 65 474
1689 1346 196 474
1887 1346 168 474
2057 1346 54 474
2114 1346 54 474
2171 1346 54 474
2228 1346 53 474
2284 1346 136 474
2423 1346 136 474
2562 1346 508 474
170 1353 1446 69
170 1425 65 144
238 1425 196 144
437 1425 167 144
607 1425 53 144
663 1425 54 144
720 1425 54 144
777 1425 54 144
833 1425 136 144
972 1425 135 144
1110 1425 506 144
170 1572 65 482
238 1572 196 482
437 1572 167 482
607 1572 53 482
663 1572 54 482
720 1572 54 482
777 1572 54 482
833 1572 136 482
972 1572 135 482
1110 1572 506 482
1621 1826 1449 69
1621 1898 65 145
1689 1898 196 145
1887 1898 168 145
2057 1898 54 145
2114 1898 54 145
2171 1898 54 145
2228 1898 53 145
2284 1898 136 145
2423 1898 136 145
2562 1898 508 145
1621 2046 65 476
1689 2046 196 476
1887 2046 168 476
2057 2046 54 476
2114 2046 54 476
2171 2046 54 476
2228 2046 53 476
2284 2046 136 476
2423 2046 136 476
2562 2046 508 476
170 2057 65 480
238 2057 196 480
437 2057 167 480
607 2057 53 480
663 2057 54 480
720 2057 54 480
777 2057 54 480
833 2057 136 480
972 2057 135 480
1110 2057 506 480
1621 2525 65 476
1689 2525 196 476
1887 2525 168 476
2057 2525 54 476
2114 2525 54 476
2171 2525 54 476
2228 2525 53 476
2284 2525 136 476
2423 2525 136 476
2562 2525 508 476
170 2543 1446 70
170 2615 65 145
238 2615 196 145
437 2615 167 145
607 2615 53 145
663 2615 54 145
720 2615 54 145
777 2615 54 145
833 2615 136 145
972 2615 135 145
1110 2615 506 145
170 2763 65 480
238 2763 196 480
437 2763 167 480
607 2763 53 480
663 2763 54 480
720 2763 54 480
777 2763 54 480
833 2763 136 480
972 2763 135 480
1110 2763 506 480
1621 3004 65 476
1689 3004 196 476
1887 3004 168 476
2057 3004 54 476
2114 3004 54 476
2171 3004 54 476
2228 3004 53 476
2284 3004 136 476
2423 3004 136 476
2562 3004 508 476
170 3249 1446 69
170 3321 65 145
238 3321 196 145
437 3321 167 145
607 3321 53 145
663 3321 54 145
720 3321 54 145
777 3321 54 145
833 3321 136 145
972 3321 135 145
1110 3321 506 145
170 3469 65 482
238 3469 196 482
437 3469 167 482
607 3469 53 482
663 3469 54 482
720 3469 54 482
777 3469 54 482
833 3469 136 482
972 3469 135 482
1110 3469 506 482
1621 3483 65 476
1689 3483 196 476
1887 3483 168 476
2057 3483 54 476
2114 3483 54 476
2171 3483 54 476
2228 3483 53 476
2284 3483 136 476
2423 3483 136 476
2562 3483 508 476
170 3953 65 482
238 3953 196 482
437 3953 167 482
607 3953 53 482
663 3953 54 482
720 3953 54 482
777 3953 54 482
833 3953 136 482
972 3953 135 482
1110 3953 506 482
1621 3962 65 474
1689 3962 196 474
1887 3962 168 474
2057 3962 54 474
2114 3962 54 474
2171 3962 54 474
2228 3962 53 474
2284 3962 136 474
2423 3962 136 474
2562 3962 508 474
