11 81 2087 178
11 261 2087 175
11 438 77 55
91 438 190 55
283 438 223 55
509 438 139 55
650 438 68 55
720 438 105 55
827 438 114 55
943 438 241 55
1187 438 407 55
1597 438 501 55
11 495 77 255
283 495 223 255
509 495 139 255
650 495 68 255
720 495 105 255
827 495 114 255
943 495 241 255
1187 495 407 255
1597 495 501 255
11 752 77 255
283 752 223 255
509 752 139 255
650 752 68 255
720 752 105 255
827 752 114 255
943 752 241 255
1187 752 407 255
1597 752 501 255
11 1009 77 254
283 1009 223 254
509 1009 139 254
650 1009 68 254
720 1009 105 254
827 1009 114 254
943 1009 241 254
1187 1009 407 254
1597 1009 501 254
11 1266 2087 1556
