13 12 2946 342
13 355 2946 254
13 611 2946 89
13 701 55 89
70 701 225 89
296 701 55 89
353 701 55 89
410 701 55 89
466 701 55 89
523 701 55 89
580 701 367 89
948 701 367 89
1317 701 1642 89
13 792 55 253
70 792 225 253
296 792 55 253
353 792 55 253
410 792 55 253
466 792 55 253
523 792 55 253
580 792 367 253
948 792 367 253
1317 792 1642 253
13 1047 55 254
70 1047 225 254
296 1047 55 254
353 1047 55 254
410 1047 55 254
466 1047 55 254
523 1047 55 254
580 1047 367 254
948 1047 367 254
1317 1047 1642 254
12 1302 2948 2961
