134 185 2790 296
134 486 2790 259
134 750 2790 172
134 927 68 93
207 927 188 93
400 927 61 93
467 927 52 93
525 927 50 93
580 927 50 93
635 927 50 93
690 927 134 93
829 927 217 93
1051 927 475 93
1531 927 73 93
1609 927 188 93
1802 927 61 93
1868 927 53 93
1926 927 50 93
1981 927 50 93
2036 927 50 93
2092 927 134 93
2231 927 217 93
2453 927 471 93
134 1025 1392 78
1531 1025 1393 78
134 1108 67 305
206 1108 188 305
400 1108 61 305
466 1108 53 305
524 1108 50 305
579 1108 50 305
634 1108 50 305
689 1108 135 305
829 1108 217 305
1051 1108 475 305
1532 1108 72 293
1609 1108 188 293
1802 1108 62 293
1869 1108 53 293
1927 1108 50 293
1982 1108 50 293
2037 1108 50 293
2092 1108 134 293
2231 1108 217 293
2453 1108 471 293
1531 1406 1393 78
134 1418 67 305
206 1418 188 305
400 1418 61 305
466 1418 53 305
524 1418 50 305
579 1418 50 305
634 1418 50 305
689 1418 135 305
829 1418 217 305
1051 1418 475 305
1532 1490 72 292
1609 1490 188 292
1802 1490 62 292
1869 1490 53 292
1927 1490 50 292
1982 1490 50 292
2037 1490 50 292
2092 1490 134 292
2231 1490 217 292
2453 1490 471 292
134 1729 1392 80
1532 1788 1392 78
134 1814 67 301
206 1814 188 301
400 1814 61 301
466 1814 53 301
524 1814 50 301
579 1814 50 301
634 1814 50 301
689 1814 135 301
829 1814 217 301
1051 1814 475 301
1533 1871 72 293
1610 1871 188 293
1803 1871 61 293
1869 1871 53 293
1927 1871 50 293
1982 1871 50 293
2038 1871 50 293
2093 1871 134 293
2232 1871 217 293
2454 1871 470 293
134 2120 67 302
206 2120 188 302
400 2120 61 302
466 2120 53 302
524 2120 50 302
579 2120 50 302
634 2120 50 302
689 2120 135 302
829 2120 217 302
1051 2120 475 302
1533 2169 72 293
1610 2169 188 293
1803 2169 61 293
1869 2169 53 293
1927 2169 50 293
1982 2169 50 293
2038 2169 50 293
2093 2169 134 293
2232 2169 217 293
2454 2169 470 293
134 2427 1392 80
1531 2467 1393 78
134 2512 67 301
206 2512 188 301
400 2512 61 301
466 2512 53 301
524 2512 50 301
579 2512 50 301
634 2512 50 301
689 2512 135 301
829 2512 217 301
1051 2512 475 301
1532 2550 72 293
1609 2550 188 293
1802 2550 62 293
1869 2550 53 293
1927 2550 50 293
1982 2550 50 293
2037 2550 50 293
2092 2550 134 293
2231 2550 217 293
2453 2550 471 293
134 2818 1392 81
1531 2848 1393 78
134 2904 67 301
206 2904 188 301
400 2904 61 301
466 2904 53 301
524 2904 50 301
579 2904 50 301
634 2904 50 301
689 2904 135 301
829 2904 217 301
1051 2904 475 301
1532 2931 72 293
1609 2931 188 293
1802 2931 62 293
1869 2931 53 293
1927 2931 50 293
1982 2931 50 293
2037 2931 50 293
2092 2931 134 293
2231 2931 217 293
2453 2931 471 293
134 3210 1392 81
1532 3229 1392 78
134 3296 67 301
206 3296 188 301
400 3296 61 301
466 3296 53 301
524 3296 50 301
579 3296 50 301
634 3296 50 301
689 3296 135 301
829 3296 217 301
1051 3296 475 301
1533 3312 72 293
1610 3312 188 293
1803 3312 61 293
1869 3312 53 293
1927 3312 50 293
1982 3312 50 293
2038 3312 50 293
2093 3312 134 293
2232 3312 217 293
2454 3312 470 293
134 3602 67 301
206 3602 188 301
400 3602 61 301
466 3602 53 301
524 3602 50 301
579 3602 50 301
634 3602 50 301
689 3602 135 301
829 3602 217 301
1051 3602 475 301
1533 3610 72 293
1610 3610 188 293
1803 3610 61 293
1869 3610 53 293
1927 3610 50 293
1982 3610 50 293
2038 3610 50 293
2093 3610 134 293
2232 3610 217 293
2454 3610 470 293
134 3908 2790 257
