17 56 2070 213
16 272 2072 284
16 559 65 124
84 559 231 124
318 559 78 124
399 559 57 124
458 559 57 124
518 559 56 124
577 559 57 124
636 559 233 124
872 559 353 124
1227 559 861 124
16 685 65 601
84 685 231 601
318 685 78 601
399 685 57 601
458 685 57 601
518 685 56 601
577 685 57 601
636 685 233 601
872 685 353 601
1227 685 861 601
16 1289 65 601
84 1289 231 601
318 1289 78 601
399 1289 57 601
458 1289 57 601
518 1289 56 601
577 1289 57 601
636 1289 233 601
872 1289 353 601
1227 1289 861 601
16 1893 515 1077
534 1893 516 1077
1053 1893 515 1077
1571 1893 517 1077
