6 70 2818 279
6 352 2818 195
6 550 2818 84
6 637 53 42
62 637 184 42
249 637 167 42
419 637 64 42
486 637 54 42
543 637 99 42
645 637 139 42
787 637 230 42
1020 637 282 42
1305 637 1519 42
6 682 53 246
62 682 184 246
249 682 167 246
419 682 64 246
486 682 54 246
543 682 99 246
645 682 139 246
787 682 230 246
1020 682 282 246
1305 682 1519 246
6 931 2818 83
6 1017 53 246
62 1017 184 246
249 1017 167 246
419 1017 64 246
486 1017 54 246
543 1017 99 246
645 1017 139 246
787 1017 230 246
1020 1017 282 246
1305 1017 1519 246
6 1266 2818 83
6 1352 53 246
62 1352 184 246
249 1352 167 246
419 1352 64 246
486 1352 54 246
543 1352 99 246
645 1352 139 246
787 1352 230 246
1020 1352 282 246
1305 1352 1519 246
6 1601 53 246
62 1601 184 246
249 1601 167 246
419 1601 64 246
486 1601 54 246
543 1601 99 246
645 1601 139 246
787 1601 230 246
1020 1601 282 246
1305 1601 1519 246
6 1850 2818 83
6 1936 53 246
62 1936 184 246
249 1936 167 246
419 1936 64 246
486 1936 54 246
543 1936 99 246
645 1936 139 246
787 1936 230 246
1020 1936 282 67
1305 1936 1519 246
1020 2027 282 155
6 2185 53 247
62 2185 184 247
249 2185 167 247
419 2185 64 247
486 2185 54 247
543 2185 99 247
645 2185 139 247
787 2185 230 247
1020 2185 282 21
1305 2185 1519 247
1020 2221 282 48
1020 2284 282 26
1020 2324 282 27
1020 2407 282 25
6 2435 2818 83
6 2521 53 246
62 2521 184 246
249 2521 167 246
419 2521 64 246
486 2521 54 246
543 2521 99 246
645 2521 139 246
787 2521 230 246
1020 2521 282 246
1305 2521 1519 246
6 2770 53 246
62 2770 184 246
249 2770 167 246
419 2770 64 246
486 2770 54 246
543 2770 99 246
645 2770 139 246
787 2770 230 246
1020 2770 282 246
1305 2770 1519 246
6 3019 53 246
62 3019 184 246
249 3019 167 246
419 3019 64 246
486 3019 54 246
543 3019 99 246
645 3019 139 246
787 3019 230 246
1020 3019 282 246
1305 3019 1519 246
6 3268 2818 81
6 3352 53 247
62 3352 184 247
249 3352 167 247
419 3352 64 247
486 3352 54 247
543 3352 99 247
645 3352 139 247
787 3352 230 247
1020 3352 282 247
1305 3352 1519 247
6 3602 53 246
62 3602 184 246
249 3602 167 246
419 3602 64 246
486 3602 54 246
543 3602 99 246
645 3602 139 246
787 3602 230 246
1020 3602 282 246
1305 3602 1519 246
6 3851 2818 82
6 3936 53 244
62 3936 184 244
249 3936 167 244
419 3936 64 244
486 3936 54 244
543 3936 99 244
645 3936 139 244
787 3936 230 244
1020 3936 282 244
1305 3936 1519 244
