16 17 2832 208
16 226 2832 246
16 474 109 110
126 474 362 110
489 474 84 110
574 474 84 110
659 474 84 110
745 474 83 110
830 474 83 110
915 474 395 110
1311 474 566 110
1878 474 970 110
16 585 109 469
126 585 362 469
489 585 84 469
574 585 84 469
659 585 84 469
745 585 83 469
830 585 83 469
915 585 395 469
1311 585 566 469
1878 585 970 469
16 1056 109 467
126 1056 362 467
489 1056 84 467
574 1056 84 467
659 1056 84 467
745 1056 83 467
830 1056 83 467
915 1056 395 467
1311 1056 566 467
1878 1056 970 467
16 1529 1416 2634
1436 1529 1412 2634
