12 11 2080 179
12 194 2080 168
12 366 82 54
95 366 186 54
283 366 179 54
464 366 146 54
611 366 61 54
674 366 94 54
770 366 129 54
901 366 151 54
1054 366 327 54
1382 366 710 54
12 422 82 282
95 422 186 33
283 422 179 282
464 422 146 282
611 422 61 282
674 422 94 282
770 422 129 282
901 422 151 282
1054 422 327 282
1382 422 710 282
249 495 32 25
95 498 35 27
252 524 29 97
95 525 34 102
12 705 82 282
283 705 179 282
464 705 146 282
611 705 61 282
674 705 94 282
770 705 129 282
901 705 151 282
1054 705 327 282
1382 705 710 282
12 989 2080 1806
