77 185 2228 180
77 368 2228 133
77 504 59 138
139 504 264 138
406 504 64 138
472 504 64 138
539 504 64 138
606 504 64 138
673 504 63 138
739 504 390 138
1132 504 365 138
1500 504 805 138
77 645 59 610
139 645 264 610
406 645 64 610
472 645 64 610
539 645 64 610
606 645 64 610
673 645 63 610
739 645 390 610
1132 645 365 610
1500 645 805 610
77 1258 59 605
139 1258 264 605
406 1258 64 605
472 1258 64 605
539 1258 64 605
606 1258 64 605
673 1258 63 605
739 1258 390 605
1132 1258 365 605
1500 1258 805 605
77 1874 740 1389
821 1874 744 1389
1570 1874 735 1389
