12 11 2936 261
12 277 2936 119
25 402 1452 54
1496 402 1452 54
25 458 111 229
138 458 191 229
331 458 55 229
387 458 55 229
444 458 55 229
501 458 55 229
557 458 55 229
614 458 191 229
807 458 219 229
1028 458 449 229
1496 458 55 229
1552 458 55 229
1609 458 191 229
1802 458 55 229
1859 458 55 229
1915 458 55 229
1972 458 55 229
2029 458 55 229
2085 458 191 229
2278 458 220 229
2499 458 449 229
25 689 111 229
331 689 55 229
387 689 55 229
444 689 55 229
501 689 55 229
557 689 55 229
614 689 191 229
807 689 219 229
1028 689 449 229
1496 689 55 226
1552 689 55 226
1802 689 55 226
1859 689 55 226
1915 689 55 226
1972 689 55 226
2029 689 55 226
2085 689 191 226
2278 689 220 226
2499 689 449 226
299 740 30 136
1609 743 46 21
138 757 29 35
1768 767 32 73
1609 769 41 146
138 792 28 79
25 920 111 229
331 920 55 229
387 920 55 229
444 920 55 229
501 920 55 229
557 920 55 229
614 920 191 229
807 920 219 229
1028 920 449 229
1496 921 55 458
1552 921 55 228
1802 921 55 228
1859 921 55 228
1915 921 55 228
1972 921 55 228
2029 921 55 228
2085 921 191 228
2278 921 220 228
2499 921 449 228
303 933 26 45
1609 999 28 21
1773 1030 27 33
1609 1038 21 70
25 1151 1452 55
1552 1151 55 228
1802 1151 55 228
1859 1151 55 228
1915 1151 55 228
1972 1151 55 228
2029 1151 55 228
2085 1151 191 228
2278 1151 220 228
2499 1151 449 228
1761 1204 39 98
25 1207 55 230
81 1207 55 230
138 1207 191 230
331 1207 55 230
387 1207 55 230
444 1207 55 230
501 1207 55 230
557 1207 55 230
614 1207 191 230
807 1207 219 230
1028 1207 449 230
1609 1207 41 107
1496 1384 55 455
1552 1384 55 227
1802 1384 55 227
1859 1384 55 227
1915 1384 55 227
1972 1384 55 227
2029 1384 55 227
2085 1384 191 227
2278 1384 220 227
2499 1384 449 227
25 1438 55 1385
81 1438 55 230
331 1438 55 230
387 1438 55 230
444 1438 55 230
501 1438 55 230
557 1438 55 230
614 1438 191 230
807 1438 219 230
1028 1438 449 230
1777 1453 23 122
1609 1455 25 120
300 1491 29 21
138 1509 29 126
301 1512 28 116
1552 1613 55 226
1802 1613 55 226
1859 1613 55 226
1915 1613 55 226
1972 1613 55 226
2029 1613 55 226
2085 1613 191 226
2278 1613 220 226
2499 1613 449 226
81 1669 55 230
331 1669 55 230
387 1669 55 230
444 1669 55 230
501 1669 55 230
557 1669 55 230
614 1669 191 230
807 1669 219 230
1028 1669 449 230
1766 1673 34 100
1609 1685 34 87
138 1750 31 90
1496 1845 55 457
1552 1845 55 228
1609 1845 191 227
1802 1845 55 228
1859 1845 55 228
1915 1845 55 228
1972 1845 55 228
2029 1845 55 228
2085 1845 191 228
2278 1845 220 228
2499 1845 449 228
81 1900 55 230
331 1900 55 230
387 1900 55 230
444 1900 55 230
501 1900 55 230
557 1900 55 230
614 1900 191 230
807 1900 219 230
1028 1900 449 230
292 1950 37 29
138 1952 42 108
293 1979 36 77
1552 2075 55 227
1802 2075 55 227
1859 2075 55 227
1915 2075 55 227
1972 2075 55 227
2029 2075 55 227
2085 2075 191 227
2278 2075 220 227
2499 2075 449 227
1760 2125 40 25
1609 2128 42 25
81 2131 55 230
331 2131 55 230
387 2131 55 230
444 2131 55 230
501 2131 55 230
557 2131 55 230
614 2131 191 230
807 2131 219 230
1028 2131 449 230
1609 2159 38 87
1763 2160 37 67
138 2189 30 35
302 2192 27 31
138 2230 26 104
307 2233 22 101
1496 2308 55 225
1552 2308 55 225
1802 2308 55 225
1859 2308 55 225
1915 2308 55 225
1972 2308 55 225
2029 2308 55 225
2085 2308 191 225
2278 2308 220 225
2499 2308 449 225
81 2363 55 229
331 2363 55 229
387 2363 55 229
444 2363 55 229
501 2363 55 229
557 2363 55 229
614 2363 191 229
807 2363 219 229
1028 2363 449 229
1609 2370 37 102
1768 2386 32 82
138 2421 35 141
308 2421 21 37
1496 2539 55 919
1552 2539 55 227
1802 2539 55 227
1859 2539 55 227
1915 2539 55 227
1972 2539 55 227
2029 2539 55 227
2085 2539 191 227
2278 2539 220 227
2499 2539 449 227
81 2594 55 229
331 2594 55 229
387 2594 55 229
444 2594 55 229
501 2594 55 229
557 2594 55 229
614 2594 191 229
807 2594 219 229
1028 2594 449 229
1609 2595 36 31
1772 2622 28 144
1609 2628 29 138
1552 2768 55 229
1802 2768 55 229
1859 2768 55 229
1915 2768 55 229
1972 2768 55 229
2029 2768 55 229
2085 2768 191 229
2278 2768 220 229
2499 2768 449 229
1609 2817 45 22
25 2825 1452 55
1759 2840 41 73
1609 2848 41 77
25 2881 55 230
81 2881 55 230
138 2881 191 230
331 2881 55 230
387 2881 55 230
444 2881 55 230
501 2881 55 230
557 2881 55 230
614 2881 191 230
807 2881 219 230
1028 2881 449 230
1552 2999 55 229
1802 2999 55 229
1859 2999 55 229
1915 2999 55 229
1972 2999 55 229
2029 2999 55 229
2085 2999 191 229
2278 2999 220 229
2499 2999 449 229
1609 3037 46 29
1764 3071 36 81
1609 3072 34 90
25 3112 55 459
81 3112 55 230
331 3112 55 230
387 3112 55 230
444 3112 55 230
501 3112 55 230
557 3112 55 230
614 3112 191 230
807 3112 219 230
1028 3112 449 230
284 3159 45 34
138 3165 40 33
287 3197 42 72
138 3198 39 74
1552 3230 55 228
1609 3230 191 227
1802 3230 55 228
1859 3230 55 228
1915 3230 55 228
1972 3230 55 228
2029 3230 55 228
2085 3230 191 228
2278 3230 220 228
2499 3230 449 228
81 3343 55 228
331 3343 55 228
387 3343 55 228
444 3343 55 228
501 3343 55 228
557 3343 55 228
614 3343 191 228
807 3343 219 228
1028 3343 449 228
292 3385 37 37
138 3395 43 30
296 3426 33 89
138 3432 38 85
1483 3463 1465 800
25 3576 55 226
81 3576 55 226
331 3576 55 226
387 3576 55 226
444 3576 55 226
501 3576 55 226
557 3576 55 226
614 3576 191 226
807 3576 219 226
1028 3576 449 226
138 3630 44 24
291 3636 38 21
138 3657 40 145
294 3659 35 94
302 3759 27 43
25 3808 55 455
81 3808 55 227
331 3808 55 227
387 3808 55 227
444 3808 55 227
501 3808 55 227
557 3808 55 227
614 3808 191 227
807 3808 219 227
1028 3808 449 227
81 4036 55 227
331 4036 55 227
387 4036 55 227
444 4036 55 227
501 4036 55 227
557 4036 55 227
614 4036 191 227
807 4036 219 227
1028 4036 449 227
138 4081 44 23
293 4106 36 79
138 4111 42 78
