179 198 2851 57
179 258 87 82
269 258 213 82
485 258 76 82
564 258 99 82
666 258 60 82
728 258 100 82
831 258 99 82
933 258 263 82
1199 258 388 82
1590 258 1440 82
179 343 87 255
269 343 213 255
485 343 76 255
564 343 99 255
666 343 60 255
728 343 100 255
831 343 99 255
933 343 263 255
1199 343 388 255
1590 343 1440 255
179 601 87 255
269 601 213 255
485 601 76 255
564 601 99 255
666 601 60 255
728 601 100 255
831 601 99 255
933 601 263 255
1199 601 388 255
1590 601 1440 255
179 859 87 255
269 859 213 255
485 859 76 255
564 859 99 255
666 859 60 255
728 859 100 255
831 859 99 255
933 859 263 255
1199 859 388 255
1590 859 1440 255
179 1117 87 255
269 1117 213 255
485 1117 76 255
564 1117 99 255
666 1117 60 255
728 1117 100 255
831 1117 99 255
933 1117 263 255
1199 1117 388 255
1590 1117 1440 255
179 1375 2851 65
179 1443 87 255
269 1443 213 255
485 1443 76 255
564 1443 99 255
666 1443 60 255
728 1443 100 255
831 1443 99 255
933 1443 263 255
1199 1443 388 255
1590 1443 1440 255
179 1701 2851 65
179 1769 87 255
269 1769 213 255
485 1769 76 255
564 1769 99 255
666 1769 60 255
728 1769 100 255
831 1769 99 255
933 1769 263 255
1199 1769 388 255
1590 1769 1440 255
179 2027 87 255
269 2027 213 255
485 2027 76 255
564 2027 99 255
666 2027 60 255
728 2027 100 255
831 2027 99 255
933 2027 263 255
1199 2027 388 255
1590 2027 1440 255
179 2285 87 255
269 2285 213 255
485 2285 76 255
564 2285 99 255
666 2285 60 255
728 2285 100 255
831 2285 99 255
933 2285 263 255
1199 2285 388 255
1590 2285 1440 255
179 2543 87 255
269 2543 213 255
485 2543 76 255
564 2543 99 255
666 2543 60 255
728 2543 100 255
831 2543 99 255
933 2543 263 255
1199 2543 388 255
1590 2543 1440 255
179 2801 2851 65
179 2869 87 255
269 2869 213 255
485 2869 76 255
564 2869 99 255
666 2869 60 255
728 2869 100 255
831 2869 99 255
933 2869 263 255
1199 2869 388 255
1590 2869 1440 255
179 3127 2851 65
179 3195 87 255
269 3195 213 255
485 3195 76 255
564 3195 99 255
666 3195 60 255
728 3195 100 255
831 3195 99 255
933 3195 263 255
1199 3195 388 255
1590 3195 1440 255
179 3453 87 255
269 3453 213 255
485 3453 76 255
564 3453 99 255
666 3453 60 255
728 3453 100 255
831 3453 99 255
933 3453 263 255
1199 3453 388 255
1590 3453 1440 255
179 3711 2851 70
179 3784 87 255
269 3784 213 255
485 3784 76 255
564 3784 99 255
666 3784 60 255
728 3784 100 255
831 3784 99 255
933 3784 263 255
1199 3784 388 255
1590 3784 1440 255
179 4042 2851 329
