7 8 2102 153
7 163 2102 155
7 320 85 77
94 320 193 77
289 320 114 77
405 320 51 77
458 320 51 77
511 320 51 77
563 320 51 77
616 320 209 77
827 320 457 77
1286 320 823 77
7 399 85 262
289 399 114 262
405 399 51 262
458 399 51 262
511 399 51 262
563 399 51 262
616 399 209 262
827 399 457 262
1286 399 823 262
7 662 85 262
289 662 114 262
405 662 51 262
458 662 51 262
511 662 51 262
563 662 51 262
616 662 209 262
827 662 457 262
1286 662 823 262
7 926 85 262
94 926 193 175
289 926 114 262
405 926 51 262
458 926 51 262
511 926 51 262
563 926 51 262
616 926 209 262
827 926 457 262
1286 926 823 262
7 1190 85 261
289 1190 114 261
405 1190 51 261
458 1190 51 261
511 1190 51 261
563 1190 51 261
616 1190 209 261
827 1190 457 261
1286 1190 823 261
7 1453 85 259
94 1453 193 183
289 1453 114 259
405 1453 51 259
458 1453 51 259
511 1453 51 259
563 1453 51 259
616 1453 209 259
827 1453 457 259
1286 1453 823 259
7 1720 1050 2048
1059 1720 1050 2048
