12 11 2936 261
12 277 2936 119
25 402 1452 54
1496 402 1452 54
25 458 111 229
138 458 191 229
331 458 55 229
387 458 55 229
444 458 55 229
501 458 55 229
557 458 55 229
614 458 191 229
807 458 219 229
1028 458 449 229
1496 458 55 229
1552 458 55 229
1609 458 191 229
1802 458 55 229
1859 458 55 229
1915 458 55 229
1972 458 55 229
2029 458 55 229
2085 458 191 229
2278 458 220 229
2499 458 449 229
25 689 111 229
331 689 55 229
387 689 55 229
444 689 55 229
501 689 55 229
557 689 55 229
614 689 191 229
807 689 219 229
1028 689 449 229
1496 689 55 459
1552 689 55 229
1609 689 191 229
1802 689 55 229
1859 689 55 229
1915 689 55 229
1972 689 55 229
2029 689 55 229
2085 689 191 229
2278 689 220 229
2499 689 449 229
299 740 30 136
138 757 29 35
138 792 28 79
25 920 111 229
331 920 55 229
387 920 55 229
444 920 55 229
501 920 55 229
557 920 55 229
614 920 191 229
807 920 219 229
1028 920 449 229
1552 920 55 228
1802 920 55 228
1859 920 55 228
1915 920 55 228
1972 920 55 228
2029 920 55 228
2085 920 191 228
2278 920 220 228
2499 920 449 228
303 933 26 45
1609 998 37 150
1770 1002 30 146
25 1151 1452 55
1496 1153 55 456
1552 1153 55 227
1802 1153 55 227
1859 1153 55 227
1915 1153 55 227
1972 1153 55 227
2029 1153 55 227
2085 1153 191 227
2278 1153 220 227
2499 1153 449 227
25 1207 55 230
81 1207 55 230
138 1207 191 230
331 1207 55 230
387 1207 55 230
444 1207 55 230
501 1207 55 230
557 1207 55 230
614 1207 191 230
807 1207 219 230
1028 1207 449 230
1766 1220 34 21
1609 1246 29 96
1772 1248 28 92
1552 1382 55 227
1802 1382 55 227
1859 1382 55 227
1915 1382 55 227
1972 1382 55 227
2029 1382 55 227
2085 1382 191 227
2278 1382 220 227
2499 1382 449 227
25 1438 55 1847
81 1438 55 230
331 1438 55 230
387 1438 55 230
444 1438 55 230
501 1438 55 230
557 1438 55 230
614 1438 191 230
807 1438 219 230
1028 1438 449 230
138 1508 34 33
298 1521 31 31
138 1555 28 57
1496 1615 55 456
1552 1615 55 227
1802 1615 55 227
1859 1615 55 227
1915 1615 55 227
1972 1615 55 227
2029 1615 55 227
2085 1615 191 227
2278 1615 220 227
2499 1615 449 227
81 1669 55 230
331 1669 55 230
387 1669 55 230
444 1669 55 230
501 1669 55 230
557 1669 55 230
614 1669 191 230
807 1669 219 230
1028 1669 449 230
1609 1683 27 106
1773 1686 27 24
1774 1710 26 132
1552 1844 55 227
1609 1844 191 164
1802 1844 55 227
1859 1844 55 227
1915 1844 55 227
1972 1844 55 227
2029 1844 55 227
2085 1844 191 227
2278 1844 220 227
2499 1844 449 227
81 1900 55 230
331 1900 55 230
387 1900 55 230
444 1900 55 230
501 1900 55 230
557 1900 55 230
614 1900 191 230
807 1900 219 230
1028 1900 449 230
287 1940 42 37
138 1942 41 32
290 1983 39 80
138 1985 35 112
1609 2008 163 63
1496 2076 55 457
1552 2076 55 228
1802 2076 55 228
1859 2076 55 228
1915 2076 55 228
1972 2076 55 228
2029 2076 55 228
2085 2076 191 228
2278 2076 220 228
2499 2076 449 228
81 2131 55 230
331 2131 55 230
387 2131 55 230
444 2131 55 230
501 2131 55 230
557 2131 55 230
614 2131 191 230
807 2131 219 230
1028 2131 449 230
1609 2153 26 106
138 2182 33 112
295 2201 34 95
1552 2306 55 227
1802 2306 55 227
1859 2306 55 227
1915 2306 55 227
1972 2306 55 227
2029 2306 55 227
2085 2306 191 227
2278 2306 220 227
2499 2306 449 227
81 2363 55 229
138 2363 191 166
331 2363 55 229
387 2363 55 229
444 2363 55 229
501 2363 55 229
557 2363 55 229
614 2363 191 229
807 2363 219 229
1028 2363 449 229
1609 2395 31 79
1773 2407 27 62
1496 2538 55 458
1552 2538 55 228
1802 2538 55 228
1859 2538 55 228
1915 2538 55 228
1972 2538 55 228
2029 2538 55 228
2085 2538 191 228
2278 2538 220 228
2499 2538 449 228
81 2594 55 229
331 2594 55 229
387 2594 55 229
444 2594 55 229
501 2594 55 229
557 2594 55 229
614 2594 191 229
807 2594 219 229
1028 2594 449 229
1609 2596 22 130
1552 2768 55 228
1802 2768 55 228
1859 2768 55 228
1915 2768 55 228
1972 2768 55 228
2029 2768 55 228
2085 2768 191 228
2278 2768 220 228
2499 2768 449 228
1609 2818 28 136
81 2825 55 229
331 2825 55 229
387 2825 55 229
444 2825 55 229
501 2825 55 229
557 2825 55 229
614 2825 191 229
807 2825 219 229
1028 2825 449 229
1771 2826 29 117
289 2883 40 86
138 2899 31 92
1496 3001 55 457
1552 3001 55 227
1802 3001 55 227
1859 3001 55 227
1915 3001 55 227
1972 3001 55 227
2029 3001 55 227
2085 3001 191 227
2278 3001 220 227
2499 3001 449 227
81 3056 55 229
331 3056 55 229
387 3056 55 229
444 3056 55 229
501 3056 55 229
557 3056 55 229
614 3056 191 229
807 3056 219 229
1028 3056 449 229
1609 3056 40 165
1763 3060 37 128
288 3103 41 26
138 3104 40 123
292 3136 37 75
1552 3230 55 228
1802 3230 55 228
1859 3230 55 228
1915 3230 55 228
1972 3230 55 228
2029 3230 55 228
2085 3230 191 228
2278 3230 220 228
2499 3230 449 228
1766 3277 34 33
1609 3279 40 99
25 3287 1452 55
1767 3310 33 69
25 3343 55 230
81 3343 55 230
138 3343 191 230
331 3343 55 230
387 3343 55 230
444 3343 55 230
501 3343 55 230
557 3343 55 230
614 3343 191 230
807 3343 219 230
1028 3343 449 230
1483 3463 1465 800
25 3574 55 227
81 3574 55 227
331 3574 55 227
387 3574 55 227
444 3574 55 227
501 3574 55 227
557 3574 55 227
614 3574 191 227
807 3574 219 227
1028 3574 449 227
138 3640 31 95
296 3645 33 86
25 3806 55 227
81 3806 55 227
331 3806 55 227
387 3806 55 227
444 3806 55 227
501 3806 55 227
557 3806 55 227
614 3806 191 227
807 3806 219 227
1028 3806 449 227
25 4039 55 224
81 4039 55 224
331 4039 55 224
387 4039 55 224
444 4039 55 224
501 4039 55 224
557 4039 55 224
614 4039 191 224
807 4039 219 224
1028 4039 449 224
138 4101 25 136
303 4113 26 26
307 4150 22 91
