156 123 2742 273
156 402 2742 288
156 696 90 76
249 696 356 76
608 696 109 76
943 696 88 76
1034 696 260 76
1297 696 587 76
1887 696 1011 76
720 697 67 75
790 697 57 75
850 697 90 75
156 778 90 411
249 778 356 411
608 778 109 411
720 778 67 411
790 778 57 411
850 778 90 411
943 778 88 411
1034 778 260 411
1297 778 587 411
1887 778 1011 411
156 1195 90 426
249 1195 356 426
608 1195 109 426
720 1195 67 426
790 1195 57 426
850 1195 90 426
943 1195 88 426
1034 1195 260 426
1297 1195 587 426
1887 1195 1011 426
156 1627 1361 2574
1533 1627 1365 2574
