13 12 2946 256
13 270 2946 231
13 503 1472 78
1487 503 49 78
1538 503 55 78
1595 503 225 78
1821 503 55 78
1878 503 55 78
1935 503 55 78
1991 503 55 78
2048 503 55 78
2105 503 185 78
2292 503 208 78
2502 503 457 78
13 582 49 78
64 582 55 78
121 582 225 78
347 582 55 78
404 582 55 78
461 582 55 78
517 582 55 78
574 582 55 78
631 582 185 78
818 582 208 78
1028 582 457 78
1487 582 49 645
1538 582 55 214
1821 582 55 214
1878 582 55 214
1935 582 55 214
1991 582 55 214
2048 582 55 214
2105 582 185 214
2292 582 208 214
2502 582 457 214
1765 627 55 21
13 662 49 1291
64 662 55 213
347 662 55 213
404 662 55 213
461 662 55 213
517 662 55 213
574 662 55 213
631 662 185 213
818 662 208 213
1028 662 457 213
1538 798 55 213
1821 798 55 213
1878 798 55 213
1935 798 55 213
1991 798 55 213
2048 798 55 213
2105 798 185 213
2292 798 208 213
2502 798 457 213
318 817 28 58
121 823 27 52
64 877 55 214
347 877 55 214
404 877 55 214
461 877 55 214
517 877 55 214
574 877 55 214
631 877 185 214
818 877 208 214
1028 877 457 214
1798 978 22 33
1595 984 21 27
1538 1013 55 214
1595 1013 21 107
1798 1013 22 214
1821 1013 55 214
1878 1013 55 214
1935 1013 55 214
1991 1013 55 214
2048 1013 55 214
2105 1013 185 214
2292 1013 208 214
2502 1013 457 214
121 1039 27 52
318 1042 28 49
64 1092 55 214
347 1092 55 214
404 1092 55 214
461 1092 55 214
517 1092 55 214
574 1092 55 214
631 1092 185 214
818 1092 208 214
1028 1092 457 214
1595 1123 22 49
282 1139 64 25
1595 1185 21 42
1487 1229 49 429
1538 1229 55 213
1821 1229 55 213
1878 1229 55 213
1935 1229 55 213
1991 1229 55 213
2048 1229 55 213
2105 1229 185 213
2292 1229 208 213
2502 1229 457 213
318 1258 28 48
121 1259 27 47
64 1308 55 214
347 1308 55 214
404 1308 55 214
461 1308 55 214
517 1308 55 214
574 1308 55 214
631 1308 185 214
818 1308 208 214
1028 1308 457 214
1798 1417 22 25
1538 1444 55 214
1821 1444 55 214
1878 1444 55 214
1935 1444 55 214
1991 1444 55 214
2048 1444 55 214
2105 1444 185 214
2292 1444 208 214
2502 1444 457 214
318 1463 28 59
121 1481 27 41
64 1523 55 214
347 1523 55 214
404 1523 55 214
461 1523 55 214
517 1523 55 214
574 1523 55 214
631 1523 185 214
818 1523 208 214
1028 1523 457 214
1753 1601 67 24
1595 1624 21 34
1487 1659 49 430
1538 1659 55 214
1821 1659 55 214
1878 1659 55 214
1935 1659 55 214
1991 1659 55 214
2048 1659 55 214
2105 1659 185 214
2292 1659 208 214
2502 1659 457 214
121 1677 79 21
1760 1711 60 38
64 1739 55 214
347 1739 55 214
404 1739 55 214
461 1739 55 214
517 1739 55 214
574 1739 55 214
631 1739 185 214
818 1739 208 214
1028 1739 457 214
1538 1875 55 214
1821 1875 55 214
1878 1875 55 214
1935 1875 55 214
1991 1875 55 214
2048 1875 55 214
2105 1875 185 214
2292 1875 208 214
2502 1875 457 214
318 1897 28 56
121 1904 27 49
13 1954 1472 78
13 2034 49 77
64 2034 55 77
121 2034 225 77
347 2034 55 77
404 2034 55 77
461 2034 55 77
517 2034 55 77
574 2034 55 77
631 2034 185 77
818 2034 208 77
1028 2034 457 77
1487 2090 49 429
1538 2090 55 214
1821 2090 55 214
1878 2090 55 214
1935 2090 55 214
1991 2090 55 214
2048 2090 55 214
2105 2090 185 214
2292 2090 208 214
2502 2090 457 214
13 2113 49 429
64 2113 55 214
347 2113 55 214
404 2113 55 214
461 2113 55 214
517 2113 55 214
574 2113 55 214
631 2113 185 214
818 2113 208 214
1028 2113 457 214
1798 2251 22 53
1595 2254 21 50
324 2289 22 38
121 2292 21 35
1538 2306 55 213
1821 2306 55 213
1878 2306 55 213
1935 2306 55 213
1991 2306 55 213
2048 2306 55 213
2105 2306 185 213
2292 2306 208 213
2502 2306 457 213
64 2328 55 214
347 2328 55 214
404 2328 55 214
461 2328 55 214
517 2328 55 214
574 2328 55 214
631 2328 185 214
818 2328 208 214
1028 2328 457 214
1772 2364 48 24
1595 2467 74 23
1487 2521 49 645
1538 2521 55 214
1821 2521 55 214
1878 2521 55 214
1935 2521 55 214
1991 2521 55 214
2048 2521 55 214
2105 2521 185 214
2292 2521 208 214
2502 2521 457 214
13 2544 49 644
64 2544 55 214
347 2544 55 214
404 2544 55 214
461 2544 55 214
517 2544 55 214
574 2544 55 214
631 2544 185 214
818 2544 208 214
1028 2544 457 214
121 2603 43 21
121 2733 21 25
1538 2737 55 213
1821 2737 55 213
1878 2737 55 213
1935 2737 55 213
1991 2737 55 213
2048 2737 55 213
2105 2737 185 213
2292 2737 208 213
2502 2737 457 213
64 2759 55 214
121 2759 21 22
324 2759 22 124
347 2759 55 214
404 2759 55 214
461 2759 55 214
517 2759 55 214
574 2759 55 214
631 2759 185 214
818 2759 208 214
1028 2759 457 214
121 2785 22 70
1762 2790 58 23
1538 2952 55 214
1821 2952 55 214
1878 2952 55 214
1935 2952 55 214
1991 2952 55 214
2048 2952 55 214
2105 2952 185 214
2292 2952 208 214
2502 2952 457 214
64 2975 55 213
347 2975 55 213
404 2975 55 213
461 2975 55 213
517 2975 55 213
574 2975 55 213
631 2975 185 213
818 2975 208 213
1028 2975 457 213
1798 3139 22 27
1595 3140 22 26
324 3148 22 40
121 3152 21 36
1487 3167 49 214
1538 3167 55 214
1821 3167 55 214
1878 3167 55 214
1935 3167 55 214
1991 3167 55 214
2048 3167 55 214
2105 3167 185 214
2292 3167 208 214
2502 3167 457 214
13 3190 49 645
64 3190 55 214
347 3190 55 214
404 3190 55 214
461 3190 55 214
517 3190 55 214
574 3190 55 214
631 3190 185 214
818 3190 208 214
1028 3190 457 214
1595 3338 21 43
1798 3341 22 40
121 3373 21 31
324 3379 22 25
1487 3383 49 644
1538 3383 55 214
1821 3383 55 214
1878 3383 55 214
1935 3383 55 214
1991 3383 55 214
2048 3383 55 214
2105 3383 185 214
2292 3383 208 214
2502 3383 457 214
64 3406 55 213
347 3406 55 213
404 3406 55 213
461 3406 55 213
517 3406 55 213
574 3406 55 213
631 3406 185 213
818 3406 208 213
1028 3406 457 213
1798 3568 22 29
1595 3571 21 26
1538 3598 55 214
1821 3598 55 214
1878 3598 55 214
1935 3598 55 214
1991 3598 55 214
2048 3598 55 214
2105 3598 185 214
2292 3598 208 214
2502 3598 457 214
64 3621 55 214
347 3621 55 214
404 3621 55 214
461 3621 55 214
517 3621 55 214
574 3621 55 214
631 3621 185 214
818 3621 208 214
1028 3621 457 214
1538 3814 55 213
1821 3814 55 213
1878 3814 55 213
1935 3814 55 213
1991 3814 55 213
2048 3814 55 213
2105 3814 185 213
2292 3814 208 213
2502 3814 457 213
13 3836 49 214
64 3836 55 214
347 3836 55 214
404 3836 55 214
461 3836 55 214
517 3836 55 214
574 3836 55 214
631 3836 185 214
818 3836 208 214
1028 3836 457 214
1798 3991 22 36
1595 3996 21 31
324 4012 22 38
121 4016 21 34
1487 4029 1473 234
13 4052 49 211
64 4052 55 211
347 4052 55 211
404 4052 55 211
461 4052 55 211
517 4052 55 211
574 4052 55 211
631 4052 185 211
818 4052 208 211
1028 4052 457 211
