12 105 2936 261
12 371 2936 119
25 496 1452 54
1498 496 1450 54
25 552 111 229
138 552 191 229
331 552 55 229
387 552 55 229
444 552 55 229
501 552 55 229
557 552 55 229
614 552 191 229
807 552 219 229
1028 552 449 229
1498 552 55 229
1555 552 55 229
1612 552 191 229
1805 552 55 229
1861 552 55 229
1918 552 55 229
1975 552 55 229
2031 552 55 229
2088 552 191 229
2281 552 219 229
2502 552 446 229
25 783 111 229
331 783 55 229
387 783 55 229
444 783 55 229
501 783 55 229
557 783 55 229
614 783 191 229
807 783 219 229
1028 783 449 229
1498 783 55 227
1555 783 55 227
1805 783 55 227
1861 783 55 227
1918 783 55 227
1975 783 55 227
2031 783 55 227
2088 783 191 227
2281 783 219 227
2502 783 446 227
25 1014 111 229
331 1014 55 229
387 1014 55 229
444 1014 55 229
501 1014 55 229
557 1014 55 229
614 1014 191 229
807 1014 219 229
1028 1014 449 229
1498 1016 55 456
1555 1016 55 227
1805 1016 55 227
1861 1016 55 227
1918 1016 55 227
1975 1016 55 227
2031 1016 55 227
2088 1016 191 227
2281 1016 219 227
2502 1016 446 227
25 1245 1452 55
1555 1245 55 227
1805 1245 55 227
1861 1245 55 227
1918 1245 55 227
1975 1245 55 227
2031 1245 55 227
2088 1245 191 227
2281 1245 219 227
2502 1245 446 227
1760 1285 43 22
25 1301 55 230
81 1301 55 230
138 1301 191 230
331 1301 55 230
387 1301 55 230
444 1301 55 230
501 1301 55 230
557 1301 55 230
614 1301 191 230
807 1301 219 230
1028 1301 449 230
1498 1478 55 688
1555 1478 55 227
1612 1478 191 227
1805 1478 55 227
1861 1478 55 227
1918 1478 55 227
1975 1478 55 227
2031 1478 55 227
2088 1478 191 227
2281 1478 219 227
2502 1478 446 227
25 1532 55 923
81 1532 55 230
331 1532 55 230
387 1532 55 230
444 1532 55 230
501 1532 55 230
557 1532 55 230
614 1532 191 230
807 1532 219 230
1028 1532 449 230
1555 1707 55 229
1612 1707 191 229
1805 1707 55 229
1861 1707 55 229
1918 1707 55 229
1975 1707 55 229
2031 1707 55 229
2088 1707 191 229
2281 1707 219 229
2502 1707 446 229
81 1763 55 230
331 1763 55 230
387 1763 55 230
444 1763 55 230
501 1763 55 230
557 1763 55 230
614 1763 191 230
807 1763 219 230
1028 1763 449 230
1555 1938 55 228
1805 1938 55 228
1861 1938 55 228
1918 1938 55 228
1975 1938 55 228
2031 1938 55 228
2088 1938 191 228
2281 1938 219 228
2502 1938 446 228
81 1994 55 230
138 1994 191 176
331 1994 55 230
387 1994 55 230
444 1994 55 230
501 1994 55 230
557 1994 55 230
614 1994 191 230
807 1994 219 230
1028 1994 449 230
1483 2172 1465 2185
138 2191 57 31
81 2225 55 230
138 2225 191 21
331 2225 55 230
387 2225 55 230
444 2225 55 230
501 2225 55 230
557 2225 55 230
614 2225 191 230
807 2225 219 230
1028 2225 449 230
25 2457 1452 55
25 2513 55 230
81 2513 55 230
138 2513 191 230
331 2513 55 230
387 2513 55 230
444 2513 55 230
501 2513 55 230
557 2513 55 230
614 2513 191 230
807 2513 219 230
1028 2513 449 230
25 2744 55 459
81 2744 55 230
331 2744 55 230
387 2744 55 230
444 2744 55 230
501 2744 55 230
557 2744 55 230
614 2744 191 230
807 2744 219 230
1028 2744 449 230
81 2975 55 228
331 2975 55 228
387 2975 55 228
444 2975 55 228
501 2975 55 228
557 2975 55 228
614 2975 191 228
807 2975 219 228
1028 2975 449 228
25 3209 55 224
81 3209 55 224
331 3209 55 224
387 3209 55 224
444 3209 55 224
501 3209 55 224
557 3209 55 224
614 3209 191 224
807 3209 219 224
1028 3209 449 224
25 3438 55 227
81 3438 55 227
331 3438 55 227
387 3438 55 227
444 3438 55 227
501 3438 55 227
557 3438 55 227
614 3438 191 227
807 3438 219 227
1028 3438 449 227
25 3670 55 226
81 3670 55 226
331 3670 55 226
387 3670 55 226
444 3670 55 226
501 3670 55 226
557 3670 55 226
614 3670 191 226
807 3670 219 226
1028 3670 449 226
25 3901 55 456
81 3901 55 228
331 3901 55 228
387 3901 55 228
444 3901 55 228
501 3901 55 228
557 3901 55 228
614 3901 191 228
807 3901 219 228
1028 3901 449 228
81 4130 55 227
331 4130 55 227
387 4130 55 227
444 4130 55 227
501 4130 55 227
557 4130 55 227
614 4130 191 227
807 4130 219 227
1028 4130 449 227
138 4186 36 22
