23 22 2857 223
23 246 2857 152
23 399 94 83
118 399 271 83
390 399 101 83
492 399 118 83
611 399 67 83
679 399 129 83
810 399 129 83
940 399 271 83
1212 399 435 83
1649 399 1231 83
23 486 94 408
118 486 271 408
390 486 101 408
492 486 118 408
611 486 67 408
679 486 129 408
810 486 129 408
940 486 271 408
1212 486 435 408
1649 486 1231 408
23 896 94 410
118 896 271 410
390 896 101 410
492 896 118 410
611 896 67 410
679 896 129 410
810 896 129 410
940 896 271 410
1212 896 435 410
1649 896 1231 410
23 1307 94 410
118 1307 271 410
390 1307 101 410
492 1307 118 410
611 1307 67 410
679 1307 129 410
810 1307 129 410
940 1307 271 410
1212 1307 435 410
1649 1307 1231 410
23 1719 94 410
118 1719 271 410
390 1719 101 410
492 1719 118 410
611 1719 67 410
679 1719 129 410
810 1719 129 410
940 1719 271 410
1212 1719 435 410
1649 1719 1231 410
23 2130 94 410
118 2130 271 410
390 2130 101 410
492 2130 118 410
611 2130 67 410
679 2130 129 410
810 2130 129 410
940 2130 271 410
1212 2130 435 410
1649 2130 1231 410
23 2541 94 410
118 2541 271 410
390 2541 101 410
492 2541 118 410
611 2541 67 410
679 2541 129 410
810 2541 129 410
940 2541 271 410
1212 2541 435 410
1649 2541 1231 410
23 2953 94 410
118 2953 271 410
390 2953 101 410
492 2953 118 410
611 2953 67 410
679 2953 129 410
810 2953 129 410
940 2953 271 410
1212 2953 435 410
1649 2953 1231 410
23 3364 94 411
118 3364 271 411
390 3364 101 411
492 3364 118 411
611 3364 67 411
679 3364 129 411
810 3364 129 411
940 3364 271 411
1212 3364 435 411
1649 3364 1231 411
23 3780 2857 217
