12 12 2080 163
12 179 2080 159
12 342 2080 87
12 433 82 55
95 433 186 55
283 433 179 55
464 433 146 55
611 433 61 55
674 433 94 55
770 433 129 55
901 433 151 55
1054 433 327 55
1382 433 710 55
12 490 82 310
95 490 186 41
283 490 179 310
464 490 146 310
611 490 61 310
674 490 94 310
770 490 129 310
901 490 151 310
1054 490 327 310
1382 490 710 310
244 572 37 21
95 770 186 30
12 802 82 310
95 802 186 233
283 802 179 310
464 802 146 310
611 802 61 310
674 802 94 310
770 802 129 310
901 802 151 310
1054 802 327 310
1382 802 710 310
95 1044 186 68
12 1113 82 310
95 1113 186 199
283 1113 179 310
464 1113 146 310
611 1113 61 310
674 1113 94 310
770 1113 129 310
901 1113 151 310
1054 1113 327 310
1382 1113 710 310
95 1355 186 68
12 1425 82 310
95 1425 186 50
283 1425 179 310
464 1425 146 310
611 1425 61 310
674 1425 94 310
770 1425 129 310
901 1425 151 310
1054 1425 327 310
1382 1425 710 310
95 1705 186 30
12 1737 82 310
95 1737 186 48
283 1737 179 310
464 1737 146 310
611 1737 61 310
674 1737 94 310
770 1737 129 310
901 1737 151 310
1054 1737 327 310
1382 1737 710 310
95 2018 186 29
12 2049 2080 746
