8 8 120 172
130 8 271 172
404 8 229 172
636 8 94 172
732 8 95 172
829 8 142 172
973 8 116 172
1092 8 261 172
1356 8 478 172
1837 8 1050 172
8 183 120 367
130 183 271 367
404 183 229 367
636 183 94 367
732 183 95 367
829 183 142 367
973 183 116 367
1092 183 261 367
1356 183 478 367
1837 183 1050 367
8 554 120 360
130 554 271 360
404 554 229 360
636 554 94 360
732 554 95 360
829 554 142 360
973 554 116 360
1092 554 261 360
1356 554 478 360
1837 554 1050 360
8 918 1479 2822
1491 918 1396 2257
1491 3179 1396 58
1491 3239 94 48
1587 3239 115 48
1704 3239 218 48
1923 3239 569 48
2493 3239 394 48
1491 3289 94 46
1587 3289 115 46
1704 3289 218 46
1923 3289 569 46
2493 3289 394 46
1491 3337 94 47
1587 3337 115 47
1704 3337 218 47
1923 3337 569 47
2493 3337 394 47
1491 3385 1396 355
