12 11 2936 261
12 277 2936 119
25 402 1452 54
1496 402 1452 54
25 458 111 229
138 458 191 229
331 458 55 229
387 458 55 229
444 458 55 229
501 458 55 229
557 458 55 229
614 458 191 229
807 458 219 229
1028 458 449 229
1496 458 55 229
1552 458 55 229
1609 458 191 229
1802 458 55 229
1859 458 55 229
1915 458 55 229
1972 458 55 229
2029 458 55 229
2085 458 191 229
2278 458 220 229
2499 458 449 229
25 689 111 281
331 689 55 281
387 689 55 281
444 689 55 281
501 689 55 281
557 689 55 281
614 689 191 281
807 689 219 281
1028 689 449 281
1496 689 55 226
1552 689 55 226
1802 689 55 226
1859 689 55 226
1915 689 55 226
1972 689 55 226
2029 689 55 226
2085 689 191 226
2278 689 220 226
2499 689 449 226
1496 921 55 458
1552 921 55 228
1802 921 55 228
1859 921 55 228
1915 921 55 228
1972 921 55 228
2029 921 55 228
2085 921 191 228
2278 921 220 228
2499 921 449 228
25 972 111 282
138 972 191 230
331 972 55 282
387 972 55 282
444 972 55 282
501 972 55 282
557 972 55 282
614 972 191 282
807 972 219 282
1028 972 449 282
1766 975 34 23
1552 1151 55 228
1802 1151 55 228
1859 1151 55 228
1915 1151 55 228
1972 1151 55 228
2029 1151 55 228
2085 1151 191 228
2278 1151 220 228
2499 1151 449 228
25 1256 1452 55
25 1312 55 230
81 1312 55 230
138 1312 191 230
331 1312 55 230
387 1312 55 230
444 1312 55 230
501 1312 55 230
557 1312 55 230
614 1312 191 230
807 1312 219 230
1028 1312 449 230
1496 1384 55 225
1552 1384 55 225
1802 1384 55 225
1859 1384 55 225
1915 1384 55 225
1972 1384 55 225
2029 1384 55 225
2085 1384 191 225
2278 1384 220 225
2499 1384 449 225
25 1543 55 662
81 1543 55 220
331 1543 55 220
387 1543 55 220
444 1543 55 220
501 1543 55 220
557 1543 55 220
614 1543 191 220
807 1543 219 220
1028 1543 449 220
1496 1614 55 226
1552 1614 55 226
1802 1614 55 226
1859 1614 55 226
1915 1614 55 226
1972 1614 55 226
2029 1614 55 226
2085 1614 191 226
2278 1614 220 226
2499 1614 449 226
81 1764 55 220
331 1764 55 220
387 1764 55 220
444 1764 55 220
501 1764 55 220
557 1764 55 220
614 1764 191 220
807 1764 219 220
1028 1764 449 220
1496 1846 55 225
1552 1846 55 225
1802 1846 55 225
1859 1846 55 225
1915 1846 55 225
1972 1846 55 225
2029 1846 55 225
2085 1846 191 225
2278 1846 220 225
2499 1846 449 225
81 1986 55 219
331 1986 55 219
387 1986 55 219
444 1986 55 219
501 1986 55 219
557 1986 55 219
614 1986 191 219
807 1986 219 219
1028 1986 449 219
1496 2076 55 457
1552 2076 55 228
1802 2076 55 228
1859 2076 55 228
1915 2076 55 228
1972 2076 55 228
2029 2076 55 228
2085 2076 191 228
2278 2076 220 228
2499 2076 449 228
25 2207 1452 55
25 2263 55 230
81 2263 55 230
138 2263 191 230
331 2263 55 230
387 2263 55 230
444 2263 55 230
501 2263 55 230
557 2263 55 230
614 2263 191 230
807 2263 219 230
1028 2263 449 230
1552 2306 55 227
1802 2306 55 227
1859 2306 55 227
1915 2306 55 227
1972 2306 55 227
2029 2306 55 227
2085 2306 191 227
2278 2306 220 227
2499 2306 449 227
1773 2371 27 26
25 2494 55 439
81 2494 55 220
331 2494 55 220
387 2494 55 220
444 2494 55 220
501 2494 55 220
557 2494 55 220
614 2494 191 220
807 2494 219 220
1028 2494 449 220
1483 2539 1465 1724
81 2715 55 218
331 2715 55 218
387 2715 55 218
444 2715 55 218
501 2715 55 218
557 2715 55 218
614 2715 191 218
807 2715 219 218
1028 2715 449 218
307 2766 22 21
25 2939 55 436
81 2939 55 217
331 2939 55 217
387 2939 55 217
444 2939 55 217
501 2939 55 217
557 2939 55 217
614 2939 191 217
807 2939 219 217
1028 2939 449 217
138 2996 33 26
81 3158 55 217
331 3158 55 217
387 3158 55 217
444 3158 55 217
501 3158 55 217
557 3158 55 217
614 3158 191 217
807 3158 219 217
1028 3158 449 217
303 3222 26 21
25 3381 55 657
81 3381 55 217
331 3381 55 217
387 3381 55 217
444 3381 55 217
501 3381 55 217
557 3381 55 217
614 3381 191 217
807 3381 219 217
1028 3381 449 217
81 3600 55 219
331 3600 55 219
387 3600 55 219
444 3600 55 219
501 3600 55 219
557 3600 55 219
614 3600 191 219
807 3600 219 219
1028 3600 449 219
304 3670 25 40
81 3821 55 217
331 3821 55 217
387 3821 55 217
444 3821 55 217
501 3821 55 217
557 3821 55 217
614 3821 191 217
807 3821 219 217
1028 3821 449 217
25 4044 55 217
81 4044 55 217
331 4044 55 217
387 4044 55 217
444 4044 55 217
501 4044 55 217
557 4044 55 217
614 4044 191 217
807 4044 219 217
1028 4044 449 217
