11 81 2087 178
11 261 2087 175
11 438 77 55
90 438 191 55
283 438 187 55
472 438 115 55
589 438 63 55
654 438 89 55
745 438 101 55
848 438 217 55
1067 438 380 55
1449 438 649 55
11 495 77 400
90 495 191 81
283 495 187 400
472 495 115 400
589 495 63 400
654 495 89 400
745 495 101 400
848 495 217 400
1067 495 380 400
1449 495 649 400
90 823 191 72
11 897 77 400
90 897 191 400
283 897 187 400
472 897 115 400
589 897 63 400
654 897 89 400
745 897 101 400
848 897 217 400
1067 897 380 400
1449 897 649 400
11 1299 2087 1517
