6 45 1063 88
7 135 1062 100
7 237 43 27
52 237 97 27
150 237 119 27
320 237 30 27
352 237 64 27
418 237 70 27
489 237 107 27
598 237 142 27
742 237 327 27
7 265 43 202
52 265 97 46
150 265 119 202
270 265 49 202
320 265 30 202
352 265 64 202
418 265 70 202
489 265 107 202
598 265 142 202
742 265 327 202
52 351 21 36
52 437 97 30
7 469 43 202
52 469 97 48
150 469 119 202
270 469 49 202
320 469 30 202
352 469 64 202
418 469 70 202
489 469 107 202
598 469 142 202
742 469 327 202
52 642 97 29
7 672 43 199
52 672 97 133
150 672 119 199
270 672 49 199
320 672 30 199
352 672 64 199
418 672 70 199
489 672 107 199
598 672 142 199
742 672 327 199
96 827 22 44
7 872 1062 630
