16 17 2832 208
16 226 2832 246
16 474 109 110
126 474 362 110
489 474 84 110
574 474 84 110
659 474 84 110
745 474 83 110
830 474 83 110
915 474 395 110
1311 474 566 110
1878 474 969 110
16 585 109 396
126 585 362 396
489 585 84 396
574 585 84 396
659 585 84 396
745 585 83 396
830 585 83 396
915 585 395 396
1311 585 566 396
1878 585 969 396
16 982 109 396
126 982 362 396
489 982 84 396
574 982 84 396
659 982 84 396
745 982 83 396
830 982 83 396
915 982 395 396
1311 982 566 396
1878 982 969 396
16 1379 109 393
126 1379 362 393
489 1379 84 393
574 1379 84 393
659 1379 84 393
745 1379 83 393
830 1379 83 393
915 1379 395 393
1311 1379 566 393
1878 1379 969 393
16 1778 1416 2385
1436 1778 1411 2385
