4 625 41 80
47 625 164 80
212 625 54 80
267 625 40 80
309 625 41 80
352 625 42 80
396 625 41 80
439 625 128 80
568 626 273 79
842 626 808 79
5 706 40 445
47 706 164 248
212 706 54 286
267 706 40 445
309 706 41 445
352 706 42 445
396 706 41 445
439 706 128 445
568 706 273 445
842 706 807 445
98 959 64 41
213 992 53 159
121 1032 21 119
47 1033 74 118
142 1033 69 118
5 1153 40 460
47 1153 164 116
212 1153 54 460
267 1153 40 460
309 1153 41 460
352 1153 42 460
396 1153 41 460
439 1153 128 460
568 1153 273 460
842 1153 806 460
47 1316 26 26
186 1342 25 89
47 1344 24 96
166 1484 45 129
47 1485 55 128
5 1614 40 452
47 1614 164 452
212 1614 54 452
267 1614 40 452
309 1614 41 452
352 1614 42 452
396 1614 41 452
439 1614 128 452
568 1614 273 452
842 1614 806 452
1691 630 41 80
1733 630 164 80
1898 630 54 80
1953 630 40 80
1995 630 41 80
2038 630 42 80
2082 630 42 80
2125 630 128 80
2254 630 273 80
2529 630 807 80
1691 712 41 367
1733 712 164 57
1898 712 54 367
1953 712 40 367
1995 712 41 367
2038 712 42 367
2082 712 42 367
2125 712 128 367
2254 712 273 367
2529 712 806 367
1733 1004 52 75
1846 1004 51 75
1691 1081 41 366
1733 1081 164 67
1898 1081 54 366
1953 1081 40 366
1995 1081 41 366
2038 1081 42 366
2082 1081 42 366
2125 1081 128 366
2254 1081 273 366
2529 1081 805 366
1733 1194 29 29
1733 1231 24 84
1750 1382 23 65
1860 1382 37 65
1693 1534 41 80
1735 1534 164 80
1901 1534 53 80
1956 1534 39 80
1997 1534 41 80
2040 1534 42 80
2084 1534 42 80
2127 1534 128 80
2257 1534 272 80
2531 1534 807 80
1693 1615 41 366
1735 1615 164 51
1901 1615 53 366
1956 1615 39 366
1997 1615 41 366
2040 1615 42 366
2084 1615 42 366
2127 1615 128 366
2257 1615 272 366
2531 1615 806 366
1735 1723 29 24
1735 1748 27 72
1735 1899 164 82
1691 2076 41 80
1733 2076 164 80
1898 2076 54 80
1953 2076 40 80
1995 2076 41 80
2038 2076 42 80
2082 2076 42 80
2125 2076 128 80
2254 2076 273 80
2529 2076 807 80
1691 2157 41 368
1733 2157 164 368
1898 2157 54 368
1953 2157 40 368
1995 2157 41 368
2038 2157 42 368
2082 2157 42 368
2125 2157 128 368
2254 2157 273 368
2529 2157 806 368
1691 2526 41 366
1733 2526 164 60
1898 2526 54 366
1953 2526 40 366
1995 2526 41 366
2038 2526 42 366
2082 2526 42 366
2125 2526 128 366
2254 2526 273 366
2529 2526 805 366
6 2246 41 81
49 2246 163 81
214 2246 53 81
269 2246 40 81
311 2246 41 81
353 2246 43 81
397 2246 42 81
441 2246 127 81
570 2247 272 80
844 2247 808 80
6 2328 41 251
49 2328 163 72
214 2328 53 368
269 2328 40 368
311 2328 41 368
353 2328 43 368
397 2328 42 368
441 2328 127 368
570 2328 272 368
844 2328 807 368
6 2579 40 117
105 2606 24 90
168 2606 29 90
49 2607 56 89
6 2697 41 368
49 2697 163 79
214 2697 53 368
269 2697 40 368
311 2697 41 368
353 2697 43 368
397 2697 42 368
441 2697 127 368
570 2697 272 368
844 2697 805 368
191 2812 21 21
49 2857 21 86
49 2995 163 70
6 3066 41 361
49 3066 163 72
214 3066 53 361
269 3066 40 361
311 3066 41 361
353 3066 43 361
397 3066 42 361
441 3066 127 361
570 3066 272 361
844 3066 805 361
187 3183 25 103
49 3188 22 110
49 3356 53 71
159 3356 53 71
1693 2979 41 80
1735 2979 164 80
1901 2979 53 80
1956 2979 39 80
1997 2979 41 80
2040 2979 42 80
2084 2979 42 80
2127 2979 128 80
2257 2979 272 80
2531 2979 807 80
1693 3061 41 366
1735 3061 164 65
1901 3061 53 366
1956 3061 39 366
1997 3061 41 366
2040 3061 42 366
2084 3061 42 366
2127 3061 128 366
2257 3061 272 366
2531 3061 806 366
1735 3162 27 32
1873 3169 26 125
1735 3194 26 95
1745 3354 51 73
1797 3354 37 73
1846 3354 53 73
6 3692 41 80
49 3692 163 80
214 3692 53 80
269 3692 40 80
311 3692 41 80
353 3692 43 80
397 3692 42 80
441 3692 127 80
570 3693 272 79
844 3693 808 79
6 3774 41 367
49 3774 163 367
214 3774 53 367
269 3774 40 367
311 3774 41 367
353 3774 43 367
397 3774 42 367
441 3774 127 367
570 3774 272 367
844 3774 807 367
6 4143 41 367
49 4143 163 62
214 4143 53 367
269 4143 40 367
311 4143 41 367
353 4143 43 367
397 4143 42 367
441 4143 127 367
570 4143 272 367
844 4143 805 367
49 4436 60 74
167 4436 45 74
6 4512 41 361
49 4512 163 76
214 4512 53 361
269 4512 40 361
311 4512 41 361
353 4512 43 361
397 4512 42 361
441 4512 127 361
570 4512 272 361
844 4512 805 361
49 4813 54 60
147 4813 65 60
