1595 1934 55 30
1651 1934 183 30
1835 1934 225 30
2061 1934 117 30
2179 1934 110 30
1595 1966 55 30
1651 1966 183 30
1835 1966 225 30
2061 1966 117 30
2179 1966 110 30
1595 1997 55 31
1651 1997 183 31
1835 1997 225 31
2061 1997 117 31
2179 1997 110 31
1595 2029 55 30
1651 2029 183 30
1835 2029 225 30
2061 2029 117 30
2179 2029 110 30
1595 2061 55 30
1651 2061 183 30
1835 2061 225 30
2061 2061 117 30
2179 2061 110 30
1595 2092 55 31
1651 2092 183 31
1835 2092 225 31
2061 2092 117 31
2179 2092 110 31
1595 2124 55 30
1651 2124 183 30
1835 2124 225 30
2061 2124 117 30
2179 2124 110 30
1595 2156 55 30
1651 2156 183 30
1835 2156 225 30
2061 2156 117 30
2179 2156 110 30
1595 2187 55 31
1651 2187 183 31
1835 2187 225 31
2061 2187 117 31
2179 2187 110 31
1595 2219 55 30
1651 2219 183 30
1835 2219 225 30
2061 2219 117 30
2179 2219 110 30
1595 2251 55 30
1651 2251 183 30
1835 2251 225 30
2061 2251 117 30
2179 2251 110 30
1595 2282 55 31
1651 2282 183 31
1835 2282 225 31
2061 2282 117 31
2179 2282 110 31
1595 2314 55 30
1651 2314 183 30
1835 2314 225 30
2061 2314 117 30
2179 2314 110 30
1595 2346 55 30
1651 2346 183 30
1835 2346 225 30
2061 2346 117 30
2179 2346 110 30
1595 2377 55 31
1651 2377 183 31
1835 2377 225 31
2061 2377 117 31
2179 2377 110 31
1595 2409 55 30
1651 2409 183 30
1835 2409 225 30
2061 2409 117 30
2179 2409 110 30
1595 2441 55 30
1651 2441 183 30
1835 2441 225 30
2061 2441 117 30
2179 2441 110 30
1595 2472 55 31
1651 2472 183 31
1835 2472 225 31
2061 2472 117 31
2179 2472 110 31
1595 2504 55 30
1651 2504 183 30
1835 2504 225 30
2061 2504 117 30
2179 2504 110 30
1595 2536 55 30
1651 2536 183 30
1835 2536 225 30
2061 2536 117 30
2179 2536 110 30
1595 2568 55 30
1651 2568 183 30
1835 2568 225 30
2061 2568 117 30
2179 2568 110 30
1595 2599 55 30
1651 2599 183 30
1835 2599 225 30
2061 2599 117 30
2179 2599 110 30
1595 2631 55 30
1651 2631 183 30
1835 2631 225 30
2061 2631 117 30
2179 2631 110 30
1595 2663 55 30
1651 2663 183 30
1835 2663 225 30
2061 2663 117 30
2179 2663 110 30
1595 2694 55 30
1651 2694 183 30
1835 2694 225 30
2061 2694 117 30
2179 2694 110 30
1595 2726 55 30
1651 2726 183 30
1835 2726 225 30
2061 2726 117 30
2179 2726 110 30
1595 2758 55 30
1651 2758 183 30
1835 2758 225 30
2061 2758 117 30
2179 2758 110 30
1595 2789 55 30
1651 2789 183 30
1835 2789 225 30
2061 2789 117 30
2179 2789 110 30
1595 2821 55 30
1651 2821 183 30
1835 2821 225 30
2061 2821 117 30
2179 2821 110 30
1595 2853 55 30
1651 2853 183 30
1835 2853 225 30
2061 2853 117 30
2179 2853 110 30
1595 2884 55 30
1651 2884 183 30
1835 2884 225 30
2061 2884 117 30
2179 2884 110 30
1595 2916 55 30
1651 2916 183 30
1835 2916 225 30
2061 2916 117 30
2179 2916 110 30
1595 2948 55 30
1651 2948 183 30
1835 2948 225 30
2061 2948 117 30
2179 2948 110 30
1595 2979 55 30
1651 2979 183 30
1835 2979 225 30
2061 2979 117 30
2179 2979 110 30
1595 3011 55 30
1651 3011 183 30
1835 3011 225 30
2061 3011 117 30
2179 3011 110 30
1595 3043 55 30
1651 3043 183 30
1835 3043 225 30
2061 3043 117 30
2179 3043 110 30
1595 3074 55 30
1651 3074 183 30
1835 3074 225 30
2061 3074 117 30
2179 3074 110 30
1595 3106 55 30
1651 3106 183 30
1835 3106 225 30
2061 3106 117 30
2179 3106 110 30
1595 3138 55 30
1651 3138 183 30
1835 3138 225 30
2061 3138 117 30
2179 3138 110 30
1595 3169 55 30
1651 3169 183 30
1835 3169 225 30
2061 3169 117 30
2179 3169 110 30
1595 3201 55 30
1651 3201 183 30
1835 3201 225 30
2061 3201 117 30
2179 3201 110 30
1595 3233 55 30
1651 3233 183 30
1835 3233 225 30
2061 3233 117 30
2179 3233 110 30
1595 3264 55 30
1651 3264 183 30
1835 3264 225 30
2061 3264 117 30
2179 3264 110 30
1595 3296 55 30
1651 3296 183 30
1835 3296 225 30
2061 3296 117 30
2179 3296 110 30
1595 3328 55 30
1651 3328 183 30
1835 3328 225 30
2061 3328 117 30
2179 3328 110 30
1595 3359 55 30
1651 3359 183 30
1835 3359 225 30
2061 3359 117 30
2179 3359 110 30
1595 3391 55 30
1651 3391 183 30
1835 3391 225 30
2061 3391 117 30
2179 3391 110 30
1595 3423 55 30
1651 3423 183 30
1835 3423 225 30
2061 3423 117 30
2179 3423 110 30
1595 3454 55 30
1651 3454 183 30
1835 3454 225 30
2061 3454 117 30
2179 3454 110 30
1595 3486 55 30
1651 3486 183 30
1835 3486 225 30
2061 3486 117 30
2179 3486 110 30
1595 3518 55 30
1651 3518 183 30
1835 3518 225 30
2061 3518 117 30
2179 3518 110 30
1595 3549 55 31
1651 3549 183 31
1835 3549 225 31
2061 3549 117 31
2179 3549 110 31
1595 3581 55 30
1651 3581 183 30
1835 3581 225 30
2061 3581 117 30
2179 3581 110 30
1595 3613 55 30
1651 3613 183 30
1835 3613 225 30
2061 3613 117 30
2179 3613 110 30
1595 3644 55 31
1651 3644 183 31
1835 3644 225 31
2061 3644 117 31
2179 3644 110 31
1595 3676 55 30
1651 3676 183 30
1835 3676 225 30
2061 3676 117 30
2179 3676 110 30
1595 3708 55 30
1651 3708 183 30
1835 3708 225 30
2061 3708 117 30
2179 3708 110 30
1595 3739 55 31
1651 3739 183 31
1835 3739 225 31
2061 3739 117 31
2179 3739 110 31
1595 3771 55 30
1651 3771 183 30
1835 3771 225 30
2061 3771 117 30
2179 3771 110 30
1595 3803 55 30
1651 3803 183 30
1835 3803 225 30
2061 3803 117 30
2179 3803 110 30
1595 3834 55 31
1651 3834 183 31
1835 3834 225 31
2061 3834 117 31
2179 3834 110 31
1595 3866 55 30
1651 3866 183 30
1835 3866 225 30
2061 3866 117 30
2179 3866 110 30
1595 3898 55 30
1651 3898 183 30
1835 3898 225 30
2061 3898 117 30
2179 3898 110 30
1595 3929 55 31
1651 3929 183 31
1835 3929 225 31
2061 3929 117 31
2179 3929 110 31
1595 3961 55 30
1651 3961 183 30
1835 3961 225 30
2061 3961 117 30
2179 3961 110 30
1595 3993 55 30
1651 3993 183 30
1835 3993 225 30
2061 3993 117 30
2179 3993 110 30
1595 4024 55 31
1651 4024 183 31
1835 4024 225 31
2061 4024 117 31
2179 4024 110 31
1595 4056 55 30
1651 4056 183 30
1835 4056 225 30
2061 4056 117 30
2179 4056 110 30
1595 4088 55 30
1651 4088 183 30
1835 4088 225 30
2061 4088 117 30
2179 4088 110 30
1595 4119 55 31
1651 4119 183 31
1835 4119 225 31
2061 4119 117 31
2179 4119 110 31
2298 1934 55 31
2355 1934 171 31
2528 1934 186 31
2715 1934 108 31
2825 1934 160 31
2298 1966 55 30
2355 1966 171 30
2528 1966 186 30
2715 1966 108 30
2825 1966 160 30
2298 1998 55 30
2355 1998 171 30
2528 1998 186 30
2715 1998 108 30
2825 1998 160 30
2298 2029 55 31
2355 2029 171 31
2528 2029 186 31
2715 2029 108 31
2825 2029 160 31
2298 2061 55 30
2355 2061 171 30
2528 2061 186 30
2715 2061 108 30
2825 2061 160 30
2298 2093 55 30
2355 2093 171 30
2528 2093 186 30
2715 2093 108 30
2825 2093 160 30
2298 2124 55 31
2355 2124 171 31
2528 2124 186 31
2715 2124 108 31
2825 2124 160 31
2298 2156 55 30
2355 2156 171 30
2528 2156 186 30
2715 2156 108 30
2825 2156 160 30
2298 2188 55 30
2355 2188 171 30
2528 2188 186 30
2715 2188 108 30
2825 2188 160 30
2298 2219 55 31
2355 2219 171 31
2528 2219 186 31
2715 2219 108 31
2825 2219 160 31
2298 2251 55 30
2355 2251 171 30
2528 2251 186 30
2715 2251 108 30
2825 2251 160 30
2298 2283 55 30
2355 2283 171 30
2528 2283 186 30
2715 2283 108 30
2825 2283 160 30
2298 2314 55 31
2355 2314 171 31
2528 2314 186 31
2715 2314 108 31
2825 2314 160 31
2298 2346 55 30
2355 2346 171 30
2528 2346 186 30
2715 2346 108 30
2825 2346 160 30
2298 2378 55 30
2355 2378 171 30
2528 2378 186 30
2715 2378 108 30
2825 2378 160 30
2298 2409 55 31
2355 2409 171 31
2528 2409 186 31
2715 2409 108 31
2825 2409 160 31
2298 2441 55 30
2355 2441 171 30
2528 2441 186 30
2715 2441 108 30
2825 2441 160 30
2298 2473 55 30
2355 2473 171 30
2528 2473 186 30
2715 2473 108 30
2825 2473 160 30
2298 2504 55 31
2355 2504 171 31
2528 2504 186 31
2715 2504 108 31
2825 2504 160 31
2298 2536 55 30
2355 2536 171 30
2528 2536 186 30
2715 2536 108 30
2825 2536 160 30
2298 2568 55 30
2355 2568 171 30
2528 2568 186 30
2715 2568 108 30
2825 2568 160 30
2298 2599 55 31
2355 2599 171 31
2528 2599 186 31
2715 2599 108 31
2825 2599 160 31
2298 2631 55 30
2355 2631 171 30
2528 2631 186 30
2715 2631 108 30
2825 2631 160 30
2298 2663 55 30
2355 2663 171 30
2528 2663 186 30
2715 2663 108 30
2825 2663 160 30
2298 2694 55 31
2355 2694 171 31
2528 2694 186 31
2715 2694 108 31
2825 2694 160 31
2298 2726 55 30
2355 2726 171 30
2528 2726 186 30
2715 2726 108 30
2825 2726 160 30
2298 2758 55 30
2355 2758 171 30
2528 2758 186 30
2715 2758 108 30
2825 2758 160 30
2298 2789 55 31
2355 2789 171 31
2528 2789 186 31
2715 2789 108 31
2825 2789 160 31
2298 2821 55 30
2355 2821 171 30
2528 2821 186 30
2715 2821 108 30
2825 2821 160 30
2298 2853 55 30
2355 2853 171 30
2528 2853 186 30
2715 2853 108 30
2825 2853 160 30
2298 2884 55 31
2355 2884 171 31
2528 2884 186 31
2715 2884 108 31
2825 2884 160 31
2298 2916 55 30
2355 2916 171 30
2528 2916 186 30
2715 2916 108 30
2825 2916 160 30
2298 2948 55 30
2355 2948 171 30
2528 2948 186 30
2715 2948 108 30
2825 2948 160 30
2298 2979 55 31
2355 2979 171 31
2528 2979 186 31
2715 2979 108 31
2825 2979 160 31
2298 3011 55 31
2355 3011 171 31
2528 3011 186 31
2715 3011 108 31
2825 3011 160 31
2298 3043 55 31
2355 3043 171 31
2528 3043 186 31
2715 3043 108 31
2825 3043 160 31
2298 3075 55 30
2355 3075 171 30
2528 3075 186 30
2715 3075 108 30
2825 3075 160 30
2298 3107 55 30
2355 3107 171 30
2528 3107 186 30
2715 3107 108 30
2825 3107 160 30
2298 3138 55 31
2355 3138 171 31
2528 3138 186 31
2715 3138 108 31
2825 3138 160 31
2298 3170 55 30
2355 3170 171 30
2528 3170 186 30
2715 3170 108 30
2825 3170 160 30
2298 3202 55 30
2355 3202 171 30
2528 3202 186 30
2715 3202 108 30
2825 3202 160 30
2298 3233 55 31
2355 3233 171 31
2528 3233 186 31
2715 3233 108 31
2825 3233 160 31
2298 3265 55 30
2355 3265 171 30
2528 3265 186 30
2715 3265 108 30
2825 3265 160 30
2298 3297 55 30
2355 3297 171 30
2528 3297 186 30
2715 3297 108 30
2825 3297 160 30
2298 3328 55 31
2355 3328 171 31
2528 3328 186 31
2715 3328 108 31
2825 3328 160 31
2298 3360 55 30
2355 3360 171 30
2528 3360 186 30
2715 3360 108 30
2825 3360 160 30
2298 3392 55 30
2355 3392 171 30
2528 3392 186 30
2715 3392 108 30
2825 3392 160 30
2298 3423 55 31
2355 3423 171 31
2528 3423 186 31
2715 3423 108 31
2825 3423 160 31
2298 3455 55 30
2355 3455 171 30
2528 3455 186 30
2715 3455 108 30
2825 3455 160 30
2298 3487 55 30
2355 3487 171 30
2528 3487 186 30
2715 3487 108 30
2825 3487 160 30
2298 3518 55 31
2355 3518 171 31
2528 3518 186 31
2715 3518 108 31
2825 3518 160 31
2298 3550 55 30
2355 3550 171 30
2528 3550 186 30
2715 3550 108 30
2825 3550 160 30
2298 3582 55 30
2355 3582 171 30
2528 3582 186 30
2715 3582 108 30
2825 3582 160 30
2298 3613 55 31
2355 3613 171 31
2528 3613 186 31
2715 3613 108 31
2825 3613 160 31
2298 3645 55 30
2355 3645 171 30
2528 3645 186 30
2715 3645 108 30
2825 3645 160 30
2298 3677 55 30
2355 3677 171 30
2528 3677 186 30
2715 3677 108 30
2825 3677 160 30
2298 3708 55 31
2355 3708 171 31
2528 3708 186 31
2715 3708 108 31
2825 3708 160 31
2298 3740 55 30
2355 3740 171 30
2528 3740 186 30
2715 3740 108 30
2825 3740 160 30
2298 3772 55 30
2355 3772 171 30
2528 3772 186 30
2715 3772 108 30
2825 3772 160 30
2298 3803 55 31
2355 3803 171 31
2528 3803 186 31
2715 3803 108 31
2825 3803 160 31
2298 3835 55 30
2355 3835 171 30
2528 3835 186 30
2715 3835 108 30
2825 3835 160 30
2298 3867 55 30
2355 3867 171 30
2528 3867 186 30
2715 3867 108 30
2825 3867 160 30
2298 3898 55 31
2355 3898 171 31
2528 3898 186 31
2715 3898 108 31
2825 3898 160 31
2298 3930 55 30
2355 3930 171 30
2528 3930 186 30
2715 3930 108 30
2825 3930 160 30
2298 3962 55 30
2355 3962 171 30
2528 3962 186 30
2715 3962 108 30
2825 3962 160 30
2298 3993 55 31
2355 3993 171 31
2528 3993 186 31
2715 3993 108 31
2825 3993 160 31
2298 4025 55 30
2355 4025 171 30
2528 4025 186 30
2715 4025 108 30
2825 4025 160 30
2298 4057 55 30
2355 4057 171 30
2528 4057 186 30
2715 4057 108 30
2825 4057 160 30
2298 4088 55 31
2355 4088 171 31
2528 4088 186 31
2715 4088 108 31
2825 4088 160 31
2298 4120 55 30
2355 4120 171 30
2528 4120 186 30
2715 4120 108 30
2825 4120 160 30
