9 67 2031 209
9 280 2031 158
9 447 2031 80
9 529 56 55
68 529 196 55
266 529 190 55
459 529 83 55
544 529 54 55
600 529 83 55
686 529 94 55
782 529 185 55
969 529 287 55
1258 529 782 55
9 586 56 464
68 586 196 464
266 586 190 464
459 586 83 464
544 586 54 464
600 586 83 464
686 586 94 464
782 586 185 464
969 586 287 464
1258 586 782 464
9 1052 56 463
68 1052 196 463
266 1052 190 463
459 1052 83 463
544 1052 54 463
600 1052 83 463
686 1052 94 463
782 1052 185 463
969 1052 287 463
1258 1052 782 463
9 1518 56 464
68 1518 196 464
266 1518 190 464
459 1518 83 464
544 1518 54 464
600 1518 83 464
686 1518 94 464
782 1518 185 464
969 1518 287 464
1258 1518 782 464
9 1984 56 463
68 1984 196 463
266 1984 190 463
459 1984 83 463
544 1984 54 463
600 1984 83 463
686 1984 94 463
782 1984 185 463
969 1984 287 463
1258 1984 782 463
9 2450 56 465
68 2450 196 465
266 2450 190 465
459 2450 83 465
544 2450 54 465
600 2450 83 465
686 2450 94 465
782 2450 185 465
969 2450 287 465
1258 2450 782 465
