13 12 2946 338
13 352 2946 343
13 697 2946 89
13 787 49 89
64 787 55 89
121 787 225 89
347 787 55 89
404 787 55 89
461 787 55 89
517 787 55 89
574 787 55 89
631 787 199 89
832 787 200 89
1033 787 452 89
1487 787 49 89
1538 787 55 89
1595 787 225 89
1821 787 55 89
1878 787 55 89
1935 787 55 89
1991 787 55 89
2048 787 55 89
2105 787 199 89
2306 787 200 89
2507 787 452 89
13 878 49 492
64 878 55 245
121 878 225 245
347 878 55 245
404 878 55 245
461 878 55 245
517 878 55 245
574 878 55 245
631 878 199 245
832 878 200 245
1033 878 452 245
1487 878 49 985
1538 878 55 245
1595 878 225 245
1821 878 55 245
1878 878 55 245
1935 878 55 245
1991 878 55 245
2048 878 55 245
2105 878 199 245
2306 878 200 245
2507 878 452 245
64 1125 55 245
121 1125 225 245
347 1125 55 245
404 1125 55 245
461 1125 55 245
517 1125 55 245
574 1125 55 245
631 1125 199 245
832 1125 200 245
1033 1125 452 245
1538 1125 55 245
1595 1125 225 245
1821 1125 55 245
1878 1125 55 245
1935 1125 55 245
1991 1125 55 245
2048 1125 55 245
2105 1125 199 245
2306 1125 200 245
2507 1125 452 245
13 1371 49 492
64 1371 55 245
121 1371 225 245
347 1371 55 245
404 1371 55 245
461 1371 55 245
517 1371 55 245
574 1371 55 245
631 1371 199 245
832 1371 200 245
1033 1371 452 245
1538 1371 55 245
1595 1371 225 245
1821 1371 55 245
1878 1371 55 245
1935 1371 55 245
1991 1371 55 245
2048 1371 55 245
2105 1371 199 245
2306 1371 200 245
2507 1371 452 245
64 1618 55 245
121 1618 225 245
347 1618 55 245
404 1618 55 245
461 1618 55 245
517 1618 55 245
574 1618 55 245
631 1618 199 245
832 1618 200 245
1033 1618 452 245
1538 1618 55 245
1595 1618 225 245
1821 1618 55 245
1878 1618 55 245
1935 1618 55 245
1991 1618 55 245
2048 1618 55 245
2105 1618 199 245
2306 1618 200 245
2507 1618 452 245
13 1865 2946 89
13 1955 49 89
64 1955 55 89
121 1955 225 89
347 1955 55 89
404 1955 55 89
461 1955 55 89
517 1955 55 89
574 1955 55 89
631 1955 199 89
832 1955 200 89
1033 1955 452 89
1487 1955 49 89
1538 1955 55 89
1595 1955 225 89
1821 1955 55 89
1878 1955 55 89
1935 1955 55 89
1991 1955 55 89
2048 1955 55 89
2105 1955 199 89
2306 1955 200 89
2507 1955 452 89
13 2046 49 245
64 2046 55 245
121 2046 225 245
347 2046 55 245
404 2046 55 245
461 2046 55 245
517 2046 55 245
574 2046 55 245
631 2046 199 245
832 2046 200 245
1033 2046 452 245
1487 2046 49 245
1538 2046 55 245
1595 2046 225 245
1821 2046 55 245
1878 2046 55 245
1935 2046 55 245
1991 2046 55 245
2048 2046 55 245
2105 2046 199 245
2306 2046 200 245
2507 2046 452 245
13 2293 49 491
64 2293 55 245
121 2293 225 245
347 2293 55 245
404 2293 55 245
461 2293 55 245
517 2293 55 245
574 2293 55 245
631 2293 199 245
832 2293 200 245
1033 2293 452 245
1487 2293 49 245
1538 2293 55 245
1595 2293 225 245
1821 2293 55 245
1878 2293 55 245
1935 2293 55 245
1991 2293 55 245
2048 2293 55 245
2105 2293 199 245
2306 2293 200 245
2507 2293 452 245
64 2539 55 245
121 2539 225 245
347 2539 55 245
404 2539 55 245
461 2539 55 245
517 2539 55 245
574 2539 55 245
631 2539 199 245
832 2539 200 245
1033 2539 452 245
1487 2539 49 492
1538 2539 55 245
1595 2539 225 245
1821 2539 55 245
1878 2539 55 245
1935 2539 55 245
1991 2539 55 245
2048 2539 55 245
2105 2539 199 245
2306 2539 200 245
2507 2539 452 245
13 2786 49 491
64 2786 55 245
121 2786 225 245
347 2786 55 245
404 2786 55 245
461 2786 55 245
517 2786 55 245
574 2786 55 245
631 2786 199 245
832 2786 200 245
1033 2786 452 245
1538 2786 55 245
1595 2786 225 245
1821 2786 55 245
1878 2786 55 245
1935 2786 55 245
1991 2786 55 245
2048 2786 55 245
2105 2786 199 245
2306 2786 200 245
2507 2786 452 245
64 3033 55 244
121 3033 225 244
347 3033 55 244
404 3033 55 244
461 3033 55 244
517 3033 55 244
574 3033 55 244
631 3033 199 244
832 3033 200 244
1033 3033 452 244
1487 3033 49 491
1538 3033 55 244
1595 3033 225 244
1821 3033 55 244
1878 3033 55 244
1935 3033 55 244
1991 3033 55 244
2048 3033 55 244
2105 3033 199 244
2306 3033 200 244
2507 3033 452 244
13 3279 49 245
64 3279 55 245
121 3279 225 245
347 3279 55 245
404 3279 55 245
461 3279 55 245
517 3279 55 245
574 3279 55 245
631 3279 199 245
832 3279 200 245
1033 3279 452 245
1538 3279 55 245
1595 3279 225 245
1821 3279 55 245
1878 3279 55 245
1935 3279 55 245
1991 3279 55 245
2048 3279 55 245
2105 3279 199 245
2306 3279 200 245
2507 3279 452 245
13 3526 49 245
64 3526 55 245
121 3526 225 245
347 3526 55 245
404 3526 55 245
461 3526 55 245
517 3526 55 245
574 3526 55 245
631 3526 199 245
832 3526 200 245
1033 3526 452 245
1487 3526 49 737
1538 3526 55 245
1595 3526 225 245
1821 3526 55 245
1878 3526 55 245
1935 3526 55 245
1991 3526 55 245
2048 3526 55 245
2105 3526 199 245
2306 3526 200 245
2507 3526 452 245
13 3772 49 491
64 3772 55 245
121 3772 225 245
347 3772 55 245
404 3772 55 245
461 3772 55 245
517 3772 55 245
574 3772 55 245
631 3772 199 245
832 3772 200 245
1033 3772 452 245
1538 3772 55 245
1595 3772 225 245
1821 3772 55 245
1878 3772 55 245
1935 3772 55 245
1991 3772 55 245
2048 3772 55 245
2105 3772 199 245
2306 3772 200 245
2507 3772 452 245
64 4019 55 244
121 4019 225 244
347 4019 55 244
404 4019 55 244
461 4019 55 244
517 4019 55 244
574 4019 55 244
631 4019 199 244
832 4019 200 244
1033 4019 452 244
1538 4019 55 244
1595 4019 225 244
1821 4019 55 244
1878 4019 55 244
1935 4019 55 244
1991 4019 55 244
2048 4019 55 244
2105 4019 199 244
2306 4019 200 244
2507 4019 452 244
