98 97 2014 211
98 310 2014 279
98 591 2014 78
98 670 60 102
160 670 181 102
343 670 59 102
404 670 60 102
465 670 60 102
527 670 59 102
588 670 59 102
649 670 202 102
853 670 295 102
1150 670 962 102
98 774 60 428
160 774 181 428
343 774 59 428
404 774 60 428
465 774 60 428
527 774 59 428
588 774 59 428
649 774 202 428
853 774 295 428
1150 774 962 428
98 1204 60 429
160 1204 181 429
343 1204 59 429
404 1204 60 429
465 1204 60 429
527 1204 59 429
588 1204 59 429
649 1204 202 429
853 1204 295 429
1150 1204 962 429
98 1634 60 429
160 1634 181 429
343 1634 59 429
404 1634 60 429
465 1634 60 429
527 1634 59 429
588 1634 59 429
649 1634 202 429
853 1634 295 429
1150 1634 962 429
98 2065 504 902
604 2065 501 902
1107 2065 502 902
1611 2065 501 902
