215 207 2937 231
215 441 2937 213
215 656 2937 66
215 724 85 179
303 724 274 179
580 724 105 179
688 724 105 179
796 724 105 179
904 724 105 179
1012 724 105 179
1120 724 427 179
1550 724 550 179
2103 724 1049 179
215 906 85 335
303 906 274 335
580 906 105 335
688 906 105 335
796 906 105 335
904 906 105 335
1012 906 105 335
1120 906 427 335
1550 906 550 335
2103 906 1049 335
215 1244 85 335
580 1244 105 335
688 1244 105 335
796 1244 105 335
904 1244 105 335
1012 1244 105 335
1120 1244 427 335
1550 1244 550 335
2103 1244 1049 335
517 1328 60 38
303 1330 61 147
518 1366 59 114
215 1582 85 336
580 1582 105 336
688 1582 105 336
796 1582 105 336
904 1582 105 336
1012 1582 105 336
1120 1582 427 336
1550 1582 550 336
2103 1582 1049 336
524 1665 53 158
303 1668 64 134
215 1921 974 2640
1192 1921 978 2640
2173 1921 978 2640
