16 17 2832 208
16 226 2832 246
16 474 109 110
126 474 362 110
489 474 84 110
574 474 84 110
659 474 84 110
745 474 83 110
830 474 83 110
915 474 395 110
1311 474 566 110
1878 474 969 110
16 585 109 470
126 585 362 470
489 585 84 470
574 585 84 470
659 585 84 470
745 585 83 470
830 585 83 470
915 585 395 470
1311 585 566 470
1878 585 969 470
16 1056 109 469
126 1056 362 469
489 1056 84 469
574 1056 84 469
659 1056 84 469
745 1056 83 469
830 1056 83 469
915 1056 395 469
1311 1056 566 469
1878 1056 969 469
16 1527 109 469
126 1527 362 469
489 1527 84 469
574 1527 84 469
659 1527 84 469
745 1527 83 469
830 1527 83 469
915 1527 395 469
1311 1527 566 469
1878 1527 969 469
16 1997 109 467
126 1997 362 467
489 1997 84 467
574 1997 84 467
659 1997 84 467
745 1997 83 467
830 1997 83 467
915 1997 395 467
1311 1997 566 467
1878 1997 969 467
16 2470 1416 1693
1436 2470 1411 1693
