16 17 2832 208
16 226 2832 246
16 474 109 110
126 474 362 110
489 474 84 110
574 474 84 110
659 474 84 110
745 474 83 110
830 474 83 110
915 474 395 110
1311 474 566 110
1878 474 969 110
16 585 109 464
126 585 362 464
489 585 84 464
574 585 84 464
659 585 84 464
745 585 83 464
830 585 83 464
915 585 395 464
1311 585 566 464
1878 585 969 464
16 1050 109 462
126 1050 362 462
489 1050 84 462
574 1050 84 462
659 1050 84 462
745 1050 83 462
830 1050 83 462
915 1050 395 462
1311 1050 566 462
1878 1050 969 462
16 1517 1416 2646
1436 1517 1411 2646
