134 162 3144 258
134 422 3144 190
134 613 1570 76
1710 613 1568 76
134 690 49 70
185 690 54 70
241 690 175 70
418 690 69 70
489 690 70 70
561 690 69 70
632 690 70 70
704 690 69 70
775 690 136 70
912 690 235 70
1149 690 555 70
1710 690 52 70
1763 690 54 70
1819 690 175 70
1996 690 70 70
2067 690 70 70
2139 690 69 70
2210 690 70 70
2282 690 69 70
2353 690 136 70
2491 690 234 70
2727 690 551 70
134 762 49 526
185 762 54 262
418 762 69 262
489 762 70 262
561 762 69 262
632 762 70 262
704 762 69 262
775 762 136 262
912 762 235 262
1149 762 555 262
1710 762 52 525
1763 762 54 262
1996 762 70 262
2067 762 70 262
2139 762 69 262
2210 762 70 262
2282 762 69 262
2353 762 136 262
2491 762 234 262
2727 762 551 262
241 821 25 22
185 1026 54 262
418 1026 69 262
489 1026 70 262
561 1026 69 262
632 1026 70 262
704 1026 69 262
775 1026 136 262
912 1026 235 262
1149 1026 555 262
1763 1026 54 261
1996 1026 70 261
2067 1026 70 261
2139 1026 69 261
2210 1026 70 261
2282 1026 69 261
2353 1026 136 261
2491 1026 234 261
2727 1026 551 261
134 1289 49 525
185 1289 54 262
418 1289 69 262
489 1289 70 262
561 1289 69 262
632 1289 70 262
704 1289 69 262
775 1289 136 262
912 1289 235 262
1149 1289 555 262
1710 1289 52 262
1763 1289 54 262
1996 1289 70 262
2067 1289 70 262
2139 1289 69 262
2210 1289 70 262
2282 1289 69 262
2353 1289 136 262
2491 1289 234 262
2727 1289 551 262
185 1553 54 261
418 1553 69 261
489 1553 70 261
561 1553 69 261
632 1553 70 261
704 1553 69 261
775 1553 136 261
912 1553 235 261
1149 1553 555 261
1710 1553 52 261
1763 1553 54 261
1996 1553 70 261
2067 1553 70 261
2139 1553 69 261
2210 1553 70 261
2282 1553 69 261
2353 1553 136 261
2491 1553 234 261
2727 1553 551 261
1945 1688 49 29
134 1816 49 788
185 1816 54 262
418 1816 69 262
489 1816 70 262
561 1816 69 262
632 1816 70 262
704 1816 69 262
775 1816 136 262
912 1816 235 262
1149 1816 555 262
1710 1816 52 526
1763 1816 54 262
1996 1816 70 262
2067 1816 70 262
2139 1816 69 262
2210 1816 70 262
2282 1816 69 262
2353 1816 136 262
2491 1816 234 262
2727 1816 551 262
1763 2079 54 263
1996 2079 70 263
2067 2079 70 263
2139 2079 69 263
2210 2079 70 263
2282 2079 69 263
2353 2079 136 263
2491 2079 234 263
2727 2079 551 263
185 2080 54 261
418 2080 69 261
489 2080 70 261
561 2080 69 261
632 2080 70 261
704 2080 69 261
775 2080 136 261
912 2080 235 261
1149 2080 555 261
185 2342 54 262
418 2342 69 262
489 2342 70 262
561 2342 69 262
632 2342 70 262
704 2342 69 262
775 2342 136 262
912 2342 235 262
1149 2342 555 262
1710 2343 52 526
1763 2343 54 262
1996 2343 70 262
2067 2343 70 262
2139 2343 69 262
2210 2343 70 262
2282 2343 69 262
2353 2343 136 262
2491 2343 234 262
2727 2343 551 262
134 2606 49 526
185 2606 54 262
418 2606 69 262
489 2606 70 262
561 2606 69 262
632 2606 70 262
704 2606 69 262
775 2606 136 262
912 2606 235 262
1149 2606 555 262
1763 2607 54 262
1996 2607 70 262
2067 2607 70 262
2139 2607 69 262
2210 2607 70 262
2282 2607 69 262
2353 2607 136 262
2491 2607 234 262
2727 2607 551 262
185 2870 54 262
418 2870 69 262
489 2870 70 262
561 2870 69 262
632 2870 70 262
704 2870 69 262
775 2870 136 262
912 2870 235 262
1149 2870 555 262
1710 2870 52 262
1763 2870 54 262
1819 2870 175 24
1996 2870 70 262
2067 2870 70 262
2139 2870 69 262
2210 2870 70 262
2282 2870 69 262
2353 2870 136 262
2491 2870 234 262
2727 2870 551 262
134 3134 49 526
185 3134 54 262
418 3134 69 262
489 3134 70 262
561 3134 69 262
632 3134 70 262
704 3134 69 262
775 3134 136 262
912 3134 235 262
1149 3134 555 262
1710 3134 1568 1575
185 3398 54 262
418 3398 69 262
489 3398 70 262
561 3398 69 262
632 3398 70 262
704 3398 69 262
775 3398 136 262
912 3398 235 262
1149 3398 555 262
134 3662 49 525
185 3662 54 262
418 3662 69 262
489 3662 70 262
561 3662 69 262
632 3662 70 262
704 3662 69 262
775 3662 136 262
912 3662 235 262
1149 3662 555 262
185 3925 54 262
418 3925 69 262
489 3925 70 262
561 3925 69 262
632 3925 70 262
704 3925 69 262
775 3925 136 262
912 3925 235 262
1149 3925 555 262
134 4189 1570 520
