64 103 2100 153
64 258 2100 154
64 415 84 76
150 415 193 76
345 415 114 76
461 415 51 76
514 415 51 76
567 415 50 76
620 415 50 76
672 415 209 76
883 415 457 76
1342 415 822 76
64 494 84 261
345 494 114 261
461 494 51 261
514 494 51 261
567 494 50 261
620 494 50 261
672 494 209 261
883 494 457 261
1342 494 822 261
310 573 33 79
150 581 30 81
64 757 84 259
345 757 114 258
461 757 51 258
514 757 51 258
567 757 50 259
620 757 50 259
672 757 209 259
883 757 457 258
1342 757 822 259
316 813 27 37
150 815 27 33
150 851 23 107
319 853 24 106
64 1024 1048 2048
1116 1024 1048 2048
