70 82 2071 212
70 296 2071 283
70 581 2071 78
70 660 62 102
134 660 208 102
344 660 59 102
405 660 59 102
466 660 59 102
527 660 59 102
588 660 60 102
649 660 203 102
853 660 398 102
1253 660 888 102
70 764 62 277
134 764 208 277
344 764 59 277
405 764 59 277
466 764 59 277
527 764 59 277
588 764 60 277
649 764 203 277
853 764 398 277
1253 764 888 277
70 1043 62 278
134 1043 208 278
344 1043 59 278
405 1043 59 278
466 1043 59 278
527 1043 59 278
588 1043 60 278
649 1043 203 278
853 1043 398 278
1253 1043 888 278
70 1322 62 278
134 1322 208 278
344 1322 59 278
405 1322 59 278
466 1322 59 278
527 1322 59 278
588 1322 60 278
649 1322 203 278
853 1322 398 278
1253 1322 888 278
70 1602 62 277
134 1602 208 277
344 1602 59 277
405 1602 59 277
466 1602 59 277
527 1602 59 277
588 1602 60 277
649 1602 203 277
853 1602 398 277
1253 1602 888 277
70 1881 516 1097
588 1881 517 1097
1106 1881 517 1097
1625 1881 516 1097
