106 90 2851 276
106 368 2851 225
106 595 113 83
221 595 244 83
467 595 247 83
716 595 89 83
807 595 66 83
875 595 123 83
1000 595 195 83
1197 595 239 83
1438 595 503 83
1943 595 1014 83
106 680 113 338
221 680 244 40
467 680 247 338
716 680 89 338
807 680 66 338
875 680 123 338
1000 680 195 338
1197 680 239 338
1438 680 503 338
1943 680 1014 338
221 780 43 147
413 782 52 32
417 820 48 110
106 1020 120 3196
358 1020 21 3196
459 1020 2498 2426
302 1021 32 3195
459 3446 1139 770
1601 3449 1356 55
1601 3505 133 69
1735 3506 375 68
2111 3506 423 68
2535 3506 422 68
1601 3575 133 151
1735 3575 375 151
2111 3575 423 151
2535 3575 422 151
1601 3727 133 166
1735 3727 375 166
2111 3727 423 166
2535 3727 422 166
1598 3896 1359 320
