23 22 2857 240
23 264 2857 155
23 421 94 82
118 421 271 82
390 421 101 82
492 421 118 82
611 421 67 82
679 421 129 82
810 421 129 82
940 421 271 82
1212 421 435 82
1649 421 1231 82
23 507 94 364
118 507 271 364
390 507 101 364
492 507 118 364
611 507 67 364
679 507 129 364
810 507 129 364
940 507 271 364
1212 507 435 364
1649 507 1231 364
23 872 94 365
118 872 271 365
390 872 101 365
492 872 118 365
611 872 67 365
679 872 129 365
810 872 129 365
940 872 271 365
1212 872 435 365
1649 872 1231 365
23 1239 94 365
118 1239 271 365
390 1239 101 365
492 1239 118 365
611 1239 67 365
679 1239 129 365
810 1239 129 365
940 1239 271 365
1212 1239 435 365
1649 1239 1231 365
23 1605 94 365
118 1605 271 365
390 1605 101 365
492 1605 118 365
611 1605 67 365
679 1605 129 365
810 1605 129 365
940 1605 271 365
1212 1605 435 365
1649 1605 1231 365
23 1972 94 365
118 1972 271 365
390 1972 101 365
492 1972 118 365
611 1972 67 365
679 1972 129 365
810 1972 129 365
940 1972 271 365
1212 1972 435 365
1649 1972 1231 365
23 2338 94 366
118 2338 271 366
390 2338 101 366
492 2338 118 366
611 2338 67 366
679 2338 129 366
810 2338 129 366
940 2338 271 366
1212 2338 435 366
1649 2338 1231 366
23 2705 94 365
118 2705 271 365
390 2705 101 365
492 2705 118 365
611 2705 67 365
679 2705 129 365
810 2705 129 365
940 2705 271 365
1212 2705 435 365
1649 2705 1231 365
23 3071 94 366
118 3071 271 366
390 3071 101 366
492 3071 118 366
611 3071 67 366
679 3071 129 366
810 3071 129 366
940 3071 271 366
1212 3071 435 366
1649 3071 1231 366
23 3438 94 366
118 3438 271 366
390 3438 101 366
492 3438 118 366
611 3438 67 366
679 3438 129 366
810 3438 129 366
940 3438 271 366
1212 3438 435 366
1649 3438 1231 366
23 3808 2857 189
