12 11 2080 179
12 194 2080 168
12 366 82 54
95 366 186 54
283 366 179 54
464 366 146 54
611 366 61 54
674 366 94 54
770 366 129 54
901 366 151 54
1054 366 327 54
1382 366 710 54
12 422 82 265
95 422 186 36
283 422 179 265
464 422 146 265
611 422 61 265
674 422 94 265
770 422 129 265
901 422 151 265
1054 422 327 265
1382 422 710 265
248 505 33 111
95 506 39 105
12 688 82 265
95 688 186 31
283 688 179 265
464 688 146 265
611 688 61 265
674 688 94 265
770 688 129 265
901 688 151 265
1054 688 327 265
1382 688 710 265
248 766 33 111
95 769 35 115
12 955 82 265
95 955 186 32
283 955 179 265
464 955 146 265
611 955 61 265
674 955 94 265
770 955 129 265
901 955 151 265
1054 955 327 265
1382 955 710 265
243 1023 38 29
95 1031 36 22
250 1054 31 87
95 1057 31 90
12 1221 82 265
95 1221 186 219
283 1221 179 265
464 1221 146 265
611 1221 61 265
674 1221 94 265
770 1221 129 265
901 1221 151 265
1054 1221 327 265
1382 1221 710 265
132 1441 117 45
12 1488 2080 1307
