312 643 59 97
373 643 51 97
426 643 52 97
480 643 53 97
535 643 53 97
590 643 355 97
947 643 409 97
1358 643 1960 97
6 644 51 96
59 644 251 96
6 742 51 339
59 742 251 339
312 742 59 339
373 742 51 339
426 742 52 339
480 742 53 339
535 742 53 339
590 742 355 339
947 742 409 339
1358 742 1960 339
6 1083 51 335
59 1083 251 313
312 1083 59 335
373 1083 51 335
426 1083 52 335
480 1083 53 335
535 1083 53 335
590 1083 355 335
947 1083 409 335
1358 1083 1959 335
236 1396 74 22
312 1544 59 97
373 1544 51 97
426 1544 52 97
480 1544 53 97
535 1544 53 97
590 1544 348 97
5 1545 52 96
59 1545 251 96
940 1545 416 96
1358 1545 1961 96
5 1643 52 340
312 1643 59 340
373 1643 51 340
426 1643 52 340
480 1643 53 340
535 1643 53 340
590 1643 348 340
940 1643 416 340
1358 1643 1961 340
276 1719 34 42
59 1726 38 193
282 1767 28 159
5 1984 52 335
312 1984 59 335
373 1984 51 335
426 1984 52 335
480 1984 53 335
535 1984 53 335
590 1984 348 335
940 1984 416 335
1358 1984 1961 335
59 2061 53 34
263 2068 47 26
274 2099 36 101
59 2100 45 98
312 2493 59 97
373 2493 51 97
426 2493 52 97
480 2493 53 97
535 2493 53 97
590 2493 348 97
940 2493 416 97
1358 2493 1958 97
5 2494 52 96
59 2494 251 96
5 2592 52 338
312 2592 59 338
373 2592 51 338
426 2592 52 338
480 2592 53 338
535 2592 53 338
590 2592 348 338
940 2592 416 338
1358 2592 1958 338
283 2677 27 174
59 2684 29 164
5 3020 52 95
59 3020 251 95
312 3020 59 95
373 3020 51 95
426 3020 52 95
480 3020 53 95
535 3020 53 95
590 3020 348 95
940 3020 416 95
1358 3020 1961 95
5 3117 52 340
312 3117 59 340
373 3117 51 340
426 3117 52 340
480 3117 53 340
535 3117 53 340
590 3117 348 340
940 3117 416 340
1358 3117 1961 340
59 3198 48 151
270 3198 40 155
59 3367 26 48
5 3458 52 340
312 3458 59 340
373 3458 51 340
426 3458 52 340
480 3458 53 340
535 3458 53 340
590 3458 348 340
940 3458 416 340
1358 3458 1961 340
59 3542 42 35
268 3552 42 246
59 3581 39 217
5 3799 52 337
59 3799 131 337
207 3799 103 337
312 3799 59 337
373 3799 51 337
426 3799 52 337
480 3799 53 337
535 3799 53 337
590 3799 348 337
940 3799 416 337
1358 3799 1961 337
5 4228 52 97
59 4228 251 97
312 4228 59 97
373 4228 51 97
426 4228 52 97
480 4228 53 97
535 4228 53 97
590 4228 348 97
940 4228 416 97
1358 4228 1959 97
5 4326 52 339
312 4326 59 339
373 4326 51 339
426 4326 52 339
480 4326 53 339
535 4326 53 339
590 4326 348 339
940 4326 416 339
1358 4326 1959 339
59 4399 46 44
267 4401 43 46
59 4448 41 122
273 4452 37 110
