8 603 40 80
50 603 162 80
214 603 43 80
259 603 40 80
301 603 41 80
344 603 42 80
387 603 42 80
431 603 127 80
560 604 273 79
834 604 819 79
8 685 40 368
50 685 162 70
214 685 43 368
259 685 40 368
301 685 41 368
344 685 42 368
387 685 42 368
431 685 127 368
560 685 273 368
834 685 819 368
50 990 162 63
8 1054 40 366
50 1054 162 365
214 1054 43 365
259 1054 40 365
301 1054 41 365
344 1054 42 365
387 1054 42 365
431 1054 127 366
560 1054 273 366
834 1054 819 366
1695 603 40 78
1737 603 163 78
1902 603 42 78
1945 603 40 78
1987 603 41 78
2030 603 42 78
2074 603 42 78
2117 603 131 78
2250 603 272 78
2524 603 818 78
1695 683 40 364
1737 683 163 277
1902 683 42 364
1945 683 40 364
1987 683 41 364
2030 683 42 364
2074 683 42 364
2117 683 131 364
2250 683 272 364
2524 683 818 364
1737 963 163 84
1695 1179 40 80
1737 1179 164 80
1902 1179 42 80
1946 1179 40 80
1988 1179 41 80
2031 1179 42 80
2074 1179 42 80
2118 1179 127 80
2247 1179 273 80
2521 1179 819 80
1695 1261 40 367
1737 1261 164 58
1902 1261 42 367
1946 1261 40 367
1988 1261 41 367
2031 1261 42 367
2074 1261 42 367
2118 1261 127 367
2247 1261 273 367
2521 1261 819 367
1737 1555 164 73
1695 1630 40 366
1737 1630 164 67
1902 1630 42 365
1946 1630 40 365
1988 1630 41 365
2031 1630 42 365
2074 1630 42 365
2118 1630 127 366
2247 1630 273 366
2521 1630 819 366
1737 1934 164 61
4 1593 41 77
47 1593 163 77
212 1593 42 77
256 1593 40 77
297 1593 42 77
340 1593 42 77
384 1593 42 77
428 1593 127 77
557 1593 272 77
4 1671 41 368
47 1671 163 75
212 1671 42 368
256 1671 40 368
297 1671 42 368
340 1671 42 368
384 1671 42 368
428 1671 127 368
557 1671 272 368
47 1960 163 79
4 2041 41 367
47 2041 163 278
212 2041 42 367
256 2041 40 367
297 2041 42 367
340 2041 42 367
384 2041 42 367
428 2041 127 367
557 2041 272 367
47 2332 163 76
1695 2118 40 80
1737 2118 164 80
1902 2118 42 80
1946 2118 40 80
1988 2118 41 80
2031 2118 42 80
2074 2118 42 80
2118 2118 127 80
2247 2118 273 80
2521 2118 819 80
1695 2200 40 367
1737 2200 164 290
1902 2200 42 367
1946 2200 40 367
1988 2200 41 367
2031 2200 42 367
2074 2200 42 367
2118 2200 127 367
2247 2200 273 367
2521 2200 819 367
1737 2500 164 67
1695 2569 40 366
1737 2569 164 365
1902 2569 42 365
1946 2569 40 365
1988 2569 41 365
2031 2569 42 365
2074 2569 42 365
2118 2569 127 366
2247 2569 273 366
2521 2569 819 366
4 2409 41 368
47 2409 163 73
212 2409 42 368
256 2409 40 368
297 2409 42 368
340 2409 42 368
384 2409 42 368
428 2409 127 368
557 2409 272 368
47 2707 163 70
4 2779 41 369
47 2779 163 68
212 2779 42 369
256 2779 40 369
297 2779 42 369
340 2779 42 369
384 2779 42 369
428 2779 127 369
557 2779 272 369
183 2885 27 23
47 3072 163 76
1695 3058 40 80
1737 3058 164 80
1902 3058 42 80
1946 3058 40 80
1988 3058 41 80
2031 3058 42 80
2074 3058 42 80
2118 3058 127 80
2247 3059 273 79
2521 3059 819 79
1695 3140 40 368
1737 3140 164 70
1902 3140 42 368
1946 3140 40 368
1988 3140 41 368
2031 3140 42 368
2074 3140 42 368
2118 3140 127 368
2247 3140 273 368
2521 3140 819 368
1737 3301 21 22
1878 3302 23 22
1737 3433 164 75
1695 3509 40 366
1737 3509 164 366
1902 3509 42 366
1946 3509 40 366
1988 3509 41 366
2031 3509 42 366
2074 3509 42 366
2118 3509 127 366
2247 3509 273 366
2521 3509 819 366
4 3149 41 367
47 3149 163 59
212 3149 42 367
256 3149 40 367
297 3149 42 367
340 3149 42 367
384 3149 42 367
428 3149 127 367
47 3451 163 65
5 3771 41 80
48 3771 163 80
213 3771 42 80
257 3771 40 80
298 3771 42 80
341 3771 43 80
385 3771 42 80
429 3771 127 80
558 3771 272 80
832 3771 819 80
5 3853 41 367
48 3853 163 61
213 3853 42 367
257 3853 40 367
298 3853 42 367
341 3853 43 367
385 3853 42 367
429 3853 127 367
558 3853 272 367
832 3853 819 367
48 4147 163 73
5 4222 41 366
48 4222 163 62
213 4222 42 365
257 4222 40 365
298 4222 42 365
341 4222 43 365
385 4222 42 365
429 4222 127 366
558 4222 272 366
832 4222 819 366
48 4515 163 72
