12 12 2890 236
12 250 2890 219
12 471 129 106
142 471 339 106
483 471 100 106
585 471 89 106
675 471 89 106
766 471 89 106
857 471 89 106
947 471 225 106
1174 471 367 106
1543 471 1359 106
12 579 129 480
142 579 339 480
483 579 100 480
585 579 89 480
675 579 89 480
766 579 89 480
857 579 89 480
947 579 225 480
1174 579 367 480
1543 579 1359 480
12 1061 129 480
142 1061 339 480
483 1061 100 480
585 1061 89 480
675 1061 89 480
766 1061 89 480
857 1061 89 480
947 1061 225 480
1174 1061 367 480
1543 1061 1359 480
12 1543 129 480
142 1543 339 480
483 1543 100 480
585 1543 89 480
675 1543 89 480
766 1543 89 480
857 1543 89 480
947 1543 225 480
1174 1543 367 480
1543 1543 1359 480
1487 3801 196 54
1684 3801 322 54
2007 3801 526 54
2535 3801 112 54
2648 3801 225 54
1487 3856 196 52
1684 3856 322 52
2007 3856 526 52
2535 3856 112 52
2648 3856 225 52
1487 3909 196 52
1684 3909 322 52
2007 3909 526 52
2535 3909 112 52
2648 3909 225 52
1487 3962 196 51
1684 3962 322 51
2007 3962 526 51
2535 3962 112 51
2648 3962 225 51
