179 198 2851 277
179 478 2851 303
179 785 2851 71
179 859 87 82
269 859 213 82
485 859 76 82
564 859 99 82
666 859 60 82
728 859 100 82
831 859 99 82
933 859 263 82
1199 859 388 82
1590 859 1440 82
179 944 87 275
269 944 213 275
485 944 76 275
564 944 99 275
666 944 60 275
728 944 100 275
831 944 99 275
933 944 263 275
1199 944 388 275
1590 944 1440 275
179 1222 87 275
269 1222 213 275
485 1222 76 275
564 1222 99 275
666 1222 60 275
728 1222 100 275
831 1222 99 275
933 1222 263 275
1199 1222 388 275
1590 1222 1440 275
179 1500 87 274
269 1500 213 274
485 1500 76 274
564 1500 99 274
666 1500 60 274
728 1500 100 274
831 1500 99 274
933 1500 263 274
1199 1500 388 274
1590 1500 1440 274
179 1777 87 275
269 1777 213 275
485 1777 76 275
564 1777 99 275
666 1777 60 275
728 1777 100 275
831 1777 99 275
933 1777 263 275
1199 1777 388 275
1590 1777 1440 275
179 2055 87 275
269 2055 213 275
485 2055 76 275
564 2055 99 275
666 2055 60 275
728 2055 100 275
831 2055 99 275
933 2055 263 275
1199 2055 388 275
1590 2055 1440 275
179 2333 87 275
269 2333 213 275
485 2333 76 275
564 2333 99 275
666 2333 60 275
728 2333 100 275
831 2333 99 275
933 2333 263 275
1199 2333 388 275
1590 2333 1440 275
179 2611 87 275
269 2611 213 275
485 2611 76 275
564 2611 99 275
666 2611 60 275
728 2611 100 275
831 2611 99 275
933 2611 263 275
1199 2611 388 275
1590 2611 1440 275
179 2888 2851 71
179 2962 87 275
269 2962 213 275
485 2962 76 275
564 2962 99 275
666 2962 60 275
728 2962 100 275
831 2962 99 275
933 2962 263 275
1199 2962 388 275
1590 2962 1440 275
179 3240 87 275
269 3240 213 275
485 3240 76 275
564 3240 99 275
666 3240 60 275
728 3240 100 275
831 3240 99 275
933 3240 263 275
1199 3240 388 275
1590 3240 1440 275
179 3518 87 275
269 3518 213 275
485 3518 76 275
564 3518 99 275
666 3518 60 275
728 3518 100 275
831 3518 99 275
933 3518 263 275
1199 3518 388 275
1590 3518 1440 275
179 3796 2851 70
179 3869 87 275
269 3869 213 275
485 3869 76 275
564 3869 99 275
666 3869 60 275
728 3869 100 275
831 3869 99 275
933 3869 263 275
1199 3869 388 275
1590 3869 1440 275
179 4147 2851 224
