92 9 2769 287
92 302 2769 215
92 523 2769 63
92 591 146 53
240 591 202 53
444 591 213 53
659 591 157 53
818 591 72 53
892 591 100 53
994 591 136 53
1133 591 224 53
1359 591 344 53
1705 591 1156 53
92 646 146 284
240 646 202 284
444 646 213 285
659 646 157 284
818 646 72 284
892 646 100 284
994 646 136 285
1133 646 224 285
1359 646 344 284
1705 646 1156 285
92 933 145 284
240 933 201 284
444 933 213 284
659 933 157 284
818 933 72 284
892 933 100 284
994 933 136 284
1133 933 224 284
1359 933 344 284
1705 933 1156 284
92 1220 146 284
240 1220 202 50
444 1220 213 284
659 1220 157 284
818 1220 72 284
892 1220 100 284
994 1220 136 284
1133 1220 224 284
1359 1220 344 284
1705 1220 1156 284
444 1506 213 285
994 1506 136 285
1133 1506 224 285
1705 1506 1156 285
92 1507 146 284
240 1507 202 50
659 1507 157 284
818 1507 72 284
892 1507 100 284
1359 1507 344 284
444 1793 213 285
994 1793 136 285
1133 1793 224 285
1705 1793 1156 285
92 1794 146 284
240 1794 202 53
659 1794 157 284
818 1794 72 284
892 1794 100 284
1359 1794 344 284
92 2080 146 284
240 2080 202 50
444 2080 213 285
659 2080 157 284
818 2080 72 284
892 2080 100 284
994 2080 136 285
1133 2080 224 285
1359 2080 344 284
1705 2080 1156 285
92 2367 146 284
240 2367 202 47
444 2367 213 285
659 2367 157 284
818 2367 72 284
892 2367 100 284
994 2367 136 285
1133 2367 224 285
1359 2367 344 284
1705 2367 1156 285
92 2654 146 284
240 2654 202 284
444 2654 213 284
659 2654 157 284
818 2654 72 284
892 2654 100 284
994 2654 136 284
1133 2654 224 284
1359 2654 344 284
1705 2654 1156 284
92 2941 2769 1299
