1561 496 1452 54
1561 552 55 229
1617 552 55 229
1674 552 191 229
1867 552 55 229
1924 552 55 229
1980 552 55 229
2037 552 55 229
2094 552 55 229
2150 552 191 229
2343 552 220 229
2564 552 449 229
1561 783 55 458
1617 783 55 229
1674 783 191 26
1867 783 55 229
1924 783 55 229
1980 783 55 229
2037 783 55 229
2094 783 55 229
2150 783 191 229
2343 783 220 229
2564 783 449 229
1820 860 45 26
1674 861 41 21
1821 886 44 69
1674 888 36 124
1831 974 34 38
1617 1014 55 227
1867 1014 55 227
1924 1014 55 227
1980 1014 55 227
2037 1014 55 227
2094 1014 55 227
2150 1014 191 227
2343 1014 220 227
2564 1014 449 227
1823 1064 42 36
1674 1073 37 27
1674 1100 36 77
1824 1100 41 81
1561 1247 55 456
1617 1247 55 227
1867 1247 55 227
1924 1247 55 227
1980 1247 55 227
2037 1247 55 227
2094 1247 55 227
2150 1247 191 227
2343 1247 220 227
2564 1247 449 227
1829 1304 36 34
1674 1305 40 169
1830 1338 35 74
1617 1476 55 227
1867 1476 55 227
1924 1476 55 227
1980 1476 55 227
2037 1476 55 227
2094 1476 55 227
2150 1476 191 227
2343 1476 220 227
2564 1476 449 227
1674 1533 41 32
1825 1572 40 80
1674 1573 38 80
1561 1709 55 225
1617 1709 55 225
1867 1709 55 225
1924 1709 55 225
1980 1709 55 225
2037 1709 55 225
2094 1709 55 225
2150 1709 191 225
2343 1709 220 225
2564 1709 449 225
1832 1763 33 145
1674 1767 35 127
1832 1909 23 25
1561 1939 55 226
1617 1939 55 226
1867 1939 55 226
1924 1939 55 226
1980 1939 55 226
2037 1939 55 226
2094 1939 55 226
2150 1939 191 226
2343 1939 220 226
2564 1939 449 226
1833 2025 32 103
1674 2028 26 101
1561 2171 55 225
1617 2171 55 225
1867 2171 55 225
1924 2171 55 225
1980 2171 55 225
2037 2171 55 225
2094 2171 55 225
2150 2171 191 225
2343 2171 220 225
2564 2171 449 225
1819 2222 46 25
1674 2225 40 25
1833 2253 32 86
1674 2258 26 86
1561 2402 55 225
1617 2402 55 225
1867 2402 55 225
1924 2402 55 225
1980 2402 55 225
2037 2402 55 225
2094 2402 55 225
2150 2402 191 225
2343 2402 220 225
2564 2402 449 225
1674 2452 28 120
1835 2467 30 104
1561 2633 55 225
1617 2633 55 225
1867 2633 55 225
1924 2633 55 225
1980 2633 55 225
2037 2633 55 225
2094 2633 55 225
2150 2633 191 225
2343 2633 220 225
2564 2633 449 225
1561 2864 55 225
1617 2864 55 225
1867 2864 55 225
1924 2864 55 225
1980 2864 55 225
2037 2864 55 225
2094 2864 55 225
2150 2864 191 225
2343 2864 220 225
2564 2864 449 225
1832 2931 33 123
1674 2941 30 120
1561 3095 55 456
1617 3095 55 227
1867 3095 55 227
1924 3095 55 227
1980 3095 55 227
2037 3095 55 227
2094 3095 55 227
2150 3095 191 227
2343 3095 220 227
2564 3095 449 227
1674 3153 41 26
1825 3185 40 82
1674 3186 37 83
1617 3324 55 227
1867 3324 55 227
1924 3324 55 227
1980 3324 55 227
2037 3324 55 227
2094 3324 55 227
2150 3324 191 227
2343 3324 220 227
2564 3324 449 227
1674 3396 30 109
1828 3398 37 100
