108 282 2823 242
108 527 2823 171
108 704 89 81
200 704 82 81
285 704 252 81
540 704 111 81
654 704 110 81
767 704 82 81
852 704 111 81
965 704 111 81
1079 704 368 81
1450 704 423 81
1875 704 1056 81
108 788 89 290
200 788 82 290
285 788 252 290
540 788 111 290
654 788 110 290
767 788 82 290
852 788 111 290
965 788 111 290
1079 788 368 290
1450 788 423 290
1875 788 1056 290
108 1087 89 584
200 1087 82 290
285 1087 252 290
540 1087 111 290
654 1087 110 290
767 1087 82 290
852 1087 111 290
965 1087 111 290
1079 1087 368 290
1450 1087 423 290
1875 1087 1056 290
200 1380 82 291
285 1380 252 291
540 1380 111 291
654 1380 110 291
767 1380 82 291
852 1380 111 291
965 1380 111 291
1079 1380 368 291
1450 1380 423 291
1875 1380 1056 291
108 1679 89 880
200 1679 82 291
285 1679 252 291
540 1679 111 291
654 1679 110 291
767 1679 82 291
852 1679 111 291
965 1679 111 291
1079 1679 368 291
1450 1679 423 291
1875 1679 1056 291
200 1973 82 293
285 1973 252 293
540 1973 111 293
654 1973 110 293
767 1973 82 293
852 1973 111 293
965 1973 111 293
1079 1973 368 293
1450 1973 423 293
1875 1973 1056 293
200 2269 82 290
285 2269 252 290
540 2269 111 290
654 2269 110 290
767 2269 82 290
852 2269 111 290
965 2269 111 290
1079 2269 368 290
1450 2269 423 290
1875 2269 1056 290
108 2568 89 584
200 2568 82 290
285 2568 252 290
540 2568 111 290
654 2568 110 290
767 2568 82 290
852 2568 111 290
965 2568 111 290
1079 2568 368 290
1450 2568 423 290
1875 2568 1056 290
200 2861 82 291
285 2861 252 291
540 2861 111 291
654 2861 110 291
767 2861 82 291
852 2861 111 291
965 2861 111 291
1079 2861 368 291
1450 2861 423 291
1875 2861 1056 291
108 3160 89 584
200 3160 82 291
285 3160 252 291
540 3160 111 291
654 3160 110 291
767 3160 82 291
852 3160 111 291
965 3160 111 291
1079 3160 368 291
1450 3160 423 291
1875 3160 1056 291
200 3454 82 290
285 3454 252 290
540 3454 111 290
654 3454 110 290
767 3454 82 290
852 3454 111 290
965 3454 111 290
1079 3454 368 290
1450 3454 423 290
1875 3454 1056 290
108 3753 89 582
200 3753 82 290
285 3753 252 290
540 3753 111 290
654 3753 110 290
767 3753 82 290
852 3753 111 290
965 3753 111 290
1079 3753 368 290
1450 3753 423 290
1875 3753 1056 290
200 4046 82 289
285 4046 252 289
540 4046 111 289
654 4046 110 289
767 4046 82 289
852 4046 111 289
965 4046 111 289
1079 4046 368 289
1450 4046 423 289
1875 4046 1056 289
