16 55 2014 211
16 268 2014 279
16 549 2014 78
16 628 60 102
78 628 181 102
261 628 59 102
322 628 60 102
383 628 60 102
445 628 59 102
506 628 59 102
567 628 202 102
771 628 295 102
1068 628 962 102
16 732 60 213
78 732 181 213
261 732 59 213
322 732 60 213
383 732 60 213
445 732 59 213
506 732 59 213
567 732 202 213
771 732 295 213
1068 732 962 213
16 947 60 213
78 947 181 213
261 947 59 213
322 947 60 213
383 947 60 213
445 947 59 213
506 947 59 213
567 947 202 213
771 947 295 213
1068 947 962 213
16 1162 60 213
78 1162 181 213
261 1162 59 213
322 1162 60 213
383 1162 60 213
445 1162 59 213
506 1162 59 213
567 1162 202 213
771 1162 295 213
1068 1162 962 213
16 1377 60 214
78 1377 181 214
261 1377 59 214
322 1377 60 214
383 1377 60 214
445 1377 59 214
506 1377 59 214
567 1377 202 214
771 1377 295 214
1068 1377 962 214
16 1592 60 214
78 1592 181 214
261 1592 59 214
322 1592 60 214
383 1592 60 214
445 1592 59 214
506 1592 59 214
567 1592 202 214
771 1592 295 214
1068 1592 962 214
16 1807 60 214
78 1807 181 214
261 1807 59 214
322 1807 60 214
383 1807 60 214
445 1807 59 214
506 1807 59 214
567 1807 202 214
771 1807 295 214
1068 1807 962 214
16 2023 504 902
522 2023 501 902
1025 2023 502 902
1529 2023 501 902
