13 12 2001 190
13 203 2001 174
13 378 2001 73
13 452 82 61
96 452 234 61
332 452 87 61
420 452 60 61
481 452 51 61
533 452 60 61
594 452 60 61
655 452 136 61
792 452 233 61
1026 452 988 61
13 515 82 333
96 515 234 24
332 515 87 333
420 515 60 333
481 515 51 333
533 515 60 333
594 515 60 333
655 515 136 333
792 515 233 333
1026 515 988 333
295 599 35 249
96 604 40 154
13 849 82 333
332 849 87 333
420 849 60 333
481 849 51 333
533 849 60 333
594 849 60 333
655 849 136 333
792 849 233 333
1026 849 988 333
96 934 43 153
13 1183 2001 224
13 1408 2001 1296
