8 8 120 172
130 8 271 172
404 8 229 172
636 8 94 172
732 8 95 172
829 8 142 172
973 8 116 172
1092 8 261 172
1356 8 478 172
1837 8 1050 172
8 183 120 367
130 183 271 367
404 183 229 367
636 183 94 367
732 183 95 367
829 183 142 367
973 183 116 367
1092 183 261 367
1356 183 478 367
1837 183 1050 367
8 554 1479 3186
1491 554 1396 2579
1491 3137 1396 57
1491 3196 94 48
1587 3196 115 48
1704 3196 218 48
1923 3196 569 48
2493 3196 394 48
1491 3246 94 47
1587 3246 115 47
1704 3246 218 47
1923 3246 569 47
2493 3246 394 47
1491 3294 1396 446
