807 50 30 51
1570 50 76 28
1698 50 30 22
1733 50 31 22
2187 50 31 22
2222 50 32 22
2571 50 31 22
2606 50 32 22
1345 51 87 33
571 57 93 28
682 66 43 30
731 66 43 29
2408 68 59 29
1018 80 85 31
1565 82 86 54
585 85 65 55
2402 102 33 33
2440 102 35 33
473 106 75 46
699 114 75 23
902 114 29 36
1450 114 29 36
1023 116 75 37
2262 177 22 36
2087 197 49 45
2688 198 64 21
2602 200 62 37
2823 212 36 22
2692 223 56 25
167 654 68 176
237 654 66 176
305 654 279 176
586 654 77 176
665 654 57 176
724 654 59 176
785 654 62 176
849 654 62 176
913 654 254 176
1169 654 566 176
1737 654 1289 176
167 832 68 1349
237 832 66 338
586 832 77 338
665 832 57 338
724 832 59 338
785 832 62 338
849 832 62 338
913 832 254 338
1169 832 566 338
1737 832 1289 338
237 1172 66 334
586 1172 77 334
665 1172 57 334
724 1172 59 334
785 1172 62 334
849 1172 62 334
913 1172 254 334
1169 1172 566 334
1737 1172 1289 334
237 1508 66 336
586 1508 77 336
665 1508 57 336
724 1508 59 336
785 1508 62 336
849 1508 62 336
913 1508 254 336
1169 1508 566 336
1737 1508 1289 336
305 1671 56 21
237 1846 66 335
586 1846 77 336
665 1846 57 336
724 1846 59 336
785 1846 62 336
849 1846 62 336
913 1846 254 336
1169 1846 566 336
1737 1846 1289 336
