12 11 3254 249
12 261 3248 214
12 476 1619 79
1637 476 1629 79
12 556 49 79
62 556 169 79
233 556 55 79
289 556 44 79
335 556 44 79
380 556 44 79
425 556 45 79
471 556 203 79
676 556 265 79
942 556 689 79
1637 556 51 79
1689 556 44 79
1734 556 169 79
1904 556 56 79
1961 556 44 79
2006 556 45 79
2052 556 44 79
2097 556 44 79
2143 556 197 79
2341 556 265 79
2607 556 659 79
12 636 49 317
62 636 169 58
233 636 55 317
289 636 44 317
335 636 44 317
380 636 44 317
425 636 45 317
471 636 203 317
676 636 265 317
942 636 689 317
1638 636 50 635
1689 636 44 317
1734 636 169 56
1904 636 56 212
1961 636 44 317
2006 636 45 317
2052 636 44 317
2097 636 44 317
2143 636 197 317
2341 636 265 317
2607 636 659 317
200 733 31 34
62 734 30 110
1874 739 29 28
1734 743 32 29
1875 767 28 79
202 768 29 67
1734 772 31 73
1906 848 54 105
62 903 84 50
151 903 80 50
1739 903 85 50
12 954 49 317
62 954 169 64
233 954 55 317
289 954 44 317
335 954 44 317
380 954 44 317
425 954 45 317
471 954 203 317
676 954 265 317
942 954 689 317
1689 955 44 316
1734 955 169 214
1904 955 56 228
1961 955 44 316
2006 955 45 316
2052 955 44 316
2097 955 44 316
2143 955 197 316
2341 955 265 316
2607 955 659 316
62 1063 33 101
202 1080 29 92
1734 1171 146 100
1905 1183 55 88
12 1273 1619 78
1638 1273 50 953
1689 1273 44 317
1734 1273 169 67
1904 1273 56 317
1961 1273 44 317
2006 1273 45 317
2052 1273 44 317
2097 1273 44 317
2143 1273 197 317
2341 1273 265 317
2607 1273 659 317
12 1353 48 78
61 1353 45 78
107 1353 169 78
277 1353 55 78
333 1353 45 78
379 1353 44 78
424 1353 44 78
469 1353 45 78
515 1353 198 78
714 1353 265 78
980 1353 651 78
1734 1383 32 91
1871 1388 32 85
12 1432 48 1272
61 1432 45 211
107 1432 169 55
277 1432 55 317
333 1432 45 317
379 1432 44 317
424 1432 44 317
469 1432 45 317
515 1432 198 317
714 1432 265 317
980 1432 650 317
243 1522 33 89
107 1529 44 83
1734 1542 169 48
1689 1591 44 317
1734 1591 169 67
1904 1591 56 219
1961 1591 44 317
2006 1591 45 317
2052 1591 44 317
2097 1591 44 317
2143 1591 197 317
2341 1591 265 317
2607 1591 659 317
61 1643 44 106
1734 1696 32 97
107 1697 169 52
1870 1711 33 87
61 1750 45 318
107 1750 169 318
277 1750 55 318
333 1750 45 318
379 1750 44 318
424 1750 44 318
469 1750 45 318
515 1750 198 318
714 1750 265 318
980 1750 650 318
1905 1810 55 98
1736 1859 53 49
1791 1859 54 49
1846 1859 57 49
1689 1910 44 316
1734 1910 169 56
1904 1910 56 316
1961 1910 44 316
2006 1910 45 316
2052 1910 44 316
2097 1910 44 316
2143 1910 197 316
2341 1910 265 316
2607 1910 659 316
1877 2034 26 75
1734 2042 22 73
61 2069 45 222
107 2069 169 58
277 2069 55 317
333 2069 45 317
379 2069 44 317
424 2069 44 317
469 2069 45 317
515 2069 198 317
714 2069 265 317
980 2069 650 317
249 2170 27 102
1734 2178 169 48
107 2186 28 94
1637 2228 51 635
1689 2228 44 317
1734 2228 169 58
1904 2228 56 317
1961 2228 44 317
2006 2228 45 317
2052 2228 44 317
2097 2228 44 317
2143 2228 197 317
2341 2228 265 317
2607 2228 659 317
61 2291 44 95
1734 2313 40 22
107 2342 169 44
1734 2349 32 73
1877 2353 26 75
61 2387 45 62
107 2387 169 59
277 2387 55 317
333 2387 45 317
379 2387 44 317
424 2387 44 317
469 2387 45 317
515 2387 198 317
714 2387 265 317
980 2387 650 317
61 2449 44 255
1689 2546 44 317
1734 2546 169 55
1904 2546 56 317
1961 2546 44 317
2006 2546 45 317
2052 2546 44 317
2097 2546 44 317
2143 2546 197 317
2341 2546 265 317
2607 2546 659 317
1874 2641 29 90
1734 2644 32 92
107 2666 60 38
188 2666 88 38
12 2706 48 1908
61 2706 45 254
107 2706 169 64
277 2706 55 317
333 2706 45 317
379 2706 44 317
424 2706 44 317
469 2706 45 317
515 2706 198 317
714 2706 265 317
980 2706 650 317
245 2805 31 118
1734 2812 61 51
1836 2812 67 51
107 2814 29 109
1637 2865 51 316
1689 2865 44 316
1734 2865 169 316
1904 2865 56 316
1961 2865 44 316
2006 2865 45 316
2052 2865 44 316
2097 2865 44 316
2143 2865 197 316
2341 2865 265 316
2607 2865 659 316
61 2960 44 63
107 2978 169 45
61 3024 45 317
107 3024 169 54
277 3024 55 317
333 3024 45 317
379 3024 44 317
424 3024 44 317
469 3024 45 317
515 3024 198 317
714 3024 265 317
980 3024 650 317
247 3122 29 108
107 3131 29 89
1637 3183 51 635
1689 3183 44 317
1734 3183 169 317
1904 3183 56 317
1961 3183 44 317
2006 3183 45 317
2052 3183 44 317
2097 3183 44 317
2143 3183 197 317
2341 3183 265 317
2607 3183 659 317
107 3296 65 45
199 3296 77 45
61 3342 45 227
107 3342 169 65
277 3342 55 317
333 3342 45 317
379 3342 44 317
424 3342 44 317
469 3342 45 317
515 3342 198 317
714 3342 265 317
980 3342 650 317
107 3462 30 23
247 3480 29 43
1689 3501 44 317
1734 3501 169 63
1904 3501 56 317
1961 3501 44 317
2006 3501 45 317
2052 3501 44 317
2097 3501 44 317
2143 3501 197 317
2341 3501 265 317
2607 3501 659 317
61 3569 44 90
1734 3605 36 99
1872 3610 31 99
107 3617 54 42
206 3617 69 42
61 3660 45 232
107 3660 169 61
277 3660 55 317
333 3660 45 317
379 3660 44 317
424 3660 44 317
469 3660 45 317
515 3660 198 317
714 3660 265 317
980 3660 650 317
1734 3769 169 49
241 3775 35 21
107 3797 32 44
243 3797 33 56
1637 3820 51 634
1689 3820 44 317
1734 3820 169 317
1904 3820 56 317
1961 3820 44 317
2006 3820 45 317
2052 3820 44 317
2097 3820 44 317
2143 3820 197 317
2341 3820 265 317
2607 3820 659 317
107 3850 25 28
61 3892 44 85
107 3940 49 37
221 3940 54 37
61 3979 45 233
107 3979 169 72
277 3979 55 317
333 3979 45 317
379 3979 44 317
424 3979 44 317
469 3979 45 317
515 3979 198 317
714 3979 265 317
980 3979 650 317
107 4116 30 84
251 4118 25 80
1689 4138 44 316
1734 4138 169 316
1904 4138 56 316
1961 4138 44 316
2006 4138 45 316
2052 4138 44 316
2097 4138 44 316
2143 4138 197 316
2341 4138 265 316
2607 4138 659 316
61 4212 44 84
107 4257 168 39
61 4297 45 205
107 4297 169 62
277 4297 55 317
333 4297 45 317
379 4297 44 317
424 4297 44 317
469 4297 45 317
515 4297 198 317
714 4297 265 317
980 4297 650 317
107 4405 32 86
249 4406 27 82
1637 4457 1629 305
61 4502 44 112
127 4568 149 46
12 4616 1619 146
