6 419 70 69
78 419 206 69
285 419 207 69
494 419 95 69
591 419 63 69
656 419 97 69
755 419 98 69
854 419 202 69
1058 419 357 69
1416 419 960 69
6 490 70 268
286 490 206 268
494 490 95 268
591 490 63 268
656 490 97 268
755 490 98 268
854 490 202 268
1058 490 357 268
1416 490 960 268
78 569 33 26
257 599 27 159
78 600 23 158
6 760 70 267
286 760 206 267
494 760 95 267
591 760 63 267
656 760 97 267
755 760 98 267
854 760 202 267
1058 760 357 267
1416 760 960 267
78 851 30 86
253 861 31 83
6 1029 70 265
286 1029 206 265
494 1029 95 265
591 1029 63 265
656 1029 97 265
755 1029 98 265
854 1029 202 265
1058 1029 357 265
1416 1029 960 265
78 1113 29 119
247 1130 37 96
