16 17 2832 208
16 226 2832 246
16 474 109 110
126 474 362 110
489 474 84 110
574 474 84 110
659 474 84 110
745 474 83 110
830 474 83 110
915 474 395 110
1311 474 566 110
1878 474 969 110
16 586 109 559
126 586 362 559
489 586 84 559
574 586 84 559
659 586 84 559
745 586 83 559
830 586 83 559
915 586 395 559
1311 586 566 559
1878 586 969 559
16 1147 109 559
126 1147 362 559
489 1147 84 559
574 1147 84 559
659 1147 84 559
745 1147 83 559
830 1147 83 559
915 1147 395 559
1311 1147 566 559
1878 1147 969 559
16 1708 109 558
126 1708 362 558
489 1708 84 558
574 1708 84 558
659 1708 84 558
745 1708 83 558
830 1708 83 558
915 1708 395 558
1311 1708 566 558
1878 1708 969 558
16 2271 1416 1892
1436 2271 1411 1892
