133 185 2790 296
133 486 2790 254
133 750 2790 172
133 927 68 93
206 927 188 93
399 927 62 93
466 927 53 93
524 927 50 93
579 927 50 93
634 927 50 93
689 927 134 93
828 927 217 93
1051 927 475 93
1531 927 72 93
1608 927 188 93
1801 927 61 93
1867 927 53 93
1925 927 50 93
1980 927 50 93
2036 927 50 93
2091 927 134 93
2230 927 217 93
2452 927 471 93
133 1025 1393 61
1531 1025 72 228
1608 1025 188 224
1801 1025 61 228
1867 1025 53 228
1925 1025 50 228
1980 1025 50 228
2036 1025 50 228
2091 1025 134 228
2230 1025 217 228
2452 1025 471 228
133 1091 68 230
206 1091 188 230
399 1091 61 230
465 1091 53 230
523 1091 50 230
578 1091 50 230
633 1091 51 230
689 1091 134 230
828 1091 217 230
1050 1091 475 230
1531 1258 1392 60
1531 1323 72 228
1608 1323 188 228
1801 1323 62 228
1868 1323 53 228
1926 1323 50 228
1981 1323 50 228
2036 1323 50 228
2091 1323 135 228
2231 1323 217 228
2453 1323 470 228
133 1327 68 230
206 1327 188 230
399 1327 61 230
465 1327 53 230
523 1327 50 230
578 1327 50 230
633 1327 51 230
689 1327 134 230
828 1327 217 230
1050 1327 475 230
1531 1556 72 228
1608 1556 188 228
1801 1556 61 228
1867 1556 53 228
1925 1556 50 228
1980 1556 50 228
2036 1556 50 228
2091 1556 134 228
2230 1556 217 228
2452 1556 471 228
133 1562 68 231
206 1562 188 231
399 1562 61 231
465 1562 53 231
523 1562 50 231
578 1562 50 231
633 1562 51 231
689 1562 134 231
828 1562 217 231
1050 1562 475 231
1531 1789 1392 60
133 1798 68 230
206 1798 188 230
399 1798 61 230
465 1798 53 230
523 1798 50 230
578 1798 50 230
633 1798 51 230
689 1798 134 230
828 1798 217 230
1050 1798 475 230
1531 1855 72 227
1608 1855 188 227
1801 1855 62 227
1868 1855 53 227
1926 1855 50 227
1981 1855 50 227
2036 1855 50 227
2091 1855 135 227
2231 1855 217 227
2453 1855 470 227
133 2033 1393 61
1531 2088 72 227
1608 2088 188 227
1801 2088 61 227
1867 2088 53 227
1925 2088 50 227
1980 2088 50 227
2036 2088 50 227
2091 2088 134 227
2230 2088 217 227
2452 2088 471 227
133 2099 68 229
206 2099 188 229
399 2099 61 229
465 2099 53 229
523 2099 50 229
578 2099 50 229
633 2099 51 229
689 2099 134 229
828 2099 217 229
1050 2099 475 229
1531 2321 1392 59
133 2333 68 230
206 2333 188 230
399 2333 61 230
465 2333 53 230
523 2333 50 230
578 2333 50 230
633 2333 51 230
689 2333 134 230
828 2333 217 230
1050 2333 475 230
1531 2385 72 227
1608 2385 188 227
1801 2385 62 227
1868 2385 53 227
1926 2385 50 227
1981 2385 50 227
2036 2385 50 227
2091 2385 135 227
2231 2385 217 227
2453 2385 470 227
133 2568 1393 60
1531 2617 1392 60
133 2633 68 230
206 2633 188 230
399 2633 61 230
465 2633 53 230
523 2633 50 230
578 2633 50 230
633 2633 51 230
689 2633 134 230
828 2633 217 230
1050 2633 475 230
1531 2682 72 228
1608 2682 188 228
1801 2682 62 228
1868 2682 53 228
1926 2682 50 228
1981 2682 50 228
2036 2682 50 228
2091 2682 135 228
2231 2682 217 228
2453 2682 470 228
133 2868 68 229
206 2868 188 229
399 2868 61 229
465 2868 53 229
523 2868 50 229
578 2868 50 229
633 2868 51 229
689 2868 134 229
828 2868 217 229
1050 2868 475 229
1531 2915 72 228
1608 2915 188 228
1801 2915 61 228
1867 2915 53 228
1925 2915 50 228
1980 2915 50 228
2036 2915 50 228
2091 2915 134 228
2230 2915 217 228
2452 2915 471 228
133 3102 1393 61
1531 3148 1392 60
133 3168 68 230
206 3168 188 230
399 3168 61 230
465 3168 53 230
523 3168 50 230
578 3168 50 230
633 3168 51 230
689 3168 134 230
828 3168 217 230
1050 3168 475 230
1531 3213 72 227
1608 3213 188 227
1801 3213 62 227
1868 3213 53 227
1926 3213 50 227
1981 3213 50 227
2036 3213 50 227
2091 3213 135 227
2231 3213 217 227
2453 3213 470 227
133 3403 68 231
206 3403 188 231
399 3403 61 231
465 3403 53 231
523 3403 50 231
578 3403 50 231
633 3403 51 231
689 3403 134 231
828 3403 217 231
1050 3403 475 231
1531 3445 1392 60
1531 3510 72 228
1608 3510 188 228
1801 3510 62 228
1868 3510 53 228
1926 3510 50 228
1981 3510 50 228
2036 3510 50 228
2091 3510 135 228
2231 3510 217 228
2453 3510 470 228
133 3639 68 231
206 3639 188 231
399 3639 61 231
465 3639 53 231
523 3639 50 231
578 3639 50 231
633 3639 51 231
689 3639 134 231
828 3639 217 231
1050 3639 475 231
1531 3743 72 228
1608 3743 188 228
1801 3743 62 228
1868 3743 53 228
1926 3743 50 228
1981 3743 50 228
2036 3743 50 228
2091 3743 135 228
2231 3743 217 228
2453 3743 470 228
133 3875 1393 60
133 3940 68 225
206 3940 188 225
399 3940 61 225
465 3940 53 225
523 3940 50 225
578 3940 50 225
633 3940 51 225
689 3940 134 225
828 3940 217 225
1050 3940 475 225
1530 3976 1393 189
