156 121 2742 273
156 400 2742 288
156 694 90 76
249 694 356 76
608 694 109 76
943 694 88 76
1034 694 260 76
1297 694 645 76
1945 694 953 76
720 695 67 74
790 695 57 75
850 695 90 75
156 776 90 416
249 776 356 416
608 776 109 416
721 776 66 416
790 776 57 416
850 776 90 416
943 776 88 416
1034 776 260 416
1297 776 645 416
1945 776 953 416
156 1198 90 416
249 1198 356 416
608 1198 109 416
721 1198 66 416
790 1198 57 416
850 1198 90 416
943 1198 88 416
1034 1198 260 416
1297 1198 645 416
1945 1198 953 416
156 1620 90 416
249 1620 356 416
608 1620 109 416
720 1620 67 416
790 1620 57 416
850 1620 90 416
943 1620 88 416
1034 1620 260 416
1297 1620 645 416
1945 1620 953 416
156 2042 1361 2157
1533 2042 1365 2157
