106 90 2851 276
106 368 2851 225
106 595 110 83
218 595 245 83
465 595 246 83
713 595 89 83
804 595 66 83
872 595 123 83
997 595 195 83
1194 595 239 83
1435 595 440 83
1877 595 1080 83
106 680 110 338
218 680 245 39
465 680 246 338
713 680 89 338
804 680 66 338
872 680 123 338
997 680 195 338
1194 680 239 338
1435 680 440 338
1877 680 1080 338
218 821 48 31
106 1020 2851 2341
106 3361 1491 549
1600 3364 1357 54
1600 3419 134 69
1735 3419 422 69
2158 3419 345 69
2505 3419 452 69
1600 3489 134 69
1735 3489 422 69
2158 3489 345 69
2505 3489 452 69
1600 3559 134 69
1735 3559 422 69
2158 3559 345 69
2505 3559 452 69
1600 3629 134 69
1735 3629 422 69
2158 3629 345 69
2505 3629 452 35
2504 3664 453 34
1600 3699 134 69
1735 3699 422 69
2158 3699 345 69
2504 3699 453 69
1600 3769 134 69
1735 3769 422 69
2158 3769 345 69
2504 3769 453 69
1600 3839 134 68
1735 3839 422 68
2158 3839 345 68
2504 3839 453 68
106 3910 2851 306
