69 74 2072 197
69 272 2072 280
69 554 63 133
134 554 190 133
326 554 59 133
386 554 59 133
447 554 59 133
508 554 59 133
569 554 59 133
629 554 202 133
833 554 311 133
1146 554 995 133
69 689 63 327
134 689 190 327
326 689 59 327
386 689 59 327
447 689 59 327
508 689 59 327
569 689 59 327
629 689 202 327
833 689 311 327
1146 689 995 327
69 1018 63 327
134 1018 190 327
326 1018 59 327
386 1018 59 327
447 1018 59 327
508 1018 59 327
569 1018 59 327
629 1018 202 327
833 1018 311 327
1146 1018 995 327
69 1346 63 327
134 1346 190 327
326 1346 59 327
386 1346 59 327
447 1346 59 327
508 1346 59 327
569 1346 59 327
629 1346 202 327
833 1346 311 327
1146 1346 995 327
69 1675 63 327
134 1675 190 327
326 1675 59 327
386 1675 59 327
447 1675 59 327
508 1675 59 327
569 1675 59 327
629 1675 202 327
833 1675 311 327
1146 1675 995 327
69 2004 690 985
761 2004 689 985
1452 2004 689 985
