130 151 3148 257
130 410 3148 193
130 604 3148 76
130 681 51 70
182 681 54 70
238 681 176 70
415 681 70 70
487 681 70 70
558 681 70 70
630 681 70 70
701 681 70 70
773 681 136 70
911 681 235 70
1147 681 556 70
1709 681 46 70
1756 681 54 70
1812 681 175 70
1989 681 70 70
2061 681 69 70
2132 681 70 70
2204 681 70 70
2275 681 70 70
2347 681 136 70
2484 681 236 70
2721 681 557 70
1812 752 175 228
130 753 51 463
182 753 54 230
415 753 70 230
487 753 70 230
558 753 70 230
630 753 70 230
701 753 70 230
773 753 136 230
911 753 235 230
1147 753 556 230
1709 753 46 2090
1756 753 54 230
1989 753 70 230
2061 753 69 230
2132 753 70 230
2204 753 70 230
2275 753 70 230
2347 753 136 230
2484 753 236 230
2721 753 557 230
238 799 30 32
373 802 41 27
377 832 37 78
238 834 27 77
182 985 54 231
415 985 70 231
487 985 70 231
558 985 70 231
630 985 70 231
701 985 70 231
773 985 136 231
911 985 235 231
1147 985 556 231
1756 985 54 231
1989 985 70 231
2061 985 69 231
2132 985 70 231
2204 985 70 231
2275 985 70 231
2347 985 136 231
2484 985 236 231
2721 985 557 231
378 1044 36 105
1956 1046 31 112
238 1050 31 22
1812 1052 26 96
238 1072 30 73
130 1218 51 695
182 1218 54 230
415 1218 70 230
487 1218 70 230
558 1218 70 230
630 1218 70 230
701 1218 70 230
773 1218 136 230
911 1218 235 230
1147 1218 556 230
1756 1218 54 230
1989 1218 70 230
2061 1218 69 230
2132 1218 70 230
2204 1218 70 230
2275 1218 70 230
2347 1218 136 230
2484 1218 236 230
2721 1218 557 230
386 1261 28 43
238 1270 24 110
387 1304 27 68
182 1450 54 231
238 1450 176 231
415 1450 70 231
487 1450 70 231
558 1450 70 231
630 1450 70 231
701 1450 70 231
773 1450 136 231
911 1450 235 231
1147 1450 556 231
1756 1450 54 231
1989 1450 70 231
2061 1450 69 231
2132 1450 70 231
2204 1450 70 231
2275 1450 70 231
2347 1450 136 231
2484 1450 236 231
2721 1450 557 231
1812 1503 24 128
1956 1514 31 116
182 1682 54 231
415 1682 70 231
487 1682 70 231
558 1682 70 231
630 1682 70 231
701 1682 70 231
773 1682 136 231
911 1682 235 231
1147 1682 556 231
1756 1682 54 231
1989 1682 70 231
2061 1682 69 231
2132 1682 70 231
2204 1682 70 231
2275 1682 70 231
2347 1682 136 231
2484 1682 236 231
2721 1682 557 231
373 1733 41 149
238 1734 37 105
384 1882 30 21
130 1915 51 928
182 1915 54 231
415 1915 70 231
487 1915 70 231
558 1915 70 231
630 1915 70 231
701 1915 70 231
773 1915 136 231
911 1915 235 231
1147 1915 556 231
1756 1915 54 231
1989 1915 70 231
2061 1915 69 231
2132 1915 70 231
2204 1915 70 231
2275 1915 70 231
2347 1915 136 231
2484 1915 236 231
2721 1915 557 231
1812 1958 28 112
1961 1969 26 95
182 2147 54 231
415 2147 70 231
487 2147 70 231
558 2147 70 231
630 2147 70 231
701 2147 70 231
773 2147 136 231
911 2147 235 231
1147 2147 556 231
1756 2147 54 231
1989 2147 70 231
2061 2147 69 231
2132 2147 70 231
2204 2147 70 231
2275 2147 70 231
2347 2147 136 231
2484 2147 236 231
2721 2147 557 231
1957 2214 30 103
389 2224 25 94
182 2380 54 230
415 2380 70 230
487 2380 70 230
558 2380 70 230
630 2380 70 230
701 2380 70 230
773 2380 136 230
911 2380 235 230
1147 2380 556 230
1756 2380 54 230
1989 2380 70 230
2061 2380 69 230
2132 2380 70 230
2204 2380 70 230
2275 2380 70 230
2347 2380 136 230
2484 2380 236 230
2721 2380 557 230
238 2425 27 157
1812 2426 25 133
1962 2432 25 36
383 2443 31 27
1963 2468 24 96
385 2473 29 137
238 2582 22 28
182 2612 54 231
415 2612 70 231
487 2612 70 231
558 2612 70 231
630 2612 70 231
701 2612 70 231
773 2612 136 231
911 2612 235 231
1147 2612 556 231
1756 2612 54 231
1989 2612 70 231
2061 2612 69 231
2132 2612 70 231
2204 2612 70 231
2275 2612 70 231
2347 2612 136 231
2484 2612 236 231
2721 2612 557 231
238 2677 29 80
374 2678 40 76
130 2845 3148 1849
