1923 178 124 29
2174 178 35 80
1638 181 34 32
1709 202 26 28
1617 218 50 28
1285 269 116 68
974 270 49 76
1529 270 35 133
2743 270 45 59
2794 270 46 58
1122 277 124 21
2174 284 35 79
2244 284 118 33
799 296 62 46
873 296 60 112
173 308 108 26
656 310 93 114
386 318 31 26
2244 318 68 23
3265 330 45 53
561 331 40 90
1923 334 124 28
1638 337 34 31
1292 338 61 57
2889 345 23 34
2951 345 21 33
1709 358 26 28
821 363 38 32
1617 374 50 28
2684 539 25 39
2586 544 40 38
3033 546 51 30
2649 590 47 23
3040 600 25 29
3072 600 24 29
89 1017 59 47
150 1017 55 47
207 1017 250 47
458 1017 288 47
747 1017 308 47
1057 1017 839 47
88 1065 61 371
150 1065 55 371
207 1065 250 263
458 1065 69 97
529 1065 217 97
747 1065 308 371
1057 1065 840 371
458 1164 69 67
529 1164 217 67
458 1233 69 67
529 1233 217 67
460 1301 64 67
530 1301 216 67
207 1354 121 82
372 1361 85 41
458 1370 69 66
529 1370 217 66
88 1436 60 370
150 1438 55 368
458 1438 69 98
529 1438 217 98
747 1438 308 368
1057 1438 840 368
207 1501 48 50
409 1502 48 49
458 1537 69 67
529 1537 217 67
412 1551 45 140
207 1561 42 132
458 1606 69 66
529 1606 217 66
458 1674 69 68
529 1674 217 68
458 1743 69 63
529 1743 217 63
1987 1022 60 46
2049 1022 54 46
2105 1022 250 46
2357 1022 288 46
2647 1022 301 46
2950 1022 476 46
1987 1069 60 1115
2114 1069 241 26
2647 1069 301 373
2950 1069 476 373
2051 1070 47 372
2357 1070 69 97
2427 1070 218 97
2114 1148 27 177
2308 1150 47 172
2357 1169 69 66
2427 1169 218 66
2357 1237 69 68
2427 1237 218 68
2357 1306 69 67
2427 1306 218 67
2357 1375 69 66
2427 1375 218 66
2049 1443 54 371
2105 1443 250 23
2357 1443 69 98
2427 1443 218 98
2647 1443 301 371
2950 1443 476 371
2105 1529 43 51
2357 1542 69 67
2427 1542 218 67
2315 1544 40 31
2320 1579 35 122
2105 1580 42 123
2357 1611 69 66
2427 1611 218 66
2357 1679 69 67
2427 1679 218 67
2357 1747 69 67
2427 1747 218 67
2049 1816 55 368
2105 1816 251 97
2357 1816 69 97
2427 1816 218 97
2646 1816 302 97
2950 1816 477 368
2105 1913 250 127
2647 1913 301 271
2357 1915 69 68
2427 1915 218 68
2357 1984 69 67
2427 1984 218 67
2357 2053 69 66
2427 2053 218 66
2357 2121 69 63
2427 2121 218 63
1987 2192 60 367
2049 2192 55 367
2357 2192 69 95
2427 2192 218 95
2646 2192 302 95
2950 2192 476 367
2105 2282 35 36
2319 2286 37 167
2647 2287 301 272
2357 2289 69 66
2427 2289 218 66
2105 2320 32 139
2357 2357 69 67
2427 2357 218 67
2357 2425 69 68
2427 2425 218 68
2357 2494 69 65
2427 2494 218 65
1987 2566 60 740
2049 2566 55 367
2357 2566 69 95
2427 2566 218 95
2646 2566 302 95
2950 2566 476 367
2322 2643 33 190
2105 2648 32 189
2647 2661 301 273
2357 2662 69 67
2427 2662 218 67
2357 2731 69 66
2427 2731 218 66
2357 2799 69 67
2427 2799 218 67
2358 2867 67 66
2428 2867 216 66
2049 2936 55 370
2105 2936 251 21
2357 2936 69 97
2427 2936 218 97
2646 2936 302 98
2950 2936 476 370
2647 3034 301 272
2357 3035 69 67
2427 3035 218 67
2105 3052 30 30
2105 3088 25 108
2357 3103 69 68
2427 3103 218 68
2357 3173 69 66
2427 3173 218 67
2357 3241 69 65
2427 3241 218 65
88 2037 60 46
150 2037 55 45
207 2037 250 45
458 2037 288 45
747 2037 302 46
1051 2037 846 46
88 2084 60 1115
150 2084 55 371
207 2084 250 33
458 2084 69 97
529 2084 217 97
747 2084 302 371
1051 2084 846 371
421 2181 36 206
458 2183 69 68
529 2183 217 68
207 2200 27 191
458 2252 69 67
529 2252 217 67
458 2321 69 66
529 2321 217 67
458 2389 69 66
529 2389 217 66
207 2397 22 58
423 2401 33 54
150 2458 55 372
207 2458 250 319
458 2458 69 97
529 2458 217 97
747 2458 302 372
1051 2458 846 371
458 2557 69 66
529 2557 217 66
458 2625 69 67
529 2625 217 67
458 2694 69 66
529 2694 217 66
458 2762 69 68
529 2762 217 68
259 2778 139 33
150 2831 55 368
458 2831 69 98
529 2831 217 98
747 2831 303 367
1051 2831 846 368
419 2925 38 22
458 2930 69 67
529 2930 217 67
207 2931 33 160
420 2947 37 146
458 2999 69 66
529 2999 217 67
458 3067 69 67
529 3067 217 67
458 3136 69 63
529 3136 217 63
1776 3561 916 43
2694 3561 598 43
1776 3606 183 45
1960 3606 732 45
2694 3606 127 45
2823 3606 469 45
1776 3652 183 45
1960 3652 732 45
2694 3652 127 45
2823 3652 469 45
1776 3699 183 45
1960 3699 732 45
2694 3699 127 45
2823 3699 469 45
1776 3745 183 45
1960 3745 732 45
2694 3745 127 45
2823 3745 469 45
1776 3792 183 44
1960 3792 732 44
2694 3792 127 44
2823 3792 469 44
1776 3838 183 43
1960 3838 732 43
2694 3838 127 43
2823 3838 469 43
85 3563 70 72
156 3563 105 72
262 3563 313 72
576 3563 670 72
1248 3563 245 72
85 3636 70 946
156 3636 105 44
262 3636 313 44
576 3636 670 44
1248 3636 245 44
156 3681 105 44
262 3681 313 44
576 3681 670 44
1248 3681 245 44
156 3727 105 43
262 3727 313 43
576 3727 670 43
1248 3727 245 43
156 3772 105 43
262 3772 313 43
576 3772 670 43
1248 3772 245 43
156 3817 105 43
262 3817 313 43
576 3817 670 43
1248 3817 245 43
156 3862 105 43
262 3862 313 43
576 3862 670 43
1248 3862 245 43
156 3907 105 43
262 3907 313 43
576 3907 670 43
1248 3907 245 43
156 3952 105 44
262 3952 313 44
576 3952 670 44
1248 3952 245 44
156 3997 105 44
262 3997 313 44
576 3997 670 44
1248 3997 245 44
156 4043 105 43
262 4043 313 43
576 4043 670 43
1248 4043 245 43
156 4088 105 43
262 4088 313 43
576 4088 670 43
1248 4088 245 43
156 4133 105 43
262 4133 313 43
576 4133 670 43
1248 4133 245 43
156 4178 105 43
262 4178 313 43
576 4178 670 43
1248 4178 245 43
156 4223 105 43
262 4223 313 43
576 4223 670 43
1248 4223 245 43
156 4268 105 43
262 4268 313 43
576 4268 670 43
1248 4268 245 43
156 4313 105 44
262 4313 313 44
576 4313 670 44
1248 4313 245 44
156 4359 105 43
262 4359 313 43
576 4359 670 43
1248 4359 245 43
156 4404 105 43
262 4404 313 43
576 4404 670 43
1248 4404 245 43
156 4449 105 43
262 4449 313 43
576 4449 670 43
1248 4449 245 43
156 4494 105 43
262 4494 313 43
576 4494 670 43
1248 4494 245 43
156 4539 105 43
262 4539 313 43
576 4539 670 43
1248 4539 245 43
