8 8 120 172
130 8 271 172
404 8 229 172
636 8 94 172
732 8 95 172
829 8 142 172
973 8 116 172
1092 8 261 172
1356 8 478 172
1837 8 1050 172
8 183 120 367
130 183 271 367
404 183 229 367
636 183 94 367
732 183 95 367
829 183 142 367
973 183 116 367
1092 183 261 367
1356 183 478 367
1837 183 1050 367
8 554 1479 3186
1491 554 1396 2552
1491 3110 1396 58
1491 3170 94 48
1587 3170 115 48
1704 3170 218 48
1923 3170 569 48
2493 3170 394 48
1491 3220 94 47
1587 3220 115 47
1704 3220 218 47
1923 3220 569 47
2493 3220 394 47
1491 3268 94 47
1587 3268 115 47
1704 3268 218 47
1923 3268 569 47
2493 3268 394 47
1491 3317 1396 423
