109 375 51 68
161 375 195 68
358 375 59 68
419 375 51 68
472 375 52 68
526 375 53 68
581 375 53 68
636 375 259 68
896 375 424 68
1321 375 2100 68
109 444 51 241
358 444 59 241
419 444 51 241
472 444 52 241
526 444 53 241
581 444 53 241
636 444 259 241
896 444 424 241
1321 444 2100 241
109 686 51 236
358 686 59 236
419 686 51 236
472 686 52 236
526 686 53 236
581 686 53 236
636 686 259 236
896 686 424 236
1321 686 2100 236
109 1022 51 67
161 1022 195 67
358 1022 59 67
419 1022 51 67
472 1022 52 67
526 1022 53 67
581 1022 53 67
636 1022 259 67
896 1022 424 67
1321 1022 2100 67
109 1091 51 240
358 1091 59 240
419 1091 51 240
472 1091 52 240
526 1091 53 240
581 1091 53 240
636 1091 259 240
896 1091 424 240
1321 1091 2100 240
109 1333 51 236
358 1333 59 236
419 1333 51 236
472 1333 52 236
526 1333 53 236
581 1333 53 236
636 1333 259 236
896 1333 424 236
1321 1333 2100 236
200 1775 47 274
249 1775 433 28
684 1775 321 28
1007 1775 81 28
249 1805 76 23
327 1805 355 23
684 1805 63 23
748 1805 257 23
1007 1805 81 23
249 1830 76 34
327 1830 355 34
684 1830 63 34
748 1830 257 34
1007 1830 81 34
249 1866 76 50
327 1866 355 50
684 1866 63 50
748 1866 257 50
1007 1866 81 50
249 1918 76 74
327 1918 355 74
684 1918 63 74
748 1918 257 74
1007 1918 81 74
249 1994 76 55
327 1994 355 55
684 1994 63 55
748 1994 257 55
1007 1994 81 55
