826 61 29 58
1588 61 77 31
1716 61 31 26
1752 61 31 26
2179 61 31 26
2214 61 32 26
2563 61 31 26
2598 61 32 26
1363 62 88 38
589 69 94 31
701 80 42 32
750 80 43 32
2401 82 58 33
1037 96 84 35
1584 97 85 62
603 100 66 64
701 113 92 46
2394 120 33 37
2432 120 35 37
492 125 74 52
921 133 28 42
1469 133 28 42
1042 136 75 42
2270 218 22 36
2096 238 49 45
2697 239 64 21
2610 241 62 37
2832 253 35 22
2700 265 57 24
192 795 62 176
256 795 66 176
324 795 263 176
588 795 79 176
669 795 55 176
726 795 59 176
787 795 62 176
851 795 62 176
915 795 239 176
1156 795 368 176
1526 795 1502 176
192 973 62 1163
256 973 66 388
588 973 79 388
669 973 55 388
726 973 59 388
787 973 62 388
851 973 62 388
915 973 239 388
1156 973 368 388
1526 973 1502 388
256 1363 66 388
588 1363 79 388
669 1363 55 388
726 1363 59 388
787 1363 62 388
851 1363 62 388
915 1363 239 388
1156 1363 368 388
1526 1363 1502 388
555 1499 32 22
256 1753 66 383
588 1753 79 383
669 1753 55 383
726 1753 59 383
787 1753 62 383
851 1753 62 383
915 1753 239 383
1156 1753 368 383
1526 1753 1502 383
193 2333 61 176
256 2333 66 176
324 2333 268 176
594 2333 71 176
667 2333 57 176
726 2333 59 176
787 2333 62 176
851 2333 62 176
915 2333 230 176
1147 2333 472 176
1621 2333 1407 176
193 2511 61 671
256 2511 66 335
594 2511 71 335
667 2511 57 335
726 2511 59 335
787 2511 62 335
851 2511 62 335
915 2511 230 335
1147 2511 472 335
1621 2511 1407 335
256 2848 66 334
324 2848 268 303
594 2848 71 334
667 2848 57 334
726 2848 59 334
787 2848 62 334
851 2848 62 334
915 2848 230 334
1147 2848 472 334
1621 2848 1407 334
