16 17 2832 208
16 226 2832 246
16 474 108 110
126 474 362 110
489 474 84 110
574 474 84 110
659 474 84 110
744 474 84 110
829 474 84 110
914 474 396 110
1311 474 566 110
1878 474 970 110
16 586 108 531
126 586 362 531
489 586 84 531
574 586 84 531
659 586 84 531
744 586 84 531
829 586 84 531
914 586 396 531
1311 586 566 531
1878 586 970 531
16 1118 108 532
126 1118 362 532
489 1118 84 532
574 1118 84 532
659 1118 84 532
744 1118 84 532
829 1118 84 532
914 1118 396 532
1311 1118 566 532
1878 1118 970 532
16 1651 108 530
126 1651 362 530
489 1651 84 530
574 1651 84 530
659 1651 84 530
744 1651 84 530
829 1651 84 530
914 1651 396 530
1311 1651 566 530
1878 1651 970 530
16 2186 1413 1977
1433 2186 1415 1977
