13 12 2946 333
13 347 2946 338
13 687 2946 95
13 784 49 94
64 784 55 94
121 784 225 94
347 784 55 94
404 784 55 94
461 784 55 94
517 784 55 94
574 784 55 94
631 784 378 94
1011 784 378 94
1391 784 1568 94
13 880 49 1132
64 880 55 282
121 880 225 282
347 880 55 282
404 880 55 282
461 880 55 282
517 880 55 282
574 880 55 282
631 880 378 282
1011 880 378 282
1391 880 1568 282
64 1163 55 282
121 1163 225 282
347 1163 55 282
404 1163 55 282
461 1163 55 282
517 1163 55 282
574 1163 55 282
631 1163 378 282
1011 1163 378 282
1391 1163 1568 282
64 1447 55 282
121 1447 225 282
347 1447 55 282
404 1447 55 282
461 1447 55 282
517 1447 55 282
574 1447 55 282
631 1447 378 282
1011 1447 378 282
1391 1447 1568 282
64 1730 55 282
121 1730 225 282
347 1730 55 282
404 1730 55 282
461 1730 55 282
517 1730 55 282
574 1730 55 282
631 1730 378 282
1011 1730 378 282
1391 1730 1568 282
13 2014 2946 94
13 2110 49 95
64 2110 55 95
121 2110 225 95
347 2110 55 95
404 2110 55 95
461 2110 55 95
517 2110 55 95
574 2110 55 95
631 2110 199 95
832 2110 200 95
1033 2110 452 95
1487 2110 49 95
1538 2110 55 95
1595 2110 225 95
1821 2110 55 95
1878 2110 55 95
1935 2110 55 95
1991 2110 55 95
2048 2110 55 95
2105 2110 199 95
2306 2110 200 95
2507 2110 452 95
13 2207 49 281
64 2207 55 281
121 2207 225 281
347 2207 55 281
404 2207 55 281
461 2207 55 281
517 2207 55 281
574 2207 55 281
631 2207 199 281
832 2207 200 281
1033 2207 452 281
1487 2207 49 281
1538 2207 55 281
1595 2207 225 281
1821 2207 55 281
1878 2207 55 281
1935 2207 55 281
1991 2207 55 281
2048 2207 55 281
2105 2207 199 281
2306 2207 200 281
2507 2207 452 281
13 2490 49 282
64 2490 55 282
121 2490 225 282
347 2490 55 282
404 2490 55 282
461 2490 55 282
517 2490 55 282
574 2490 55 282
631 2490 199 282
832 2490 200 282
1033 2490 452 282
1487 2490 49 565
1538 2490 55 282
1595 2490 225 282
1821 2490 55 282
1878 2490 55 282
1935 2490 55 282
1991 2490 55 282
2048 2490 55 282
2105 2490 199 282
2306 2490 200 282
2507 2490 452 282
13 2773 49 566
64 2773 55 282
121 2773 225 282
347 2773 55 282
404 2773 55 282
461 2773 55 282
517 2773 55 282
574 2773 55 282
631 2773 199 282
832 2773 200 282
1033 2773 452 282
1538 2773 55 282
1595 2773 225 282
1821 2773 55 282
1878 2773 55 282
1935 2773 55 282
1991 2773 55 282
2048 2773 55 282
2105 2773 199 282
2306 2773 200 282
2507 2773 452 282
64 3057 55 282
121 3057 225 282
347 3057 55 282
404 3057 55 282
461 3057 55 282
517 3057 55 282
574 3057 55 282
631 3057 199 282
832 3057 200 282
1033 3057 452 282
1487 3057 49 565
1538 3057 55 282
1595 3057 225 282
1821 3057 55 282
1878 3057 55 282
1935 3057 55 282
1991 3057 55 282
2048 3057 55 282
2105 3057 199 282
2306 3057 200 282
2507 3057 452 282
13 3340 49 566
64 3340 55 282
121 3340 225 282
347 3340 55 282
404 3340 55 282
461 3340 55 282
517 3340 55 282
574 3340 55 282
631 3340 199 282
832 3340 200 282
1033 3340 452 282
1538 3340 55 282
1595 3340 225 282
1821 3340 55 282
1878 3340 55 282
1935 3340 55 282
1991 3340 55 282
2048 3340 55 282
2105 3340 199 282
2306 3340 200 282
2507 3340 452 282
64 3624 55 282
121 3624 225 282
347 3624 55 282
404 3624 55 282
461 3624 55 282
517 3624 55 282
574 3624 55 282
631 3624 199 282
832 3624 200 282
1033 3624 452 282
1487 3624 49 282
1538 3624 55 282
1595 3624 225 282
1821 3624 55 282
1878 3624 55 282
1935 3624 55 282
1991 3624 55 282
2048 3624 55 282
2105 3624 199 282
2306 3624 200 282
2507 3624 452 282
12 3907 2948 356
