70 75 2070 213
70 291 2070 284
70 578 64 124
137 578 231 124
371 578 78 124
452 578 57 124
511 578 57 124
571 578 56 124
630 578 57 124
689 578 276 124
968 578 387 124
1358 578 782 124
70 704 64 459
137 704 231 459
371 704 78 459
452 704 57 459
511 704 57 459
571 704 56 459
630 704 57 459
689 704 276 459
968 704 387 459
1358 704 782 459
70 1166 64 459
137 1166 231 459
371 1166 78 459
452 1166 57 459
511 1166 57 459
571 1166 56 459
630 1166 57 459
689 1166 276 459
968 1166 387 459
1358 1166 782 459
70 1628 64 459
137 1628 231 459
371 1628 78 459
452 1628 57 459
511 1628 57 459
571 1628 56 459
630 1628 57 459
689 1628 276 459
968 1628 387 459
1358 1628 782 459
70 2090 514 899
587 2090 516 899
1106 2090 515 899
1624 2090 516 899
