20 20 2860 318
20 343 2860 141
20 491 46 107
70 491 211 107
286 491 52 107
342 491 41 107
388 491 41 107
433 491 41 107
478 491 41 107
524 491 188 107
717 491 188 107
909 491 539 107
1454 491 48 107
1508 491 210 107
1723 491 52 107
1779 491 41 107
1825 491 40 107
1870 491 41 107
1915 491 41 107
1961 491 186 107
2153 491 186 107
2344 491 536 107
20 602 46 570
70 602 211 570
286 602 52 570
342 602 41 570
388 602 41 570
433 602 41 570
478 602 41 570
524 602 188 570
717 602 188 570
909 602 539 570
1454 602 48 570
1508 602 210 172
1723 602 52 570
1779 602 41 570
1825 602 40 570
1870 602 41 570
1915 602 41 570
1961 602 187 570
2152 602 187 570
2344 602 536 570
1508 1029 210 143
20 1177 46 570
70 1177 211 161
286 1177 52 570
342 1177 41 570
388 1177 41 570
433 1177 41 570
478 1177 41 570
524 1177 188 570
717 1177 188 570
909 1177 539 570
1454 1177 48 570
1508 1177 210 570
1723 1177 52 570
1779 1177 41 570
1825 1177 40 570
1870 1177 41 570
1915 1177 41 570
1961 1177 187 570
2152 1177 187 570
2344 1177 536 570
70 1426 26 21
70 1599 211 148
20 1751 46 570
70 1751 211 161
286 1751 52 570
342 1751 41 570
388 1751 41 570
433 1751 41 570
478 1751 41 570
524 1751 188 570
717 1751 188 570
909 1751 539 570
1454 1751 48 570
1508 1751 210 172
1723 1751 52 570
1779 1751 41 570
1825 1751 40 570
1870 1751 41 570
1915 1751 41 570
1961 1751 187 570
2152 1751 187 570
2344 1751 536 570
70 2174 211 147
1508 2174 210 147
20 2326 46 570
70 2326 211 570
286 2326 52 570
342 2326 41 570
388 2326 41 570
433 2326 41 570
478 2326 41 570
524 2326 188 570
717 2326 188 570
909 2326 539 570
1454 2326 48 570
1508 2326 210 140
1723 2326 52 570
1779 2326 41 570
1825 2326 40 570
1870 2326 41 570
1915 2326 41 570
1961 2326 187 570
2152 2326 187 570
2344 2326 536 570
1508 2738 210 158
20 2900 46 570
70 2900 211 570
286 2900 52 570
342 2900 41 570
388 2900 41 570
433 2900 41 570
478 2900 41 570
524 2900 188 570
717 2900 188 570
909 2900 539 570
1454 2900 48 570
1508 2900 210 152
1723 2900 52 570
1779 2900 41 570
1825 2900 40 570
1870 2900 41 570
1915 2900 41 570
1961 2900 187 570
2152 2900 187 570
2344 2900 536 570
1508 3312 210 158
20 3475 46 568
70 3475 211 568
286 3475 52 568
342 3475 41 568
388 3475 41 568
433 3475 41 568
478 3475 41 568
524 3475 188 568
717 3475 188 568
909 3475 539 568
1454 3475 48 568
1508 3475 210 568
1723 3475 52 568
1779 3475 41 568
1825 3475 40 568
1870 3475 41 568
1915 3475 41 568
1961 3475 187 568
2152 3475 187 568
2344 3475 536 568
