1561 496 1452 54
1561 552 55 229
1617 552 55 229
1674 552 191 229
1867 552 55 229
1924 552 55 229
1980 552 55 229
2037 552 55 229
2094 552 55 229
2150 552 191 229
2343 552 220 229
2564 552 449 229
1561 783 55 227
1617 783 55 227
1867 783 55 227
1924 783 55 227
1980 783 55 227
2037 783 55 227
2094 783 55 227
2150 783 191 227
2343 783 220 227
2564 783 449 227
1837 843 28 102
1561 1016 55 456
1617 1016 55 227
1867 1016 55 227
1924 1016 55 227
1980 1016 55 227
2037 1016 55 227
2094 1016 55 227
2150 1016 191 227
2343 1016 220 227
2564 1016 449 227
1674 1077 36 112
1831 1078 34 109
1617 1245 55 227
1867 1245 55 227
1924 1245 55 227
1980 1245 55 227
2037 1245 55 227
2094 1245 55 227
2150 1245 191 227
2343 1245 220 227
2564 1245 449 227
1674 1317 29 96
1830 1317 35 88
1561 1478 55 686
1617 1478 55 227
1867 1478 55 227
1924 1478 55 227
1980 1478 55 227
2037 1478 55 227
2094 1478 55 227
2150 1478 191 227
2343 1478 220 227
2564 1478 449 227
1674 1533 41 95
1829 1534 36 92
1617 1707 55 229
1867 1707 55 229
1924 1707 55 229
1980 1707 55 229
2037 1707 55 229
2094 1707 55 229
2150 1707 191 229
2343 1707 220 229
2564 1707 449 229
1617 1938 55 226
1867 1938 55 226
1924 1938 55 226
1980 1938 55 226
2037 1938 55 226
2094 1938 55 226
2150 1938 191 226
2343 1938 220 226
2564 1938 449 226
1674 1997 39 30
1816 2000 49 23
1818 2024 47 91
1674 2027 38 68
1561 2170 55 458
1617 2170 55 228
1867 2170 55 228
1924 2170 55 228
1980 2170 55 228
2037 2170 55 228
2094 2170 55 228
2150 2170 191 228
2343 2170 220 228
2564 2170 449 228
1674 2251 29 87
1841 2255 24 93
1617 2400 55 228
1867 2400 55 228
1924 2400 55 228
1980 2400 55 228
2037 2400 55 228
2094 2400 55 228
2150 2400 191 228
2343 2400 220 228
2564 2400 449 228
