114 35 2163 190
114 228 2163 173
114 403 84 46
200 403 139 46
341 403 83 46
426 403 83 46
511 403 59 46
572 403 83 46
657 403 83 46
742 403 188 46
932 403 326 46
1260 403 1017 46
114 451 84 164
200 451 139 164
341 451 83 164
426 451 83 164
511 451 59 164
572 451 83 164
657 451 83 164
742 451 188 164
932 451 326 164
1260 451 1017 164
114 617 84 163
200 617 139 163
341 617 83 163
426 617 83 163
511 617 59 163
572 617 83 163
657 617 83 163
742 617 188 163
932 617 326 163
1260 617 1017 163
114 782 84 164
200 782 139 164
341 782 83 164
426 782 83 164
511 782 59 164
572 782 83 164
657 782 83 164
742 782 188 164
932 782 326 164
1260 782 1017 164
114 948 84 163
200 948 139 163
341 948 83 163
426 948 83 163
511 948 59 163
572 948 83 163
657 948 83 163
742 948 188 163
932 948 326 163
1260 948 1017 163
114 1113 84 164
200 1113 139 164
341 1113 83 164
426 1113 83 164
511 1113 59 164
572 1113 83 164
657 1113 83 164
742 1113 188 164
932 1113 326 164
1260 1113 1017 164
114 1278 84 164
200 1278 139 164
341 1278 83 164
426 1278 83 164
511 1278 59 164
572 1278 83 164
657 1278 83 164
742 1278 188 164
932 1278 326 164
1260 1278 1017 164
199 1443 226 1723
426 1443 84 1723
511 1443 420 1723
932 1443 1345 1723
114 1444 85 1722
