820 61 30 58
1583 61 76 31
1711 61 31 26
1746 61 31 26
2173 61 31 26
2209 61 31 26
2557 61 31 26
2593 61 31 26
1358 62 87 38
584 69 37 31
637 69 40 31
2395 82 58 33
1578 97 86 62
408 101 23 21
598 101 23 77
637 101 26 77
2925 103 33 22
530 109 31 68
1145 114 33 36
1967 114 32 36
2388 120 34 37
2427 120 34 37
916 133 28 42
1464 133 28 42
1036 136 75 42
2270 218 22 36
2096 238 49 52
2610 241 62 37
2832 253 35 22
2700 265 57 24
192 795 62 176
256 795 66 176
324 795 266 176
592 795 73 176
667 795 57 176
726 795 59 176
787 795 62 176
851 795 62 176
915 795 235 176
1152 795 464 176
1618 795 1410 176
193 973 61 1350
256 973 66 337
593 973 72 327
667 973 57 337
726 973 59 337
787 973 62 337
851 973 62 337
915 973 235 337
1152 973 464 337
1618 973 1410 337
256 1312 66 333
592 1312 73 333
667 1312 57 333
726 1312 59 333
787 1312 62 333
851 1312 62 333
915 1312 235 333
1152 1312 464 333
1618 1312 1408 333
324 1381 39 77
554 1405 36 39
558 1455 32 135
324 1458 38 126
256 1647 66 334
592 1647 73 334
667 1647 57 334
726 1647 59 334
787 1647 62 334
851 1647 62 334
915 1647 235 334
1152 1647 464 334
1618 1647 1408 334
324 1735 40 154
543 1736 47 164
256 1983 66 340
324 1983 266 297
592 1983 73 340
667 1983 57 340
726 1983 59 340
787 1983 62 340
851 1983 62 340
915 1983 235 340
1152 1983 464 340
1618 1983 1408 340
187 2576 62 176
251 2576 66 176
319 2576 268 176
589 2576 70 176
661 2576 58 176
721 2576 59 176
782 2576 61 176
845 2576 63 176
910 2576 229 176
1141 2576 473 176
1616 2576 1407 176
187 2754 62 670
251 2754 66 335
589 2754 70 335
661 2754 58 335
721 2754 59 335
782 2754 61 335
845 2754 63 335
910 2754 229 335
1141 2754 473 335
1616 2754 1407 335
319 2836 54 186
532 2843 55 124
319 3039 47 47
251 3091 66 333
319 3091 268 303
589 3091 70 333
661 3091 58 333
721 3091 59 333
782 3091 61 333
845 3091 63 333
910 3091 229 333
1141 3091 473 333
1616 3091 1405 333
