8 8 120 172
130 8 271 172
404 8 229 172
636 8 94 172
732 8 95 172
829 8 142 172
973 8 116 172
1092 8 261 172
1356 8 478 172
1837 8 1050 172
8 183 120 367
130 183 271 367
404 183 229 367
636 183 94 367
732 183 95 367
829 183 142 367
973 183 116 367
1092 183 261 367
1356 183 478 367
1837 183 1050 367
8 554 1479 3186
1491 554 1396 2372
1491 2930 1396 58
1491 2990 426 48
1919 2990 457 48
2378 2991 212 47
2592 2991 295 47
1491 3040 426 47
1919 3040 457 47
2378 3040 212 47
2592 3040 295 47
1491 3088 426 46
1919 3088 457 46
2378 3088 212 46
2592 3088 295 46
1491 3136 426 45
1919 3136 457 44
2378 3136 212 44
2592 3136 295 45
1491 3183 1396 557
