9 76 2883 274
9 351 2883 164
9 517 123 66
133 517 327 66
462 517 225 66
689 517 200 66
890 517 95 66
987 517 139 66
1128 517 185 66
1315 517 248 66
1564 517 464 66
2029 517 863 66
9 585 123 565
133 585 327 74
462 585 225 565
689 585 200 565
890 585 95 565
987 585 139 565
1128 585 185 565
1315 585 248 565
1564 585 464 565
2029 585 863 565
133 1099 327 51
9 1152 123 565
133 1152 327 62
462 1152 225 565
689 1152 200 565
890 1152 95 565
987 1152 139 565
1128 1152 185 565
1315 1152 248 565
1564 1152 464 565
2029 1152 863 565
304 1629 156 24
133 1665 327 52
9 1719 123 565
133 1719 327 73
462 1719 225 565
689 1719 200 565
890 1719 95 565
987 1719 139 565
1128 1719 185 565
1315 1719 248 565
1564 1719 464 565
2029 1719 863 565
133 1874 50 28
133 2231 327 53
9 2300 1437 1878
1449 2300 1443 1878
