714 54 31 31
1079 54 32 32
1298 54 32 32
1956 54 31 31
620 57 50 25
332 60 41 35
258 72 47 28
179 123 54 31
545 123 53 31
112 156 46 21
6 411 70 68
78 411 206 68
285 411 207 68
494 411 95 68
591 411 63 68
656 411 97 68
755 411 98 68
854 411 202 68
1058 411 357 68
1416 411 960 68
6 481 70 268
286 481 206 268
494 481 95 268
591 481 63 268
656 481 97 268
755 481 98 268
854 481 202 268
1058 481 357 268
1416 481 960 268
6 751 70 266
286 751 206 266
494 751 95 266
591 751 63 266
656 751 97 266
755 751 98 266
854 751 202 266
1058 751 357 266
1416 751 960 266
