1573 60 76 32
810 61 30 58
1701 61 30 25
1736 61 31 25
2163 61 31 25
2199 61 31 25
2547 61 31 25
2582 61 32 25
1348 62 87 37
574 69 93 31
685 79 43 33
734 79 43 33
2385 81 58 33
1021 95 85 35
1568 97 86 61
588 100 65 63
2901 102 47 22
2378 120 34 37
2417 120 34 37
476 124 75 53
905 133 29 41
1453 133 29 41
702 134 75 25
1026 135 75 42
2270 216 22 36
2096 236 49 45
2697 237 64 21
2610 239 62 37
2832 251 35 22
2700 263 57 24
193 794 62 177
257 794 66 177
325 794 265 177
592 794 74 177
668 794 57 177
727 794 59 177
788 794 62 177
852 794 62 177
916 794 307 177
1225 794 513 177
1740 794 1289 177
193 973 62 1349
257 973 66 337
592 973 74 337
668 973 57 337
727 973 59 337
788 973 62 337
852 973 62 337
916 973 307 337
1225 973 513 337
1740 973 1289 337
257 1312 66 333
325 1312 265 236
592 1312 74 333
668 1312 57 333
727 1312 59 333
788 1312 62 333
852 1312 62 333
916 1312 307 333
1225 1312 513 333
1740 1312 1289 333
257 1647 66 334
592 1647 74 334
668 1647 57 334
727 1647 59 334
788 1647 62 334
852 1647 62 334
916 1647 307 334
1225 1647 513 334
1740 1647 1289 334
257 1983 66 339
592 1983 74 339
668 1983 57 339
727 1983 59 339
788 1983 62 339
852 1983 62 339
916 1983 307 339
1225 1983 513 339
1740 1983 1289 339
325 2064 38 24
325 2210 78 24
192 2546 62 174
256 2546 67 174
325 2546 264 173
591 2546 74 174
667 2546 57 174
726 2546 60 174
788 2546 61 174
851 2546 64 174
917 2546 242 174
1161 2546 522 174
1685 2546 1343 174
192 2722 62 1030
256 2722 67 346
591 2722 74 346
667 2722 57 346
726 2722 60 346
788 2722 61 346
851 2722 64 346
917 2722 242 346
1161 2722 522 346
1685 2722 1343 346
256 3070 67 343
325 3070 264 214
591 3070 74 343
667 3070 57 343
726 3070 60 343
788 3070 61 343
851 3070 64 343
917 3070 242 343
1161 3070 522 343
1685 3070 1343 343
256 3415 67 337
591 3415 74 288
667 3415 57 337
726 3415 60 337
788 3415 61 337
851 3415 64 337
917 3415 242 337
1161 3415 522 337
1685 3415 1343 337
541 3475 48 28
531 3536 58 29
592 3703 73 49
