12 12 2890 236
12 250 2890 219
12 471 129 106
142 471 339 106
483 471 100 106
585 471 89 106
675 471 89 106
766 471 89 106
857 471 89 106
947 471 225 106
1174 471 367 106
1543 471 1359 106
12 579 129 1444
142 579 339 1444
483 579 100 1444
585 579 89 1444
675 579 89 1444
766 579 89 1444
857 579 89 1444
947 579 225 1444
1174 579 367 1444
1543 579 1359 1444
1487 3798 196 43
1684 3798 322 43
2007 3798 526 43
2535 3798 112 43
2648 3798 225 43
1487 3842 196 42
1684 3842 322 42
2007 3842 526 42
2535 3842 112 42
2648 3842 225 42
1487 3885 196 41
1684 3885 322 41
2007 3885 526 41
2535 3885 112 41
2648 3885 225 41
1487 3927 196 42
1684 3927 322 42
2007 3927 526 42
2535 3927 112 42
2648 3927 225 42
1487 3970 196 41
1684 3970 322 41
2007 3970 526 41
2535 3970 112 41
2648 3970 225 41
