6 540 52 92
60 540 297 92
358 540 59 92
419 540 51 92
472 540 53 92
526 540 54 92
582 540 53 92
636 540 315 92
953 540 513 92
1467 540 1853 92
6 634 52 385
60 634 297 244
358 634 59 385
419 634 51 385
472 634 53 385
526 634 54 385
582 634 53 385
636 634 315 385
953 634 513 385
1467 634 1853 385
6 1021 52 382
358 1021 59 271
419 1021 51 382
472 1021 53 382
526 1021 54 382
582 1021 53 382
636 1021 315 382
953 1021 513 382
1467 1021 1853 382
359 1292 58 34
358 1326 59 77
6 1505 46 95
54 1505 297 95
353 1505 59 95
413 1505 52 95
466 1505 53 95
521 1505 53 95
576 1505 53 95
631 1505 318 95
951 1505 517 95
1470 1505 1848 95
6 1602 46 305
353 1602 59 305
413 1602 52 305
466 1602 53 305
521 1602 53 305
576 1602 53 305
631 1602 318 305
951 1602 517 305
1470 1602 1848 305
54 1678 65 24
54 1713 68 30
6 1909 46 306
353 1909 59 306
413 1909 52 306
466 1909 53 306
521 1909 53 306
576 1909 53 306
631 1909 318 306
951 1909 517 306
1470 1909 1848 306
54 1978 72 26
6 2216 46 302
353 2216 59 302
413 2216 52 302
466 2216 53 302
521 2216 53 302
576 2216 53 302
631 2216 318 302
951 2216 517 302
1470 2216 1848 302
353 2675 59 97
413 2675 52 97
466 2675 53 97
521 2675 53 97
576 2675 53 97
631 2675 318 97
951 2675 517 97
1470 2675 1847 97
5 2676 47 96
54 2676 297 96
5 2774 47 305
54 2774 297 292
353 2774 59 305
413 2774 52 305
466 2774 53 305
521 2774 53 305
576 2774 53 305
631 2774 318 305
951 2774 517 305
1470 2774 1847 305
5 3081 47 305
353 3081 59 305
413 3081 52 305
466 3081 53 305
521 3081 53 305
576 3081 53 305
631 3081 318 305
951 3081 517 305
1470 3081 1847 305
5 3482 47 97
54 3482 297 97
353 3482 59 97
413 3482 52 97
466 3482 53 97
521 3482 53 97
576 3482 53 97
631 3482 318 97
951 3483 517 96
1470 3483 1847 96
5 3581 47 306
54 3581 297 220
353 3581 59 306
413 3581 52 306
466 3581 53 306
521 3581 53 306
576 3581 53 306
631 3581 318 306
951 3581 517 306
1470 3581 1847 306
5 3888 47 305
54 3888 297 305
353 3888 59 306
413 3888 52 306
466 3888 53 306
521 3888 53 306
576 3888 53 306
631 3888 318 306
951 3888 517 306
1470 3888 1847 306
353 4273 59 97
413 4273 52 97
466 4273 53 97
521 4273 53 97
576 4273 53 97
631 4273 318 97
5 4274 47 96
54 4274 297 96
951 4274 517 96
1470 4274 1847 96
5 4372 47 306
353 4372 59 306
413 4372 52 306
466 4372 53 306
521 4372 53 306
576 4372 53 306
631 4372 318 306
951 4372 517 306
1470 4372 1847 306
54 4440 59 25
286 4450 65 22
292 4482 59 23
327 4638 24 40
54 4643 23 35
5 4679 47 306
353 4679 59 306
413 4679 52 306
466 4679 53 306
521 4679 53 306
576 4679 53 306
631 4679 318 306
951 4679 517 306
1470 4679 1847 306
