23 22 2857 223
23 246 2857 145
23 392 94 83
118 392 271 83
390 392 101 83
492 392 118 83
611 392 67 83
679 392 129 83
810 392 129 83
940 392 271 83
1212 392 435 83
1649 392 1231 83
23 479 94 547
118 479 271 547
390 479 101 547
492 479 118 547
611 479 67 547
679 479 129 547
810 479 129 547
940 479 271 547
1212 479 435 547
1649 479 1231 547
23 1027 94 549
118 1027 271 549
390 1027 101 549
492 1027 118 549
611 1027 67 549
679 1027 129 549
810 1027 129 549
940 1027 271 549
1212 1027 435 549
1649 1027 1231 549
23 1578 94 548
118 1578 271 548
390 1578 101 548
492 1578 118 548
611 1578 67 548
679 1578 129 548
810 1578 129 548
940 1578 271 548
1212 1578 435 548
1649 1578 1231 548
23 2128 94 548
118 2128 271 548
390 2128 101 548
492 2128 118 548
611 2128 67 548
679 2128 129 548
810 2128 129 548
940 2128 271 548
1212 2128 435 548
1649 2128 1231 548
23 2678 94 548
118 2678 271 548
390 2678 101 548
492 2678 118 548
611 2678 67 548
679 2678 129 548
810 2678 129 548
940 2678 271 548
1212 2678 435 548
1649 2678 1231 548
23 3228 94 547
118 3228 271 547
390 3228 101 547
492 3228 118 547
611 3228 67 547
679 3228 129 547
810 3228 129 547
940 3228 271 547
1212 3228 435 547
1649 3228 1231 547
23 3780 2857 217
