6 72 2818 279
6 354 2818 195
6 552 2818 84
6 639 53 42
62 639 184 42
249 639 167 42
419 639 64 42
486 639 54 42
543 639 99 42
645 639 139 42
787 639 230 42
1020 639 282 42
1305 639 1519 42
6 684 53 246
62 684 184 246
249 684 167 246
419 684 64 246
486 684 54 246
543 684 99 246
645 684 139 246
787 684 230 246
1020 684 282 246
1305 684 1519 246
6 933 53 247
62 933 184 247
249 933 167 247
419 933 64 247
486 933 54 247
543 933 99 247
645 933 139 247
787 933 230 247
1020 933 282 247
1305 933 1519 247
6 1183 53 247
62 1183 184 247
249 1183 167 247
419 1183 64 247
486 1183 54 247
543 1183 99 247
645 1183 139 247
787 1183 230 247
1020 1183 282 247
1305 1183 1519 247
6 1433 2818 83
6 1519 53 246
62 1519 184 246
249 1519 167 246
419 1519 64 246
486 1519 54 246
543 1519 99 246
645 1519 139 246
787 1519 230 246
1305 1519 1519 246
1059 1525 243 223
6 1768 53 247
62 1768 184 247
249 1768 167 247
419 1768 64 247
486 1768 54 247
543 1768 99 247
645 1768 139 247
787 1768 230 247
1020 1768 282 247
1305 1768 1519 247
6 2018 2818 83
6 2104 53 247
62 2104 184 247
249 2104 167 247
419 2104 64 247
486 2104 54 247
543 2104 99 247
645 2104 139 247
787 2104 230 247
1020 2104 282 247
1305 2104 1519 247
6 2354 2818 83
6 2440 53 246
62 2440 184 246
249 2440 167 246
419 2440 64 246
486 2440 54 246
543 2440 99 246
645 2440 139 246
787 2440 230 246
1020 2440 282 246
1305 2440 1519 246
6 2689 2818 84
6 2776 53 246
62 2776 184 246
249 2776 167 246
419 2776 64 246
486 2776 54 246
543 2776 99 246
645 2776 139 246
787 2776 230 246
1020 2776 282 246
1305 2776 1519 246
6 3025 2818 84
6 3112 53 247
62 3112 185 247
249 3112 167 247
419 3112 64 247
486 3112 55 247
543 3112 99 247
645 3112 140 247
787 3112 230 247
1020 3112 282 247
1304 3112 1520 247
6 3362 53 245
62 3362 185 245
249 3362 167 245
419 3362 64 245
486 3362 55 245
543 3362 99 245
645 3362 140 245
787 3362 230 245
1020 3362 282 245
1304 3362 1520 245
