8 8 120 82
130 8 271 82
404 8 229 82
636 8 94 82
732 8 95 82
829 8 142 82
973 8 116 82
1092 8 261 82
1356 8 478 82
1837 8 1050 82
8 93 120 280
130 93 271 280
404 93 229 280
636 93 94 280
732 93 95 280
829 93 142 280
973 93 116 280
1092 93 261 280
1356 93 478 280
1837 93 1050 280
8 376 120 281
130 376 271 281
404 376 229 281
636 376 94 281
732 376 95 281
829 376 142 281
973 376 116 281
1092 376 261 281
1356 376 478 281
1837 376 1050 281
8 660 120 280
130 660 271 280
404 660 229 280
636 660 94 280
732 660 95 280
829 660 142 280
973 660 116 280
1092 660 261 280
1356 660 478 280
1837 660 1050 280
8 943 1479 2797
1491 943 1396 2260
1491 3207 1396 58
1491 3267 94 48
1587 3267 115 48
1704 3267 218 48
1923 3267 569 48
2493 3267 394 48
1491 3317 94 46
1587 3317 115 46
1704 3317 218 46
1923 3317 569 46
2493 3317 394 46
1491 3365 1396 375
