115 487 51 67
167 487 195 67
364 487 59 67
425 487 51 67
478 487 52 67
532 487 53 67
587 487 53 67
642 487 242 67
885 487 415 67
1302 487 2125 67
115 556 51 240
364 556 59 240
425 556 51 240
478 556 52 240
532 556 53 240
587 556 53 240
642 556 242 240
885 556 415 240
1302 556 2125 240
321 597 41 22
115 798 51 236
364 798 59 236
425 798 51 236
478 798 52 236
532 798 53 236
587 798 53 236
642 798 242 236
885 798 415 236
1302 798 2125 236
110 1116 56 69
167 1116 195 69
364 1116 59 69
425 1116 51 69
478 1116 52 69
532 1116 53 69
587 1116 53 69
642 1116 244 69
888 1116 412 69
1301 1116 2121 69
110 1186 56 240
364 1186 59 240
425 1186 51 240
478 1186 52 240
532 1186 53 240
587 1186 53 240
642 1186 244 240
888 1186 412 240
1301 1186 2121 240
336 1285 26 27
167 1298 25 24
110 1428 56 239
364 1428 59 239
425 1428 51 239
478 1428 52 239
532 1428 53 239
587 1428 53 239
642 1428 244 239
888 1428 412 239
1301 1428 2121 239
323 1469 39 22
110 1669 56 237
364 1669 59 237
425 1669 51 237
478 1669 52 237
532 1669 53 237
587 1669 53 237
642 1669 244 237
888 1669 412 237
1301 1669 2121 237
110 1908 56 240
364 1908 59 240
425 1908 51 240
478 1908 52 240
532 1908 53 240
587 1908 53 240
642 1908 244 240
888 1908 412 240
1301 1908 2121 240
167 1965 39 22
110 2150 56 239
364 2150 59 239
425 2150 51 239
478 2150 52 239
532 2150 53 239
587 2150 53 239
642 2150 244 239
888 2150 412 239
1301 2150 2121 239
110 2391 56 239
364 2391 59 239
425 2391 51 239
478 2391 52 239
532 2391 53 239
587 2391 53 239
642 2391 244 239
888 2391 412 239
1301 2391 2121 239
110 2632 56 231
364 2632 59 231
425 2632 51 231
478 2632 52 231
532 2632 53 231
587 2632 53 231
642 2632 244 231
888 2632 412 231
1301 2632 2121 231
114 2993 52 67
167 2993 195 67
364 2993 59 67
425 2993 51 67
478 2993 52 67
532 2993 53 67
587 2993 53 67
642 2993 247 67
891 2993 409 67
1301 2993 2125 67
114 3062 52 240
364 3062 59 240
425 3062 51 240
478 3062 52 240
532 3062 53 240
587 3062 53 240
642 3062 247 240
891 3062 409 240
1301 3062 2125 240
114 3304 52 236
364 3304 59 236
425 3304 51 236
478 3304 52 236
532 3304 53 236
587 3304 53 236
642 3304 247 236
891 3304 409 236
1301 3304 2125 236
364 3601 59 68
425 3601 51 68
478 3601 52 68
532 3601 53 68
587 3601 53 68
642 3601 247 68
891 3601 409 68
1301 3601 2124 68
113 3602 53 67
167 3602 195 67
113 3671 53 240
364 3671 59 240
425 3671 51 240
478 3671 52 240
532 3671 53 240
587 3671 53 240
642 3671 247 240
891 3671 409 240
1301 3671 2124 240
113 3912 53 239
364 3912 59 239
425 3912 51 239
478 3912 52 239
532 3912 53 239
587 3912 53 239
642 3912 247 239
891 3912 409 239
1301 3912 2124 239
317 3950 45 31
113 4153 53 240
364 4153 59 240
425 4153 51 240
478 4153 52 240
532 4153 53 240
587 4153 53 240
642 4153 247 240
891 4153 409 240
1301 4153 2124 240
112 4458 54 68
167 4458 195 68
364 4458 59 68
425 4458 51 68
478 4458 52 68
532 4458 53 68
587 4458 53 68
642 4458 247 68
891 4458 409 68
1301 4458 2123 68
112 4528 54 240
364 4528 59 240
425 4528 51 240
478 4528 52 240
532 4528 53 240
587 4528 53 240
642 4528 247 240
891 4528 409 240
1301 4528 2123 240
112 4769 54 237
364 4769 59 237
425 4769 51 237
478 4769 52 237
532 4769 53 237
587 4769 53 237
642 4769 247 237
891 4769 409 237
1301 4769 2123 237
