17 17 2886 178
17 198 2886 223
17 425 30 88
49 425 31 88
81 425 140 88
222 425 56 88
279 425 24 88
305 425 24 88
330 425 24 88
356 425 24 88
382 425 78 88
461 425 179 88
642 425 335 88
983 425 26 88
1011 425 31 88
1043 425 140 88
1185 425 55 88
1242 425 23 88
1267 425 24 88
1292 425 25 88
1318 425 24 88
1344 425 78 88
1423 425 180 88
1604 425 336 88
1945 425 27 88
1974 425 30 88
2006 425 139 88
2147 425 55 88
2204 425 24 88
2230 425 23 88
2255 425 24 88
2281 425 24 88
2307 425 77 88
2386 425 179 88
2567 425 336 88
17 517 30 879
49 517 31 292
81 517 140 292
222 517 56 292
279 517 24 292
305 517 24 292
330 517 24 292
356 517 24 292
382 517 78 292
461 517 179 292
642 517 335 292
983 517 26 540
1011 517 31 270
1043 517 140 270
1185 517 55 270
1242 517 23 270
1267 517 24 270
1292 517 25 270
1318 517 24 270
1344 517 78 270
1423 517 180 270
1604 517 334 270
1945 517 27 540
1974 517 30 269
2006 517 139 269
2147 517 55 269
2204 517 24 269
2230 517 23 269
2255 517 24 269
2281 517 24 269
2307 517 77 269
2386 517 179 269
2567 517 336 269
1974 787 30 270
2006 787 139 270
2147 787 55 270
2204 787 24 270
2230 787 23 270
2255 787 24 270
2281 787 24 270
2307 787 77 270
2386 787 179 270
2567 787 336 270
1011 789 31 268
1043 789 140 268
1185 789 55 268
1242 789 23 268
1267 789 24 268
1292 789 25 268
1318 789 24 268
1344 789 78 268
1423 789 180 268
1604 789 334 268
49 810 31 293
81 810 140 293
222 810 56 293
279 810 24 293
305 810 24 293
330 810 24 293
356 810 24 293
382 810 78 293
461 810 179 293
642 810 335 293
983 1063 26 536
1011 1063 31 268
1043 1063 140 268
1185 1063 55 268
1242 1063 23 268
1267 1063 24 268
1292 1063 25 268
1318 1063 24 268
1344 1063 78 268
1423 1063 180 268
1604 1063 334 268
1945 1063 27 808
1974 1063 30 266
2006 1063 139 266
2147 1063 55 266
2204 1063 24 266
2230 1063 23 266
2255 1063 24 266
2281 1063 24 266
2307 1063 77 266
2386 1063 179 266
2567 1063 336 266
49 1105 31 291
81 1105 140 291
222 1105 56 291
279 1105 24 291
305 1105 24 291
330 1105 24 291
356 1105 24 291
382 1105 78 291
461 1105 179 291
642 1105 335 291
1974 1331 30 270
2006 1331 139 270
2147 1331 55 270
2204 1331 24 270
2230 1331 23 270
2255 1331 24 270
2281 1331 24 270
2307 1331 77 270
2386 1331 179 270
2567 1331 336 270
1011 1332 31 267
1043 1332 140 267
1185 1332 55 267
1242 1332 23 267
1267 1332 24 267
1292 1332 25 267
1318 1332 24 267
1344 1332 78 267
1423 1332 180 267
1604 1332 334 267
17 1401 30 582
49 1401 31 291
81 1401 140 291
222 1401 56 291
279 1401 24 291
305 1401 24 291
330 1401 24 291
356 1401 24 291
382 1401 78 291
461 1401 179 291
642 1401 335 291
1974 1602 30 269
2006 1602 139 269
2147 1602 55 269
2204 1602 24 269
2230 1602 23 269
2255 1602 24 269
2281 1602 24 269
2307 1602 77 269
2386 1602 179 269
2567 1602 336 269
983 1605 26 539
1011 1605 31 269
1043 1605 140 269
1185 1605 55 269
1242 1605 23 269
1267 1605 24 269
1292 1605 25 269
1318 1605 24 269
1344 1605 78 269
1423 1605 180 269
1604 1605 334 269
49 1693 31 290
81 1693 140 290
222 1693 56 290
279 1693 24 290
305 1693 24 290
330 1693 24 290
356 1693 24 290
382 1693 78 290
461 1693 179 290
642 1693 335 290
1011 1876 31 268
1043 1876 140 268
1185 1876 55 268
1242 1876 23 268
1267 1876 24 268
1292 1876 25 268
1318 1876 24 268
1344 1876 78 268
1423 1876 180 268
1604 1876 334 268
1945 1877 27 536
1974 1877 30 267
2006 1877 139 267
2147 1877 55 267
2204 1877 24 267
2230 1877 23 267
2255 1877 24 267
2281 1877 24 267
2307 1877 77 267
2386 1877 179 267
2567 1877 336 267
17 1988 30 291
49 1988 31 291
81 1988 140 291
222 1988 56 291
279 1988 24 291
305 1988 24 291
330 1988 24 291
356 1988 24 291
382 1988 78 291
461 1988 179 291
642 1988 335 291
1974 2146 30 267
2006 2146 139 267
2147 2146 55 267
2204 2146 24 267
2230 2146 23 267
2255 2146 24 267
2281 2146 24 267
2307 2146 77 267
2386 2146 179 267
2567 2146 336 267
983 2150 26 537
1011 2150 31 267
1043 2150 140 267
1185 2150 55 267
1242 2150 23 267
1267 2150 24 267
1292 2150 25 267
1318 2150 24 267
1344 2150 78 267
1423 2150 180 267
1604 2150 334 267
17 2285 30 287
49 2285 31 287
81 2285 140 287
222 2285 56 287
279 2285 24 287
305 2285 24 287
330 2285 24 287
356 2285 24 287
382 2285 78 287
461 2285 179 287
642 2285 335 287
1011 2419 31 268
1043 2419 140 268
1185 2419 55 268
1242 2419 23 268
1267 2419 24 268
1292 2419 25 268
1318 2419 24 268
1344 2419 78 268
1423 2419 180 268
1604 2419 334 268
1945 2419 27 539
1974 2419 30 268
2006 2419 139 268
2147 2419 55 268
2204 2419 24 268
2230 2419 23 268
2255 2419 24 268
2281 2419 24 268
2307 2419 77 268
2386 2419 179 268
2567 2419 336 268
17 2578 30 288
49 2578 31 288
81 2578 140 288
222 2578 56 288
279 2578 24 288
305 2578 24 288
330 2578 24 288
356 2578 24 288
382 2578 78 288
461 2578 179 288
642 2578 335 288
1974 2689 30 269
2006 2689 139 269
2147 2689 55 269
2204 2689 24 269
2230 2689 23 269
2255 2689 24 269
2281 2689 24 269
2307 2689 77 269
2386 2689 179 269
2567 2689 336 269
983 2693 26 811
1011 2693 31 268
1043 2693 140 268
1185 2693 55 268
1242 2693 23 268
1267 2693 24 268
1292 2693 25 268
1318 2693 24 268
1344 2693 78 268
1423 2693 180 268
1604 2693 334 268
17 2872 30 584
49 2872 31 291
81 2872 140 291
222 2872 56 291
279 2872 24 291
305 2872 24 291
330 2872 24 291
356 2872 24 291
382 2872 78 291
461 2872 179 291
642 2872 335 291
1011 2963 31 270
1043 2963 140 270
1185 2963 55 270
1242 2963 23 270
1267 2963 24 270
1292 2963 25 270
1318 2963 24 270
1344 2963 78 270
1423 2963 180 270
1604 2963 334 270
1945 2964 27 264
1974 2964 30 264
2006 2964 139 264
2147 2964 55 264
2204 2964 24 264
2230 2964 23 264
2255 2964 24 264
2281 2964 24 264
2307 2964 77 264
2386 2964 179 264
2567 2964 336 264
49 3165 31 291
81 3165 140 291
222 3165 56 291
279 3165 24 291
305 3165 24 291
330 3165 24 291
356 3165 24 291
382 3165 78 291
461 3165 179 291
642 3165 335 291
1011 3234 31 270
1043 3234 140 270
1185 3234 55 270
1242 3234 23 270
1267 3234 24 270
1292 3234 25 270
1318 3234 24 270
1344 3234 78 270
1423 3234 180 270
1604 3234 334 270
1945 3234 27 812
1974 3234 30 268
2006 3234 139 268
2147 3234 55 268
2204 3234 24 268
2230 3234 23 268
2255 3234 24 268
2281 3234 24 268
2307 3234 77 268
2386 3234 179 268
2567 3234 336 268
17 3462 30 584
49 3462 31 290
81 3462 140 290
222 3462 56 290
279 3462 24 290
305 3462 24 290
330 3462 24 290
356 3462 24 290
382 3462 78 290
461 3462 179 290
642 3462 335 290
1974 3504 30 270
2006 3504 139 270
2147 3504 55 270
2204 3504 24 270
2230 3504 23 270
2255 3504 24 270
2281 3504 24 270
2307 3504 77 270
2386 3504 179 270
2567 3504 336 270
983 3510 26 536
1011 3510 31 266
1043 3510 140 266
1185 3510 55 266
1242 3510 23 266
1267 3510 24 266
1292 3510 25 266
1318 3510 24 266
1344 3510 78 266
1423 3510 180 266
1604 3510 334 266
49 3754 31 292
81 3754 140 292
222 3754 56 292
279 3754 24 292
305 3754 24 292
330 3754 24 292
356 3754 24 292
382 3754 78 292
461 3754 179 292
642 3754 335 292
1974 3775 30 270
2006 3775 139 270
2147 3775 55 270
2204 3775 24 270
2230 3775 23 270
2255 3775 24 270
2281 3775 24 270
2307 3775 77 270
2386 3775 179 270
2567 3775 336 270
1011 3778 31 268
1043 3778 140 268
1185 3778 55 268
1242 3778 23 268
1267 3778 24 268
1292 3778 25 268
1318 3778 24 268
1344 3778 78 268
1423 3778 180 268
1604 3778 334 268
