64 245 89 61
155 245 89 61
246 245 242 61
489 245 158 61
648 245 320 30
648 276 87 30
736 276 232 30
64 307 89 64
155 307 89 64
246 307 242 64
489 307 158 64
648 307 87 64
736 307 232 64
64 373 89 63
155 373 89 63
246 373 242 63
489 373 158 63
648 373 87 63
736 373 232 63
64 438 89 64
155 438 89 64
246 438 242 64
489 438 158 64
648 438 87 64
736 438 232 64
64 503 89 64
155 503 89 64
246 503 242 64
489 503 158 64
648 503 87 64
736 503 232 64
64 568 89 64
155 568 89 64
246 568 242 64
489 568 158 64
648 568 87 64
736 568 232 64
64 633 89 64
155 633 89 64
246 633 242 64
489 633 158 64
648 633 87 64
736 633 232 64
64 699 89 63
155 699 89 63
246 699 242 63
489 699 158 63
648 699 87 63
736 699 232 63
64 764 89 64
155 764 89 64
246 764 242 64
489 764 158 64
648 764 87 64
736 764 232 64
64 829 89 64
155 829 89 64
246 829 242 64
489 829 158 64
648 829 87 64
736 829 232 64
64 894 89 64
155 894 89 64
246 894 242 64
489 894 158 64
648 894 87 64
736 894 232 64
64 960 89 63
155 960 89 63
246 960 242 63
489 960 158 63
648 960 87 63
736 960 232 63
64 1025 89 64
155 1025 89 64
246 1025 242 64
489 1025 158 64
648 1025 87 64
736 1025 232 64
64 1090 89 64
155 1090 89 64
246 1090 242 64
489 1090 158 64
648 1090 87 64
736 1090 232 64
64 1155 89 64
155 1155 89 64
246 1155 242 64
489 1155 158 64
648 1155 87 64
736 1155 232 64
64 1220 89 64
155 1220 89 64
246 1220 242 64
489 1220 158 64
648 1220 87 64
736 1220 232 64
64 1286 89 64
155 1286 89 64
246 1286 242 64
489 1286 158 64
648 1286 87 64
736 1286 232 64
64 1351 89 64
155 1351 89 64
246 1351 242 64
489 1351 158 64
648 1351 87 64
736 1351 232 64
64 1416 89 64
155 1416 89 64
246 1416 242 64
489 1416 158 64
648 1416 87 64
736 1416 232 64
64 1481 89 64
155 1481 89 64
246 1481 242 64
489 1481 158 64
648 1481 87 64
736 1481 232 64
64 1547 89 63
155 1547 89 63
246 1547 242 63
489 1547 158 63
648 1547 87 63
736 1547 232 63
64 1612 89 64
155 1612 89 64
246 1612 242 64
489 1612 158 64
648 1612 87 64
736 1612 232 64
64 1677 89 64
155 1677 89 64
246 1677 242 64
489 1677 158 64
648 1677 87 64
736 1677 232 64
64 1742 89 64
155 1742 89 64
246 1742 242 64
489 1742 158 64
648 1742 87 64
736 1742 232 64
64 1808 89 63
155 1808 89 63
246 1808 242 63
489 1808 158 63
648 1808 87 63
736 1808 232 63
64 1873 89 64
155 1873 89 64
246 1873 242 64
489 1873 158 64
648 1873 87 64
736 1873 232 64
64 1938 89 64
155 1938 89 64
246 1938 242 64
489 1938 158 64
648 1938 87 64
736 1938 232 64
64 2003 89 64
155 2003 89 64
246 2003 242 64
489 2003 158 64
648 2003 87 64
736 2003 232 64
64 2068 89 64
155 2068 89 64
246 2068 242 64
489 2068 158 64
648 2068 87 64
736 2068 232 64
64 2134 89 63
155 2134 89 63
246 2134 242 63
489 2134 158 63
648 2134 87 63
736 2134 232 63
64 2199 89 64
155 2199 89 64
246 2199 242 64
489 2199 158 64
648 2199 87 64
736 2199 232 64
64 2264 89 64
155 2264 89 64
246 2264 242 64
489 2264 158 64
648 2264 87 64
736 2264 232 64
64 2329 89 64
155 2329 89 64
246 2329 242 64
489 2329 158 64
648 2329 87 64
736 2329 232 64
64 2395 89 63
155 2395 89 63
246 2395 242 63
489 2395 158 63
648 2395 87 63
736 2395 232 63
64 2460 89 64
155 2460 89 64
246 2460 242 64
489 2460 158 64
648 2460 87 64
736 2460 232 64
64 2525 89 64
155 2525 89 64
246 2525 242 64
489 2525 158 64
648 2525 87 64
736 2525 232 64
64 2590 89 64
155 2590 89 64
246 2590 242 64
489 2590 158 64
648 2590 87 64
736 2590 232 64
64 2655 89 64
155 2655 89 64
246 2655 242 64
489 2655 158 64
648 2655 87 64
736 2655 232 64
64 2721 89 64
155 2721 89 64
246 2721 242 64
489 2721 158 64
648 2721 87 64
736 2721 232 64
64 2786 89 64
155 2786 89 64
246 2786 242 64
489 2786 158 64
648 2786 87 64
736 2786 232 64
64 2851 89 64
155 2851 89 64
246 2851 242 64
489 2851 158 64
648 2851 87 64
736 2851 232 64
64 2916 89 64
155 2916 89 64
246 2916 242 64
489 2916 158 64
648 2916 87 64
736 2916 232 64
64 2982 89 63
155 2982 89 63
246 2982 242 63
489 2982 158 63
648 2982 87 63
736 2982 232 63
64 3047 89 64
155 3047 89 64
246 3047 242 64
489 3047 158 64
648 3047 87 64
736 3047 232 64
64 3112 89 64
155 3112 89 64
246 3112 242 64
489 3112 158 64
648 3112 87 64
736 3112 232 64
64 3177 89 64
155 3177 89 64
246 3177 242 64
489 3177 158 64
648 3177 87 64
736 3177 232 64
64 3243 89 63
155 3243 89 63
246 3243 242 63
489 3243 158 63
648 3243 87 63
736 3243 232 63
64 3308 89 64
155 3308 89 64
246 3308 242 64
489 3308 158 64
648 3308 87 64
736 3308 232 64
1000 245 89 61
1090 245 90 61
1181 245 242 61
1425 245 157 61
1584 245 320 30
1584 276 86 30
1671 276 233 30
1000 307 89 64
1090 307 90 64
1181 307 242 64
1425 307 157 64
1584 307 86 64
1671 307 233 64
1000 373 89 63
1090 373 90 63
1181 373 242 63
1425 373 157 63
1584 373 86 63
1671 373 233 63
1000 438 89 64
1090 438 90 64
1181 438 242 64
1425 438 157 64
1584 438 86 64
1671 438 233 64
1000 503 89 64
1090 503 90 64
1181 503 242 64
1425 503 157 64
1584 503 86 64
1671 503 233 64
1000 568 89 64
1090 568 90 64
1181 568 242 64
1425 568 157 64
1584 568 86 64
1671 568 233 64
1000 633 89 64
1090 633 90 64
1181 633 242 64
1425 633 157 64
1584 633 86 64
1671 633 233 64
1000 699 89 63
1090 699 90 63
1181 699 242 63
1425 699 157 63
1584 699 86 63
1671 699 233 63
1000 764 89 64
1090 764 90 64
1181 764 242 64
1425 764 157 64
1584 764 86 64
1671 764 233 64
1000 829 89 64
1090 829 90 64
1181 829 242 64
1425 829 157 64
1584 829 86 64
1671 829 233 64
1000 894 89 64
1090 894 90 64
1181 894 242 64
1425 894 157 64
1584 894 86 64
1671 894 233 64
1000 960 89 63
1090 960 90 63
1181 960 242 63
1425 960 157 63
1584 960 86 63
1671 960 233 63
1000 1025 89 64
1090 1025 90 64
1181 1025 242 64
1425 1025 157 64
1584 1025 86 64
1671 1025 233 64
1000 1090 89 64
1090 1090 90 64
1181 1090 242 64
1425 1090 157 64
1584 1090 86 64
1671 1090 233 64
1000 1155 89 64
1090 1155 90 64
1181 1155 242 64
1425 1155 157 64
1584 1155 86 64
1671 1155 233 64
1000 1220 89 64
1090 1220 90 64
1181 1220 242 64
1425 1220 157 64
1584 1220 86 64
1671 1220 233 64
1000 1286 89 64
1090 1286 90 64
1181 1286 242 64
1425 1286 157 64
1584 1286 86 64
1671 1286 233 64
1000 1351 89 64
1090 1351 90 64
1181 1351 242 64
1425 1351 157 64
1584 1351 86 64
1671 1351 233 64
1000 1416 89 64
1090 1416 90 64
1181 1416 242 64
1425 1416 157 64
1584 1416 86 64
1671 1416 233 64
1000 1481 89 64
1090 1481 90 64
1181 1481 242 64
1425 1481 157 64
1584 1481 86 64
1671 1481 233 64
1000 1547 89 63
1090 1547 90 63
1181 1547 242 63
1425 1547 157 63
1584 1547 86 63
1671 1547 233 63
1000 1612 89 64
1090 1612 90 64
1181 1612 242 64
1425 1612 157 64
1584 1612 86 64
1671 1612 233 64
1000 1677 89 64
1090 1677 90 64
1181 1677 242 64
1425 1677 157 64
1584 1677 86 64
1671 1677 233 64
1000 1742 89 64
1090 1742 90 64
1181 1742 242 64
1425 1742 157 64
1584 1742 86 64
1671 1742 233 64
1000 1808 89 63
1090 1808 90 63
1181 1808 242 63
1425 1808 157 63
1584 1808 86 63
1671 1808 233 63
1000 1873 89 64
1090 1873 90 64
1181 1873 242 64
1425 1873 157 64
1584 1873 86 64
1671 1873 233 64
1000 1938 89 64
1090 1938 90 64
1181 1938 242 64
1425 1938 157 64
1584 1938 86 64
1671 1938 233 64
1000 2003 89 64
1090 2003 90 64
1181 2003 242 64
1425 2003 157 64
1584 2003 86 64
1671 2003 233 64
1000 2068 89 64
1090 2068 90 64
1181 2068 242 64
1425 2068 157 64
1584 2068 86 64
1671 2068 233 64
1000 2134 89 63
1090 2134 90 63
1181 2134 242 63
1425 2134 157 63
1584 2134 86 63
1671 2134 233 63
1000 2199 89 64
1090 2199 90 64
1181 2199 242 64
1425 2199 157 64
1584 2199 86 64
1671 2199 233 64
1000 2264 89 64
1090 2264 90 64
1181 2264 242 64
1425 2264 157 64
1584 2264 86 64
1671 2264 233 64
1000 2329 89 64
1090 2329 90 64
1181 2329 242 64
1425 2329 157 64
1584 2329 86 64
1671 2329 233 64
1000 2395 89 63
1090 2395 90 63
1181 2395 242 63
1425 2395 157 63
1584 2395 86 63
1671 2395 233 63
1000 2460 89 64
1090 2460 90 64
1181 2460 242 64
1425 2460 157 64
1584 2460 86 64
1671 2460 233 64
1000 2525 89 64
1090 2525 90 64
1181 2525 242 64
1425 2525 157 64
1584 2525 86 64
1671 2525 233 64
1000 2590 89 64
1090 2590 90 64
1181 2590 242 64
1425 2590 157 64
1584 2590 86 64
1671 2590 233 64
1000 2655 89 64
1090 2655 90 64
1181 2655 242 64
1425 2655 157 64
1584 2655 86 64
1671 2655 233 64
1000 2721 89 64
1090 2721 90 64
1181 2721 242 64
1425 2721 157 64
1584 2721 86 64
1671 2721 233 64
1000 2786 89 64
1090 2786 90 64
1181 2786 242 64
1425 2786 157 64
1584 2786 86 64
1671 2786 233 64
1000 2851 89 64
1090 2851 90 64
1181 2851 242 64
1425 2851 157 64
1584 2851 86 64
1671 2851 233 64
1000 2916 89 64
1090 2916 90 64
1181 2916 242 64
1425 2916 157 64
1584 2916 86 64
1671 2916 233 64
1000 2982 89 63
1090 2982 90 63
1181 2982 242 63
1425 2982 157 63
1584 2982 86 63
1671 2982 233 63
1000 3047 89 64
1090 3047 90 64
1181 3047 242 64
1425 3047 157 64
1584 3047 86 64
1671 3047 233 64
1000 3112 89 64
1090 3112 90 64
1181 3112 242 64
1425 3112 157 64
1584 3112 86 64
1671 3112 233 64
1000 3177 89 64
1090 3177 90 64
1181 3177 242 64
1425 3177 157 64
1584 3177 86 64
1671 3177 233 64
1000 3243 89 63
1090 3243 90 63
1181 3243 242 63
1425 3243 157 63
1584 3243 86 63
1671 3243 233 63
1000 3308 89 64
1090 3308 90 64
1181 3308 242 64
1425 3308 157 64
1584 3308 86 64
1671 3308 233 64
1935 245 89 61
2026 245 89 61
2116 245 243 61
2360 245 158 61
2519 245 320 30
2519 276 86 30
2607 276 232 30
1935 307 89 64
2026 307 89 64
2116 307 243 64
2360 307 158 64
2519 307 86 64
2607 307 232 64
1935 373 89 63
2026 373 89 63
2116 373 243 63
2360 373 158 63
2519 373 86 63
2607 373 232 63
1935 438 89 64
2026 438 89 64
2116 438 243 64
2360 438 158 64
2519 438 86 64
2607 438 232 64
1935 503 89 64
2026 503 89 64
2116 503 243 64
2360 503 158 64
2519 503 86 64
2607 503 232 64
1935 568 89 64
2026 568 89 64
2116 568 243 64
2360 568 158 64
2519 568 86 64
2607 568 232 64
1935 633 89 64
2026 633 89 64
2116 633 243 64
2360 633 158 64
2519 633 86 64
2607 633 232 64
1935 699 89 63
2026 699 89 63
2116 699 243 63
2360 699 158 63
2519 699 86 63
2607 699 232 63
1935 764 89 64
2026 764 89 64
2116 764 243 64
2360 764 158 64
2519 764 86 64
2607 764 232 64
1935 829 89 64
2026 829 89 64
2116 829 243 64
2360 829 158 64
2519 829 86 64
2607 829 232 64
1935 894 89 64
2026 894 89 64
2116 894 243 64
2360 894 158 64
2519 894 86 64
2607 894 232 64
1935 960 89 63
2026 960 89 63
2116 960 243 63
2360 960 158 63
2519 960 86 63
2607 960 232 63
1935 1025 89 64
2026 1025 89 64
2116 1025 243 64
2360 1025 158 64
2519 1025 86 64
2607 1025 232 64
1935 1090 89 64
2026 1090 89 64
2116 1090 243 64
2360 1090 158 64
2519 1090 86 64
2607 1090 232 64
1935 1155 89 64
2026 1155 89 64
2116 1155 243 64
2360 1155 158 64
2519 1155 86 64
2607 1155 232 64
1935 1220 89 64
2026 1220 89 64
2116 1220 243 64
2360 1220 158 64
2519 1220 86 64
2607 1220 232 64
1935 1286 89 64
2026 1286 89 64
2116 1286 243 64
2360 1286 158 64
2519 1286 86 64
2607 1286 232 64
1935 1351 89 64
2026 1351 89 64
2116 1351 243 64
2360 1351 158 64
2519 1351 86 64
2607 1351 232 64
1935 1416 89 64
2026 1416 89 64
2116 1416 243 64
2360 1416 158 64
2519 1416 86 64
2607 1416 232 64
1935 1481 89 64
2026 1481 89 64
2116 1481 243 64
2360 1481 158 64
2519 1481 86 64
2607 1481 232 64
1935 1547 89 63
2026 1547 89 63
2116 1547 243 63
2360 1547 158 63
2519 1547 86 63
2607 1547 232 63
1935 1612 89 64
2026 1612 89 64
2116 1612 243 64
2360 1612 158 64
2519 1612 86 64
2607 1612 232 64
1935 1677 89 64
2026 1677 89 64
2116 1677 243 64
2360 1677 158 64
2519 1677 86 64
2607 1677 232 64
1935 1742 89 64
2026 1742 89 64
2116 1742 243 64
2360 1742 158 64
2519 1742 86 64
2607 1742 232 64
1935 1808 89 63
2026 1808 89 63
2116 1808 243 63
2360 1808 158 63
2519 1808 86 63
2607 1808 232 63
1935 1873 89 64
2026 1873 89 64
2116 1873 243 64
2360 1873 158 64
2519 1873 86 64
2607 1873 232 64
1935 1938 89 64
2026 1938 89 64
2116 1938 243 64
2360 1938 158 64
2519 1938 86 64
2607 1938 232 64
1935 2003 89 64
2026 2003 89 64
2116 2003 243 64
2360 2003 158 64
2519 2003 86 64
2607 2003 232 64
1935 2068 89 64
2026 2068 89 64
2116 2068 243 64
2360 2068 158 64
2519 2068 86 64
2607 2068 232 64
1935 2134 89 63
2026 2134 89 63
2116 2134 243 63
2360 2134 158 63
2519 2134 86 63
2607 2134 232 63
1935 2199 89 64
2026 2199 89 64
2116 2199 243 64
2360 2199 158 64
2519 2199 86 64
2607 2199 232 64
1935 2264 89 64
2026 2264 89 64
2116 2264 243 64
2360 2264 158 64
2519 2264 86 64
2607 2264 232 64
1935 2329 89 64
2026 2329 89 64
2116 2329 243 64
2360 2329 158 64
2519 2329 86 64
2607 2329 232 64
1935 2395 89 63
2026 2395 89 63
2116 2395 243 63
2360 2395 158 63
2519 2395 86 63
2607 2395 232 63
1935 2460 89 64
2026 2460 89 64
2116 2460 243 64
2360 2460 158 64
2519 2460 86 64
2607 2460 232 64
1935 2525 89 64
2026 2525 89 64
2116 2525 243 64
2360 2525 158 64
2519 2525 86 64
2607 2525 232 64
1935 2590 89 64
2026 2590 89 64
2116 2590 243 64
2360 2590 158 64
2519 2590 86 64
2607 2590 232 64
1935 2655 89 64
2026 2655 89 64
2116 2655 243 64
2360 2655 158 64
2519 2655 86 64
2607 2655 232 64
1935 2721 89 64
2026 2721 89 64
2116 2721 243 64
2360 2721 158 64
2519 2721 86 64
2607 2721 232 64
1935 2786 89 64
2026 2786 89 64
2116 2786 243 64
2360 2786 158 64
2519 2786 86 64
2607 2786 232 64
1935 2851 89 64
2026 2851 89 64
2116 2851 243 64
2360 2851 158 64
2519 2851 86 64
2607 2851 232 64
1935 2916 89 64
2026 2916 89 64
2116 2916 243 64
2360 2916 158 64
2519 2916 86 64
2607 2916 232 64
1935 2982 89 63
2026 2982 89 63
2116 2982 243 63
2360 2982 158 63
2519 2982 86 63
2607 2982 232 63
1935 3047 89 64
2026 3047 89 64
2116 3047 243 64
2360 3047 158 64
2519 3047 86 64
2607 3047 232 64
1935 3112 89 64
2026 3112 89 64
2116 3112 243 64
2360 3112 158 64
2519 3112 86 64
2607 3112 232 64
1935 3177 89 64
2026 3177 89 64
2116 3177 243 64
2360 3177 158 64
2519 3177 86 64
2607 3177 232 64
1935 3243 89 63
2026 3243 89 63
2116 3243 243 63
2360 3243 158 63
2519 3243 86 63
2607 3243 232 63
1935 3308 89 64
2026 3308 89 64
2116 3308 243 64
2360 3308 158 64
2519 3308 86 64
2607 3308 232 64
