23 843 51 97
76 843 200 97
278 843 65 97
344 843 63 97
409 843 64 97
474 843 65 97
541 843 64 97
607 843 472 97
1081 843 562 97
1645 843 1690 97
23 942 51 293
278 942 65 293
344 942 63 293
409 942 64 293
474 942 65 293
541 942 64 293
607 942 472 293
1081 942 562 293
1645 942 1690 293
23 1346 51 94
76 1346 200 94
278 1346 65 94
344 1346 63 94
409 1346 64 94
474 1346 65 94
541 1346 64 94
607 1346 474 94
1083 1346 562 94
1647 1346 1688 94
23 1442 51 232
278 1442 65 232
344 1442 63 232
409 1442 64 232
474 1442 65 232
541 1442 64 232
607 1442 474 232
1083 1442 562 232
1647 1442 1688 232
242 1506 34 131
76 1512 30 130
23 1675 51 226
278 1675 65 226
344 1675 63 226
409 1675 64 226
474 1675 65 226
541 1675 64 226
607 1675 474 226
1083 1675 562 226
1647 1675 1687 226
232 1721 44 111
76 1724 42 120
23 1902 51 225
278 1902 65 225
344 1902 63 225
409 1902 64 225
474 1902 65 225
541 1902 64 225
607 1902 474 225
1083 1902 562 225
1647 1902 1687 225
244 1967 32 160
76 1985 30 142
23 2129 51 227
278 2129 65 227
344 2129 63 227
409 2129 64 227
474 2129 65 227
541 2129 64 227
607 2129 474 227
1083 2129 562 227
1647 2129 1687 227
23 2541 51 95
76 2541 200 95
278 2541 65 95
344 2541 63 95
409 2541 64 95
474 2541 65 95
541 2541 64 95
607 2541 478 95
1086 2541 563 95
1650 2541 1685 95
23 2638 51 230
278 2638 65 230
344 2638 63 230
409 2638 64 230
474 2638 65 230
541 2638 64 230
607 2638 478 230
1086 2638 563 230
1650 2638 1685 230
241 2689 35 26
76 2717 33 151
249 2724 27 144
23 2992 51 95
76 2992 200 95
278 2992 65 95
344 2992 63 95
409 2992 64 95
474 2992 65 95
541 2992 64 95
607 2992 478 95
1086 2992 563 95
1650 2992 1685 95
23 3088 51 231
278 3088 65 231
344 3088 63 231
409 3088 64 231
474 3088 65 231
541 3088 64 231
607 3088 478 231
1086 3088 563 231
1650 3088 1685 231
76 3131 40 41
245 3136 31 132
76 3174 38 90
23 3445 51 95
76 3445 200 95
278 3445 65 95
344 3445 63 95
409 3445 64 95
474 3445 65 95
541 3445 64 95
607 3445 478 95
1086 3445 563 95
1650 3445 1685 95
23 3542 51 230
278 3542 65 230
344 3542 63 230
409 3542 64 230
474 3542 65 230
541 3542 64 230
607 3542 478 230
1086 3542 563 230
1650 3542 1685 230
76 3590 27 135
240 3608 36 111
23 3896 51 95
76 3896 200 95
278 3896 65 95
344 3896 63 95
409 3896 64 95
474 3896 65 95
541 3896 64 95
607 3896 478 95
1086 3896 563 95
1650 3896 1685 95
23 3993 51 230
278 3993 65 230
344 3993 63 230
409 3993 64 230
474 3993 65 230
541 3993 64 230
607 3993 478 230
1086 3993 563 230
1650 3993 1685 230
76 4050 35 29
247 4052 29 29
76 4084 26 88
255 4085 21 88
23 4327 51 95
76 4327 200 95
278 4327 65 95
345 4327 62 95
409 4327 64 95
474 4327 65 95
541 4327 64 95
607 4327 478 95
1086 4327 563 95
1650 4327 1685 95
23 4423 51 232
278 4423 65 232
345 4423 62 232
409 4423 64 232
474 4423 65 232
541 4423 64 232
607 4423 478 232
1086 4423 563 232
1650 4423 1685 232
76 4473 47 36
76 4512 44 104
245 4513 31 82
23 4657 51 224
278 4657 65 224
345 4657 62 224
409 4657 64 224
474 4657 65 224
541 4657 64 224
607 4657 478 224
1086 4657 563 224
1650 4657 1684 224
76 4711 37 32
245 4713 31 38
76 4747 35 94
246 4751 30 92
