4 620 60 76
66 620 208 76
276 620 59 76
337 620 51 76
390 620 52 76
444 620 54 76
499 620 53 76
554 620 263 76
819 620 484 76
1305 620 2023 76
4 698 60 270
276 698 59 270
337 698 51 270
390 698 52 270
444 698 54 270
499 698 53 270
554 698 263 270
819 698 484 270
1305 698 2023 270
66 758 43 37
232 767 42 25
66 798 41 71
235 800 39 74
4 970 60 266
276 970 59 201
337 970 51 266
390 970 52 266
444 970 54 266
499 970 53 266
554 970 263 266
819 970 484 266
1305 970 2022 266
231 1033 43 22
66 1044 44 21
241 1066 33 88
66 1068 41 99
277 1171 58 65
1682 1416 43 81
1727 1416 161 81
1890 1416 42 81
1934 1416 40 81
1975 1416 42 81
2018 1416 43 81
2062 1416 42 81
2106 1416 187 81
2295 1416 250 81
2546 1416 781 81
1682 1498 43 365
1727 1498 161 45
1890 1498 42 365
1934 1498 40 365
1975 1498 42 365
2018 1498 43 365
2062 1498 42 365
2106 1498 187 365
2295 1498 250 365
2546 1498 781 365
1866 1584 22 33
1727 1617 28 78
1860 1791 28 72
1830 1792 30 71
1735 1795 70 68
216 1417 42 82
260 1417 39 82
301 1417 41 82
344 1417 42 82
388 1417 42 82
431 1417 129 82
562 1417 273 82
837 1417 816 82
8 1418 43 81
53 1418 161 81
8 1501 43 366
53 1501 161 366
216 1501 42 366
260 1501 39 366
301 1501 41 366
344 1501 42 366
388 1501 42 366
431 1501 129 366
562 1501 273 366
837 1501 815 366
8 1869 43 373
53 1869 161 32
216 1869 42 373
260 1869 39 373
301 1869 41 373
344 1869 42 373
388 1869 42 373
431 1869 129 373
562 1869 273 373
837 1869 814 373
53 1901 122 341
175 1902 39 340
8 2243 43 358
53 2243 161 57
216 2243 42 358
260 2243 39 358
301 2243 41 358
344 2243 42 358
388 2243 42 358
431 2243 129 358
562 2243 273 358
837 2243 814 358
53 2547 50 54
166 2547 48 54
1682 1967 43 81
1727 1967 161 81
1890 1967 42 81
1934 1967 40 81
1975 1967 42 81
2018 1967 43 81
2062 1967 42 81
2106 1967 187 81
2295 1967 250 81
2546 1967 781 81
1682 2050 43 366
1727 2050 161 54
1890 2050 42 366
1934 2050 40 366
1975 2050 42 366
2018 2050 43 366
2062 2050 42 366
2106 2050 187 366
2295 2050 250 366
2546 2050 781 366
1682 2418 43 367
1727 2418 161 45
1890 2418 42 367
1934 2418 40 367
1975 2418 42 367
2018 2418 43 367
2062 2418 42 367
2106 2418 187 367
2295 2418 250 367
2546 2418 779 367
1727 2502 29 31
1865 2506 23 28
1727 2539 22 81
216 2773 42 88
260 2773 39 88
301 2773 41 88
344 2773 42 88
388 2773 42 88
431 2773 131 88
564 2773 280 88
846 2773 807 88
8 2774 43 87
53 2774 161 87
8 2863 43 389
53 2863 161 73
216 2863 42 389
260 2863 39 389
301 2863 41 389
344 2863 42 389
388 2863 42 389
431 2863 131 389
564 2863 280 389
846 2863 806 389
53 3014 22 89
53 3188 161 64
8 3253 43 350
53 3253 161 54
216 3253 42 350
260 3253 39 350
301 3253 41 350
344 3253 42 350
388 3253 42 350
431 3253 131 350
564 3253 280 350
846 3253 805 350
188 3346 26 96
53 3348 30 100
53 3549 161 54
9 3605 42 352
53 3605 161 65
216 3605 42 352
260 3605 39 352
301 3605 41 352
344 3605 42 352
388 3605 42 352
431 3605 131 352
564 3605 280 352
846 3605 806 352
53 3720 28 105
189 3737 25 61
1682 2872 43 81
1727 2872 161 81
1890 2872 42 81
1934 2872 40 81
1975 2872 42 81
2018 2872 43 81
2062 2872 42 81
2106 2872 187 81
2295 2872 250 81
2546 2872 781 81
1682 2955 43 364
1727 2955 161 46
1890 2955 42 364
1934 2955 40 364
1975 2955 42 364
2018 2955 43 364
2062 2955 42 364
2106 2955 187 364
2295 2955 250 364
2546 2955 781 364
1841 3256 47 63
1727 3257 66 62
1682 3416 43 81
1727 3416 161 81
1890 3416 42 81
1934 3416 40 81
1975 3416 42 81
2018 3416 43 81
2062 3416 42 81
2106 3416 187 81
2295 3416 250 81
2546 3416 781 81
1682 3499 43 366
1727 3499 161 49
1890 3499 42 366
1934 3499 40 366
1975 3499 42 366
2018 3499 43 366
2062 3499 42 366
2106 3499 187 366
2295 3499 250 366
2546 3499 781 366
1825 3804 63 61
1727 3805 40 60
1682 3867 43 367
1727 3867 161 62
1890 3867 42 367
1934 3867 40 367
1975 3867 42 367
2018 3867 43 367
2062 3867 42 367
2106 3867 187 367
2295 3867 250 367
2546 3867 779 367
1727 3999 21 89
1827 4181 61 53
1727 4182 97 52
9 4031 43 80
54 4031 161 80
217 4031 42 80
261 4031 40 80
302 4031 42 80
345 4031 42 80
389 4031 42 80
433 4031 130 80
565 4031 284 80
851 4031 803 80
9 4113 43 366
54 4113 161 58
217 4113 42 366
261 4113 40 366
302 4113 42 366
345 4113 42 366
389 4113 42 366
433 4113 130 366
565 4113 284 366
851 4113 803 366
54 4207 23 128
180 4415 35 64
54 4416 55 63
110 4416 70 63
9 4481 43 367
54 4481 161 367
217 4481 42 367
261 4481 40 367
302 4481 42 367
345 4481 42 367
389 4481 42 367
433 4481 130 367
565 4481 284 367
851 4481 801 367
