6 411 70 69
78 411 206 69
285 411 207 69
494 411 95 69
591 411 63 69
656 411 97 69
755 411 98 69
854 411 202 69
1058 411 357 69
1416 411 960 69
6 481 70 269
286 481 206 269
494 481 95 269
591 481 63 269
656 481 97 269
755 481 98 269
854 481 202 269
1058 481 357 269
1416 481 960 269
6 751 70 268
286 751 206 268
494 751 95 268
591 751 63 268
656 751 97 268
755 751 98 268
854 751 202 268
1058 751 357 268
1416 751 960 268
78 825 31 194
255 837 29 182
6 1021 70 266
286 1021 206 266
494 1021 95 266
591 1021 63 266
656 1021 97 266
755 1021 98 266
854 1021 202 266
1058 1021 357 66
1416 1021 960 266
78 1090 34 29
1058 1092 337 195
248 1093 36 22
250 1116 34 115
78 1119 33 99
