301 679 68 98
371 679 51 98
424 679 52 98
478 679 53 98
533 679 53 98
588 679 355 98
4 680 51 97
57 680 243 97
945 681 423 96
1370 681 1946 96
4 779 51 283
301 779 68 283
371 779 51 283
424 779 52 283
478 779 53 283
533 779 53 283
588 779 355 283
945 779 423 283
1370 779 1946 283
4 1064 51 278
301 1064 68 278
371 1064 51 278
424 1064 52 278
478 1064 53 278
533 1064 53 278
588 1064 355 278
945 1064 423 278
1370 1064 1946 278
4 1344 51 287
301 1344 68 287
371 1344 51 287
424 1344 52 287
478 1344 53 287
533 1344 53 287
588 1344 355 287
945 1344 423 287
1370 1344 1946 287
4 1633 51 288
301 1633 68 288
371 1633 51 288
424 1633 52 288
478 1633 53 288
533 1633 53 288
588 1633 355 288
945 1633 423 288
1370 1633 1946 288
57 1700 42 27
301 2047 68 98
371 2047 51 98
424 2047 52 98
478 2047 53 98
533 2047 53 98
588 2047 355 98
945 2047 423 98
1370 2047 1946 98
4 2048 51 97
57 2048 243 97
4 2146 51 283
57 2146 243 138
301 2146 68 283
371 2146 51 283
424 2146 52 283
478 2146 53 283
533 2146 53 283
588 2146 355 283
945 2146 423 283
1370 2146 1946 283
4 2431 51 279
301 2431 68 279
371 2431 51 279
424 2431 52 279
478 2431 53 279
533 2431 53 279
588 2431 355 279
945 2431 423 279
1370 2431 1946 279
4 2711 51 288
301 2711 68 288
371 2711 51 288
424 2711 52 288
478 2711 53 288
533 2711 53 288
588 2711 355 288
945 2711 423 288
1370 2711 1946 288
4 3000 51 290
301 3000 68 289
371 3000 51 289
424 3000 52 289
478 3000 53 289
533 3000 53 289
588 3000 355 289
945 3000 423 287
1370 3000 1946 287
4 3487 51 97
57 3487 243 97
301 3487 68 97
371 3487 51 97
424 3487 52 97
478 3487 53 97
533 3487 53 97
588 3487 355 97
945 3487 409 97
1356 3487 1960 97
4 3585 51 295
301 3585 68 295
371 3585 51 295
424 3585 52 295
478 3585 53 295
533 3585 53 295
588 3585 355 295
945 3585 409 295
1356 3585 1960 295
4 3881 51 290
301 3881 68 290
371 3881 51 290
424 3881 52 290
478 3881 53 290
533 3881 53 290
588 3881 355 290
945 3881 409 290
1356 3881 1960 290
4 4291 51 97
57 4291 243 97
301 4291 68 97
371 4291 51 97
424 4291 52 97
478 4291 53 97
533 4291 53 97
588 4291 355 97
945 4291 409 97
1356 4291 1960 97
4 4389 51 291
301 4389 68 291
371 4389 51 291
424 4389 52 291
478 4389 53 291
533 4389 53 291
588 4389 355 291
945 4389 409 291
1356 4389 1960 291
