11 81 2087 178
11 261 2087 175
11 438 77 55
90 438 191 55
283 438 223 55
509 438 139 55
650 438 68 55
720 438 105 55
827 438 114 55
943 438 192 55
1138 438 310 55
1451 438 647 55
11 495 77 357
90 495 191 66
283 495 223 357
509 495 139 357
650 495 68 357
720 495 105 357
827 495 114 357
943 495 192 357
1138 495 310 357
1451 495 647 357
90 621 29 130
144 802 111 50
11 854 77 357
90 854 191 59
283 854 223 357
509 854 139 357
650 854 68 357
720 854 105 357
827 854 114 357
943 854 192 357
1138 854 310 357
1451 854 647 357
250 984 31 111
90 985 39 96
250 1095 30 116
11 1214 2087 1608
