1920 181 130 24
974 270 49 43
1283 272 119 62
2741 274 48 34
2793 275 48 32
1122 277 124 21
2243 285 120 31
798 298 65 40
871 299 64 40
172 309 110 24
974 315 49 31
653 323 100 81
1920 337 130 24
495 350 109 71
821 363 114 32
3033 546 51 30
2586 548 41 28
3039 602 58 27
150 1017 55 47
458 1017 288 47
747 1017 308 47
88 1018 61 45
1057 1018 840 46
207 1020 250 44
88 1065 61 371
150 1065 55 371
207 1065 250 263
458 1065 69 97
747 1065 308 371
1057 1065 840 371
528 1073 218 88
458 1164 69 67
528 1165 218 64
458 1233 69 67
528 1235 218 64
458 1302 69 66
528 1303 218 63
458 1370 69 66
528 1374 218 61
88 1437 61 369
150 1438 55 368
458 1438 69 98
1057 1438 840 368
747 1441 308 365
528 1442 218 93
458 1537 69 67
528 1541 218 61
458 1606 69 66
528 1608 218 62
458 1674 69 68
528 1675 218 61
458 1743 69 63
528 1744 218 61
1987 1022 60 46
2357 1022 288 46
2647 1022 301 46
2105 1023 251 44
2949 1026 478 41
2049 1028 55 40
1987 1069 60 742
2647 1069 301 372
2049 1070 55 371
2105 1070 251 97
2357 1070 69 97
2427 1070 218 97
2949 1071 478 369
2357 1169 69 66
2427 1169 218 66
2105 1170 251 65
2357 1237 69 68
2427 1237 218 68
2105 1241 251 60
2105 1306 251 50
2357 1306 69 67
2427 1306 218 67
2357 1375 69 66
2427 1375 218 66
2105 1415 251 24
2049 1443 55 365
2357 1443 69 98
2427 1443 218 98
2647 1443 301 249
2105 1444 251 44
2949 1445 478 365
2357 1542 69 67
2427 1542 218 67
2357 1611 69 66
2427 1611 218 66
2357 1679 69 67
2427 1679 218 67
2646 1692 302 118
2105 1706 68 21
2357 1747 69 64
2427 1747 218 64
1987 1817 60 367
2357 1817 69 96
2427 1817 218 96
2646 1817 302 96
2105 1818 251 95
2949 1818 478 363
2049 1820 55 364
2357 1915 69 68
2427 1915 218 68
2646 1915 302 68
2105 1916 251 67
2357 1984 69 67
2427 1984 218 67
2646 1984 302 67
2105 1988 251 63
2105 2053 251 67
2357 2053 69 66
2427 2053 218 66
2646 2053 302 67
2357 2121 69 63
2427 2121 218 63
2646 2121 302 63
2105 2125 251 58
1987 2192 60 741
2049 2192 55 369
2105 2192 251 24
2357 2192 69 95
2427 2192 218 95
2646 2192 302 95
2949 2197 478 363
2646 2288 302 68
2357 2289 69 66
2427 2289 218 66
2357 2357 69 67
2427 2357 218 67
2646 2357 302 67
2357 2425 69 68
2427 2425 218 68
2646 2425 302 68
2357 2494 69 67
2427 2494 218 67
2646 2494 302 66
2049 2563 55 369
2105 2563 251 52
2357 2563 69 98
2427 2563 218 98
2646 2564 302 97
2949 2564 478 366
2357 2662 69 67
2427 2662 218 67
2646 2662 302 67
2646 2730 302 68
2357 2731 69 66
2427 2731 218 66
2357 2799 69 67
2427 2799 218 67
2646 2799 302 67
2646 2867 302 65
2357 2868 69 64
2427 2868 218 64
1987 2940 60 739
2357 2940 69 93
2427 2940 218 93
2646 2940 302 94
2949 2941 478 363
2049 2942 55 366
2357 3035 69 67
2427 3035 218 67
2646 3035 302 67
2357 3103 69 68
2427 3103 218 68
2646 3103 302 68
2646 3172 302 68
2357 3173 69 66
2427 3173 218 67
2357 3241 69 66
2427 3241 218 67
2646 3241 302 66
2049 3310 55 369
2105 3310 251 55
2357 3310 69 97
2427 3310 218 97
2646 3310 302 97
2949 3311 478 367
2357 3409 69 66
2427 3409 218 66
2646 3409 302 67
2357 3477 69 67
2427 3477 218 67
2646 3477 302 135
2357 3545 69 67
2427 3545 218 67
2357 3614 69 65
2427 3614 218 65
2646 3614 302 65
150 2014 55 46
207 2014 250 46
458 2014 288 46
1051 2014 847 46
88 2015 61 44
747 2015 303 44
150 2061 55 372
207 2061 250 21
1051 2061 847 372
88 2062 61 745
458 2062 69 97
747 2063 303 365
528 2074 218 83
427 2155 30 44
458 2160 69 67
528 2164 218 63
207 2184 31 46
428 2199 29 27
458 2229 69 68
528 2230 218 66
458 2298 69 67
528 2304 218 59
458 2367 69 66
528 2369 218 63
150 2435 55 372
207 2435 250 24
458 2435 69 97
1051 2435 847 372
528 2436 218 93
747 2436 303 370
458 2534 69 67
528 2536 218 62
458 2603 69 66
528 2604 218 64
458 2671 69 67
528 2672 218 63
458 2739 69 68
528 2740 218 65
88 2808 61 372
150 2809 55 371
207 2809 250 24
458 2809 69 96
747 2809 303 370
1051 2809 847 371
528 2810 218 95
458 2907 69 68
528 2908 218 65
458 2976 69 67
528 2977 218 64
458 3045 69 66
528 3048 218 62
458 3113 69 67
528 3115 218 64
88 3181 61 369
1051 3181 847 150
150 3182 55 368
458 3182 69 97
528 3183 218 89
747 3194 303 355
458 3280 69 67
528 3281 218 65
1051 3347 847 203
458 3349 69 67
528 3350 218 65
458 3417 69 68
528 3419 218 64
458 3487 69 63
528 3488 218 61
85 3745 70 72
156 3745 105 71
262 3745 313 72
576 3745 670 72
1248 3745 245 72
85 3818 70 946
156 3818 105 43
262 3818 313 43
576 3818 670 43
1248 3818 245 43
156 3863 105 43
262 3863 313 43
576 3863 670 43
1248 3863 245 43
156 3908 105 43
262 3908 313 43
576 3908 670 43
1248 3908 245 43
156 3953 105 43
262 3953 313 43
576 3953 670 43
1248 3953 245 43
156 3998 105 44
262 3998 313 44
576 3998 670 44
1248 3998 245 44
156 4044 105 43
262 4044 313 43
576 4044 670 43
1248 4044 245 43
156 4089 105 43
262 4089 313 43
576 4089 670 43
1248 4089 245 43
156 4134 105 43
262 4134 313 43
576 4134 670 43
1248 4134 245 43
156 4179 105 43
262 4179 313 43
576 4179 670 43
1248 4179 245 43
156 4224 105 43
262 4224 313 43
576 4224 670 43
1248 4224 245 43
156 4269 105 43
262 4269 313 43
576 4269 670 43
1248 4269 245 43
156 4314 105 44
262 4314 313 44
576 4314 670 44
1248 4314 245 44
156 4360 105 43
262 4360 313 43
576 4360 670 43
1248 4360 245 43
156 4405 105 43
262 4405 313 43
576 4405 670 43
1248 4405 245 43
156 4450 105 43
262 4450 313 43
576 4450 670 43
1248 4450 245 43
156 4495 105 43
262 4495 313 43
576 4495 670 43
1248 4495 245 43
156 4540 105 43
262 4540 313 43
576 4540 670 43
1248 4540 245 43
156 4585 105 43
262 4585 313 43
576 4585 670 43
1248 4585 245 43
156 4630 105 44
262 4630 313 44
576 4630 670 44
1248 4630 245 44
156 4675 105 44
262 4675 313 44
576 4675 670 44
1248 4675 245 44
156 4721 105 39
262 4721 313 39
576 4721 670 41
1248 4721 245 41
1776 3896 916 42
2694 3896 598 42
1776 3940 183 45
1960 3940 732 45
2694 3940 127 45
2823 3940 469 45
1776 3987 183 44
1960 3987 732 44
2694 3987 127 44
2823 3987 469 44
1776 4033 183 45
1960 4033 732 45
2694 4033 127 45
2823 4033 469 45
1776 4079 183 45
1960 4079 732 45
2694 4079 127 45
2823 4079 469 45
1776 4126 183 45
1960 4126 732 45
2694 4126 127 45
2823 4126 469 45
1776 4172 183 42
1960 4172 732 42
2694 4172 127 42
2823 4172 469 42
