23 23 2845 264
23 293 2845 247
23 546 2845 108
23 659 97 80
125 659 352 80
482 659 108 80
596 659 98 80
700 659 77 80
783 659 101 80
889 659 99 80
994 659 269 80
1268 659 590 80
1863 659 1005 80
23 744 97 448
125 744 352 448
482 744 108 448
596 744 98 448
700 744 77 448
783 744 101 448
889 744 99 448
994 744 269 448
1268 744 590 448
1863 744 1005 448
23 1198 97 448
125 1198 352 448
482 1198 108 448
596 1198 98 448
700 1198 77 448
783 1198 101 448
889 1198 99 448
994 1198 269 448
1268 1198 590 448
1863 1198 1005 448
23 1651 97 2409
125 1651 352 2409
482 1651 108 2409
596 1651 98 2409
700 1651 77 2409
783 1651 101 2409
889 1651 99 2409
994 1651 269 2409
1268 1651 135 2409
1415 1651 443 2409
1863 1651 1005 2409
