106 90 2851 276
106 368 2851 225
106 595 102 85
210 595 252 85
464 595 241 85
707 595 89 85
798 595 66 85
866 595 123 85
991 595 195 85
1188 595 239 85
1429 595 438 85
1869 595 1088 85
106 682 102 336
210 682 252 23
464 682 241 336
707 682 89 336
798 682 66 336
866 682 123 336
991 682 195 336
1188 682 239 336
1429 682 438 336
1869 682 1088 336
106 1021 2851 2569
106 3590 1495 315
1604 3593 1353 57
1604 3651 133 67
1738 3651 399 67
2138 3651 373 67
2512 3651 445 67
1604 3719 133 86
1738 3719 399 86
2138 3719 373 86
2512 3719 445 86
1604 3806 133 96
1738 3806 399 95
2138 3806 373 95
2512 3806 445 95
106 3905 2851 312
