1571 60 77 32
809 61 29 58
1699 61 31 25
1735 61 31 25
2162 61 31 25
2197 61 32 25
2546 61 31 25
2581 61 32 25
1346 62 88 37
572 69 38 31
626 69 40 31
2384 82 58 33
1567 97 85 61
397 99 23 23
586 100 24 78
626 100 26 78
1166 106 50 21
1988 106 49 21
518 109 31 68
1134 114 32 36
1955 114 33 36
2377 120 33 37
2415 120 35 37
904 133 28 41
1452 133 28 41
701 134 22 25
1025 135 75 42
2270 218 22 36
2096 238 49 52
2610 241 62 37
2832 253 35 21
2700 264 57 25
192 795 62 176
256 795 66 176
324 795 263 176
588 795 79 176
669 795 55 176
726 795 59 176
787 795 62 176
851 795 62 176
915 795 229 176
1146 795 380 176
1528 795 1500 176
193 973 61 1163
256 973 66 387
588 973 79 387
669 973 55 387
726 973 59 387
787 973 62 387
851 973 62 387
915 973 229 387
1146 973 380 387
1528 973 1500 387
542 1057 45 200
324 1058 32 199
256 1362 66 389
588 1362 79 389
669 1362 55 389
726 1362 59 389
787 1362 62 389
851 1362 62 389
915 1362 229 389
1146 1362 380 389
1528 1362 1498 389
561 1447 26 48
324 1449 33 55
324 1510 29 150
256 1753 66 383
588 1753 79 383
669 1753 55 383
726 1753 59 383
787 1753 62 383
851 1753 62 383
915 1753 229 383
1146 1753 380 383
1528 1753 1498 383
324 1868 21 189
193 2333 61 176
256 2333 66 176
324 2333 268 176
594 2333 71 176
667 2333 57 176
726 2333 59 176
787 2333 62 176
851 2333 62 176
915 2333 230 176
1147 2333 472 176
1621 2333 1407 176
193 2511 61 670
256 2511 66 335
594 2511 71 335
667 2511 57 335
726 2511 59 335
787 2511 62 335
851 2511 62 335
915 2511 230 335
1147 2511 472 335
1621 2511 1407 335
324 2593 55 186
538 2600 54 124
324 2796 48 47
257 2848 65 333
324 2848 268 303
594 2848 71 333
667 2848 57 333
726 2848 59 333
787 2848 62 333
851 2848 62 333
915 2848 230 333
1147 2848 472 333
1621 2848 1405 333
