16 17 2832 208
16 226 2832 246
16 474 109 110
126 474 362 110
489 474 84 110
574 474 84 110
659 474 84 110
745 474 83 110
830 474 83 110
915 474 395 110
1311 474 566 110
1878 474 970 110
16 585 109 441
126 585 362 441
489 585 84 441
574 585 84 441
659 585 84 441
745 585 83 441
830 585 83 441
915 585 395 441
1311 585 566 441
1878 585 970 441
16 1028 109 438
126 1028 362 438
489 1028 84 438
574 1028 84 438
659 1028 84 438
745 1028 83 438
830 1028 83 438
915 1028 395 438
1311 1028 566 438
1878 1028 970 438
16 1472 1416 2691
1436 1472 1412 2691
