23 22 2857 365
23 388 2857 255
23 644 94 82
118 644 271 82
390 644 101 82
492 644 118 82
611 644 67 82
679 644 129 82
810 644 129 82
940 644 271 82
1212 644 435 82
1649 644 1231 82
23 731 94 607
118 731 271 607
390 731 101 607
492 731 118 607
611 731 67 607
679 731 129 607
810 731 129 607
940 731 271 607
1212 731 435 607
1649 731 1231 607
23 1339 94 609
118 1339 271 609
390 1339 101 609
492 1339 118 609
611 1339 67 609
679 1339 129 609
810 1339 129 609
940 1339 271 609
1212 1339 435 609
1649 1339 1231 609
23 1949 94 609
118 1949 271 609
390 1949 101 609
492 1949 118 609
611 1949 67 609
679 1949 129 609
810 1949 129 609
940 1949 271 609
1212 1949 435 609
1649 1949 1231 609
23 2559 94 609
118 2559 271 609
390 2559 101 609
492 2559 118 609
611 2559 67 609
679 2559 129 609
810 2559 129 609
940 2559 271 609
1212 2559 435 609
1649 2559 1231 609
23 3169 94 606
118 3169 271 606
390 3169 101 606
492 3169 118 606
611 3169 67 606
679 3169 129 606
810 3169 129 606
940 3169 271 606
1212 3169 435 606
1649 3169 1231 606
23 3780 2857 217
