12 12 2890 236
12 250 2890 219
12 471 129 106
142 471 339 106
483 471 100 106
585 471 89 106
675 471 89 106
766 471 89 106
857 471 89 106
947 471 225 106
1174 471 367 106
1543 471 1359 106
12 579 129 1444
142 579 339 1444
483 579 100 1444
585 579 89 1444
675 579 89 1444
766 579 89 1444
857 579 89 1444
947 579 225 1444
1174 579 367 1444
1543 579 1359 1444
1487 3798 196 55
1684 3798 322 55
2007 3798 526 55
2535 3798 113 55
2649 3798 224 55
1487 3854 196 52
1684 3854 322 52
2007 3854 526 52
2535 3854 113 52
2649 3854 224 52
1487 3907 196 51
1684 3907 322 51
2007 3907 526 51
2535 3907 113 51
2649 3907 224 51
1487 3960 196 51
1684 3960 322 51
2007 3960 526 51
2535 3960 113 51
2649 3960 224 51
