179 198 2851 57
179 258 87 82
269 258 213 82
485 258 76 82
564 258 99 82
666 258 60 82
728 258 100 82
831 258 99 82
933 258 263 82
1199 258 388 82
1590 258 1440 82
179 343 87 281
269 343 213 281
485 343 76 281
564 343 99 281
666 343 60 281
728 343 100 281
831 343 99 281
933 343 263 281
1199 343 388 281
1590 343 1440 281
179 626 87 281
269 626 213 281
485 626 76 281
564 626 99 281
666 626 60 281
728 626 100 281
831 626 99 281
933 626 263 281
1199 626 388 281
1590 626 1440 281
179 910 87 281
269 910 213 281
485 910 76 281
564 910 99 281
666 910 60 281
728 910 100 281
831 910 99 281
933 910 263 281
1199 910 388 281
1590 910 1440 281
179 1193 2851 71
179 1267 87 281
269 1267 213 281
485 1267 76 281
564 1267 99 281
666 1267 60 281
728 1267 100 281
831 1267 99 281
933 1267 263 281
1199 1267 388 281
1590 1267 1440 281
179 1551 87 280
269 1551 213 280
485 1551 76 280
564 1551 99 280
666 1551 60 280
728 1551 100 280
831 1551 99 280
933 1551 263 280
1199 1551 388 280
1590 1551 1440 280
179 1834 2851 71
179 1908 87 278
269 1908 213 278
485 1908 76 278
564 1908 99 278
666 1908 60 278
728 1908 100 278
831 1908 99 278
933 1908 263 278
1199 1908 388 278
1590 1908 1440 278
179 2188 87 278
269 2188 213 278
485 2188 76 278
564 2188 99 278
666 2188 60 278
728 2188 100 278
831 2188 99 278
933 2188 263 278
1199 2188 388 278
1590 2188 1440 278
179 2469 2851 71
179 2543 87 277
269 2543 213 277
485 2543 76 277
564 2543 99 277
666 2543 60 277
728 2543 100 277
831 2543 99 277
933 2543 263 277
1199 2543 388 277
1590 2543 1440 277
179 2823 87 278
269 2823 213 278
485 2823 76 278
564 2823 99 278
666 2823 60 278
728 2823 100 278
831 2823 99 278
933 2823 263 278
1199 2823 388 278
1590 2823 1440 278
179 3104 2851 71
179 3178 87 277
269 3178 213 277
485 3178 76 277
564 3178 99 277
666 3178 60 277
728 3178 100 277
831 3178 99 277
933 3178 263 277
1199 3178 388 277
1590 3178 1440 277
179 3458 87 278
269 3458 213 278
485 3458 76 278
564 3458 99 278
666 3458 60 278
728 3458 100 278
831 3458 99 278
933 3458 263 278
1199 3458 388 278
1590 3458 1440 278
179 3739 2851 71
179 3813 87 277
269 3813 213 277
485 3813 76 277
564 3813 99 277
666 3813 60 277
728 3813 100 277
831 3813 99 277
933 3813 263 277
1199 3813 388 277
1590 3813 1440 277
179 4093 87 278
269 4093 213 278
485 4093 76 278
564 4093 99 278
666 4093 60 278
728 4093 100 278
831 4093 99 278
933 4093 263 278
1199 4093 388 278
1590 4093 1440 278
