9 67 2031 209
9 280 2031 158
9 447 2031 51
9 500 56 55
68 500 196 55
266 500 190 55
459 500 83 55
544 500 54 55
600 500 83 55
686 500 94 55
782 500 185 55
969 500 287 55
1258 500 782 55
9 557 56 470
68 557 196 470
266 557 190 470
459 557 83 470
544 557 54 470
600 557 83 470
686 557 94 470
782 557 185 470
969 557 287 470
1258 557 782 470
9 1030 56 470
68 1030 196 470
266 1030 190 470
459 1030 83 470
544 1030 54 470
600 1030 83 470
686 1030 94 470
782 1030 185 470
969 1030 287 470
1258 1030 782 470
9 1503 56 470
68 1503 196 470
266 1503 190 470
459 1503 83 470
544 1503 54 470
600 1503 83 470
686 1503 94 470
782 1503 185 470
969 1503 287 470
1258 1503 782 470
9 1975 56 471
68 1975 196 471
266 1975 190 471
459 1975 83 471
544 1975 54 471
600 1975 83 471
686 1975 94 471
782 1975 185 471
969 1975 287 471
1258 1975 782 471
9 2448 56 467
68 2448 196 467
266 2448 190 467
459 2448 83 467
544 2448 54 467
600 2448 83 467
686 2448 94 467
782 2448 185 467
969 2448 287 467
1258 2448 782 467
