128 128 2834 311
128 445 2834 274
128 726 113 93
247 726 255 93
508 726 141 93
656 726 113 93
776 726 112 93
895 726 141 93
1042 726 142 93
1190 726 226 93
1423 726 509 93
1939 726 1023 93
128 825 113 340
247 825 255 339
508 825 141 340
656 825 113 340
776 825 112 340
895 825 141 340
1042 825 142 340
1190 825 226 340
1423 825 509 340
1939 825 1023 340
128 1171 113 339
247 1171 255 340
508 1171 141 340
656 1171 113 339
776 1171 112 340
895 1171 141 339
1042 1171 142 339
1190 1171 226 340
1423 1171 509 340
1939 1171 1023 340
128 1518 113 339
247 1518 255 339
508 1518 141 339
656 1518 113 339
776 1518 112 339
895 1518 141 339
1042 1518 142 339
1190 1518 226 339
1423 1518 509 339
1939 1518 1023 339
128 1863 1408 2471
1542 1863 1420 2471
