9 67 2031 209
9 280 2031 158
9 447 2031 54
9 503 56 54
68 503 196 54
266 503 190 54
459 503 83 54
544 503 54 54
600 503 83 54
686 503 94 54
782 503 185 54
969 503 287 54
1258 503 782 54
9 560 56 335
68 560 196 335
266 560 190 335
459 560 83 335
544 560 54 335
600 560 83 335
686 560 94 335
782 560 185 335
969 560 287 335
1258 560 782 335
9 897 56 335
68 897 196 335
266 897 190 335
459 897 83 335
544 897 54 335
600 897 83 335
686 897 94 335
782 897 185 335
969 897 287 335
1258 897 782 335
9 1234 56 335
68 1234 196 335
266 1234 190 335
459 1234 83 335
544 1234 54 335
600 1234 83 335
686 1234 94 335
782 1234 185 335
969 1234 287 335
1258 1234 782 335
9 1572 56 335
68 1572 196 335
266 1572 190 335
459 1572 83 335
544 1572 54 335
600 1572 83 335
686 1572 94 335
782 1572 185 335
969 1572 287 335
1258 1572 782 335
9 1909 56 335
68 1909 196 335
266 1909 190 335
459 1909 83 335
544 1909 54 335
600 1909 83 335
686 1909 94 335
782 1909 185 335
969 1909 287 335
1258 1909 782 335
9 2246 56 335
68 2246 196 335
266 2246 190 335
459 2246 83 335
544 2246 54 335
600 2246 83 335
686 2246 94 335
782 2246 185 335
969 2246 287 335
1258 2246 782 335
9 2584 56 331
68 2584 196 331
266 2584 190 331
459 2584 83 331
544 2584 54 331
600 2584 83 331
686 2584 94 331
782 2584 185 331
969 2584 287 331
1258 2584 782 331
