26 122 2894 156
27 279 2893 243
26 525 54 55
82 525 54 55
137 525 171 55
309 525 162 55
472 525 50 55
523 525 34 55
558 525 69 55
628 525 74 55
703 525 317 55
1021 525 445 55
1483 525 57 55
1541 525 54 55
1596 525 171 55
1768 525 162 55
1931 525 50 55
1982 525 34 55
2017 525 69 55
2087 525 74 55
2162 525 317 55
2480 525 440 55
26 581 54 1708
82 581 54 427
137 581 171 427
309 581 162 427
472 581 50 427
523 581 34 427
558 581 69 427
628 581 74 427
703 581 317 427
1021 581 445 427
1483 581 57 854
1541 581 54 281
1596 581 171 114
1768 581 162 427
1931 581 50 427
1982 581 34 427
2017 581 69 427
2087 581 74 427
2162 581 317 427
2480 581 440 427
1742 779 25 70
1541 862 53 146
1596 909 171 99
82 1009 54 426
137 1009 171 114
309 1009 162 426
472 1009 50 426
523 1009 34 426
558 1009 69 426
628 1009 74 426
703 1009 317 426
1021 1009 445 426
1541 1009 54 426
1596 1009 171 115
1768 1009 162 426
1931 1009 50 426
1982 1009 34 426
2017 1009 69 426
2087 1009 74 426
2162 1009 317 426
2480 1009 440 426
1736 1163 31 37
1596 1167 37 29
137 1171 33 90
280 1178 28 88
1596 1197 35 80
1737 1200 30 68
137 1337 93 98
246 1337 27 98
277 1337 31 98
1596 1337 171 98
82 1436 54 426
137 1436 171 98
309 1436 162 426
472 1436 50 426
523 1436 34 426
558 1436 69 426
628 1436 74 426
703 1436 317 426
1021 1436 445 426
1483 1436 57 2134
1541 1436 54 426
1596 1436 171 118
1768 1436 162 426
1931 1436 50 426
1982 1436 34 426
2017 1436 69 426
2087 1436 74 426
2162 1436 317 426
2480 1436 440 426
1723 1596 44 71
1596 1600 34 72
1596 1762 171 100
82 1863 54 426
137 1863 171 426
309 1863 162 426
472 1863 50 426
523 1863 34 426
558 1863 69 426
628 1863 74 426
703 1863 317 426
1021 1863 445 426
1541 1863 54 426
1596 1863 171 273
1768 1863 162 426
1931 1863 50 426
1982 1863 34 426
2017 1863 69 426
2087 1863 74 426
2162 1863 317 426
2480 1863 440 426
1602 2167 159 122
26 2290 54 1707
82 2290 54 426
137 2290 171 426
309 2290 162 426
472 2290 50 426
523 2290 34 426
558 2290 69 426
628 2290 74 426
703 2290 317 426
1021 2290 445 426
1541 2290 54 426
1596 2290 171 116
1768 2290 162 426
1931 2290 50 426
1982 2290 34 426
2017 2290 69 426
2087 2290 74 426
2162 2290 317 426
2480 2290 440 426
1596 2450 32 108
1734 2450 33 105
1596 2617 55 99
1700 2617 67 99
82 2717 54 282
137 2717 171 117
309 2717 162 426
472 2717 50 426
523 2717 34 426
558 2717 69 426
628 2717 74 426
703 2717 317 426
1021 2717 445 426
1541 2717 54 426
1596 2717 171 118
1768 2717 162 426
1931 2717 50 426
1982 2717 34 426
2017 2717 69 426
2087 2717 74 426
2162 2717 317 426
2480 2717 440 426
137 2868 33 31
1730 2870 37 30
1596 2872 38 30
275 2873 33 25
137 2902 28 82
279 2902 29 82
1740 2904 27 78
1596 2907 30 76
82 2999 53 144
1596 3049 171 94
82 3144 54 426
137 3144 171 113
309 3144 162 426
472 3144 50 426
523 3144 34 426
558 3144 69 426
628 3144 74 426
703 3144 317 426
1021 3144 445 426
1541 3144 54 426
1596 3144 171 119
1768 3144 162 426
1931 3144 50 426
1982 3144 34 426
2017 3144 69 426
2087 3144 74 426
2162 3144 317 426
2480 3144 440 426
137 3300 32 99
1596 3302 31 30
1730 3305 37 105
277 3309 31 87
1596 3338 26 69
137 3473 171 97
1596 3473 89 97
1686 3473 81 97
82 3571 54 426
137 3571 171 118
309 3571 162 426
472 3571 50 426
523 3571 34 426
558 3571 69 426
628 3571 74 426
703 3571 317 426
1021 3571 445 426
1483 3571 1437 139
1483 3711 1437 286
282 3734 26 111
137 3754 25 100
137 3898 87 99
226 3898 82 99
