121 521 2875 150
1567 675 42 111
1610 675 45 111
1656 675 207 111
1864 675 44 111
1909 675 44 111
1955 675 44 111
2001 675 43 111
2046 675 43 111
2090 675 236 111
2328 675 233 111
2563 675 433 111
121 676 43 110
165 676 44 110
211 676 204 110
416 676 44 110
462 676 43 110
507 676 44 110
552 676 44 110
598 676 44 110
643 676 233 110
878 676 233 110
1112 676 451 110
121 790 43 856
165 790 44 427
211 790 204 427
416 790 44 427
462 790 43 427
507 790 44 427
552 790 44 427
598 790 44 427
643 790 233 427
878 790 233 427
1112 790 451 427
1567 790 42 425
1610 790 45 425
1656 790 207 425
1864 790 44 425
1909 790 44 425
1955 790 44 425
2001 790 43 425
2046 790 43 425
2090 790 236 425
2328 790 233 425
2563 790 433 425
165 1219 44 427
211 1219 204 427
416 1219 44 427
462 1219 43 427
507 1219 44 427
552 1219 44 427
598 1219 44 427
643 1219 233 427
878 1219 233 427
1112 1219 451 427
1567 1220 42 855
1610 1220 45 427
1656 1220 207 427
1864 1220 44 427
1909 1220 44 427
1955 1220 44 427
2001 1220 43 427
2046 1220 43 427
2090 1220 236 427
2328 1220 233 427
2563 1220 433 427
1610 1648 45 427
1656 1648 207 427
1864 1648 44 427
1909 1648 44 427
1955 1648 44 427
2001 1648 43 427
2046 1648 43 427
2090 1648 236 427
2328 1648 233 427
2563 1648 433 427
121 1650 43 425
165 1650 44 425
211 1650 204 425
416 1650 44 425
462 1650 43 425
507 1650 44 425
552 1650 44 425
598 1650 44 425
643 1650 233 425
878 1650 233 425
1112 1650 451 425
1567 2079 42 426
1610 2079 45 426
1656 2079 207 426
1864 2079 44 426
1909 2079 44 426
1955 2079 44 426
2001 2079 43 426
2046 2079 43 426
2090 2079 236 426
2328 2079 233 426
2563 2079 433 426
121 2080 43 425
165 2080 44 425
211 2080 204 425
416 2080 44 425
462 2080 43 425
507 2080 44 425
552 2080 44 425
598 2080 44 425
643 2080 233 425
878 2080 233 425
1112 2080 451 425
1567 2509 42 426
1610 2509 45 426
1656 2509 207 426
1864 2509 44 426
1909 2509 44 426
1955 2509 44 426
2001 2509 43 426
2046 2509 43 426
2090 2509 236 426
2328 2509 233 426
2563 2509 433 426
121 2510 43 855
165 2510 44 427
211 2510 204 427
416 2510 44 427
462 2510 43 427
507 2510 44 427
552 2510 44 427
598 2510 44 427
643 2510 233 427
878 2510 233 427
1112 2510 451 427
165 2938 44 427
211 2938 204 427
416 2938 44 427
462 2938 43 427
507 2938 44 427
552 2938 44 427
598 2938 44 427
643 2938 233 427
878 2938 233 427
1112 2938 451 427
1567 2939 42 425
1610 2939 45 425
1656 2939 207 425
1864 2939 44 425
1909 2939 44 425
1955 2939 44 425
2001 2939 43 425
2046 2939 43 425
2090 2939 236 425
2328 2939 233 425
2563 2939 433 425
121 3369 43 426
165 3369 44 426
211 3369 204 426
416 3369 44 426
462 3369 43 426
507 3369 44 426
552 3369 44 426
598 3369 44 426
643 3369 233 426
878 3369 233 426
1112 3369 451 426
1567 3369 42 855
1610 3369 45 427
1656 3369 207 427
1864 3369 44 427
1909 3369 44 427
1955 3369 44 427
2001 3369 43 427
2046 3369 43 427
2090 3369 236 427
2328 3369 233 427
2563 3369 433 427
1610 3797 45 427
1656 3797 207 427
1864 3797 44 427
1909 3797 44 428
1955 3797 44 428
2001 3797 43 428
2046 3797 43 428
2090 3797 236 428
2328 3797 233 428
2563 3797 433 428
121 3799 43 425
165 3799 44 425
211 3799 204 425
416 3799 44 425
462 3799 43 425
507 3799 44 425
552 3799 44 425
598 3799 44 425
643 3799 233 425
878 3799 233 425
1112 3799 451 425
