5 590 52 92
59 590 297 92
357 590 59 92
418 590 51 92
471 590 53 92
525 590 54 92
581 590 53 92
635 590 315 92
952 590 513 92
1466 590 1853 92
5 684 52 385
59 684 297 243
357 684 59 385
418 684 51 385
471 684 53 385
525 684 54 385
581 684 53 385
635 684 315 385
952 684 513 385
1466 684 1853 385
5 1071 52 381
357 1071 59 271
418 1071 51 381
471 1071 53 381
525 1071 54 381
581 1071 53 381
635 1071 315 381
952 1071 513 381
1466 1071 1853 381
358 1342 58 34
357 1376 59 76
5 1557 52 95
59 1557 297 95
357 1557 59 95
418 1557 51 95
471 1557 53 95
525 1557 54 95
581 1557 53 95
635 1557 317 95
954 1557 512 95
1468 1557 1851 95
5 1654 52 328
357 1654 59 328
418 1654 51 328
471 1654 53 328
525 1654 54 328
581 1654 53 328
635 1654 317 328
954 1654 512 328
1468 1654 1851 328
5 1984 52 328
357 1984 59 328
418 1984 51 328
471 1984 53 328
525 1984 54 328
581 1984 53 328
635 1984 317 328
954 1984 512 328
1468 1984 1851 328
5 2314 52 322
357 2314 59 322
418 2314 51 322
471 2314 53 322
525 2314 54 322
581 2314 53 322
635 2314 317 322
954 2314 512 322
1468 2314 1851 322
5 2638 52 321
357 2638 59 321
418 2638 51 321
471 2638 53 321
525 2638 54 321
581 2638 53 321
635 2638 317 321
954 2638 512 321
1468 2638 1851 321
357 3119 59 97
418 3119 51 97
471 3119 53 97
525 3119 54 97
581 3119 53 97
635 3119 309 97
5 3120 52 96
59 3120 297 96
946 3120 524 96
1472 3120 1847 96
5 3218 52 326
59 3218 297 244
357 3218 59 326
418 3218 51 326
471 3218 53 326
525 3218 54 326
581 3218 53 326
635 3218 309 326
946 3218 524 326
1472 3218 1847 326
5 3545 52 324
357 3545 59 324
418 3545 51 324
471 3545 53 324
525 3545 54 324
581 3545 53 324
635 3545 309 324
946 3545 524 324
1472 3545 1847 324
5 3961 52 97
59 3961 297 97
357 3961 59 97
418 3961 51 97
471 3961 53 97
525 3961 54 97
581 3961 53 97
635 3961 309 97
946 3961 524 97
1472 3961 1847 97
5 4060 52 324
357 4060 59 324
418 4060 51 324
471 4060 53 324
525 4060 54 324
581 4060 53 324
635 4060 309 324
946 4060 524 324
1472 4060 1847 324
5 4470 52 96
59 4470 297 96
357 4470 59 96
418 4470 51 96
471 4470 53 96
525 4470 54 96
581 4470 53 96
635 4470 309 96
946 4470 524 96
1472 4470 1847 96
5 4568 52 325
357 4568 59 325
418 4568 51 325
471 4568 53 325
525 4568 54 325
581 4568 53 325
635 4568 309 325
946 4568 524 325
1472 4568 1847 325
59 4712 85 23
