172 192 2776 287
172 483 2776 166
172 652 40 94
215 652 210 94
428 652 82 94
513 652 70 94
586 652 54 94
643 652 66 94
712 652 69 94
784 652 107 94
894 652 161 94
1058 652 499 94
1560 652 42 94
1605 652 210 94
1818 652 82 94
1903 652 70 94
1976 652 54 94
2033 652 67 94
2103 652 68 94
2174 652 107 94
2284 652 161 94
2448 652 499 94
172 749 40 460
215 749 210 460
428 749 82 460
513 749 70 460
586 749 54 460
643 749 66 460
712 749 69 460
784 749 107 460
894 749 161 460
1058 749 499 460
1560 749 42 460
1605 749 210 460
1818 749 82 460
1903 749 70 460
1976 749 54 460
2033 749 67 460
2103 749 68 460
2174 749 107 460
2284 749 161 460
2448 749 499 460
172 1212 40 460
215 1212 210 460
428 1212 82 460
513 1212 70 460
586 1212 54 460
643 1212 66 460
712 1212 69 460
784 1212 107 460
894 1212 161 460
1058 1212 499 460
1560 1212 42 460
1605 1212 210 460
1818 1212 82 460
1903 1212 70 460
1976 1212 54 460
2033 1212 67 460
2103 1212 68 460
2174 1212 107 460
2284 1212 161 460
2448 1212 499 460
172 1675 40 460
215 1675 210 460
428 1675 82 460
513 1675 70 460
586 1675 54 460
643 1675 66 460
712 1675 69 460
784 1675 107 460
894 1675 161 460
1058 1675 499 460
1560 1675 42 460
1605 1675 210 460
1818 1675 82 460
1903 1675 70 460
1976 1675 54 460
2033 1675 67 460
2103 1675 68 460
2174 1675 107 460
2284 1675 161 460
2448 1675 499 460
172 2138 1385 2092
1560 2138 1388 2092
