9 64 1951 200
9 269 1951 151
9 429 1951 49
9 480 55 52
66 480 188 52
256 480 183 52
441 480 80 52
523 480 52 52
577 480 80 52
659 480 90 52
752 480 177 52
931 480 276 52
1209 480 751 52
9 535 55 376
66 535 188 376
256 535 183 376
441 535 80 376
523 535 52 376
577 535 80 376
659 535 90 376
752 535 177 376
931 535 276 376
1209 535 751 376
9 913 55 376
66 913 188 376
256 913 183 376
441 913 80 376
523 913 52 376
577 913 80 376
659 913 90 376
752 913 177 376
931 913 276 376
1209 913 751 376
9 1291 55 376
66 1291 188 376
256 1291 183 376
441 1291 80 376
523 1291 52 376
577 1291 80 376
659 1291 90 376
752 1291 177 376
931 1291 276 376
1209 1291 751 376
9 1669 55 376
66 1669 188 376
256 1669 183 376
441 1669 80 376
523 1669 52 376
577 1669 80 376
659 1669 90 376
752 1669 177 376
931 1669 276 376
1209 1669 751 376
9 2048 55 376
66 2048 188 376
256 2048 183 376
441 2048 80 376
523 2048 52 376
577 2048 80 376
659 2048 90 376
752 2048 177 376
931 2048 276 376
1209 2048 751 376
9 2426 55 372
66 2426 188 372
256 2426 183 372
441 2426 80 372
523 2426 52 372
577 2426 80 372
659 2426 90 372
752 2426 177 372
931 2426 276 372
1209 2426 751 372
