26 122 2895 156
26 279 2895 243
26 525 55 56
82 525 54 56
137 525 171 56
309 525 162 56
472 525 50 56
523 525 34 56
558 525 69 56
628 525 74 56
703 525 317 56
1021 525 445 56
1484 525 56 56
1541 525 54 56
1596 525 171 56
1768 525 162 56
1931 525 50 56
1982 525 34 56
2017 525 69 56
2087 525 74 56
2162 525 317 56
2480 525 441 56
26 582 55 1365
82 582 54 340
137 582 171 70
309 582 162 340
472 582 50 340
523 582 34 340
558 582 69 340
628 582 74 340
703 582 317 340
1021 582 445 340
1484 582 56 340
1541 582 54 340
1596 582 171 75
1768 582 162 340
1931 582 50 340
1982 582 34 340
2017 582 69 340
2087 582 74 340
2162 582 317 340
2480 582 441 340
1723 692 44 87
1596 694 44 85
137 720 37 58
273 721 35 60
137 864 38 58
284 864 24 58
1596 866 86 56
1683 866 84 56
82 923 54 340
137 923 171 73
309 923 162 340
472 923 50 340
523 923 34 340
558 923 69 340
628 923 74 340
703 923 317 340
1021 923 445 340
1484 923 56 682
1541 923 54 219
1596 923 171 70
1768 923 162 340
1931 923 50 340
1982 923 34 340
2017 923 69 340
2087 923 74 340
2162 923 317 340
2480 923 441 340
1596 1028 33 89
1727 1039 40 83
1541 1142 53 121
137 1207 78 56
239 1207 69 56
82 1264 54 341
137 1264 171 227
309 1264 162 341
472 1264 50 341
523 1264 34 341
558 1264 69 341
628 1264 74 341
703 1264 317 341
1021 1264 445 341
1541 1264 54 341
1596 1264 171 71
1768 1264 162 341
1931 1264 50 341
1982 1264 34 341
2017 1264 69 341
2087 1264 74 341
2162 1264 317 341
2480 1264 441 341
1596 1380 30 104
1742 1380 25 96
166 1492 142 25
221 1536 87 69
1596 1549 171 56
82 1606 54 341
137 1606 171 79
309 1606 162 341
472 1606 50 341
523 1606 34 341
558 1606 69 341
628 1606 74 341
703 1606 317 341
1021 1606 445 341
1484 1606 56 341
1541 1606 54 218
1596 1606 171 203
1768 1606 162 341
1931 1606 50 341
1982 1606 34 341
2017 1606 69 341
2087 1606 74 341
2162 1606 317 341
2480 1606 441 341
272 1716 36 31
137 1720 38 25
137 1745 37 202
276 1748 32 96
1632 1820 119 127
1541 1824 53 123
26 1948 55 683
82 1948 54 212
137 1948 171 66
309 1948 162 341
472 1948 50 341
523 1948 34 341
558 1948 69 341
628 1948 74 341
703 1948 317 341
1021 1948 445 341
1484 1948 56 1708
1541 1948 54 224
1596 1948 171 73
1768 1948 162 341
1931 1948 50 341
1982 1948 34 341
2017 1948 69 341
2087 1948 74 341
2162 1948 317 341
2480 1948 441 341
1596 2056 36 41
277 2063 31 86
1725 2063 42 26
137 2075 24 75
1732 2092 35 62
1596 2104 32 48
82 2160 53 129
1541 2172 53 117
137 2229 171 60
82 2290 54 341
137 2290 171 70
309 2290 162 341
472 2290 50 341
523 2290 34 341
558 2290 69 341
628 2290 74 341
703 2290 317 341
1021 2290 445 341
1541 2290 54 57
1596 2290 171 57
1768 2290 162 341
1931 2290 50 341
1982 2290 34 341
2017 2290 69 341
2087 2290 74 341
2162 2290 317 341
2480 2290 441 341
1541 2347 53 284
277 2395 31 30
137 2396 38 28
137 2426 34 79
282 2427 26 85
1596 2575 68 56
1674 2575 93 56
26 2632 55 1365
82 2632 54 340
137 2632 171 73
309 2632 162 340
472 2632 50 340
523 2632 34 340
558 2632 69 340
628 2632 74 340
703 2632 317 340
1021 2632 445 340
1541 2632 54 340
1596 2632 171 71
1768 2632 162 340
1931 2632 50 340
1982 2632 34 340
2017 2632 69 340
2087 2632 74 340
2162 2632 317 340
2480 2632 441 340
1734 2744 33 26
1596 2749 32 24
137 2750 37 88
268 2763 40 68
1596 2774 30 79
1739 2786 28 66
137 2915 171 57
1596 2915 171 57
82 2973 54 244
137 2973 171 71
309 2973 162 341
472 2973 50 341
523 2973 34 341
558 2973 69 341
628 2973 74 341
703 2973 317 341
1021 2973 445 341
1541 2973 54 341
1596 2973 171 341
1768 2973 162 341
1931 2973 50 341
1982 2973 34 341
2017 2973 69 341
2087 2973 74 341
2162 2973 317 341
2480 2973 441 341
270 3084 38 25
137 3093 27 112
271 3109 37 77
82 3217 53 97
137 3258 171 56
82 3315 54 341
137 3315 171 72
309 3315 162 341
472 3315 50 341
523 3315 34 341
558 3315 69 341
628 3315 74 341
703 3315 317 341
1021 3315 445 341
1541 3315 54 341
1596 3315 171 341
1768 3315 162 341
1931 3315 50 341
1982 3315 34 341
2017 3315 69 341
2087 3315 74 341
2162 3315 317 341
2480 3315 441 341
137 3431 26 103
82 3657 54 340
137 3657 171 197
309 3657 162 340
472 3657 50 340
523 3657 34 340
558 3657 69 340
628 3657 74 340
703 3657 317 340
1021 3657 445 340
1484 3657 1437 340
187 3855 73 142
