12 11 2080 179
12 194 2080 168
12 366 82 54
95 366 186 54
283 366 179 54
464 366 146 54
611 366 61 54
674 366 94 54
770 366 129 54
901 366 151 54
1054 366 327 54
1382 366 710 54
12 422 82 282
95 422 186 37
283 422 179 282
464 422 146 282
611 422 61 282
674 422 94 282
770 422 129 282
901 422 151 282
1054 422 327 282
1382 422 710 282
251 533 30 78
95 534 27 89
12 705 82 282
95 705 186 33
283 705 179 282
464 705 146 282
611 705 61 282
674 705 94 282
770 705 129 282
901 705 151 282
1054 705 327 282
1382 705 710 282
95 782 32 37
249 788 32 29
252 818 29 169
95 821 29 104
12 989 82 282
95 989 186 30
283 989 179 282
464 989 146 282
611 989 61 282
674 989 94 282
770 989 129 282
901 989 151 282
1054 989 327 282
1382 989 710 282
95 1066 34 30
255 1099 26 172
95 1105 29 93
12 1272 2080 1523
