115 699 51 68
167 699 195 68
364 699 59 68
425 699 51 68
478 699 52 68
532 699 53 68
587 699 53 68
642 699 242 68
885 699 415 68
1302 699 2125 68
115 769 51 240
364 769 59 240
425 769 51 240
478 769 52 240
532 769 53 240
587 769 53 240
642 769 242 240
885 769 415 240
1302 769 2125 240
167 809 53 31
322 815 40 32
167 844 48 59
323 847 39 73
115 1010 51 237
364 1010 59 237
425 1010 51 237
478 1010 52 237
532 1010 53 237
587 1010 53 237
642 1010 242 237
885 1010 415 237
1302 1010 2124 237
325 1075 37 172
170 1076 27 171
364 1358 59 68
425 1358 51 68
478 1358 52 68
532 1358 53 68
587 1358 53 68
642 1358 244 68
888 1358 412 68
1301 1358 2124 68
113 1359 53 67
167 1359 195 67
113 1427 53 241
364 1427 59 241
425 1427 51 241
478 1427 52 241
532 1427 53 241
587 1427 53 241
642 1427 244 241
888 1427 412 241
1301 1427 2124 241
167 1496 27 111
330 1500 32 105
113 1669 53 239
364 1669 59 239
425 1669 51 239
478 1669 52 239
532 1669 53 239
587 1669 53 239
642 1669 244 239
888 1669 412 239
1301 1669 2124 239
339 1739 23 119
167 1750 22 109
113 1910 53 240
364 1910 59 240
425 1910 51 240
478 1910 52 240
532 1910 53 240
587 1910 53 240
642 1910 244 240
888 1910 412 240
1301 1910 2124 240
167 1945 40 38
318 1955 44 29
167 1987 36 66
321 1987 41 67
114 2316 46 90
162 2316 195 90
358 2316 59 90
419 2316 51 90
472 2316 53 90
526 2316 54 90
581 2316 53 90
636 2316 256 90
894 2316 411 90
1307 2316 2119 90
114 2408 46 239
358 2408 59 239
419 2408 51 239
472 2408 53 239
526 2408 54 239
581 2408 53 239
636 2408 256 239
894 2408 411 239
1307 2408 2119 239
314 2466 43 22
162 2473 37 174
316 2489 41 158
114 2740 46 90
162 2740 195 90
358 2740 59 90
419 2740 51 90
472 2740 53 90
526 2740 54 90
581 2740 53 90
636 2740 256 90
894 2740 411 90
1307 2740 2119 90
114 2832 46 239
358 2832 59 239
419 2832 51 239
472 2832 53 239
526 2832 54 239
581 2832 53 239
636 2832 256 239
894 2832 411 239
1307 2832 2119 239
162 2877 42 29
315 2898 42 110
162 2906 41 100
113 3156 53 67
167 3156 195 67
364 3156 59 67
425 3156 51 67
478 3156 52 67
532 3156 53 67
587 3156 53 67
642 3156 250 67
894 3156 411 67
1307 3156 2118 67
113 3225 53 240
364 3225 59 240
425 3225 51 240
478 3225 52 240
532 3225 53 240
587 3225 53 240
642 3225 250 240
894 3225 411 240
1307 3225 2118 240
321 3280 41 118
167 3281 45 36
167 3317 44 76
113 3467 53 239
364 3467 59 239
425 3467 51 239
478 3467 52 239
532 3467 53 239
587 3467 53 239
642 3467 250 239
894 3467 411 239
1307 3467 2118 239
167 3524 36 112
325 3526 37 113
113 3708 53 239
364 3708 59 239
425 3708 51 239
478 3708 52 239
532 3708 53 239
587 3708 53 239
642 3708 250 239
894 3708 411 239
1307 3708 2118 239
328 3756 34 116
167 3761 36 108
113 4027 53 68
167 4027 195 68
364 4027 59 68
425 4027 51 68
478 4027 52 68
532 4027 53 68
587 4027 53 68
642 4027 250 68
894 4027 411 68
1307 4027 2118 68
113 4096 53 240
364 4096 59 240
425 4096 51 240
478 4096 52 240
532 4096 53 240
587 4096 53 240
642 4096 250 240
894 4096 411 240
1307 4096 2118 240
167 4150 33 47
333 4162 29 37
167 4201 29 79
340 4206 22 88
113 4338 53 239
364 4338 59 239
425 4338 51 239
478 4338 52 239
532 4338 53 239
587 4338 53 239
642 4338 250 239
894 4338 411 239
1307 4338 2118 239
320 4384 42 101
167 4385 41 22
167 4410 38 84
113 4579 53 240
364 4579 59 240
425 4579 51 240
478 4579 52 240
532 4579 53 240
587 4579 53 240
642 4579 250 240
894 4579 411 240
1307 4579 2118 240
167 4659 35 70
322 4660 40 67
