11 83 1977 353
11 440 82 49
96 440 181 49
279 440 220 49
502 440 90 28
595 440 56 49
654 440 120 49
777 440 130 49
909 440 199 49
1111 440 259 49
1373 440 615 49
11 492 82 376
96 492 181 75
279 492 220 376
502 492 90 376
595 492 56 376
654 492 120 376
777 492 130 376
909 492 199 376
1111 492 259 376
1373 492 615 376
96 802 181 66
11 871 82 373
96 871 181 80
279 871 220 373
502 871 90 373
595 871 56 373
654 871 120 373
777 871 130 373
909 871 199 373
1111 871 259 373
1373 871 615 373
96 1187 181 57
11 1248 1977 1544
