16 17 2832 208
16 226 2832 246
16 474 109 110
126 474 362 110
489 474 84 110
574 474 84 110
659 474 84 110
745 474 83 110
830 474 83 110
915 474 395 110
1311 474 566 110
1878 474 970 110
16 585 109 481
126 585 362 481
489 585 84 481
574 585 84 481
659 585 84 481
745 585 83 481
830 585 83 481
915 585 395 481
1311 585 566 481
1878 585 970 481
16 1067 109 481
126 1067 362 481
489 1067 84 481
574 1067 84 481
659 1067 84 481
745 1067 83 481
830 1067 83 481
915 1067 395 481
1311 1067 566 481
1878 1067 970 481
16 1549 109 479
126 1549 362 479
489 1549 84 479
574 1549 84 479
659 1549 84 479
745 1549 83 479
830 1549 83 479
915 1549 395 479
1311 1549 566 479
1878 1549 970 479
16 2033 1416 2130
1436 2033 1412 2130
