8 77 2883 273
8 352 2883 164
8 518 123 66
133 518 327 66
462 518 225 66
688 518 200 66
890 518 95 66
986 518 140 66
1127 518 186 66
1315 518 247 66
1564 518 463 66
2029 518 862 66
8 586 123 565
133 586 327 63
462 586 225 565
688 586 200 565
890 586 95 565
986 586 140 565
1127 586 186 565
1315 586 247 565
1564 586 463 565
2029 586 862 565
133 1100 327 51
8 1153 123 565
133 1153 327 351
462 1153 225 565
688 1153 200 565
890 1153 95 565
986 1153 140 565
1127 1153 186 565
1315 1153 247 565
1564 1153 463 565
2029 1153 862 565
133 1666 327 52
8 1733 1438 2446
1449 1733 1442 2446
