11 12 2892 345
11 359 2892 253
11 614 2892 100
11 716 73 77
86 716 310 77
398 716 100 77
500 716 83 77
585 716 83 77
670 716 83 77
755 716 83 77
840 716 225 77
1067 716 593 77
1662 716 1241 77
11 795 73 423
86 795 310 385
398 795 100 423
500 795 83 423
585 795 83 423
670 795 83 423
755 795 83 423
840 795 225 423
1067 795 593 423
1662 795 1241 423
11 1221 73 422
86 1221 310 22
398 1221 100 422
500 1221 83 422
585 1221 83 422
670 1221 83 422
755 1221 83 422
840 1221 225 422
1067 1221 593 422
1662 1221 1241 422
11 1646 2892 2493
