12 11 3254 249
12 261 3248 214
12 476 1619 58
1637 476 1629 78
12 535 45 68
58 535 140 68
199 535 56 68
256 535 44 68
301 535 39 68
341 535 39 68
381 535 44 68
426 535 90 68
517 535 194 68
712 535 919 68
1637 556 51 78
1689 556 39 78
1729 556 140 78
1870 556 56 78
1927 556 44 78
1972 556 45 78
2018 556 44 78
2063 556 44 78
2109 556 134 78
2245 556 225 78
2471 556 793 78
12 604 45 430
58 604 140 430
199 604 56 430
256 604 44 430
301 604 39 430
341 604 39 430
381 604 44 430
426 604 90 430
517 604 194 430
712 604 919 430
1637 635 51 391
1689 635 39 195
1870 635 56 195
1927 635 44 195
1972 635 45 195
2018 635 44 195
2063 635 44 195
2109 635 134 195
2245 635 225 195
2471 635 795 195
1844 684 25 68
1729 701 30 51
1689 831 39 195
1729 831 140 22
1870 831 56 195
1927 831 44 195
1972 831 45 195
2018 831 44 195
2063 831 44 195
2109 831 134 195
2245 831 225 195
2471 831 795 195
1848 913 21 69
1729 914 22 73
1637 1028 51 391
1689 1028 39 195
1729 1028 140 195
1870 1028 56 195
1927 1028 44 195
1972 1028 45 195
2018 1028 44 195
2063 1028 44 195
2109 1028 134 195
2245 1028 225 195
2471 1028 795 195
12 1035 45 429
58 1035 140 121
199 1035 56 121
256 1035 44 429
301 1035 39 429
341 1035 39 429
381 1035 44 429
426 1035 90 429
517 1035 194 429
712 1035 919 429
58 1156 113 308
200 1156 55 308
171 1157 27 307
1689 1224 39 195
1729 1224 140 142
1870 1224 56 195
1927 1224 44 195
1972 1224 45 195
2018 1224 44 195
2063 1224 44 195
2109 1224 134 195
2245 1224 225 195
2471 1224 795 195
1732 1366 137 23
1732 1389 136 30
1637 1421 51 391
1689 1421 39 195
1729 1421 140 195
1870 1421 56 195
1927 1421 44 195
1972 1421 45 195
2018 1421 44 195
2063 1421 44 195
2109 1421 134 195
2245 1421 225 195
2471 1421 795 195
12 1467 1619 74
12 1543 51 69
64 1543 39 69
104 1543 140 69
246 1543 55 69
302 1543 44 69
348 1543 44 69
393 1543 44 69
438 1543 45 69
484 1543 129 69
614 1543 226 69
841 1543 790 69
13 1614 50 1569
64 1614 39 195
104 1614 140 195
246 1614 55 195
302 1614 44 195
348 1614 44 195
393 1614 44 195
438 1614 45 195
484 1614 129 195
614 1614 226 195
841 1614 790 195
1689 1617 39 195
1729 1617 140 195
1870 1617 56 195
1927 1617 44 195
1972 1617 45 195
2018 1617 44 195
2063 1617 44 195
2109 1617 134 195
2245 1617 225 195
2471 1617 795 195
64 1810 39 195
104 1810 140 195
246 1810 55 195
302 1810 44 195
348 1810 44 195
393 1810 44 195
438 1810 45 195
484 1810 129 195
614 1810 226 195
841 1810 790 195
1637 1814 51 391
1689 1814 39 195
1729 1814 140 195
1870 1814 56 195
1927 1814 44 195
1972 1814 45 195
2018 1814 44 195
2063 1814 44 195
2109 1814 134 195
2245 1814 225 195
2471 1814 795 195
64 2006 39 196
246 2006 55 196
302 2006 44 196
348 2006 44 196
393 2006 44 196
438 2006 45 196
484 2006 129 196
614 2006 226 196
841 2006 790 196
1729 2010 140 139
1870 2010 56 140
1927 2010 44 195
1972 2010 45 195
2018 2010 44 195
2063 2010 44 195
2109 2010 134 195
2245 2010 225 195
2471 2010 795 195
1689 2016 38 189
1873 2150 53 55
1731 2169 134 36
64 2203 39 195
104 2203 140 195
246 2203 55 195
302 2203 44 195
348 2203 44 195
393 2203 44 195
438 2203 45 195
484 2203 129 195
614 2203 226 195
841 2203 790 195
1637 2207 51 587
1689 2207 39 195
1729 2207 140 195
1870 2207 56 195
1927 2207 44 195
1972 2207 45 195
2018 2207 44 195
2063 2207 44 195
2109 2207 134 195
2245 2207 225 195
2471 2207 795 195
64 2399 39 196
104 2399 140 196
246 2399 55 196
302 2399 44 196
348 2399 44 196
393 2399 44 196
438 2399 45 196
484 2399 129 196
614 2399 226 196
841 2399 790 196
1689 2403 39 195
1729 2403 140 195
1870 2403 56 195
1927 2403 44 195
1972 2403 45 195
2018 2403 44 195
2063 2403 44 195
2109 2403 134 195
2245 2403 225 195
2471 2403 795 195
64 2596 39 195
104 2596 140 195
246 2596 55 195
302 2596 44 195
348 2596 44 195
393 2596 44 195
438 2596 45 195
484 2596 129 195
614 2596 226 195
841 2596 790 195
1689 2599 39 195
1729 2599 140 195
1870 2599 56 195
1927 2599 44 195
1972 2599 45 195
2018 2599 44 195
2063 2599 44 195
2109 2599 134 195
2245 2599 225 195
2471 2599 795 195
64 2792 39 196
104 2792 140 196
246 2792 55 196
302 2792 44 196
348 2792 44 196
393 2792 44 196
438 2792 45 196
484 2792 129 196
614 2792 226 196
841 2792 790 196
1637 2796 51 391
1689 2796 39 195
1870 2796 56 195
1927 2796 44 195
1972 2796 45 195
2018 2796 44 195
2063 2796 44 195
2109 2796 134 195
2245 2796 225 195
2471 2796 795 195
1729 2842 27 28
1840 2843 29 84
1729 2870 26 59
64 2989 39 194
104 2989 140 194
246 2989 55 194
302 2989 44 194
348 2989 44 194
393 2989 44 194
438 2989 45 194
484 2989 129 194
614 2989 226 194
841 2989 790 194
1689 2992 39 195
1729 2992 140 195
1870 2992 56 195
1927 2992 44 195
1972 2992 45 195
2018 2992 44 195
2063 2992 44 195
2109 2992 134 195
2245 2992 225 195
2471 2992 795 195
13 3186 50 390
64 3186 39 194
104 3186 140 194
246 3186 55 194
302 3186 44 194
348 3186 44 194
393 3186 44 194
438 3186 45 194
484 3186 129 194
614 3186 226 194
841 3186 790 194
1637 3189 51 391
1689 3189 39 195
1729 3189 140 195
1870 3189 56 195
1927 3189 44 195
1972 3189 45 195
2018 3189 44 195
2063 3189 44 195
2109 3189 134 195
2245 3189 225 195
2471 3189 795 195
64 3382 39 194
104 3382 140 194
246 3382 55 194
302 3382 44 194
348 3382 44 194
393 3382 44 194
438 3382 45 194
484 3382 129 194
614 3382 226 194
841 3382 790 194
1689 3385 39 195
1870 3385 56 195
1927 3385 44 195
1972 3385 45 195
2018 3385 44 195
2063 3385 44 195
2109 3385 134 195
2245 3385 225 195
2471 3385 795 195
1839 3451 30 53
1729 3452 30 48
13 3579 50 390
64 3579 39 194
104 3579 140 194
246 3579 55 194
302 3579 44 194
348 3579 44 194
393 3579 44 194
438 3579 45 194
484 3579 129 194
614 3579 226 194
841 3579 790 194
1637 3582 51 391
1689 3582 39 195
1729 3582 140 195
1870 3582 56 195
1927 3582 44 195
1972 3582 45 195
2018 3582 44 195
2063 3582 44 195
2109 3582 134 195
2245 3582 225 195
2471 3582 795 195
64 3774 39 164
104 3774 140 142
246 3774 55 195
302 3774 44 195
348 3774 44 195
393 3774 44 195
438 3774 45 195
484 3774 129 195
614 3774 226 195
841 3774 790 195
1689 3778 39 195
1729 3778 140 195
1870 3778 56 195
1927 3778 44 195
1972 3778 45 195
2018 3778 44 195
2063 3778 44 195
2109 3778 134 195
2245 3778 225 195
2471 3778 795 195
137 3918 73 22
64 3938 38 31
13 3971 50 588
64 3971 39 195
104 3971 140 195
246 3971 55 195
302 3971 44 195
348 3971 44 195
393 3971 44 195
438 3971 45 195
484 3971 129 195
614 3971 226 195
841 3971 790 195
1637 3975 51 391
1689 3975 39 195
1870 3975 56 156
1927 3975 44 195
1972 3975 45 195
2018 3975 44 195
2063 3975 44 195
2109 3975 134 195
2245 3975 225 195
2471 3975 795 195
1843 4020 26 27
1729 4022 31 26
1847 4049 22 69
1729 4052 27 67
1872 4134 54 36
64 4167 39 196
104 4167 140 172
246 4167 55 196
302 4167 44 196
348 4167 44 196
393 4167 44 196
438 4167 45 196
484 4167 129 196
614 4167 226 196
841 4167 790 196
1689 4171 39 178
1870 4171 56 195
1927 4171 44 195
1972 4171 45 195
2018 4171 44 195
2063 4171 44 195
2109 4171 134 195
2245 4171 225 195
2471 4171 795 195
104 4339 131 24
64 4364 39 195
246 4364 55 195
302 4364 44 195
348 4364 44 195
393 4364 44 195
438 4364 45 195
484 4364 129 195
614 4364 226 195
841 4364 790 195
1637 4368 51 394
1689 4368 39 195
1729 4368 140 195
1870 4368 56 195
1927 4368 44 195
1972 4368 45 195
2018 4368 44 195
2063 4368 44 195
2109 4368 134 195
2245 4368 225 195
2471 4368 795 195
104 4411 23 29
223 4414 21 23
13 4561 1618 201
1689 4564 39 198
1729 4564 140 198
1870 4564 56 198
1927 4564 44 198
1972 4564 45 198
2018 4564 44 198
2063 4564 44 198
2109 4564 134 198
2245 4564 225 198
2471 4564 795 198
