105 201 2880 280
105 482 2880 206
105 690 44 75
151 690 49 75
202 690 180 75
384 690 62 75
448 690 62 75
512 690 62 75
576 690 62 75
704 690 126 75
831 690 228 75
1061 690 481 75
1548 690 47 75
1597 690 49 75
1648 690 179 75
1829 690 63 75
1893 690 63 75
1957 690 63 75
2021 690 63 75
2085 690 63 75
2150 690 129 75
2280 690 227 75
2509 690 476 75
640 722 62 43
105 767 44 266
151 767 49 266
384 767 62 266
448 767 62 266
512 767 62 266
576 767 62 266
640 767 62 266
704 767 126 266
831 767 228 266
1061 767 481 266
1548 767 47 266
1597 767 49 266
1648 767 179 266
1829 767 63 266
1893 767 63 266
1957 767 63 266
2021 767 63 266
2085 767 63 266
2150 767 129 266
2280 767 227 266
2509 767 476 266
105 1035 44 266
151 1035 49 266
384 1035 62 266
448 1035 62 266
512 1035 62 266
576 1035 62 266
640 1035 62 266
704 1035 126 266
831 1035 228 266
1061 1035 481 266
1548 1035 47 534
1597 1035 49 266
1829 1035 63 266
1893 1035 63 266
1957 1035 63 266
2021 1035 63 266
2085 1035 63 266
2150 1035 129 266
2280 1035 227 266
2509 1035 476 266
105 1303 44 266
151 1303 49 266
384 1303 62 266
448 1303 62 266
512 1303 62 266
576 1303 62 266
640 1303 62 266
704 1303 126 266
831 1303 228 266
1061 1303 481 266
1597 1303 49 266
1648 1303 179 266
1829 1303 63 266
1893 1303 63 266
1957 1303 63 266
2021 1303 63 266
2085 1303 63 266
2150 1303 129 266
2280 1303 227 266
2509 1303 476 266
105 1571 44 266
151 1571 49 266
384 1571 62 266
448 1571 62 266
512 1571 62 266
576 1571 62 266
640 1571 62 266
704 1571 126 266
831 1571 228 266
1061 1571 481 266
1548 1571 47 534
1597 1571 49 266
1829 1571 63 266
1893 1571 63 266
1957 1571 63 266
2021 1571 63 266
2085 1571 63 266
2150 1571 129 266
2280 1571 227 266
2509 1571 476 266
1803 1611 24 23
105 1839 44 266
151 1839 49 266
202 1839 180 266
384 1839 62 266
448 1839 62 266
512 1839 62 266
576 1839 62 266
640 1839 62 266
704 1839 126 266
831 1839 228 266
1061 1839 481 266
1597 1839 49 266
1648 1839 179 173
1829 1839 63 266
1893 1839 63 266
1957 1839 63 266
2021 1839 63 266
2085 1839 63 266
2150 1839 129 266
2280 1839 227 266
2509 1839 476 266
1648 2071 179 34
105 2106 44 802
151 2106 49 267
202 2106 180 267
384 2106 62 267
448 2106 62 267
512 2106 62 267
576 2106 62 267
640 2106 62 267
704 2106 126 267
831 2106 228 267
1061 2106 481 267
1548 2106 47 534
1597 2106 49 267
1648 2106 179 267
1829 2106 63 267
1893 2106 63 267
1957 2106 63 267
2021 2106 63 267
2085 2106 63 267
2150 2106 129 267
2280 2106 227 267
2509 2106 476 267
151 2374 49 266
384 2374 62 266
448 2374 62 266
512 2374 62 266
576 2374 62 266
640 2374 62 266
704 2374 126 266
831 2374 228 266
1061 2374 481 266
1597 2374 49 266
1829 2374 63 266
1893 2374 63 266
1957 2374 63 266
2021 2374 63 266
2085 2374 63 266
2150 2374 129 266
2280 2374 227 266
2509 2374 476 266
1648 2423 31 28
151 2642 49 266
384 2642 62 266
448 2642 62 266
512 2642 62 266
576 2642 62 266
640 2642 62 266
704 2642 126 266
831 2642 228 266
1061 2642 481 266
1548 2642 47 266
1597 2642 49 266
1648 2642 179 266
1829 2642 63 266
1893 2642 63 266
1957 2642 63 266
2021 2642 63 266
2085 2642 63 266
2150 2642 129 266
2280 2642 227 266
2509 2642 476 266
105 2910 44 534
151 2910 49 266
384 2910 62 266
448 2910 62 266
512 2910 62 266
576 2910 62 266
640 2910 62 266
704 2910 126 266
831 2910 228 266
1061 2910 481 266
1548 2910 47 534
1597 2910 49 266
1829 2910 63 266
1893 2910 63 266
1957 2910 63 266
2021 2910 63 266
2085 2910 63 266
2150 2910 129 266
2280 2910 227 266
2509 2910 476 266
151 3178 49 266
202 3178 180 266
384 3178 62 266
448 3178 62 266
512 3178 62 266
576 3178 62 266
640 3178 62 266
704 3178 126 266
831 3178 228 266
1061 3178 481 266
1597 3178 49 266
1829 3178 63 266
1893 3178 63 266
1957 3178 63 266
2021 3178 63 266
2085 3178 63 266
2150 3178 129 266
2280 3178 227 266
2509 3178 476 266
1648 3229 23 22
105 3446 44 797
151 3446 49 266
384 3446 62 266
448 3446 62 266
512 3446 62 266
576 3446 62 266
640 3446 62 266
704 3446 126 266
831 3446 228 266
1061 3446 481 266
1548 3446 47 266
1597 3446 49 266
1829 3446 63 266
1893 3446 63 266
1957 3446 63 266
2021 3446 63 266
2085 3446 63 266
2150 3446 129 266
2280 3446 227 266
2509 3446 476 266
151 3714 49 266
202 3714 180 266
384 3714 62 266
448 3714 62 266
512 3714 62 266
576 3714 62 266
640 3714 62 266
704 3714 126 266
831 3714 228 266
1061 3714 481 266
1548 3714 47 529
1597 3714 49 266
1648 3714 179 266
1829 3714 63 266
1893 3714 63 266
1957 3714 63 266
2021 3714 63 266
2085 3714 63 266
2150 3714 129 266
2280 3714 227 266
2509 3714 476 266
151 3982 49 261
384 3982 62 261
448 3982 62 261
512 3982 62 261
576 3982 62 261
640 3982 62 261
704 3982 126 261
831 3982 228 261
1061 3982 481 261
1597 3982 49 261
1648 3982 179 215
1829 3982 63 261
1893 3982 63 261
1957 3982 63 261
2021 3982 63 261
2085 3982 63 261
2150 3982 129 261
2280 3982 227 261
2509 3982 476 261
