714 55 31 31
1079 55 32 31
1298 55 32 31
1956 55 31 31
620 58 50 25
332 60 41 36
258 73 47 27
179 124 54 31
545 124 53 31
112 157 46 21
6 414 70 69
78 414 206 69
285 414 207 69
494 414 95 69
591 414 63 69
656 414 97 69
755 414 98 69
854 414 202 69
1058 414 357 69
1416 414 960 69
6 484 70 269
286 484 206 269
494 484 95 269
591 484 63 269
656 484 97 269
755 484 98 269
854 484 202 269
1058 484 357 269
1416 484 960 269
6 754 70 265
286 754 206 265
494 754 95 265
591 754 63 265
656 754 97 265
755 754 98 265
854 754 202 265
1058 754 357 265
1416 754 960 265
78 874 37 31
