9 67 2031 209
9 280 2031 158
9 447 56 51
68 447 196 51
266 447 190 51
459 447 83 51
544 447 54 51
600 447 83 51
686 447 94 51
782 447 185 51
969 447 287 51
1258 447 782 51
9 500 56 548
68 500 196 548
266 500 190 548
459 500 83 548
544 500 54 548
600 500 83 548
686 500 94 548
782 500 185 548
969 500 287 548
1258 500 782 548
9 1050 56 548
68 1050 196 548
266 1050 190 548
459 1050 83 548
544 1050 54 548
600 1050 83 548
686 1050 94 548
782 1050 185 548
969 1050 287 548
1258 1050 782 548
9 1600 56 544
68 1600 196 544
266 1600 190 544
459 1600 83 544
544 1600 54 544
600 1600 83 544
686 1600 94 544
782 1600 185 544
969 1600 287 544
1258 1600 782 544
9 2153 2031 762
