6 697 90 135
98 697 280 132
380 697 81 135
462 697 60 135
524 697 62 135
588 697 64 135
654 697 63 135
719 697 371 135
1092 697 515 135
1609 697 1707 135
6 833 90 349
380 833 81 349
462 833 60 349
524 833 62 349
588 833 64 349
654 833 63 349
719 833 371 349
1092 833 515 349
1609 833 1707 349
98 908 59 21
297 1045 81 28
6 1183 90 353
98 1183 280 353
380 1183 81 353
462 1183 60 353
524 1183 62 353
588 1183 64 353
654 1183 63 353
719 1183 371 353
1092 1183 515 353
1609 1183 1707 353
6 1538 90 348
380 1538 81 348
462 1538 60 348
524 1538 62 348
588 1538 64 348
654 1538 63 348
719 1538 371 348
1092 1538 515 348
1609 1538 1707 348
6 1888 90 349
380 1888 81 349
462 1888 60 349
524 1888 62 349
588 1888 64 349
654 1888 63 349
719 1888 371 349
1092 1888 515 349
1609 1888 1707 349
6 2384 90 134
98 2384 280 134
380 2384 81 134
462 2384 60 134
524 2384 62 134
588 2384 64 134
654 2384 63 134
719 2384 371 134
1092 2384 515 134
1609 2384 1707 134
6 2520 90 284
380 2520 81 347
462 2520 60 347
524 2520 62 347
588 2520 64 347
654 2520 63 347
719 2520 371 347
1092 2520 515 347
1609 2520 1707 347
6 2804 89 63
6 3065 90 135
98 3065 280 135
380 3065 81 135
462 3065 60 135
524 3065 62 135
588 3065 64 135
654 3065 63 135
719 3065 371 135
1092 3065 515 135
1609 3065 1707 135
6 3202 90 348
380 3202 81 348
462 3202 60 348
524 3202 62 348
588 3202 64 348
654 3202 63 348
719 3202 371 348
1092 3202 515 348
1609 3202 1707 348
6 3552 90 350
98 3552 280 272
380 3552 81 350
462 3552 60 350
524 3552 62 350
588 3552 64 350
654 3552 63 350
719 3552 371 350
1092 3552 515 350
1609 3552 1707 350
