105 91 2851 276
105 369 2851 224
105 596 95 77
202 596 240 77
444 596 225 77
671 596 89 77
762 596 66 77
830 596 123 77
955 596 189 77
1146 596 287 77
1435 596 402 77
1839 596 1117 77
105 675 95 341
202 675 240 42
444 675 225 341
671 675 89 341
762 675 66 341
830 675 123 341
955 675 189 341
1146 675 287 341
1435 675 402 341
1839 675 1117 341
202 786 40 22
105 1018 95 341
202 1018 240 44
444 1018 225 341
671 1018 89 341
762 1018 66 341
830 1018 123 341
955 1018 189 341
1146 1018 287 341
1435 1018 402 341
1839 1018 1117 341
105 1363 2851 2145
105 3508 1490 396
1598 3511 1357 55
1598 3567 133 68
1732 3567 382 68
2115 3567 389 68
2505 3567 450 68
1598 3636 133 88
1732 3636 382 88
2115 3636 389 88
2505 3636 450 88
1598 3725 133 88
1732 3725 382 88
2115 3725 389 88
2505 3725 450 88
1598 3814 133 87
1732 3814 382 87
2115 3814 389 87
2505 3814 450 87
105 3904 2851 313
