8 77 2883 273
8 352 2883 164
8 518 123 66
133 518 327 66
462 518 225 66
688 518 200 66
890 518 95 66
986 518 140 66
1127 518 186 66
1314 518 248 66
1564 518 463 66
2029 518 862 66
8 586 123 565
133 586 327 565
462 586 225 565
688 586 200 565
890 586 95 565
986 586 140 565
1127 586 186 565
1314 586 248 565
1564 586 463 565
2029 586 862 565
8 1153 123 565
133 1153 327 98
462 1153 225 565
688 1153 200 565
890 1153 95 565
986 1153 140 565
1127 1153 186 565
1314 1153 248 565
1564 1153 463 565
2029 1153 862 565
133 1423 61 28
133 1665 327 53
8 1733 1438 2446
1449 1733 1442 2446
