9 77 2856 270
9 349 2856 162
9 513 121 66
132 513 324 66
458 513 223 66
683 513 198 66
882 513 94 66
978 513 138 66
1118 513 183 66
1303 513 245 66
1550 513 459 66
2011 513 854 66
9 581 121 560
132 581 324 400
458 581 223 560
683 581 198 560
882 581 94 560
978 581 138 560
1118 581 183 560
1303 581 245 560
1550 581 459 560
2011 581 854 560
132 1018 324 28
132 1057 324 84
9 1142 121 560
132 1142 324 96
458 1142 223 560
683 1142 198 560
882 1142 94 560
978 1142 138 560
1118 1142 183 560
1303 1142 245 560
1550 1142 459 560
2011 1142 854 560
363 1456 93 21
132 1654 324 48
9 1718 1424 2423
1436 1718 1429 2423
