20 21 2900 137
20 159 2900 218
20 380 47 54
68 380 50 54
119 380 155 54
275 380 119 54
396 380 47 54
444 380 23 54
468 380 63 54
532 380 61 54
594 380 172 54
767 380 177 54
1476 380 45 54
1522 380 50 54
1573 380 156 54
1730 380 119 54
1850 380 47 54
1898 380 24 54
1923 380 63 54
1987 380 61 54
2049 380 172 54
2222 380 176 54
2399 380 521 54
945 381 518 53
21 435 46 2844
68 435 50 258
119 435 155 40
275 435 119 258
396 435 47 258
444 435 23 258
468 435 63 258
532 435 61 258
594 435 172 258
767 435 177 258
945 435 518 258
1476 435 45 2068
1522 435 50 258
1573 435 156 205
1730 435 119 258
1850 435 47 258
1898 435 24 258
1923 435 63 258
1987 435 61 258
2049 435 172 258
2222 435 176 258
2399 435 521 258
237 511 37 35
119 516 30 100
1579 640 150 30
119 670 149 23
1580 670 149 23
68 694 50 258
119 694 155 258
275 694 119 258
396 694 47 258
444 694 23 258
468 694 63 258
532 694 61 258
594 694 172 258
767 694 177 258
945 694 518 258
1522 694 50 258
1573 694 156 258
1730 694 119 258
1850 694 47 258
1898 694 24 258
1923 694 63 258
1987 694 61 258
2049 694 172 258
2222 694 176 258
2399 694 521 258
68 953 50 257
119 953 155 40
275 953 119 257
396 953 47 257
444 953 23 257
468 953 63 257
532 953 61 257
594 953 172 257
767 953 177 257
945 953 518 257
1522 953 50 257
1573 953 156 37
1730 953 119 257
1850 953 47 257
1898 953 24 257
1923 953 63 257
1987 953 61 257
2049 953 172 257
2222 953 176 257
2399 953 521 257
240 1024 34 186
119 1025 36 79
1573 1033 30 22
1702 1036 27 174
1573 1060 27 62
124 1179 29 31
166 1179 50 31
1573 1179 80 31
68 1211 50 258
119 1211 155 226
275 1211 119 258
396 1211 47 258
444 1211 23 258
468 1211 63 258
532 1211 61 258
594 1211 172 258
767 1211 177 258
945 1211 518 258
1522 1211 50 258
1573 1211 156 37
1730 1211 119 258
1850 1211 47 258
1898 1211 24 258
1923 1211 63 258
1987 1211 61 258
2049 1211 172 258
2222 1211 176 258
2399 1211 521 258
122 1437 152 32
1573 1442 154 27
69 1470 49 257
119 1470 155 38
275 1470 119 257
396 1470 47 257
444 1470 23 257
468 1470 63 257
532 1470 61 257
594 1470 172 257
767 1470 177 257
945 1470 518 257
1522 1470 50 257
1573 1470 156 37
1730 1470 119 257
1850 1470 47 257
1898 1470 24 257
1923 1470 63 257
1987 1470 61 257
2049 1470 172 257
2222 1470 176 257
2399 1470 521 257
1573 1537 29 108
1696 1538 33 32
119 1571 30 62
241 1571 33 60
1699 1574 30 63
119 1704 88 23
210 1704 62 23
1573 1706 68 21
1642 1706 85 21
68 1728 50 258
119 1728 155 46
275 1728 119 258
396 1728 47 258
444 1728 23 258
468 1728 63 258
532 1728 61 258
594 1728 172 258
767 1728 177 258
945 1728 518 258
1522 1728 50 258
1573 1728 156 204
1730 1728 119 258
1850 1728 47 258
1898 1728 24 258
1923 1728 63 258
1987 1728 61 258
2049 1728 172 258
2222 1728 176 258
2399 1728 521 258
241 1808 33 81
119 1809 29 86
1605 1932 124 54
1573 1958 26 28
119 1959 64 27
214 1959 58 27
68 1987 50 258
119 1987 155 45
275 1987 119 258
396 1987 47 258
444 1987 23 258
468 1987 63 258
532 1987 61 258
594 1987 172 258
767 1987 177 258
945 1987 518 258
1522 1987 50 258
1573 1987 156 44
1730 1987 119 258
1850 1987 47 258
1898 1987 24 258
1923 1987 63 258
1987 1987 61 258
2049 1987 172 258
2222 1987 176 258
2399 1987 521 258
119 2070 33 94
246 2075 28 87
1573 2079 27 70
1694 2079 35 63
1573 2216 154 29
119 2218 83 27
205 2218 34 27
68 2246 50 257
119 2246 155 198
275 2246 119 257
396 2246 47 257
444 2246 23 257
468 2246 63 257
532 2246 61 257
594 2246 172 257
767 2246 177 257
945 2246 518 257
1522 2246 50 257
1573 2246 156 192
1730 2246 119 257
1850 2246 47 257
1898 2246 24 257
1923 2246 63 257
1987 2246 61 257
2049 2246 172 257
2222 2246 176 257
2399 2246 521 257
1607 2470 122 33
135 2471 139 32
1575 2476 32 27
68 2504 50 258
119 2504 155 258
275 2504 119 258
396 2504 47 258
444 2504 23 258
468 2504 63 258
532 2504 61 258
594 2504 172 258
767 2504 177 258
945 2504 518 258
1476 2504 45 775
1522 2504 50 258
1573 2504 156 258
1730 2504 119 258
1850 2504 47 258
1898 2504 24 258
1923 2504 63 258
1987 2504 61 258
2049 2504 172 258
2222 2504 176 258
2399 2504 521 258
68 2763 50 257
119 2763 155 257
275 2763 119 257
396 2763 47 257
444 2763 23 257
468 2763 63 257
532 2763 61 257
594 2763 172 257
767 2763 177 257
945 2763 518 257
1522 2763 50 257
1573 2763 156 257
1730 2763 119 257
1850 2763 47 257
1898 2763 24 257
1923 2763 63 257
1987 2763 61 257
2049 2763 172 257
2222 2763 176 257
2399 2763 521 257
68 3021 50 258
119 3021 155 43
275 3021 119 258
396 3021 47 258
444 3021 23 258
468 3021 63 258
532 3021 61 258
594 3021 172 258
767 3021 177 258
945 3021 518 258
1522 3021 50 258
1573 3021 156 34
1730 3021 119 258
1850 3021 47 258
1898 3021 24 258
1923 3021 63 258
1987 3021 61 258
2049 3021 172 258
2222 3021 176 258
2399 3021 521 258
1704 3098 25 33
1660 3254 67 25
1573 3255 60 24
20 3280 47 775
68 3280 50 257
119 3280 155 30
275 3280 119 257
396 3280 47 257
444 3280 23 257
468 3280 63 257
532 3280 61 257
594 3280 172 257
767 3280 177 257
945 3280 518 257
1476 3280 45 775
1522 3280 50 257
1573 3280 156 44
1730 3280 119 257
1850 3280 47 257
1898 3280 24 257
1923 3280 63 257
1987 3280 61 257
2049 3280 172 257
2222 3280 176 257
2399 3280 521 257
1573 3354 30 21
1692 3369 37 58
1573 3375 29 58
119 3512 44 25
182 3512 90 25
1573 3516 154 21
68 3539 50 257
119 3539 155 182
275 3539 119 257
396 3539 47 257
444 3539 23 257
468 3539 63 257
532 3539 61 257
594 3539 172 257
767 3539 177 257
945 3539 518 257
1522 3539 50 257
1573 3539 156 34
1730 3539 119 257
1850 3539 47 257
1898 3539 24 257
1923 3539 63 257
1987 3539 61 257
2049 3539 172 257
2222 3539 176 257
2399 3539 521 257
1693 3606 36 27
1573 3607 33 24
1573 3632 31 71
1695 3634 34 64
159 3721 115 38
163 3765 111 31
141 3766 22 30
1573 3767 154 29
68 3797 50 258
119 3797 155 41
275 3797 119 258
396 3797 47 258
444 3797 23 258
468 3797 63 258
532 3797 61 258
594 3797 172 258
767 3797 177 258
945 3797 518 258
1522 3797 50 258
1573 3797 156 32
1730 3797 119 258
1850 3797 47 258
1898 3797 24 258
1923 3797 63 258
1987 3797 61 258
2049 3797 172 258
2222 3797 176 258
2399 3797 521 258
181 3861 28 35
1637 3862 22 24
1695 3871 34 80
1573 3872 28 81
185 3897 24 70
1573 4011 64 44
1671 4011 56 44
119 4026 153 29
