25 1031 54 45
80 1031 61 45
142 1031 274 45
417 1031 273 45
25 1077 54 588
80 1077 61 21
142 1077 274 21
417 1077 273 21
80 1100 61 21
142 1100 274 21
417 1100 273 21
80 1122 61 22
142 1122 274 22
417 1122 273 22
80 1145 61 21
142 1145 274 21
417 1145 273 21
80 1168 61 21
142 1168 274 21
417 1168 273 21
80 1190 61 22
142 1190 274 22
417 1190 273 22
80 1213 61 21
142 1213 274 21
417 1213 273 21
80 1236 61 21
142 1236 274 21
417 1236 273 21
80 1259 61 21
142 1259 274 21
417 1259 273 21
80 1281 61 21
142 1281 274 21
417 1281 273 21
80 1304 61 21
142 1304 274 21
417 1304 273 21
80 1327 61 21
142 1327 274 21
417 1327 273 21
80 1349 61 21
142 1349 274 21
417 1349 273 21
80 1372 61 21
142 1372 274 21
417 1372 273 21
80 1395 61 21
142 1395 274 21
417 1395 273 21
80 1417 61 22
142 1417 274 22
417 1417 273 22
80 1440 61 21
142 1440 274 21
417 1440 273 21
80 1463 61 21
142 1463 274 21
417 1463 273 21
80 1485 61 22
142 1485 274 22
417 1485 273 22
80 1508 61 21
142 1508 274 21
417 1508 273 21
80 1531 61 21
142 1531 274 21
417 1531 273 21
80 1553 61 22
142 1553 274 22
417 1553 273 22
80 1576 61 21
142 1576 274 21
417 1576 273 21
80 1599 61 21
142 1599 274 21
417 1599 273 21
80 1621 61 22
142 1621 274 22
417 1621 273 22
80 1644 61 21
142 1644 274 21
417 1644 273 21
25 1667 54 497
80 1667 61 21
142 1667 274 21
417 1667 273 21
80 1689 61 22
142 1689 274 22
417 1689 273 22
80 1712 61 21
142 1712 274 21
417 1712 273 21
80 1735 61 21
142 1735 274 21
417 1735 273 21
80 1757 61 22
142 1757 274 22
417 1757 273 22
80 1780 61 21
142 1780 274 21
417 1780 273 21
80 1803 61 21
142 1803 274 21
417 1803 273 21
80 1825 61 22
142 1825 274 22
417 1825 273 22
80 1848 61 21
142 1848 274 21
417 1848 273 21
80 1871 61 21
142 1871 274 21
417 1871 273 21
80 1893 61 22
142 1893 274 22
417 1893 273 22
80 1916 61 21
142 1916 274 21
417 1916 273 21
80 1939 61 21
142 1939 274 21
417 1939 273 21
80 1962 61 21
142 1962 274 21
417 1962 273 21
80 1984 61 21
142 1984 274 21
417 1984 273 21
80 2007 61 21
142 2007 274 21
417 2007 273 21
80 2030 61 21
142 2030 274 21
417 2030 273 21
80 2052 61 21
142 2052 274 21
417 2052 273 21
80 2075 61 21
142 2075 274 21
417 2075 273 21
80 2098 61 21
142 2098 274 21
417 2098 273 21
80 2120 61 22
142 2120 274 22
417 2120 273 22
80 2143 61 21
142 2143 274 21
417 2143 273 21
25 2166 54 338
80 2166 61 21
142 2166 274 21
417 2166 273 21
80 2188 61 22
142 2188 274 22
417 2188 273 22
80 2211 61 21
142 2211 274 21
417 2211 273 21
80 2234 61 21
142 2234 274 21
417 2234 273 21
80 2256 61 22
142 2256 274 22
417 2256 273 22
80 2279 61 21
142 2279 274 21
417 2279 273 21
80 2302 61 21
142 2302 274 21
417 2302 273 21
80 2324 61 22
142 2324 274 22
417 2324 273 22
80 2347 61 21
142 2347 274 21
417 2347 273 21
80 2370 61 21
142 2370 274 21
417 2370 273 21
80 2392 61 22
142 2392 274 22
417 2392 273 22
80 2415 61 21
142 2415 274 21
417 2415 273 21
80 2438 61 21
142 2438 274 21
417 2438 273 21
80 2460 61 22
142 2460 274 22
417 2460 273 22
80 2483 61 21
142 2483 274 21
417 2483 273 21
25 2506 54 270
80 2506 61 21
142 2506 274 21
417 2506 273 21
80 2528 61 22
142 2528 274 22
417 2528 273 22
80 2551 61 21
142 2551 274 21
417 2551 273 21
80 2574 61 21
142 2574 274 21
417 2574 273 21
80 2596 61 22
142 2596 274 22
417 2596 273 22
80 2619 61 21
142 2619 274 21
417 2619 273 21
80 2642 61 21
142 2642 274 21
417 2642 273 21
80 2665 61 21
142 2665 274 21
417 2665 273 21
80 2687 61 21
142 2687 274 21
417 2687 273 21
80 2710 61 21
142 2710 274 21
417 2710 273 21
80 2733 61 21
142 2733 274 21
417 2733 273 21
80 2755 61 21
142 2755 274 21
417 2755 273 21
25 2778 54 610
80 2778 61 21
142 2778 274 21
417 2778 273 21
80 2801 61 21
142 2801 274 21
417 2801 273 21
80 2823 61 22
142 2823 274 22
417 2823 273 22
80 2846 61 21
142 2846 274 21
417 2846 273 21
80 2869 61 21
142 2869 274 21
417 2869 273 21
80 2891 61 22
142 2891 274 22
417 2891 273 22
80 2914 61 21
142 2914 274 21
417 2914 273 21
80 2937 61 21
142 2937 274 21
417 2937 273 21
80 2959 61 22
142 2959 274 22
417 2959 273 22
80 2982 61 21
142 2982 274 21
417 2982 273 21
80 3005 61 21
142 3005 274 21
417 3005 273 21
80 3027 61 22
142 3027 274 22
417 3027 273 22
80 3050 61 21
142 3050 274 21
417 3050 273 21
80 3073 61 21
142 3073 274 21
417 3073 273 21
80 3095 61 22
142 3095 274 22
417 3095 273 22
80 3118 61 21
142 3118 274 21
417 3118 273 21
80 3141 61 21
142 3141 274 21
417 3141 273 21
80 3163 61 22
142 3163 274 22
417 3163 273 22
80 3186 61 21
142 3186 274 21
417 3186 273 21
80 3209 61 21
142 3209 274 21
417 3209 273 21
80 3231 61 22
142 3231 274 22
417 3231 273 22
80 3254 61 21
142 3254 274 21
417 3254 273 21
80 3277 61 21
142 3277 274 21
417 3277 273 21
80 3299 61 22
142 3299 274 22
417 3299 273 22
80 3322 61 21
142 3322 274 21
417 3322 273 21
80 3345 61 21
142 3345 274 21
417 3345 273 21
80 3367 61 21
142 3367 274 21
417 3367 273 21
25 3390 54 611
80 3390 61 21
142 3390 274 21
417 3390 273 21
80 3413 61 21
142 3413 274 21
417 3413 273 21
80 3436 61 21
142 3436 274 21
417 3436 273 21
80 3458 61 21
142 3458 274 21
417 3458 273 21
80 3481 61 21
142 3481 274 21
417 3481 273 21
80 3504 61 21
142 3504 274 21
417 3504 273 21
80 3526 61 21
142 3526 274 21
417 3526 273 21
80 3549 61 21
142 3549 274 21
417 3549 273 21
80 3572 61 21
142 3572 274 21
417 3572 273 21
80 3594 61 22
142 3594 274 22
417 3594 273 22
80 3617 61 21
142 3617 274 21
417 3617 273 21
80 3640 61 21
142 3640 274 21
417 3640 273 21
80 3662 61 22
142 3662 274 22
417 3662 273 22
80 3685 61 21
142 3685 274 21
417 3685 273 21
80 3708 61 21
142 3708 274 21
417 3708 273 21
80 3730 61 22
142 3730 274 22
417 3730 273 22
80 3753 61 21
142 3753 274 21
417 3753 273 21
80 3776 61 21
142 3776 274 21
417 3776 273 21
80 3798 61 22
142 3798 274 22
417 3798 273 22
80 3821 61 21
142 3821 274 21
417 3821 273 21
80 3844 61 21
142 3844 274 21
417 3844 273 21
80 3866 61 22
142 3866 274 22
417 3866 273 22
80 3889 61 21
142 3889 274 21
417 3889 273 21
80 3912 61 21
142 3912 274 21
417 3912 273 21
80 3934 61 22
142 3934 274 22
417 3934 273 22
80 3957 61 21
142 3957 274 21
417 3957 273 21
80 3980 61 21
142 3980 274 21
417 3980 273 21
731 1031 53 45
786 1031 61 45
848 1031 273 45
1123 1031 273 45
731 1077 53 401
786 1077 61 21
848 1077 273 21
1123 1077 273 21
786 1099 61 21
848 1099 273 21
1123 1099 273 21
786 1122 61 21
848 1122 273 21
1123 1122 273 21
786 1144 61 21
848 1144 273 21
1123 1144 273 21
786 1189 61 21
848 1189 273 21
1123 1189 273 21
786 1211 61 21
848 1211 273 21
1123 1211 273 21
786 1234 61 21
848 1234 273 21
1123 1234 273 21
786 1256 61 21
848 1256 273 21
1123 1256 273 21
786 1278 61 21
848 1278 273 21
1123 1278 273 21
786 1301 61 21
848 1301 273 21
1123 1301 273 21
786 1323 61 21
848 1323 273 21
1123 1323 273 21
786 1345 61 21
848 1345 273 21
1123 1345 273 21
786 1368 61 21
848 1368 273 21
1123 1368 273 21
786 1390 61 21
848 1390 273 21
1123 1390 273 21
786 1412 61 21
848 1412 273 21
1123 1412 273 21
786 1435 61 21
848 1435 273 21
1123 1435 273 21
786 1457 61 21
848 1457 273 21
1123 1457 273 21
731 1479 53 535
786 1502 61 21
848 1502 273 21
1123 1502 273 21
786 1524 61 21
848 1524 273 21
1123 1524 273 21
786 1569 61 21
848 1569 273 21
1123 1569 273 21
786 1591 61 21
848 1591 273 21
1123 1591 273 21
786 1636 61 21
848 1636 273 21
1123 1636 273 21
786 1658 61 21
848 1658 273 21
1123 1658 273 21
786 1681 61 21
848 1681 273 21
1123 1681 273 21
786 1703 61 21
848 1703 273 21
1123 1703 273 21
786 1725 61 21
848 1725 273 21
1123 1725 273 21
786 1748 61 21
848 1748 273 21
1123 1748 273 21
786 1770 61 21
848 1770 273 21
1123 1770 273 21
786 1792 61 21
848 1792 273 21
1123 1792 273 21
786 1815 61 21
848 1815 273 21
1123 1815 273 21
786 1837 61 21
848 1837 273 21
1123 1837 273 21
786 1859 61 21
848 1859 273 21
1123 1859 273 21
786 1882 61 21
848 1882 273 21
1123 1882 273 21
786 1904 61 21
848 1904 273 21
1123 1904 273 21
786 1926 61 21
848 1926 273 21
1123 1926 273 21
786 1949 61 21
848 1949 273 21
1123 1949 273 21
786 1971 61 21
848 1971 273 21
1123 1971 273 21
731 2016 53 557
786 2016 61 21
848 2016 273 21
1123 2016 273 21
786 2038 61 21
848 2038 273 21
1123 2038 273 21
786 2061 61 21
848 2061 273 21
1123 2061 273 21
786 2083 61 21
848 2083 273 21
1123 2083 273 21
786 2105 61 21
848 2105 273 21
1123 2105 273 21
786 2128 61 21
848 2128 273 21
1123 2128 273 21
786 2150 61 21
848 2150 273 21
1123 2150 273 21
786 2172 61 21
848 2172 273 21
1123 2172 273 21
786 2195 61 21
848 2195 273 21
1123 2195 273 21
786 2217 61 21
848 2217 273 21
1123 2217 273 21
786 2239 61 21
848 2239 273 21
1123 2239 273 21
786 2262 61 21
848 2262 273 21
1123 2262 273 21
786 2284 61 21
848 2284 273 21
1123 2284 273 21
786 2306 61 21
848 2306 273 21
1123 2306 273 21
786 2329 61 21
848 2329 273 21
1123 2329 273 21
786 2351 61 21
848 2351 273 21
1123 2351 273 21
786 2396 61 21
848 2396 273 21
1123 2396 273 21
786 2418 61 21
848 2418 273 21
1123 2418 273 21
786 2441 61 21
848 2441 273 21
1123 2441 273 21
786 2463 61 21
848 2463 273 21
1123 2463 273 21
786 2485 61 21
848 2485 273 21
1123 2485 273 21
786 2508 61 21
848 2508 273 21
1123 2508 273 21
786 2530 61 21
848 2530 273 21
1123 2530 273 21
786 2552 61 21
848 2552 273 21
1123 2552 273 21
731 2575 53 557
786 2575 61 21
848 2575 273 21
1123 2575 273 21
786 2597 61 21
848 2597 273 21
1123 2597 273 21
786 2619 61 21
848 2619 273 21
1123 2619 273 21
786 2642 61 21
848 2642 273 21
1123 2642 273 21
786 2664 61 21
848 2664 273 21
1123 2664 273 21
786 2686 61 21
848 2686 273 21
1123 2686 273 21
786 2709 61 21
848 2709 273 21
1123 2709 273 21
786 2731 61 21
848 2731 273 21
1123 2731 273 21
786 2776 61 21
848 2776 273 21
1123 2776 273 21
786 2798 61 21
848 2798 273 21
1123 2798 273 21
786 2821 61 21
848 2821 273 21
1123 2821 273 21
786 2843 61 21
848 2843 273 21
1123 2843 273 21
786 2865 61 21
848 2865 273 21
1123 2865 273 21
786 2888 61 21
848 2888 273 21
1123 2888 273 21
786 2910 61 21
848 2910 273 21
1123 2910 273 21
786 2932 61 21
848 2932 273 21
1123 2932 273 21
786 2955 61 21
848 2955 273 21
1123 2955 273 21
786 2977 61 21
848 2977 273 21
1123 2977 273 21
786 2999 61 21
848 2999 273 21
1123 2999 273 21
786 3022 61 21
848 3022 273 21
1123 3022 273 21
786 3044 61 21
848 3044 273 21
1123 3044 273 21
786 3066 61 21
848 3066 273 21
1123 3066 273 21
786 3089 61 21
848 3089 273 21
1123 3089 273 21
786 3111 61 21
848 3111 273 21
1123 3111 273 21
731 3134 53 579
786 3156 61 21
848 3156 273 21
1123 3156 273 21
786 3178 61 21
848 3178 273 21
1123 3178 273 21
786 3223 61 21
848 3223 273 21
1123 3223 273 21
786 3245 61 21
848 3245 273 21
1123 3245 273 21
786 3268 61 21
848 3268 273 21
1123 3268 273 21
786 3290 61 21
848 3290 273 21
1123 3290 273 21
786 3312 61 21
848 3312 273 21
1123 3312 273 21
786 3335 61 21
848 3335 273 21
1123 3335 273 21
786 3357 61 21
848 3357 273 21
1123 3357 273 21
786 3379 61 21
848 3379 273 21
1123 3379 273 21
786 3402 61 21
848 3402 273 21
1123 3402 273 21
786 3424 61 21
848 3424 273 21
1123 3424 273 21
786 3446 61 21
848 3446 273 21
1123 3446 273 21
786 3469 61 21
848 3469 273 21
1123 3469 273 21
786 3491 61 21
848 3491 273 21
1123 3491 273 21
786 3513 61 21
848 3513 273 21
1123 3513 273 21
786 3536 61 21
848 3536 273 21
1123 3536 273 21
786 3558 61 21
848 3558 273 21
1123 3558 273 21
786 3603 61 21
848 3603 273 21
1123 3603 273 21
786 3625 61 21
848 3625 273 21
1123 3625 273 21
786 3648 61 21
848 3648 273 21
1123 3648 273 21
786 3670 61 21
848 3670 273 21
1123 3670 273 21
786 3692 61 21
848 3692 273 21
1123 3692 273 21
731 3715 53 289
786 3715 61 21
848 3715 273 21
1123 3715 273 21
786 3737 61 21
848 3737 273 21
1123 3737 273 21
786 3759 61 21
848 3759 273 21
1123 3759 273 21
786 3782 61 21
848 3782 273 21
1123 3782 273 21
786 3804 61 21
848 3804 273 21
1123 3804 273 21
786 3826 61 21
848 3826 273 21
1123 3826 273 21
786 3849 61 21
848 3849 273 21
1123 3849 273 21
786 3871 61 21
848 3871 273 21
1123 3871 273 21
786 3893 61 21
848 3893 273 21
1123 3893 273 21
786 3916 61 21
848 3916 273 21
1123 3916 273 21
786 3938 61 21
848 3938 273 21
1123 3938 273 21
786 3983 61 21
848 3983 273 21
1123 3983 273 21
1438 1031 54 45
1493 1031 61 45
1555 1031 274 45
1830 1031 273 45
1438 1077 54 576
1438 1654 54 411
1438 2067 54 472
1438 2541 54 700
1438 3242 54 452
1438 3696 54 308
2145 1031 54 45
2200 1031 61 45
2263 1031 273 45
2537 1031 273 45
2145 1077 54 1348
2145 2427 54 355
2145 2784 54 667
2200 2803 61 31
2263 2803 273 31
2537 2803 273 31
2200 2836 61 30
2263 2836 273 30
2537 2836 273 30
2200 2868 61 31
2263 2868 273 31
2537 2868 273 31
2145 3453 54 550
