12 12 2890 236
12 250 2890 219
12 471 129 106
142 471 339 106
483 471 100 106
585 471 89 106
675 471 89 106
766 471 89 106
857 471 89 106
947 471 225 106
1174 471 367 106
1543 471 1359 106
12 579 129 721
142 579 339 721
483 579 100 721
585 579 89 721
675 579 89 721
766 579 89 721
857 579 89 721
947 579 225 721
1174 579 367 721
1543 579 1359 721
12 1302 129 721
142 1302 339 721
483 1302 100 721
585 1302 89 721
675 1302 89 721
766 1302 89 721
857 1302 89 721
947 1302 225 721
1174 1302 367 721
1543 1302 1359 721
1487 3798 196 43
1684 3798 322 43
2007 3798 385 43
2393 3798 112 43
2506 3798 367 43
1487 3842 196 60
1684 3842 322 60
2007 3842 385 60
2393 3842 112 60
2506 3842 367 60
1487 3903 196 59
1684 3903 322 59
2007 3903 385 59
2393 3903 112 59
2506 3903 367 59
1487 3963 196 59
1684 3963 322 59
2007 3963 385 59
2393 3963 112 59
2506 3963 367 59
