11 81 2087 178
11 261 2087 175
11 438 77 55
90 438 191 55
283 438 187 55
472 438 115 55
589 438 63 55
654 438 89 55
745 438 101 55
848 438 169 55
1019 438 262 55
1283 438 815 55
11 495 77 352
90 495 191 58
283 495 187 352
472 495 115 352
589 495 63 352
654 495 89 352
745 495 101 352
848 495 169 352
1019 495 262 352
1283 495 815 352
246 596 35 120
90 608 35 112
90 799 191 48
11 849 77 352
90 849 191 212
283 849 187 352
472 849 115 352
589 849 63 352
654 849 89 352
745 849 101 352
848 849 169 352
1019 849 262 352
1283 849 815 352
112 1062 169 139
11 1204 77 352
90 1204 191 242
283 1204 187 352
472 1204 115 352
589 1204 63 352
654 1204 89 352
745 1204 101 352
848 1204 169 352
1019 1204 262 352
1283 1204 815 352
93 1446 188 110
11 1558 77 352
90 1558 191 352
283 1558 187 352
472 1558 115 352
589 1558 63 352
654 1558 89 352
745 1558 101 352
848 1558 169 352
1019 1558 262 352
1283 1558 815 352
11 1912 2087 904
