4 158 59 29
64 158 174 29
769 158 196 29
966 158 61 29
1028 158 174 29
1732 158 196 29
1929 158 61 29
1991 158 174 29
2696 158 192 29
4 188 59 2831
64 188 174 30
239 188 184 30
424 188 344 30
769 188 196 30
966 188 61 1084
1028 188 174 30
1203 188 183 30
1387 188 344 30
1732 188 196 30
1929 188 61 300
1991 188 174 29
2166 188 184 29
2351 188 344 29
2696 188 192 29
1991 218 174 30
2166 218 184 30
2351 218 344 30
2696 218 192 30
64 219 174 29
239 219 184 29
424 219 344 29
769 219 196 29
1028 219 174 29
1203 219 183 29
1387 219 344 29
1732 219 196 29
64 249 174 29
239 249 184 29
424 249 344 29
769 249 196 29
1028 249 174 29
1203 249 183 29
1387 249 344 29
1732 249 196 29
1991 249 174 29
2166 249 184 29
2351 249 344 29
2696 249 192 29
64 279 174 29
239 279 184 29
424 279 344 29
1028 279 174 29
1203 279 183 29
1387 279 344 29
1732 279 196 29
1991 279 174 29
2166 279 184 29
2351 279 344 29
2696 279 192 29
64 309 174 29
239 309 184 29
424 309 344 29
1028 309 174 29
1203 309 183 29
1387 309 344 29
1732 309 196 29
1991 309 174 29
2166 309 184 29
2351 309 344 29
2696 309 192 29
64 339 174 29
239 339 184 29
424 339 344 29
769 339 196 29
1028 339 174 29
1203 339 183 29
1387 339 344 29
1732 339 196 29
1991 339 174 29
2166 339 184 29
2351 339 344 29
2696 339 192 29
64 369 174 30
239 369 184 30
424 369 344 30
769 369 196 30
1028 369 174 30
1203 369 183 30
1387 369 344 30
1732 369 196 30
1991 369 174 29
2166 369 184 29
2351 369 344 29
2696 369 192 29
1991 399 174 29
2166 399 184 29
2351 399 344 29
2696 399 192 29
64 400 174 29
239 400 184 29
769 400 196 29
1028 400 174 29
1203 400 183 29
1387 400 344 29
1732 400 196 29
1991 429 174 30
2166 429 184 30
2351 429 344 30
2696 429 192 30
64 430 174 29
239 430 184 29
424 430 344 29
769 430 196 29
1028 430 174 29
1203 430 183 29
1387 430 344 29
1732 430 196 29
64 460 174 29
239 460 184 29
424 460 344 29
769 460 196 29
1028 460 174 29
1203 460 183 29
1387 460 344 29
1732 460 196 29
1991 460 174 28
2166 460 184 28
2351 460 344 28
2696 460 192 28
64 490 174 29
239 490 184 29
424 490 344 29
769 490 196 29
1028 490 174 29
1387 490 344 29
1732 490 196 29
1929 490 61 993
1991 490 174 29
2166 490 184 29
2351 490 344 29
2696 490 192 29
64 520 174 29
239 520 184 29
424 520 344 29
769 520 196 29
1028 520 174 29
1203 520 183 29
1387 520 344 29
1732 520 196 29
1991 520 174 29
2166 520 184 29
2351 520 344 29
2696 520 192 29
64 550 174 29
239 550 184 29
424 550 344 29
769 550 196 29
1028 550 174 29
1203 550 183 29
1387 550 344 29
1732 550 196 29
1991 550 174 29
2166 550 184 29
2351 550 344 29
2696 550 192 29
64 580 174 30
239 580 184 30
424 580 344 30
769 580 196 30
1028 580 174 30
1203 580 183 30
1387 580 344 30
1732 580 196 30
1991 580 174 29
2166 580 184 29
2351 580 344 29
2696 580 192 29
1991 610 174 30
2166 610 184 30
2351 610 344 30
2696 610 192 30
64 611 174 29
239 611 184 29
424 611 344 29
769 611 196 29
1028 611 174 29
1387 611 344 29
1732 611 196 29
64 641 174 29
239 641 184 29
424 641 344 29
769 641 196 29
1028 641 174 29
1203 641 183 29
1387 641 344 29
1732 641 196 29
1991 641 174 29
2166 641 184 29
2351 641 344 29
2696 641 192 29
64 671 174 29
239 671 184 29
424 671 344 29
769 671 196 29
1028 671 174 29
1203 671 183 29
1387 671 344 29
1732 671 196 29
1991 671 174 29
2166 671 184 29
2351 671 344 29
2696 671 192 29
64 701 174 29
239 701 184 29
424 701 344 29
769 701 196 29
1028 701 174 29
1203 701 183 29
1387 701 344 29
1732 701 196 29
1991 701 174 29
2166 701 184 29
2351 701 344 29
64 731 174 29
239 731 184 29
424 731 344 29
769 731 196 29
1028 731 174 29
1203 731 183 29
1387 731 344 29
1991 731 174 29
2166 731 184 29
2351 731 344 29
2696 731 192 29
64 761 174 30
239 761 184 30
424 761 344 30
769 761 196 30
1028 761 174 30
1203 761 183 30
1387 761 344 30
1732 761 196 30
1991 761 174 29
2166 761 184 29
2351 761 344 29
2696 761 192 29
1991 791 174 30
2166 791 184 30
2351 791 344 30
2696 791 192 30
64 792 174 29
239 792 184 29
769 792 196 29
1028 792 174 29
1203 792 183 29
1387 792 344 29
1732 792 196 29
64 822 174 29
239 822 184 29
424 822 344 29
769 822 196 29
1028 822 174 29
1203 822 183 29
1387 822 344 29
1732 822 196 29
1991 822 174 29
2166 822 184 29
2351 822 344 29
2696 822 192 29
64 852 174 29
239 852 184 29
424 852 344 29
769 852 196 29
1028 852 174 29
1203 852 183 29
1387 852 344 29
1732 852 196 29
1991 852 174 29
2166 852 184 29
2351 852 344 29
2696 852 192 29
64 882 174 29
239 882 184 29
424 882 344 29
769 882 196 29
1028 882 174 29
1203 882 183 29
1387 882 344 29
1732 882 196 29
1991 882 174 29
2166 882 184 29
2351 882 344 29
2696 882 192 29
64 912 174 29
239 912 184 29
424 912 344 29
1028 912 174 29
1203 912 183 29
1387 912 344 29
1732 912 196 29
1991 912 174 29
2166 912 184 29
2351 912 344 29
2696 912 192 29
64 942 174 30
239 942 184 30
424 942 344 30
769 942 196 30
1028 942 174 30
1203 942 183 30
1387 942 344 30
1732 942 196 30
1991 942 174 29
2166 942 184 29
2351 942 344 29
2696 942 192 29
1991 972 174 29
2166 972 184 29
2351 972 344 29
2696 972 192 29
64 973 174 29
239 973 184 29
424 973 344 29
769 973 196 29
1028 973 174 29
1203 973 183 29
1387 973 344 29
1732 973 196 29
1991 1002 174 30
2166 1002 184 30
2351 1002 344 30
2696 1002 192 30
64 1003 174 29
239 1003 184 29
424 1003 344 29
769 1003 196 29
1028 1003 174 29
1203 1003 183 29
1387 1003 344 29
1732 1003 196 29
64 1033 174 29
239 1033 184 29
424 1033 344 29
769 1033 196 29
1028 1033 174 29
1203 1033 183 29
1387 1033 344 29
1732 1033 196 29
1991 1033 174 29
2166 1033 184 29
2351 1033 344 29
2696 1033 192 29
64 1063 174 29
239 1063 184 29
424 1063 344 29
769 1063 196 29
1028 1063 174 29
1203 1063 183 29
1387 1063 344 29
1732 1063 196 29
1991 1063 174 29
2166 1063 184 29
2351 1063 344 29
2696 1063 192 29
64 1093 174 29
239 1093 184 29
424 1093 344 29
769 1093 196 29
1028 1093 174 29
1203 1093 183 29
1387 1093 344 29
1732 1093 196 29
1991 1093 174 29
2166 1093 184 29
2351 1093 344 29
2696 1093 192 29
64 1123 174 29
239 1123 184 29
424 1123 344 29
769 1123 196 29
1028 1123 174 29
1203 1123 183 29
1387 1123 344 29
1732 1123 196 29
1991 1123 174 29
2166 1123 184 29
2351 1123 344 29
2696 1123 192 29
64 1153 174 30
239 1153 184 30
424 1153 344 30
769 1153 196 30
1028 1153 174 30
1203 1153 183 30
1387 1153 344 30
1732 1153 196 30
1991 1153 174 29
2166 1153 184 29
1991 1183 174 30
2166 1183 184 30
2351 1183 344 30
2696 1183 192 30
64 1184 174 29
239 1184 184 29
424 1184 344 29
769 1184 196 29
1028 1184 174 29
1203 1184 183 29
1387 1184 344 29
1732 1184 196 29
64 1214 174 29
239 1214 184 29
424 1214 344 29
769 1214 196 29
1028 1214 174 29
1203 1214 183 29
1387 1214 344 29
1732 1214 196 29
1991 1214 174 29
2166 1214 184 29
2351 1214 344 29
2696 1214 192 29
64 1244 174 29
239 1244 184 29
424 1244 344 29
769 1244 196 29
1028 1244 174 28
1203 1244 183 28
1387 1244 344 28
1732 1244 196 28
1991 1244 174 29
2166 1244 184 29
2351 1244 344 29
2696 1244 192 29
64 1274 174 29
239 1274 184 29
424 1274 344 29
769 1274 196 29
966 1274 61 873
1028 1274 174 29
1203 1274 183 29
1387 1274 344 29
1732 1274 196 29
1991 1274 174 29
2166 1274 184 29
2351 1274 344 29
2696 1274 192 29
64 1304 174 29
239 1304 184 29
424 1304 344 29
769 1304 196 29
1028 1304 174 29
1203 1304 183 29
1387 1304 344 29
1732 1304 196 29
1991 1304 174 29
2166 1304 184 29
2351 1304 344 29
2696 1304 192 29
64 1334 174 30
239 1334 184 30
424 1334 344 30
769 1334 196 30
1028 1334 174 30
1203 1334 183 30
1387 1334 344 30
1732 1334 196 30
1991 1334 174 29
2166 1334 184 29
2696 1334 192 29
1991 1364 174 29
2166 1364 184 29
2696 1364 192 29
64 1365 174 29
239 1365 184 29
424 1365 344 29
769 1365 196 29
1028 1365 174 29
1203 1365 183 29
1387 1365 344 29
1732 1365 196 29
1991 1394 174 30
2166 1394 184 30
2351 1394 344 30
2696 1394 192 30
64 1395 174 29
424 1395 344 29
769 1395 196 29
1028 1395 174 29
1203 1395 183 29
1387 1395 344 29
1732 1395 196 29
64 1425 174 29
239 1425 184 29
424 1425 344 29
769 1425 196 29
1028 1425 174 29
1203 1425 183 29
1387 1425 344 29
1732 1425 196 29
1991 1425 174 29
2166 1425 184 29
2351 1425 344 29
2696 1425 192 29
64 1455 174 29
239 1455 184 29
424 1455 344 29
769 1455 196 29
1028 1455 174 29
1203 1455 183 29
1387 1455 344 29
1732 1455 196 29
1991 1455 174 28
2166 1455 184 28
2696 1455 192 28
64 1485 174 29
239 1485 184 29
424 1485 344 29
769 1485 196 29
1028 1485 174 29
1203 1485 183 29
1387 1485 344 29
1732 1485 196 29
1929 1485 61 541
1991 1485 174 29
2166 1485 184 29
2351 1485 344 29
2696 1485 192 29
64 1515 174 29
239 1515 184 29
424 1515 344 29
769 1515 196 29
1028 1515 174 29
1203 1515 183 29
1387 1515 344 29
1732 1515 196 29
1991 1515 174 29
2166 1515 184 29
2351 1515 344 29
2696 1515 192 29
64 1545 174 30
239 1545 184 30
424 1545 344 30
769 1545 196 30
1028 1545 174 30
1203 1545 183 30
1387 1545 344 30
1732 1545 196 30
1991 1545 174 29
2166 1545 184 29
2351 1545 344 29
2696 1545 192 29
1991 1575 174 30
2166 1575 184 30
2351 1575 344 30
2696 1575 192 30
64 1576 174 29
239 1576 184 29
424 1576 344 29
769 1576 196 29
1028 1576 174 29
1203 1576 183 29
1387 1576 344 29
1732 1576 196 29
64 1606 174 29
239 1606 184 29
424 1606 344 29
769 1606 196 29
1028 1606 174 29
1203 1606 183 29
1387 1606 344 29
1732 1606 196 29
1991 1606 174 29
2166 1606 184 29
2351 1606 344 29
2696 1606 192 29
64 1636 174 29
239 1636 184 29
424 1636 344 29
769 1636 196 29
1028 1636 174 29
1203 1636 183 29
1387 1636 344 29
1732 1636 196 29
1991 1636 174 29
2166 1636 184 29
2351 1636 344 29
2696 1636 192 29
64 1666 174 29
239 1666 184 29
424 1666 344 29
769 1666 196 29
1028 1666 174 29
1203 1666 183 29
1387 1666 344 29
1732 1666 196 29
1991 1666 174 29
2166 1666 184 29
2351 1666 344 29
2696 1666 192 29
64 1696 174 29
239 1696 184 29
424 1696 344 29
769 1696 196 29
1028 1696 174 29
1203 1696 183 29
1387 1696 344 29
1732 1696 196 29
1991 1696 174 29
2166 1696 184 29
2351 1696 344 29
2696 1696 192 29
64 1726 174 30
239 1726 184 30
424 1726 344 30
769 1726 196 30
1028 1726 174 30
1203 1726 183 30
1387 1726 344 30
1732 1726 196 30
1991 1726 174 29
2166 1726 184 29
2696 1726 192 29
1991 1756 174 30
2166 1756 184 30
2351 1756 344 30
2696 1756 192 30
64 1757 174 29
239 1757 184 29
424 1757 344 29
769 1757 196 29
1028 1757 174 29
1203 1757 183 29
1387 1757 344 29
1732 1757 196 29
64 1787 174 29
239 1787 184 29
424 1787 344 29
769 1787 196 29
1028 1787 174 29
1203 1787 183 29
1387 1787 344 29
1732 1787 196 29
1991 1787 174 29
2166 1787 184 29
2351 1787 344 29
2696 1787 192 29
64 1817 174 29
239 1817 184 29
424 1817 344 29
769 1817 196 29
1028 1817 174 29
1203 1817 183 29
1387 1817 344 29
1732 1817 196 29
1991 1817 174 29
2166 1817 184 29
2351 1817 344 29
2696 1817 192 29
64 1847 174 29
239 1847 184 29
424 1847 344 29
769 1847 196 29
1028 1847 174 29
1203 1847 183 29
1387 1847 344 29
1732 1847 196 29
1991 1847 174 29
2166 1847 184 29
2351 1847 344 29
2696 1847 192 29
64 1877 174 29
239 1877 184 29
424 1877 344 29
769 1877 196 29
1028 1877 174 29
1203 1877 183 29
1387 1877 344 29
1732 1877 196 29
1991 1877 174 29
2166 1877 184 29
2351 1877 344 29
2696 1877 192 29
64 1907 174 29
239 1907 184 29
424 1907 344 29
769 1907 196 29
1028 1907 174 29
1203 1907 183 29
1387 1907 344 29
1732 1907 196 29
1991 1907 174 29
2166 1907 184 29
2351 1907 344 29
64 1937 174 30
424 1937 344 30
769 1937 196 30
1028 1937 174 30
1203 1937 183 30
1387 1937 344 30
1732 1937 196 30
1991 1937 174 29
2166 1937 184 29
2351 1937 344 29
2696 1937 192 29
1991 1967 174 30
2166 1967 184 30
2351 1967 344 30
2696 1967 192 30
64 1968 174 29
424 1968 344 29
769 1968 196 29
1028 1968 174 29
1203 1968 183 29
1387 1968 344 29
1732 1968 196 29
64 1998 174 29
239 1998 184 29
424 1998 344 29
769 1998 196 29
1028 1998 174 29
1203 1998 183 29
1387 1998 344 29
1732 1998 196 29
1991 1998 174 28
2166 1998 184 28
2351 1998 344 28
2696 1998 192 28
64 2028 174 29
239 2028 184 29
424 2028 344 29
769 2028 196 29
1028 2028 174 29
1203 2028 183 29
1387 2028 344 29
1732 2028 196 29
1929 2028 61 479
1991 2028 174 29
2166 2028 184 29
2351 2028 344 29
2696 2028 192 29
64 2058 174 29
424 2058 344 29
769 2058 196 29
1028 2058 174 29
1203 2058 183 29
1387 2058 344 29
1732 2058 196 29
1991 2058 174 29
2166 2058 184 29
2351 2058 344 29
2696 2058 192 29
64 2088 174 29
239 2088 184 29
424 2088 344 29
769 2088 196 29
1028 2088 174 29
1203 2088 183 29
1387 2088 344 29
1732 2088 196 29
1991 2088 174 29
2351 2088 344 29
2696 2088 192 29
64 2118 174 30
239 2118 184 30
424 2118 344 30
769 2118 196 30
1028 2118 174 29
1203 2118 183 29
1387 2118 344 29
1732 2118 196 29
1991 2118 174 29
2166 2118 184 29
2351 2118 344 29
2696 2118 192 29
1991 2148 174 30
2166 2148 184 30
2351 2148 344 30
2696 2148 192 30
64 2149 174 29
239 2149 184 29
424 2149 344 29
769 2149 196 29
966 2149 61 810
1028 2149 174 29
1203 2149 183 29
1387 2149 344 29
1732 2149 196 29
64 2179 174 27
239 2179 184 27
769 2179 196 27
1028 2179 174 27
1203 2179 183 27
1387 2179 344 27
1732 2179 196 27
1991 2179 174 27
2166 2179 184 27
2351 2179 344 27
2696 2179 192 27
64 2207 174 30
239 2207 184 30
424 2207 344 30
769 2207 196 30
1028 2207 174 30
1203 2207 183 30
1387 2207 344 30
1732 2207 196 30
1991 2207 174 29
2166 2207 184 29
2351 2207 344 29
2696 2207 192 29
1991 2237 174 30
2166 2237 184 30
2351 2237 344 30
2696 2237 192 30
64 2238 174 29
239 2238 184 29
424 2238 344 29
769 2238 196 29
1028 2238 174 29
1203 2238 183 29
1387 2238 344 29
1732 2238 196 29
64 2268 174 29
239 2268 184 29
424 2268 344 29
769 2268 196 29
1028 2268 174 29
1203 2268 183 29
1387 2268 344 29
1732 2268 196 29
1991 2268 174 29
2166 2268 184 29
2351 2268 344 29
2696 2268 192 29
64 2298 174 29
239 2298 184 29
424 2298 344 29
769 2298 196 29
1028 2298 174 29
1203 2298 183 29
1387 2298 344 29
1732 2298 196 29
1991 2298 174 29
2166 2298 184 29
2351 2298 344 29
2696 2298 192 29
64 2328 174 29
239 2328 184 29
424 2328 344 29
769 2328 196 29
1028 2328 174 29
1203 2328 183 29
1387 2328 344 29
1732 2328 196 29
1991 2328 174 29
2166 2328 184 29
2351 2328 344 29
2696 2328 192 29
64 2358 174 29
239 2358 184 29
424 2358 344 29
769 2358 196 29
1028 2358 174 29
1203 2358 183 29
1387 2358 344 29
1732 2358 196 29
1991 2358 174 29
2166 2358 184 29
2351 2358 344 29
2696 2358 192 29
64 2388 174 30
239 2388 184 30
424 2388 344 30
769 2388 196 30
1028 2388 174 30
1203 2388 183 30
1387 2388 344 30
1732 2388 196 30
1991 2388 174 29
2166 2388 184 29
2351 2388 344 29
2696 2388 192 29
1991 2418 174 30
2351 2418 344 30
2696 2418 192 30
64 2419 174 29
239 2419 184 29
424 2419 344 29
769 2419 196 29
1028 2419 174 29
1203 2419 183 29
1387 2419 344 29
1732 2419 196 29
64 2449 174 29
239 2449 184 29
424 2449 344 29
769 2449 196 29
1028 2449 174 29
1203 2449 183 29
1387 2449 344 29
1732 2449 196 29
1991 2449 174 29
2166 2449 184 29
2351 2449 344 29
2696 2449 192 29
64 2479 174 29
239 2479 184 29
424 2479 344 29
769 2479 196 29
1028 2479 174 29
1203 2479 183 29
1387 2479 344 29
1732 2479 196 29
1991 2479 174 28
2166 2479 184 28
2351 2479 344 28
2696 2479 192 28
64 2509 174 29
239 2509 184 29
424 2509 344 29
769 2509 196 29
1028 2509 174 29
1203 2509 183 29
1387 2509 344 29
1732 2509 196 29
1929 2509 61 300
1991 2509 174 29
2166 2509 184 29
2351 2509 344 29
2696 2509 192 29
64 2539 174 29
239 2539 184 29
424 2539 344 29
769 2539 196 29
1028 2539 174 29
1203 2539 183 29
1387 2539 344 29
1732 2539 196 29
1991 2539 174 29
2166 2539 184 29
2351 2539 344 29
2696 2539 192 29
64 2569 174 29
239 2569 184 29
424 2569 344 29
769 2569 196 29
1028 2569 174 29
1203 2569 183 29
1387 2569 344 29
1732 2569 196 29
1991 2569 174 29
2351 2569 344 29
2696 2569 192 29
64 2599 174 30
239 2599 184 30
424 2599 344 30
769 2599 196 30
1028 2599 174 30
1203 2599 183 30
1387 2599 344 30
1732 2599 196 30
1991 2599 174 29
2166 2599 184 29
2351 2599 344 29
2696 2599 192 29
1991 2629 174 30
2166 2629 184 30
2351 2629 344 30
2696 2629 192 30
64 2630 174 29
239 2630 184 29
424 2630 344 29
769 2630 196 29
1028 2630 174 29
1203 2630 183 29
1387 2630 344 29
1732 2630 196 29
64 2660 174 29
239 2660 184 29
424 2660 344 29
769 2660 196 29
1028 2660 174 29
1203 2660 183 29
1387 2660 344 29
1732 2660 196 29
1991 2660 174 29
2166 2660 184 29
2351 2660 344 29
2696 2660 192 29
64 2690 174 29
239 2690 184 29
424 2690 344 29
769 2690 196 29
1028 2690 174 29
1203 2690 183 29
1387 2690 344 29
1732 2690 196 29
1991 2690 174 29
2166 2690 184 29
2351 2690 344 29
2696 2690 192 29
64 2720 174 30
239 2720 184 30
424 2720 344 30
769 2720 196 30
1028 2720 174 30
1203 2720 183 30
1387 2720 344 30
1732 2720 196 30
1991 2720 174 29
2166 2720 184 29
2351 2720 344 29
2696 2720 192 29
1991 2750 174 30
2166 2750 184 30
2351 2750 344 30
2696 2750 192 30
64 2751 174 29
239 2751 184 29
424 2751 344 29
769 2751 196 29
1028 2751 174 29
1203 2751 183 29
1387 2751 344 29
1732 2751 196 29
64 2781 174 29
239 2781 184 29
424 2781 344 29
769 2781 196 29
1028 2781 174 29
1203 2781 183 29
1387 2781 344 29
1732 2781 196 29
1991 2781 174 28
2166 2781 184 28
2351 2781 344 28
2696 2781 192 28
64 2811 174 29
239 2811 184 29
424 2811 344 29
769 2811 196 29
1028 2811 174 29
1203 2811 183 29
1387 2811 344 29
1732 2811 196 29
1929 2811 61 359
1991 2811 174 29
2166 2811 184 29
2351 2811 344 29
2696 2811 192 29
64 2841 174 29
239 2841 184 29
424 2841 344 29
769 2841 196 29
1028 2841 174 29
1203 2841 183 29
1387 2841 344 29
1732 2841 196 29
1991 2841 174 29
2166 2841 184 29
2351 2841 344 29
2696 2841 192 29
64 2871 174 28
239 2871 184 28
424 2871 344 28
769 2871 196 28
1028 2871 174 28
1203 2871 183 28
1387 2871 344 28
1732 2871 196 28
1991 2871 174 28
2166 2871 184 28
2351 2871 344 28
2696 2871 192 28
64 2900 174 29
239 2900 184 29
424 2900 344 29
769 2900 196 29
1028 2900 174 29
1203 2900 183 29
1387 2900 344 29
1732 2900 196 29
1991 2900 174 29
2166 2900 184 29
2351 2900 344 29
2696 2900 192 29
64 2930 174 29
239 2930 184 29
424 2930 344 29
769 2930 196 29
1028 2930 174 29
1203 2930 183 29
1387 2930 344 29
1732 2930 196 29
1991 2930 174 29
2166 2930 184 29
2351 2930 344 29
2696 2930 192 29
64 2960 174 29
239 2960 184 29
424 2960 344 29
769 2960 196 29
966 2960 61 1114
1028 2960 174 29
1203 2960 183 29
1387 2960 344 29
1732 2960 196 29
1991 2960 174 29
2166 2960 184 29
2351 2960 344 29
2696 2960 192 29
64 2990 174 29
424 2990 344 29
769 2990 196 29
1028 2990 174 30
1203 2990 183 30
1387 2990 344 30
1732 2990 196 30
1991 2990 174 29
2166 2990 184 29
2351 2990 344 29
2696 2990 192 29
1991 3020 174 30
2166 3020 184 30
2351 3020 344 30
2696 3020 192 30
4 3021 59 1053
64 3021 174 29
239 3021 184 29
424 3021 344 29
769 3021 196 29
1028 3021 174 29
1203 3021 183 29
1387 3021 344 29
1732 3021 196 29
64 3051 174 29
239 3051 184 29
424 3051 344 29
769 3051 196 29
1028 3051 174 29
1203 3051 183 29
1387 3051 344 29
1732 3051 196 29
1991 3051 174 29
2166 3051 184 29
2351 3051 344 29
2696 3051 192 29
64 3081 174 29
239 3081 184 29
424 3081 344 29
769 3081 196 29
1028 3081 174 29
1203 3081 183 29
1387 3081 344 29
1991 3081 174 29
2166 3081 184 29
2351 3081 344 29
2696 3081 192 29
64 3111 174 29
239 3111 184 29
424 3111 344 29
769 3111 196 29
1028 3111 174 29
1203 3111 183 29
1387 3111 344 29
1732 3111 196 29
1991 3111 174 29
2166 3111 184 29
2351 3111 344 29
2696 3111 192 29
64 3141 174 29
424 3141 344 29
769 3141 196 29
1028 3141 174 29
1203 3141 183 29
1387 3141 344 29
1732 3141 196 29
1991 3141 174 29
2166 3141 184 29
2351 3141 344 29
2696 3141 192 29
64 3171 174 30
239 3171 184 30
424 3171 344 30
769 3171 196 30
1028 3171 174 30
1203 3171 183 30
1387 3171 344 30
1732 3171 196 30
1929 3171 61 241
1991 3171 174 29
2166 3171 184 29
2351 3171 344 29
2696 3171 192 29
1991 3201 174 30
2351 3201 344 30
2696 3201 192 30
64 3202 174 29
239 3202 184 29
424 3202 344 29
769 3202 196 29
1028 3202 174 29
1203 3202 183 29
1387 3202 344 29
1732 3202 196 29
64 3232 174 29
239 3232 184 29
424 3232 344 29
769 3232 196 29
1028 3232 174 29
1203 3232 183 29
1387 3232 344 29
1732 3232 196 29
1991 3232 174 29
2166 3232 184 29
2351 3232 344 29
2696 3232 192 29
64 3262 174 29
239 3262 184 29
424 3262 344 29
769 3262 196 29
1028 3262 174 29
1203 3262 183 29
1387 3262 344 29
1732 3262 196 29
1991 3262 174 29
2166 3262 184 29
2351 3262 344 29
2696 3262 192 29
64 3292 174 29
424 3292 344 29
1028 3292 174 29
1203 3292 183 29
1387 3292 344 29
1732 3292 196 29
1991 3292 174 29
2351 3292 344 29
2696 3292 192 29
64 3322 174 29
239 3322 184 29
424 3322 344 29
769 3322 196 29
1028 3322 174 29
1203 3322 183 29
1387 3322 344 29
1732 3322 196 29
1991 3322 174 29
2166 3322 184 29
2351 3322 344 29
2696 3322 192 29
64 3352 174 29
239 3352 184 29
424 3352 344 29
769 3352 196 29
1028 3352 174 29
1203 3352 183 29
1387 3352 344 29
1732 3352 196 29
1991 3352 174 29
2166 3352 184 29
2351 3352 344 29
2696 3352 192 29
64 3382 174 31
239 3382 184 31
424 3382 344 31
769 3382 196 31
1028 3382 174 31
1203 3382 183 31
1387 3382 344 31
1732 3382 196 30
1991 3382 174 30
2166 3382 184 30
2351 3382 344 30
2696 3382 192 30
64 3414 174 29
239 3414 184 29
424 3414 344 29
769 3414 196 29
1028 3414 174 29
1203 3414 183 29
1732 3414 196 29
1929 3414 61 419
1991 3414 174 29
2166 3414 184 29
2696 3414 192 29
64 3444 174 29
239 3444 184 29
424 3444 344 29
769 3444 196 29
1028 3444 174 29
1203 3444 183 29
1732 3444 196 29
1991 3444 174 29
2166 3444 184 29
2696 3444 192 29
64 3474 174 28
424 3474 344 28
769 3474 196 28
1028 3474 174 28
1203 3474 183 28
1732 3474 196 28
1991 3474 174 27
2696 3474 192 27
1991 3502 174 30
2166 3502 184 30
2351 3502 344 30
2696 3502 192 30
64 3503 174 29
239 3503 184 29
424 3503 344 29
769 3503 196 29
1028 3503 174 29
1203 3503 183 29
1387 3503 344 29
1732 3503 196 29
64 3533 174 29
239 3533 184 29
424 3533 344 29
769 3533 196 29
1028 3533 174 29
1203 3533 183 29
1387 3533 344 29
1732 3533 196 29
1991 3533 174 29
2166 3533 184 29
2351 3533 344 29
2696 3533 192 29
64 3563 174 29
239 3563 184 29
424 3563 344 29
769 3563 196 29
1028 3563 174 29
1203 3563 183 29
1387 3563 344 29
1732 3563 196 29
1991 3563 174 29
2166 3563 184 29
2351 3563 344 29
2696 3563 192 29
64 3593 174 29
239 3593 184 29
424 3593 344 29
769 3593 196 29
1028 3593 174 29
1203 3593 183 29
1387 3593 344 29
1732 3593 196 29
1991 3593 174 29
2166 3593 184 29
2351 3593 344 29
2696 3593 192 29
64 3623 174 29
239 3623 184 29
424 3623 344 29
769 3623 196 29
1028 3623 174 29
1203 3623 183 29
1387 3623 344 29
1732 3623 196 29
1991 3623 174 29
2166 3623 184 29
2351 3623 344 29
2696 3623 192 29
64 3653 174 30
239 3653 184 30
424 3653 344 30
769 3653 196 30
1028 3653 174 30
1203 3653 183 30
1387 3653 344 30
1732 3653 196 30
1991 3653 174 29
2166 3653 184 29
2351 3653 344 29
2696 3653 192 29
1991 3683 174 30
2166 3683 184 30
2351 3683 344 30
2696 3683 192 30
64 3684 174 29
239 3684 184 29
424 3684 344 29
769 3684 196 29
1028 3684 174 29
1203 3684 183 29
1387 3684 344 29
1732 3684 196 29
64 3714 174 29
239 3714 184 29
424 3714 344 29
769 3714 196 29
1028 3714 174 29
1203 3714 183 29
1387 3714 344 29
1732 3714 196 29
1991 3714 174 29
2351 3714 344 29
2696 3714 192 29
64 3744 174 29
239 3744 184 29
424 3744 344 29
769 3744 196 29
1028 3744 174 29
1203 3744 183 29
1387 3744 344 29
1732 3744 196 29
1991 3744 174 29
2166 3744 184 29
2351 3744 344 29
2696 3744 192 29
64 3774 174 29
239 3774 184 29
424 3774 344 29
769 3774 196 29
1028 3774 174 29
1203 3774 183 29
1387 3774 344 29
1732 3774 196 29
1991 3774 174 29
2166 3774 184 29
2351 3774 344 29
2696 3774 192 29
64 3804 174 29
239 3804 184 29
424 3804 344 29
769 3804 196 29
1028 3804 174 29
1203 3804 183 29
1387 3804 344 29
1732 3804 196 29
1991 3804 174 29
2166 3804 184 29
2351 3804 344 29
2696 3804 192 29
64 3834 174 30
239 3834 184 30
424 3834 344 30
769 3834 196 30
1028 3834 174 30
1203 3834 183 30
1387 3834 344 30
1732 3834 196 30
1929 3834 61 240
1991 3834 174 29
2166 3834 184 29
2351 3834 344 29
2696 3834 192 29
1991 3864 174 29
2166 3864 184 29
2351 3864 344 29
2696 3864 192 29
64 3865 174 29
239 3865 184 29
424 3865 344 29
769 3865 196 29
1028 3865 174 29
1203 3865 183 29
1387 3865 344 29
1732 3865 196 29
1991 3894 174 30
2166 3894 184 30
2351 3894 344 30
2696 3894 192 30
64 3895 174 29
239 3895 184 29
424 3895 344 29
769 3895 196 29
1028 3895 174 29
1203 3895 183 29
1387 3895 344 29
1732 3895 196 29
64 3925 174 29
239 3925 184 29
424 3925 344 29
769 3925 196 29
1028 3925 174 29
1203 3925 183 29
1387 3925 344 29
1732 3925 196 29
1991 3925 174 29
2166 3925 184 29
2351 3925 344 29
2696 3925 192 29
64 3955 174 29
239 3955 184 29
424 3955 344 29
769 3955 196 29
1028 3955 174 29
1203 3955 183 29
1387 3955 344 29
1732 3955 196 29
1991 3955 174 29
2166 3955 184 29
2351 3955 344 29
2696 3955 192 29
64 3985 174 30
239 3985 184 30
424 3985 344 30
769 3985 196 30
1028 3985 174 30
1203 3985 183 30
1387 3985 344 30
1732 3985 196 30
1991 3985 174 30
2166 3985 184 30
2351 3985 344 30
2696 3985 192 30
64 4016 174 29
239 4016 184 29
424 4016 344 29
769 4016 196 29
1028 4016 174 29
1203 4016 183 29
1387 4016 344 29
1732 4016 196 29
1991 4016 174 29
2166 4016 184 29
2351 4016 344 29
2696 4016 192 29
64 4046 174 28
239 4046 184 28
424 4046 344 28
769 4046 196 28
1028 4046 174 28
1203 4046 183 28
1387 4046 344 28
1732 4046 196 28
1991 4046 174 28
2166 4046 184 28
2351 4046 344 28
2696 4046 192 28
