27 123 2894 156
27 280 2894 259
27 542 54 56
82 542 54 56
137 542 171 56
309 542 163 56
473 542 50 56
524 542 34 56
559 542 68 56
628 542 74 56
703 542 317 56
1021 542 446 56
1484 542 56 56
1541 542 54 56
1596 542 171 56
1768 542 163 56
1932 542 50 56
1983 542 34 56
2018 542 68 56
2087 542 74 56
2162 542 317 56
2480 542 441 56
27 599 54 2123
82 599 54 422
137 599 171 113
309 599 163 422
473 599 50 422
524 599 34 422
559 599 68 422
628 599 74 422
703 599 317 422
1021 599 446 422
1484 599 56 3399
1541 599 54 422
1596 599 171 106
1768 599 163 422
1932 599 50 422
1983 599 34 422
2018 599 68 422
2087 599 74 422
2162 599 317 422
2480 599 441 422
1742 751 25 112
137 752 35 32
1596 758 28 107
275 765 33 21
137 786 32 72
279 790 29 63
1670 922 36 99
137 923 82 98
220 923 88 98
82 1022 54 425
137 1022 171 115
309 1022 163 425
473 1022 50 425
524 1022 34 425
559 1022 68 425
628 1022 74 425
703 1022 317 425
1021 1022 446 425
1541 1022 54 424
1596 1022 171 114
1768 1022 163 424
1932 1022 50 424
1983 1022 34 424
2018 1022 68 424
2087 1022 74 424
2162 1022 317 424
2480 1022 441 424
137 1173 31 34
1730 1173 37 23
273 1174 35 28
1596 1174 42 25
1731 1196 36 71
1596 1200 40 246
276 1205 32 78
137 1208 29 75
137 1348 171 99
1541 1447 54 425
1596 1447 171 112
1768 1447 163 425
1932 1447 50 425
1983 1447 34 425
2018 1447 68 425
2087 1447 74 425
2162 1447 317 425
2480 1447 441 425
82 1448 54 423
137 1448 171 112
309 1448 163 423
473 1448 50 423
524 1448 34 423
559 1448 68 423
628 1448 74 423
703 1448 317 423
1021 1448 446 423
137 1598 31 108
273 1601 35 99
1726 1601 41 105
1596 1603 35 107
1596 1771 171 101
82 1872 54 425
137 1872 171 112
309 1872 163 425
473 1872 50 425
524 1872 34 425
559 1872 68 425
628 1872 74 425
703 1872 317 425
1021 1872 446 425
1541 1873 54 424
1596 1873 171 109
1768 1873 163 424
1932 1873 50 424
1983 1873 34 424
2018 1873 68 424
2087 1873 74 424
2162 1873 317 424
2480 1873 441 424
1596 2019 37 93
270 2023 38 35
1734 2024 33 99
137 2029 35 25
137 2057 31 69
273 2059 35 63
1596 2195 171 102
137 2198 171 99
82 2298 54 424
137 2298 171 115
309 2298 163 424
473 2298 50 424
524 2298 34 424
559 2298 68 424
628 2298 74 424
703 2298 317 424
1021 2298 446 424
1541 2298 54 424
1596 2298 171 111
1768 2298 163 424
1932 2298 50 424
1983 2298 34 424
2018 2298 68 424
2087 2298 74 424
2162 2298 317 424
2480 2298 441 424
1596 2450 24 112
137 2452 31 38
1730 2456 37 112
281 2466 27 112
137 2493 29 78
1732 2570 35 152
281 2591 23 131
157 2626 42 96
212 2626 41 96
27 2723 54 1275
82 2723 54 425
137 2723 171 117
309 2723 163 425
473 2723 50 425
524 2723 34 425
559 2723 68 425
628 2723 74 425
703 2723 317 425
1021 2723 446 425
1541 2723 54 424
1596 2723 171 424
1768 2723 163 424
1932 2723 50 424
1983 2723 34 424
2018 2723 68 424
2087 2723 74 424
2162 2723 317 424
2480 2723 441 424
137 2876 38 25
268 2901 40 64
137 2903 35 68
137 3049 171 99
1541 3148 54 424
1596 3148 171 424
1768 3148 163 424
1932 3148 50 424
1983 3148 34 424
2018 3148 68 424
2087 3148 74 424
2162 3148 317 424
2480 3148 441 424
82 3149 54 424
137 3149 171 108
309 3149 163 424
473 3149 50 424
524 3149 34 424
559 3149 68 424
628 3149 74 424
703 3149 317 424
1021 3149 446 424
137 3473 65 100
241 3473 67 100
1541 3573 54 425
1596 3573 171 94
1768 3573 163 425
1932 3573 50 425
1983 3573 34 425
2018 3573 68 425
2087 3573 74 425
2162 3573 317 425
2480 3573 441 425
82 3574 54 424
137 3574 171 112
309 3574 163 424
473 3574 50 424
524 3574 34 424
559 3574 68 424
628 3574 74 424
703 3574 317 424
1021 3574 446 424
268 3728 40 22
1732 3733 35 60
1596 3734 35 60
137 3736 32 95
270 3752 38 75
1596 3878 171 120
137 3899 171 99
