4 872 51 97
57 872 200 97
259 872 65 97
325 872 63 97
390 872 64 97
455 872 65 97
522 872 64 97
588 872 472 97
1062 872 562 97
1626 872 1690 97
4 971 51 293
259 971 65 293
325 971 63 293
390 971 64 293
455 971 65 293
522 971 64 293
588 971 472 293
1062 971 562 293
1626 971 1690 293
4 1391 51 95
57 1391 200 95
259 1391 65 95
325 1391 63 95
390 1391 64 95
455 1391 65 95
522 1391 64 95
588 1391 474 95
1064 1391 573 95
1639 1391 1677 95
4 1488 51 232
259 1488 65 232
325 1488 63 232
390 1488 64 232
455 1488 65 232
522 1488 64 232
588 1488 474 232
1064 1488 573 232
1639 1488 1677 232
220 1538 37 34
57 1539 43 38
228 1580 29 140
57 1581 40 139
4 1722 51 225
259 1722 65 225
325 1722 63 225
390 1722 64 225
455 1722 65 225
522 1722 64 225
588 1722 474 225
1064 1722 573 225
1639 1722 1676 225
227 1777 30 126
57 1788 32 118
4 1948 51 225
259 1948 65 225
325 1948 63 225
390 1948 64 225
455 1948 65 225
522 1948 64 225
588 1948 474 225
1064 1948 573 225
1639 1948 1676 225
222 2013 35 29
57 2019 39 21
57 2043 35 130
230 2046 27 113
4 2175 51 227
259 2175 65 227
325 2175 63 227
390 2175 64 227
455 2175 65 227
522 2175 64 227
588 2175 474 227
1064 2175 573 227
1639 2175 1676 227
57 2240 26 123
4 2604 51 95
57 2604 200 95
259 2604 65 95
325 2604 63 95
390 2604 64 95
455 2604 65 95
522 2604 64 95
588 2604 478 95
1067 2604 574 95
1643 2604 1673 95
4 2701 51 230
259 2701 65 230
325 2701 63 230
390 2701 64 230
455 2701 65 230
522 2701 64 230
588 2701 478 230
1067 2701 574 230
1643 2701 1673 230
57 2761 42 110
225 2768 32 110
4 3039 51 95
57 3039 200 95
259 3039 65 95
326 3039 62 95
390 3039 64 95
455 3039 65 95
522 3039 64 95
588 3039 478 95
1067 3039 574 95
1643 3039 1673 95
4 3135 51 232
259 3135 65 232
326 3135 62 232
390 3135 64 232
455 3135 65 232
522 3135 64 232
588 3135 478 232
1067 3135 574 232
1643 3135 1673 232
223 3214 34 70
57 3217 40 69
4 3369 51 224
259 3369 65 224
326 3369 62 224
390 3369 64 224
455 3369 65 224
522 3369 64 224
588 3369 478 224
1067 3369 574 224
1643 3369 1672 224
57 3432 32 35
225 3434 32 25
232 3471 25 122
57 3472 27 121
4 3716 51 95
57 3716 200 95
259 3716 65 95
325 3716 63 95
390 3716 64 95
455 3716 65 95
522 3716 64 95
588 3716 478 95
1067 3716 574 95
1643 3716 1673 95
4 3812 51 231
259 3812 65 231
325 3812 63 231
390 3812 64 231
455 3812 65 231
522 3812 64 231
588 3812 478 231
1067 3812 574 231
1643 3812 1673 231
220 3863 37 32
57 3869 38 30
224 3899 33 79
57 3901 35 86
4 4162 51 95
57 4162 200 95
259 4162 65 95
325 4162 63 95
390 4162 64 95
455 4162 65 95
522 4162 64 95
588 4162 478 95
1067 4162 574 95
1643 4162 1673 95
4 4259 51 230
259 4259 65 230
325 4259 63 230
390 4259 64 230
455 4259 65 230
522 4259 64 230
588 4259 478 230
1067 4259 574 230
1643 4259 1673 230
57 4300 46 39
220 4307 37 32
57 4345 41 80
225 4350 32 139
