13 12 2001 197
13 210 2001 174
13 385 2001 73
13 459 82 61
96 459 234 61
332 459 87 61
420 459 60 61
481 459 51 61
533 459 60 61
594 459 60 61
655 459 136 61
792 459 233 61
1026 459 988 61
13 522 82 333
96 522 234 24
332 522 87 333
420 522 60 333
481 522 51 333
533 522 60 333
594 522 60 333
655 522 136 333
792 522 233 333
1026 522 988 333
279 609 51 22
100 801 26 22
13 856 82 333
332 856 87 333
420 856 60 333
481 856 51 333
533 856 60 333
594 856 60 333
655 856 136 333
792 856 233 333
1026 856 988 333
96 923 44 28
13 1190 2001 229
13 1421 1011 1283
1025 1421 989 1283
