17 17 2050 190
17 213 2050 170
17 386 64 104
83 386 230 104
315 386 73 104
391 386 67 104
461 386 62 104
525 386 108 104
636 386 105 104
743 386 210 104
957 386 364 104
1323 386 744 104
17 493 64 356
83 493 230 356
315 493 73 356
391 493 67 356
461 493 62 356
525 493 108 356
636 493 105 356
743 493 210 356
957 493 364 356
1323 493 744 356
17 851 64 357
83 851 230 357
315 851 73 357
391 851 67 357
461 851 62 357
525 851 108 357
636 851 105 357
743 851 210 357
957 851 364 357
1323 851 744 357
17 1210 2050 1625
