17 17 2886 181
17 204 2886 332
17 542 44 75
63 542 162 75
227 542 60 75
289 542 35 75
326 542 35 75
363 542 35 75
400 542 35 75
437 542 54 75
493 542 327 75
821 542 639 75
1461 542 45 75
1508 542 162 75
1672 542 60 75
1733 542 36 75
1770 542 36 75
1808 542 35 75
1845 542 35 75
1882 542 54 75
1938 542 327 75
2266 542 637 75
17 619 44 314
63 619 162 314
227 619 60 314
289 619 35 314
326 619 35 314
363 619 35 314
400 619 35 314
437 619 54 314
493 619 327 314
821 619 639 314
1461 619 45 314
1508 619 162 314
1672 619 60 314
1733 619 36 314
1770 619 36 314
1808 619 35 314
1845 619 35 314
1882 619 54 314
1938 619 327 314
2266 619 637 314
17 938 2886 178
17 1121 2886 212
17 1339 44 74
63 1339 41 74
106 1339 138 74
246 1339 59 74
307 1339 35 74
344 1339 36 74
381 1339 36 74
418 1339 36 74
455 1339 78 74
535 1339 285 74
821 1339 637 74
1463 1339 44 74
1509 1339 41 74
1551 1339 139 74
1692 1339 59 74
1753 1339 35 74
1790 1339 35 74
1827 1339 35 74
1864 1339 36 74
1901 1339 78 74
1981 1339 285 74
2267 1339 636 74
17 1415 44 2219
63 1415 41 316
106 1415 138 316
246 1415 59 316
307 1415 35 316
344 1415 36 316
381 1415 36 316
418 1415 36 316
455 1415 78 316
535 1415 285 316
821 1415 637 316
1463 1415 44 949
1509 1415 41 316
1551 1415 139 316
1692 1415 59 316
1753 1415 35 316
1790 1415 35 316
1827 1415 35 316
1864 1415 36 316
1901 1415 78 316
1981 1415 285 316
2267 1415 636 316
63 1733 41 315
106 1733 138 315
246 1733 59 315
307 1733 35 315
344 1733 36 315
381 1733 36 315
418 1733 36 315
455 1733 78 315
535 1733 285 315
821 1733 637 315
1509 1733 41 315
1551 1733 139 315
1692 1733 59 315
1753 1733 35 315
1790 1733 35 315
1827 1733 35 315
1864 1733 36 315
1901 1733 78 315
1981 1733 285 315
2267 1733 636 315
63 2050 41 316
106 2050 138 316
246 2050 59 316
307 2050 35 316
344 2050 36 316
381 2050 36 316
418 2050 36 316
455 2050 78 316
535 2050 285 316
821 2050 637 316
1509 2050 41 314
1551 2050 139 314
1692 2050 59 314
1753 2050 35 314
1790 2050 35 314
1827 2050 35 314
1864 2050 36 314
1901 2050 78 314
1981 2050 285 314
2267 2050 636 314
63 2368 41 315
106 2368 138 315
246 2368 59 315
307 2368 35 315
344 2368 36 315
381 2368 36 315
418 2368 36 315
455 2368 78 315
535 2368 285 315
821 2368 637 315
1463 2369 44 630
1509 2369 41 314
1551 2369 139 314
1692 2369 59 314
1753 2369 35 314
1790 2369 35 314
1827 2369 35 314
1864 2369 36 314
1901 2369 78 314
1981 2369 285 314
2267 2369 636 314
63 2685 41 316
106 2685 138 316
246 2685 59 316
307 2685 35 316
344 2685 36 316
381 2685 36 316
418 2685 36 316
455 2685 78 316
535 2685 285 316
821 2685 637 316
1509 2685 41 314
1551 2685 139 314
1692 2685 59 314
1753 2685 35 314
1790 2685 35 314
1827 2685 35 314
1864 2685 36 314
1901 2685 78 314
1981 2685 285 314
2267 2685 636 314
63 3002 41 316
106 3002 138 316
246 3002 59 316
307 3002 35 316
344 3002 36 316
381 3002 36 316
418 3002 36 316
455 3002 78 316
535 3002 285 316
821 3002 637 316
1463 3004 44 630
1509 3004 41 314
1551 3004 139 314
1692 3004 59 314
1753 3004 35 314
1790 3004 35 314
1827 3004 35 314
1864 3004 36 314
1901 3004 78 314
1981 3004 285 314
2267 3004 636 314
63 3320 41 314
106 3320 138 314
246 3320 59 314
307 3320 35 314
344 3320 36 314
381 3320 36 314
418 3320 36 314
455 3320 78 314
535 3320 285 314
821 3320 637 314
1509 3320 41 314
1551 3320 139 314
1692 3320 59 314
1753 3320 35 314
1790 3320 35 314
1827 3320 35 314
1864 3320 36 314
1901 3320 78 314
1981 3320 285 314
2267 3320 636 314
17 3640 2886 628
