64 104 2100 153
64 259 2100 155
64 416 84 77
150 416 193 77
345 416 114 77
461 416 51 77
514 416 51 77
567 416 50 77
620 416 50 77
672 416 209 77
883 416 457 77
1342 416 822 77
64 495 84 261
345 495 114 261
461 495 51 261
514 495 51 261
567 495 50 261
620 495 50 261
672 495 209 261
883 495 457 261
1342 495 822 261
150 566 39 26
150 642 33 46
64 759 84 261
345 759 114 261
461 759 51 261
514 759 51 261
567 759 50 261
620 759 50 261
672 759 209 261
883 759 457 261
1342 759 822 261
312 816 31 31
150 817 39 30
150 851 34 103
318 851 25 95
318 946 23 25
64 1022 84 259
346 1022 113 259
462 1022 50 259
514 1022 50 259
567 1022 50 259
620 1022 50 259
672 1022 209 259
883 1022 456 259
1342 1022 822 259
150 1077 32 29
313 1088 30 193
150 1106 31 80
64 1289 1048 2048
1116 1289 1048 2048
