809 58 29 56
1571 58 77 31
1699 59 31 24
1735 59 31 24
2162 59 31 24
2197 59 32 24
2546 59 31 24
2581 59 32 24
1346 60 88 35
572 66 94 30
684 76 42 32
732 76 44 32
2383 78 59 32
1020 92 84 33
1567 93 85 59
586 96 66 61
684 108 92 45
2377 115 33 35
2415 115 35 35
475 119 74 50
904 128 28 39
1452 128 28 39
1025 130 75 40
2270 207 22 35
2096 227 49 44
2697 227 64 21
2610 229 62 37
2832 242 35 21
2700 253 57 25
192 709 62 168
256 709 66 168
324 709 264 168
590 709 75 168
667 709 57 168
726 709 59 168
787 709 62 168
851 709 62 168
915 709 269 168
1186 709 476 168
1664 709 1364 168
192 879 62 2280
256 879 66 323
590 879 75 323
667 879 57 323
726 879 59 323
787 879 62 323
851 879 62 323
915 879 269 323
1186 879 476 323
1664 879 1364 323
256 1204 66 319
590 1204 75 319
667 1204 57 319
726 1204 59 319
787 1204 62 319
851 1204 62 319
915 1204 269 319
1186 1204 476 319
1664 1204 1364 319
256 1524 66 320
590 1524 75 320
667 1524 57 320
726 1524 59 320
787 1524 62 320
851 1524 62 320
915 1524 269 320
1186 1524 476 320
1664 1524 1364 320
256 1846 66 327
324 1846 264 241
590 1846 75 327
667 1846 57 327
726 1846 59 327
787 1846 62 327
851 1846 62 327
915 1846 269 327
1186 1846 476 327
1664 1846 1364 327
256 2175 66 326
590 2175 75 326
667 2175 57 326
726 2175 59 326
787 2175 62 326
851 2175 62 326
915 2175 269 326
1186 2175 476 326
1664 2175 1364 326
256 2503 66 327
590 2503 75 327
667 2503 57 327
726 2503 59 327
787 2503 62 327
851 2503 62 327
915 2503 269 327
1186 2503 476 327
1664 2503 1364 327
537 2590 51 28
256 2832 66 327
590 2832 75 327
667 2832 57 327
726 2832 59 327
787 2832 62 327
851 2832 62 327
915 2832 269 327
1186 2832 476 327
1664 2832 1364 327
192 3290 62 174
256 3290 67 174
325 3290 264 173
591 3290 74 174
667 3290 57 174
726 3290 60 174
788 3290 61 174
851 3290 64 174
917 3290 242 174
1161 3290 522 174
1685 3290 1343 174
192 3466 62 1030
256 3466 67 345
591 3466 74 345
667 3466 57 345
726 3466 60 345
788 3466 61 345
851 3466 64 345
917 3466 242 345
1161 3466 522 345
1685 3466 1343 345
256 3813 67 343
325 3813 264 215
591 3813 74 343
667 3813 57 343
726 3813 60 343
788 3813 61 343
851 3813 64 343
917 3813 242 343
1161 3813 522 343
1685 3813 1343 343
256 4158 67 338
591 4158 74 289
667 4158 57 338
726 4158 60 338
788 4158 61 338
851 4158 64 338
917 4158 242 338
1161 4158 522 338
1685 4158 1343 338
541 4218 48 28
531 4279 58 30
592 4447 73 49
