106 90 2851 277
106 369 2851 225
106 596 95 77
203 596 241 76
446 596 225 77
673 596 89 77
764 596 66 77
832 596 122 77
956 596 190 77
1148 596 287 77
1437 596 402 77
1841 596 1116 77
106 675 95 341
446 675 225 341
673 675 89 341
764 675 66 341
832 675 122 341
956 675 190 341
1148 675 287 341
1437 675 402 341
1841 675 1116 341
106 1018 95 240
203 1018 241 34
446 1018 225 341
673 1018 89 341
764 1018 66 341
832 1018 122 341
956 1018 190 341
1148 1018 287 341
1437 1018 402 341
1841 1018 1116 341
398 1098 46 144
203 1117 41 126
106 1258 94 101
106 1361 2851 2195
106 3556 1495 661
1604 3559 1353 54
1604 3615 134 67
1739 3615 385 67
2125 3615 381 67
2507 3615 450 67
1604 3683 134 202
1739 3683 385 202
2125 3683 381 202
2507 3683 450 202
1601 3888 1356 329
