8 8 120 172
130 8 271 172
404 8 229 172
636 8 94 172
732 8 95 172
829 8 142 172
973 8 116 172
1092 8 261 172
1356 8 478 172
1837 8 1050 172
8 183 120 367
130 183 271 367
404 183 229 367
636 183 94 367
732 183 95 367
829 183 142 367
973 183 116 367
1092 183 261 367
1356 183 478 367
1837 183 1050 367
8 554 1479 3186
1491 554 1396 2406
1491 2964 1396 57
1491 3023 329 49
1822 3023 647 49
2471 3023 216 49
2689 3023 198 49
1491 3073 329 47
1822 3073 647 47
2471 3073 216 47
2689 3073 198 47
1491 3121 329 47
1822 3121 647 47
2471 3121 216 47
2689 3121 198 47
1491 3170 1396 570
