8 9 2259 317
8 329 2259 188
8 520 92 159
103 520 187 159
293 520 183 159
479 520 154 159
636 520 84 159
722 520 119 159
844 520 169 159
1016 520 225 159
1244 520 225 159
1472 520 795 159
8 681 92 596
103 681 187 169
293 681 183 596
479 681 154 596
636 681 84 596
722 681 119 596
844 681 169 596
1016 681 225 596
1244 681 225 596
1472 681 795 596
103 1107 187 170
8 1279 92 593
103 1279 187 202
293 1279 183 593
479 1279 154 593
636 1279 84 593
722 1279 119 593
844 1279 169 593
1016 1279 225 593
1244 1279 225 593
1472 1279 795 593
103 1727 187 145
8 1875 764 1357
775 1875 770 1355
1548 1875 719 1355
