12 11 2936 261
12 277 2936 119
25 402 1452 54
1496 402 1452 54
25 458 111 229
138 458 191 228
331 458 55 229
387 458 55 229
444 458 55 229
501 458 55 229
557 458 55 229
614 458 191 229
807 458 219 229
1028 458 449 229
1496 458 55 229
1552 458 55 229
1609 458 191 229
1802 458 55 229
1859 458 55 229
1915 458 55 229
1972 458 55 229
2029 458 55 229
2085 458 191 229
2278 458 220 229
2499 458 449 229
25 689 111 229
331 689 55 229
387 689 55 229
444 689 55 229
501 689 55 229
557 689 55 229
614 689 191 229
807 689 219 229
1028 689 449 229
1496 689 55 457
1552 689 55 229
1802 689 55 229
1859 689 55 229
1915 689 55 229
1972 689 55 229
2029 689 55 229
2085 689 191 229
2278 689 220 229
2499 689 449 229
1777 757 23 128
1609 776 23 108
25 920 111 229
331 920 55 229
387 920 55 229
444 920 55 229
501 920 55 229
557 920 55 229
614 920 191 229
807 920 219 229
1028 920 449 229
1552 920 55 226
1802 920 55 226
1859 920 55 226
1915 920 55 226
1972 920 55 226
2029 920 55 226
2085 920 191 226
2278 920 220 226
2499 920 449 226
138 1000 22 107
303 1000 26 103
1609 1007 24 128
25 1151 1452 55
1496 1152 55 458
1552 1152 55 228
1802 1152 55 228
1859 1152 55 228
1915 1152 55 228
1972 1152 55 228
2029 1152 55 228
2085 1152 191 228
2278 1152 220 228
2499 1152 449 228
25 1207 55 230
81 1207 55 230
138 1207 191 230
331 1207 55 230
387 1207 55 230
444 1207 55 230
501 1207 55 230
557 1207 55 230
614 1207 191 230
807 1207 219 230
1028 1207 449 230
1609 1208 31 149
1774 1212 26 147
1552 1382 55 228
1802 1382 55 228
1859 1382 55 228
1915 1382 55 228
1972 1382 55 228
2029 1382 55 228
2085 1382 191 228
2278 1382 220 228
2499 1382 449 228
1774 1437 26 132
25 1438 55 1385
81 1438 55 230
331 1438 55 230
387 1438 55 230
444 1438 55 230
501 1438 55 230
557 1438 55 230
614 1438 191 230
807 1438 219 230
1028 1438 449 230
1609 1452 23 121
1496 1615 55 457
1552 1615 55 227
1802 1615 55 227
1859 1615 55 227
1915 1615 55 227
1972 1615 55 227
2029 1615 55 227
2085 1615 191 227
2278 1615 220 227
2499 1615 449 227
81 1669 55 230
331 1669 55 230
387 1669 55 230
444 1669 55 230
501 1669 55 230
557 1669 55 230
614 1669 191 230
807 1669 219 230
1028 1669 449 230
1763 1674 37 21
1609 1697 29 81
1773 1701 27 79
138 1735 28 36
299 1762 30 99
138 1771 27 93
1552 1844 55 228
1802 1844 55 228
1859 1844 55 228
1915 1844 55 228
1972 1844 55 228
2029 1844 55 228
2085 1844 191 228
2278 1844 220 228
2499 1844 449 228
81 1900 55 230
331 1900 55 230
387 1900 55 230
444 1900 55 230
501 1900 55 230
557 1900 55 230
614 1900 191 230
807 1900 219 230
1028 1900 449 230
1773 1911 27 22
1609 1936 25 83
1777 1938 23 80
1496 2077 55 457
1552 2077 55 227
1802 2077 55 227
1859 2077 55 227
1915 2077 55 227
1972 2077 55 227
2029 2077 55 227
2085 2077 191 227
2278 2077 220 227
2499 2077 449 227
81 2131 55 230
331 2131 55 230
387 2131 55 230
444 2131 55 230
501 2131 55 230
557 2131 55 230
614 2131 191 230
807 2131 219 230
1028 2131 449 230
1609 2140 35 25
1777 2142 23 22
1609 2176 29 87
138 2179 37 31
296 2183 33 24
298 2208 31 153
138 2213 34 83
1552 2306 55 228
1802 2306 55 228
1859 2306 55 228
1915 2306 55 228
1972 2306 55 228
2029 2306 55 228
2085 2306 191 228
2278 2306 220 228
2499 2306 449 228
81 2363 55 229
331 2363 55 229
387 2363 55 229
444 2363 55 229
501 2363 55 229
557 2363 55 229
614 2363 191 229
807 2363 219 229
1028 2363 449 229
138 2426 38 35
297 2429 32 163
138 2469 34 95
1496 2539 55 224
1552 2539 55 224
1802 2539 55 224
1859 2539 55 224
1915 2539 55 224
1972 2539 55 224
2029 2539 55 224
2085 2539 191 224
2278 2539 220 224
2499 2539 449 224
1765 2590 35 27
1609 2591 37 27
81 2594 55 229
331 2594 55 229
387 2594 55 229
444 2594 55 229
501 2594 55 229
557 2594 55 229
614 2594 191 229
807 2594 219 229
1028 2594 449 229
1768 2620 32 78
1609 2625 31 138
288 2669 41 24
138 2696 25 88
299 2698 30 84
1496 2769 55 457
1552 2769 55 228
1802 2769 55 228
1859 2769 55 228
1915 2769 55 228
1972 2769 55 228
2029 2769 55 228
2085 2769 191 228
2278 2769 220 228
2499 2769 449 228
25 2825 1452 55
1609 2853 22 144
25 2881 55 230
81 2881 55 230
138 2881 191 230
331 2881 55 230
387 2881 55 230
444 2881 55 230
501 2881 55 230
557 2881 55 230
614 2881 191 230
807 2881 219 230
1028 2881 449 230
1552 2999 55 227
1802 2999 55 227
1859 2999 55 227
1915 2999 55 227
1972 2999 55 227
2029 2999 55 227
2085 2999 191 227
2278 2999 220 227
2499 2999 449 227
1776 3102 24 57
25 3112 55 457
81 3112 55 230
331 3112 55 230
387 3112 55 230
444 3112 55 230
501 3112 55 230
557 3112 55 230
614 3112 191 230
807 3112 219 230
1028 3112 449 230
138 3171 26 29
298 3172 31 26
299 3198 30 144
138 3200 25 142
1496 3232 55 688
1552 3232 55 227
1802 3232 55 227
1859 3232 55 227
1915 3232 55 227
1972 3232 55 227
2029 3232 55 227
2085 3232 191 227
2278 3232 220 227
2499 3232 449 227
1609 3287 34 31
1765 3289 35 30
1609 3321 31 94
1769 3325 31 90
81 3343 55 226
331 3343 55 226
387 3343 55 226
444 3343 55 226
501 3343 55 226
557 3343 55 226
614 3343 191 226
807 3343 219 226
1028 3343 449 226
138 3416 23 27
1552 3461 55 229
1802 3461 55 229
1859 3461 55 229
1915 3461 55 229
1972 3461 55 229
2029 3461 55 229
2085 3461 191 229
2278 3461 220 229
2499 3461 449 229
1609 3520 30 126
1772 3523 28 118
25 3574 55 460
81 3574 55 230
331 3574 55 230
387 3574 55 230
444 3574 55 230
501 3574 55 230
557 3574 55 230
614 3574 191 230
807 3574 219 230
1028 3574 449 230
138 3640 29 139
308 3640 21 137
1552 3692 55 228
1802 3692 55 228
1859 3692 55 228
1915 3692 55 228
1972 3692 55 228
2029 3692 55 228
2085 3692 191 228
2278 3692 220 228
2499 3692 449 228
1609 3735 31 42
1763 3738 37 37
1609 3777 30 82
1768 3789 32 70
81 3805 55 229
331 3805 55 229
387 3805 55 229
444 3805 55 229
501 3805 55 229
557 3805 55 229
614 3805 191 229
807 3805 219 229
1028 3805 449 229
1483 3926 1465 337
25 4039 55 224
81 4039 55 224
331 4039 55 224
387 4039 55 224
444 4039 55 224
501 4039 55 224
557 4039 55 224
614 4039 191 224
807 4039 219 224
1028 4039 449 224
300 4096 29 30
138 4124 27 104
