20 20 2860 318
20 343 2860 141
20 491 102 107
127 491 279 107
410 491 109 107
524 491 80 107
609 491 80 107
694 491 80 107
779 491 80 107
864 491 336 107
1204 491 449 107
1658 491 1222 107
20 602 102 858
127 602 279 858
410 602 109 858
524 602 80 858
609 602 80 858
694 602 80 858
779 602 80 858
864 602 336 858
1204 602 449 858
1658 602 1222 858
20 1464 102 857
127 1464 279 857
410 1464 109 857
524 1464 80 857
609 1464 80 857
694 1464 80 857
779 1464 80 857
864 1464 336 857
1204 1464 449 857
1658 1464 1222 857
20 2326 102 857
127 2326 279 857
410 2326 109 857
524 2326 80 857
609 2326 80 857
694 2326 80 857
779 2326 80 857
864 2326 336 857
1204 2326 449 857
1658 2326 1222 857
20 3188 102 855
127 3188 279 855
410 3188 109 855
524 3188 80 855
609 3188 80 855
694 3188 80 855
779 3188 80 855
864 3188 336 855
1204 3188 449 855
1658 3188 1222 855
