20 20 2888 222
20 251 2888 146
20 406 1439 53
1468 406 1440 53
36 461 65 225
103 461 46 225
152 461 179 225
334 461 58 225
394 461 45 225
442 461 45 225
489 461 45 225
536 461 45 225
583 461 131 225
717 461 270 225
990 461 469 225
1484 461 65 225
1551 461 46 225
1599 461 180 229
1781 461 59 225
1842 461 45 225
1889 461 45 225
1937 461 45 225
1984 461 45 225
2031 461 131 225
2164 461 271 225
2437 461 471 225
36 688 65 451
103 688 46 225
334 688 58 225
394 688 45 225
442 688 45 225
489 688 45 225
536 688 45 225
583 688 131 225
717 688 270 225
990 688 469 225
1484 692 65 679
1551 693 46 224
1781 693 59 224
1842 693 45 224
1889 693 45 224
1937 693 45 224
1984 693 45 224
2031 693 131 224
2164 693 271 224
2437 693 471 224
1599 744 22 37
152 767 28 73
103 915 46 225
334 915 58 225
394 915 45 225
442 915 45 225
489 915 45 225
536 915 45 225
583 915 131 225
717 915 270 225
990 915 469 225
1551 920 46 224
1781 920 59 224
1842 920 45 224
1889 920 45 224
1937 920 45 224
1984 920 45 224
2031 920 131 224
2164 920 271 224
2437 920 471 224
152 955 36 140
292 964 39 26
1599 964 37 33
1749 975 30 96
294 991 37 67
1599 1000 35 72
303 1066 28 33
34 1142 1425 76
1551 1146 46 225
1781 1146 59 225
1842 1146 45 225
1889 1146 45 225
1937 1146 45 225
1984 1146 45 225
2031 1146 131 225
2164 1146 271 225
2437 1146 471 225
1599 1197 30 30
36 1220 65 225
103 1220 46 225
152 1220 179 225
334 1220 58 225
394 1220 45 225
442 1220 45 225
489 1220 45 225
536 1220 45 225
583 1220 131 225
717 1220 270 225
990 1220 469 225
1749 1225 30 88
1599 1229 28 142
1756 1324 23 47
1484 1373 65 224
1551 1373 46 224
1600 1373 49 35
1782 1373 58 224
1842 1373 45 224
1889 1373 45 224
1937 1373 45 224
1984 1373 45 224
2031 1373 131 224
2164 1373 271 224
2437 1373 471 224
1741 1435 38 82
1600 1440 37 81
36 1447 65 1585
103 1447 46 225
334 1447 58 225
394 1447 45 225
442 1447 45 225
489 1447 45 225
536 1447 45 225
583 1447 131 225
717 1447 270 225
990 1447 469 225
299 1525 32 54
152 1528 25 74
1484 1599 65 452
1551 1600 46 224
1781 1600 59 224
1842 1600 45 224
1889 1600 45 224
1937 1600 45 224
1984 1600 45 224
2031 1600 131 224
2164 1600 271 224
2437 1600 471 224
1599 1649 30 115
1743 1664 36 92
103 1674 46 225
152 1674 179 165
334 1674 58 225
394 1674 45 225
442 1674 45 225
489 1674 45 225
536 1674 45 225
583 1674 131 225
717 1674 270 225
990 1674 469 225
1551 1826 46 225
1599 1826 180 225
1781 1826 59 225
1842 1826 45 225
1889 1826 45 225
1937 1826 45 225
1984 1826 45 225
2031 1826 131 225
2164 1826 271 225
2437 1826 471 225
152 1854 76 45
277 1858 54 41
103 1901 46 224
334 1901 58 224
394 1901 45 224
442 1901 45 224
489 1901 45 224
536 1901 45 224
583 1901 131 224
717 1901 270 224
990 1901 469 224
1484 2053 65 452
1551 2053 46 225
1781 2053 59 225
1842 2053 45 225
1889 2053 45 225
1937 2053 45 225
1984 2053 45 225
2031 2053 131 225
2164 2053 271 225
2437 2053 471 225
1744 2099 35 88
1599 2108 35 87
103 2127 46 225
334 2127 58 225
394 2127 45 225
442 2127 45 225
489 2127 45 225
536 2127 45 225
583 2127 131 225
717 2127 270 225
990 2127 469 225
152 2175 36 97
291 2201 40 66
1551 2280 46 225
1781 2280 59 225
1842 2280 45 225
1889 2280 45 225
1937 2280 45 225
1984 2280 45 225
2031 2280 131 225
2164 2280 271 225
2437 2280 471 225
1736 2312 43 30
1599 2342 36 67
1741 2346 38 60
103 2354 46 225
152 2354 179 225
334 2354 58 225
394 2354 45 225
442 2354 45 225
489 2354 45 225
536 2354 45 225
583 2354 131 225
717 2354 270 225
990 2354 469 225
1484 2507 65 452
1551 2507 46 225
1781 2507 59 225
1842 2507 45 225
1889 2507 45 225
1937 2507 45 225
1984 2507 45 225
2031 2507 131 225
2164 2507 271 225
2437 2507 471 225
1599 2508 68 136
1709 2508 70 138
103 2581 46 224
152 2581 179 224
334 2581 58 224
394 2581 45 224
442 2581 45 224
489 2581 45 224
536 2581 45 224
583 2581 131 224
717 2581 270 224
990 2581 469 224
1626 2644 41 88
1709 2671 22 61
1551 2734 46 225
1781 2734 59 225
1842 2734 45 225
1889 2734 45 225
1937 2734 45 225
1984 2734 45 225
2031 2734 131 225
2164 2734 271 225
2437 2734 471 225
1753 2805 26 89
1599 2806 25 21
103 2808 46 224
334 2808 58 224
394 2808 45 224
442 2808 45 224
489 2808 45 224
536 2808 45 224
583 2808 131 224
717 2808 270 224
990 2808 469 224
1599 2827 22 68
1484 2961 65 452
1551 2961 46 225
1781 2961 59 225
1842 2961 45 225
1889 2961 45 225
1937 2961 45 225
1984 2961 45 225
2031 2961 131 225
2164 2961 271 225
2437 2961 471 225
34 3034 1425 70
36 3107 65 224
103 3107 46 224
152 3107 179 224
334 3107 58 224
394 3107 45 224
442 3107 45 224
489 3107 45 224
536 3107 45 224
583 3107 131 224
717 3107 270 224
990 3107 469 224
1551 3188 46 225
1781 3188 59 225
1842 3188 45 225
1889 3188 45 225
1937 3188 45 225
1984 3188 45 225
2031 3188 131 225
2164 3188 271 225
2437 3188 471 225
1599 3236 40 30
1737 3238 42 30
1599 3268 29 81
1748 3271 31 75
36 3333 65 452
103 3333 46 225
334 3333 58 225
394 3333 45 225
442 3333 45 225
489 3333 45 225
536 3333 45 225
583 3333 131 225
717 3333 270 225
990 3333 469 225
152 3384 34 90
294 3407 37 64
1484 3415 65 225
1551 3415 46 225
1782 3415 58 225
1842 3415 45 225
1889 3415 45 225
1937 3415 45 225
1984 3415 45 225
2031 3415 131 225
2164 3415 271 225
2437 3415 471 225
294 3472 33 28
1753 3502 26 61
1600 3503 25 60
103 3560 46 225
334 3560 58 225
394 3560 45 225
442 3560 45 225
489 3560 45 225
536 3560 45 225
583 3560 131 225
717 3560 270 225
990 3560 469 225
296 3607 35 91
152 3608 38 21
152 3634 35 65
1482 3642 1426 1077
36 3787 65 452
103 3787 46 225
334 3787 58 225
394 3787 45 225
442 3787 45 225
489 3787 45 225
536 3787 45 225
583 3787 131 225
717 3787 270 225
990 3787 469 225
103 4014 46 225
334 4014 58 225
394 4014 45 225
442 4014 45 225
489 4014 45 225
536 4014 45 225
583 4014 131 225
717 4014 270 225
990 4014 469 225
36 4241 65 452
103 4241 46 225
334 4241 58 225
394 4241 45 225
442 4241 45 225
489 4241 45 225
536 4241 45 225
583 4241 131 225
717 4241 270 225
990 4241 469 225
103 4468 46 225
334 4468 58 225
394 4468 45 225
442 4468 45 225
489 4468 45 225
536 4468 45 225
583 4468 131 225
717 4468 270 225
990 4468 469 225
152 4511 35 34
294 4521 37 24
152 4549 31 80
297 4553 34 140
34 4695 1425 24
