16 17 2832 208
16 226 2832 246
16 474 109 110
126 474 362 110
489 474 84 110
574 474 84 110
659 474 84 110
745 474 83 110
830 474 83 110
915 474 395 110
1311 474 566 110
1878 474 969 110
16 585 109 583
126 585 362 583
489 585 84 583
574 585 84 583
659 585 84 583
745 585 83 583
830 585 83 583
915 585 395 583
1311 585 566 583
1878 585 969 583
16 1169 109 581
126 1169 362 581
489 1169 84 581
574 1169 84 581
659 1169 84 581
745 1169 83 581
830 1169 83 581
915 1169 395 581
1311 1169 566 581
1878 1169 969 581
16 1755 1416 2408
1436 1755 1411 2408
