9 46 2259 289
9 338 2259 191
9 532 2259 94
9 630 92 160
104 630 187 160
294 630 183 160
480 630 154 160
636 630 84 160
723 630 119 160
844 630 170 160
1017 630 225 160
1245 630 225 160
1473 630 795 160
9 793 92 412
104 793 187 254
294 793 183 412
480 793 154 412
636 793 84 412
723 793 119 412
844 793 170 412
1017 793 225 412
1245 793 225 412
1473 793 795 412
104 1105 187 100
9 1208 92 405
104 1208 187 405
294 1208 183 405
480 1208 154 405
636 1208 84 405
723 1208 119 405
844 1208 170 405
1017 1208 225 405
1245 1208 225 405
1473 1208 795 405
9 1615 92 409
104 1615 187 409
294 1615 183 409
480 1615 154 409
636 1615 84 409
723 1615 119 409
844 1615 170 409
1017 1615 225 409
1245 1615 225 409
1473 1615 795 409
9 2027 92 406
104 2027 187 406
294 2027 183 406
480 2027 154 406
636 2027 84 406
723 2027 119 406
844 2027 170 406
1017 2027 225 406
1245 2027 225 406
1473 2027 795 406
9 2436 764 833
776 2436 770 833
1549 2436 719 833
