9 10 2854 143
9 154 2854 312
9 468 60 42
70 468 157 91
229 468 225 91
456 468 229 91
686 468 85 91
773 468 200 91
974 468 183 91
1159 468 247 91
1408 468 447 91
1857 468 1006 91
9 526 60 33
9 561 60 242
229 561 225 242
456 561 229 242
686 561 85 242
773 561 200 242
974 561 183 242
1159 561 247 242
1408 561 447 242
1857 561 1006 242
9 805 60 242
70 805 157 242
229 805 225 242
456 805 229 242
686 805 85 242
773 805 200 242
974 805 183 242
1159 805 247 242
1408 805 447 242
1857 805 1006 242
9 1049 60 234
70 1049 157 162
229 1049 225 234
456 1049 229 234
686 1049 85 234
773 1049 200 234
974 1049 183 234
1159 1049 247 234
1408 1049 447 234
1857 1049 1006 234
9 1316 2854 144
9 1462 2854 318
9 1782 34 145
44 1782 44 145
90 1782 157 145
248 1782 50 145
299 1782 44 145
345 1782 43 145
390 1782 44 145
435 1782 44 145
481 1782 157 145
640 1782 327 145
968 1782 466 145
1436 1782 44 145
1481 1782 44 145
1527 1782 157 145
1686 1782 49 145
1737 1782 43 145
1782 1782 44 145
1827 1782 44 145
1873 1782 43 145
1918 1782 157 145
2077 1782 327 145
2406 1782 457 145
9 1929 33 569
44 1929 44 242
90 1929 157 181
248 1929 50 242
299 1929 44 242
345 1929 43 242
390 1929 44 242
435 1929 44 242
481 1929 157 242
640 1929 327 242
968 1929 466 242
1437 1929 43 242
1481 1929 44 242
1686 1929 49 242
1737 1929 43 242
1782 1929 44 242
1827 1929 44 242
1873 1929 43 242
1918 1929 157 242
2077 1929 327 242
2406 1929 457 242
44 2173 44 242
90 2173 157 33
248 2173 50 242
299 2173 44 242
345 2173 43 242
390 2173 44 242
435 2173 44 242
481 2173 157 242
640 2173 327 242
968 2173 466 242
1437 2173 43 729
1481 2173 44 242
1527 2173 157 29
1686 2173 49 242
1737 2173 43 242
1782 2173 44 242
1827 2173 44 242
1873 2173 43 242
1918 2173 157 242
2077 2173 327 242
2406 2173 457 242
44 2417 44 242
90 2417 157 30
248 2417 50 242
299 2417 44 242
345 2417 43 242
390 2417 44 242
435 2417 44 242
481 2417 157 242
640 2417 327 242
968 2417 466 242
1481 2417 44 242
1527 2417 157 26
1686 2417 49 242
1737 2417 43 242
1782 2417 44 242
1827 2417 44 242
1873 2417 43 242
1918 2417 157 242
2077 2417 327 242
2406 2417 457 242
9 2504 33 261
44 2660 44 242
90 2660 157 29
248 2660 50 242
299 2660 44 242
345 2660 43 242
390 2660 44 242
435 2660 44 242
481 2660 157 242
640 2660 327 242
968 2660 466 242
1481 2660 44 242
1527 2660 157 26
1686 2660 49 242
1737 2660 43 242
1782 2660 44 242
1827 2660 44 242
1873 2660 43 242
1918 2660 157 242
2077 2660 327 242
2406 2660 457 242
9 2799 33 245
44 2904 44 242
90 2904 157 31
248 2904 50 242
299 2904 44 242
345 2904 43 242
390 2904 44 242
435 2904 44 242
481 2904 157 242
640 2904 327 242
968 2904 466 242
1437 2904 43 1214
1481 2904 44 242
1527 2904 157 34
1686 2904 49 30
1737 2904 43 242
1782 2904 44 242
1827 2904 44 242
1873 2904 43 242
1918 2904 157 242
2077 2904 327 242
2406 2904 457 242
1686 2968 49 147
9 3073 33 561
1686 3116 49 30
44 3148 44 242
248 3148 50 242
299 3148 44 242
345 3148 43 242
390 3148 44 242
435 3148 44 242
481 3148 157 242
640 3148 327 242
968 3148 466 242
1481 3148 44 242
1527 3148 157 38
1686 3148 49 242
1737 3148 43 242
1782 3148 44 242
1827 3148 44 242
1873 3148 43 242
1918 3148 157 242
2077 3148 327 242
2406 3148 457 242
222 3202 25 24
44 3392 44 242
248 3392 50 242
299 3392 44 242
345 3392 43 242
390 3392 44 242
435 3392 44 242
481 3392 157 242
640 3392 327 242
968 3392 466 242
1481 3392 44 242
1527 3392 157 23
1686 3392 49 242
1737 3392 43 242
1782 3392 44 242
1827 3392 44 242
1873 3392 43 242
1918 3392 157 242
2077 3392 327 242
2406 3392 457 242
90 3635 157 29
248 3635 50 243
299 3635 44 243
345 3635 43 243
390 3635 44 243
435 3635 44 243
481 3635 157 243
640 3635 327 243
968 3635 466 243
1481 3635 44 243
1527 3635 157 188
1686 3635 49 243
1737 3635 43 243
1782 3635 44 243
1827 3635 44 243
1873 3635 43 243
1918 3635 157 243
2077 3635 327 243
2406 3635 457 243
9 3636 33 168
44 3636 44 242
9 3810 33 53
1527 3829 157 49
44 3879 44 239
90 3879 157 29
248 3879 50 239
299 3879 44 239
345 3879 43 239
390 3879 44 239
435 3879 44 239
481 3879 157 239
640 3879 327 239
968 3879 466 239
1481 3879 44 239
1527 3879 157 30
1686 3879 49 239
1737 3879 43 239
1782 3879 44 239
1827 3879 44 239
1873 3879 43 239
1918 3879 157 239
2077 3879 327 239
2406 3879 457 239
9 3897 33 45
9 3977 33 141
