5 625 41 80
48 625 164 80
213 625 54 80
268 625 40 80
310 625 41 80
353 625 42 80
397 625 41 80
440 625 128 80
569 626 273 79
843 626 808 79
6 706 40 447
48 706 164 251
213 706 54 289
268 706 40 447
310 706 41 447
353 706 42 447
397 706 41 447
440 706 128 447
569 706 273 447
843 706 807 447
99 962 64 41
214 995 53 158
122 1035 21 118
48 1036 74 117
143 1036 69 117
6 1155 40 458
48 1155 164 117
213 1155 54 458
268 1155 40 458
310 1155 41 458
353 1155 42 458
397 1155 41 458
440 1155 128 458
569 1155 273 458
843 1155 806 458
48 1319 26 26
187 1345 25 89
48 1347 24 96
168 1487 44 126
48 1488 55 125
6 1614 40 452
48 1614 164 452
213 1614 54 452
268 1614 40 452
310 1614 41 452
353 1614 42 452
397 1614 41 452
440 1614 128 452
569 1614 273 452
843 1614 806 452
1700 626 41 80
1742 626 164 80
1908 626 53 80
1963 626 40 80
2004 626 42 80
2047 626 42 80
2091 626 42 80
2134 626 128 80
2264 626 358 80
2623 626 723 80
1700 708 41 366
1742 708 164 56
1908 708 53 366
1963 708 40 366
2004 708 42 366
2047 708 42 366
2091 708 42 366
2134 708 128 366
2264 708 358 366
2623 708 721 366
1742 993 65 81
1853 993 34 81
1699 1234 41 80
1741 1234 164 80
1907 1234 53 80
1962 1234 40 80
2003 1234 42 80
2046 1234 42 80
2090 1234 42 80
2134 1234 127 80
2263 1234 358 80
2622 1234 723 80
1699 1316 41 366
1741 1316 164 66
1907 1316 53 366
1962 1316 40 366
2003 1316 42 366
2046 1316 42 366
2090 1316 42 366
2134 1316 127 366
2263 1316 358 366
2622 1316 721 366
1741 1433 21 30
1878 1433 27 26
1882 1465 23 78
1863 1596 42 86
1741 1597 56 85
1699 1798 40 80
1741 1798 164 80
1906 1798 54 80
1961 1798 40 80
2003 1798 41 80
2046 1798 42 80
2090 1798 41 80
2133 1798 128 80
2262 1798 358 80
2622 1798 722 80
1699 1879 40 368
1741 1879 164 220
1906 1879 54 368
1961 1879 40 368
2003 1879 41 368
2046 1879 42 368
2090 1879 41 368
2133 1879 128 368
2262 1879 358 368
2622 1879 721 368
1779 2101 75 23
1785 2174 61 73
1741 2176 43 71
1846 2176 59 71
1699 2249 40 365
1741 2249 164 71
1906 2249 54 365
1961 2249 40 365
2003 2249 41 365
2046 2249 42 365
2090 2249 41 365
2133 2249 128 365
2262 2249 358 365
2622 2249 720 365
1884 2382 21 27
1741 2543 109 71
5 2299 41 80
48 2299 164 80
213 2299 54 80
268 2299 40 80
310 2299 41 80
353 2299 42 80
397 2299 41 80
440 2299 128 80
569 2300 273 79
843 2300 808 79
6 2381 40 367
48 2381 164 78
213 2381 54 137
268 2381 40 367
310 2381 41 367
353 2381 42 367
397 2381 41 367
440 2381 128 367
569 2381 273 367
843 2381 807 367
214 2518 53 230
48 2669 164 79
6 2750 40 367
48 2750 164 84
213 2750 54 231
268 2750 40 367
310 2750 41 367
353 2750 42 367
397 2750 41 367
440 2750 128 367
569 2750 273 367
843 2750 806 367
181 2877 31 34
48 2909 27 80
182 2911 30 38
214 2981 53 136
48 3033 32 84
106 3033 29 84
161 3033 51 84
6 3119 40 361
48 3119 164 84
213 3119 54 361
268 3119 40 361
310 3119 41 361
353 3119 42 361
397 3119 41 361
440 3119 128 361
569 3119 273 361
843 3119 806 361
48 3240 30 21
48 3279 27 77
48 3402 54 78
130 3402 82 78
6 3481 40 359
48 3481 164 74
213 3481 54 233
268 3481 40 359
310 3481 41 359
353 3481 42 359
397 3481 41 359
440 3481 128 359
569 3481 273 359
843 3481 806 359
180 3604 32 24
48 3631 23 65
182 3631 30 62
216 3715 51 125
48 3759 57 81
115 3759 25 81
165 3759 47 81
1699 2725 40 80
1741 2725 164 80
1906 2725 54 80
1961 2725 40 80
2003 2725 41 80
2046 2725 42 80
2090 2725 41 80
2133 2725 128 80
2262 2725 358 80
2622 2725 722 80
1699 2807 40 367
1741 2807 164 80
1906 2807 54 367
1961 2807 40 367
2003 2807 41 367
2046 2807 42 367
2090 2807 41 367
2133 2807 128 367
2262 2807 358 367
2622 2807 721 367
1741 2924 25 23
1882 2929 23 23
1741 2949 22 90
1884 2955 21 81
1741 3104 56 70
1852 3104 53 70
1699 3176 40 366
1741 3176 164 366
1906 3176 54 366
1961 3176 40 366
2003 3176 41 366
2046 3176 42 366
2090 3176 41 366
2133 3176 128 366
2262 3176 358 366
2622 3176 720 366
1699 3657 41 80
1742 3657 163 80
1907 3657 53 80
1962 3657 40 80
2004 3657 41 80
2047 3657 42 80
2090 3657 42 80
2134 3657 127 80
2263 3657 358 80
2623 3657 722 80
1700 3739 40 366
1742 3739 163 61
1907 3739 53 366
1962 3739 40 366
2004 3739 41 366
2047 3739 42 366
2090 3739 42 366
2134 3739 127 366
2263 3739 358 366
2623 3739 721 366
1883 3844 22 29
1742 3850 25 31
1742 4027 51 78
1858 4027 47 78
5 4080 41 80
47 4080 164 80
213 4080 53 80
268 4080 39 80
309 4080 41 80
352 4080 42 80
396 4080 42 80
439 4080 128 80
569 4080 272 80
843 4080 807 80
5 4162 41 251
47 4162 164 87
213 4162 53 366
268 4162 39 366
309 4162 41 366
352 4162 42 366
396 4162 42 366
439 4162 128 366
569 4162 272 366
843 4162 806 366
47 4289 30 31
185 4296 26 25
188 4321 23 77
47 4325 26 78
5 4413 40 115
57 4462 154 66
1699 4227 41 80
1742 4227 163 80
1907 4227 53 80
1962 4227 40 80
2004 4227 41 80
2047 4227 42 80
2090 4227 42 80
2134 4227 127 80
2263 4227 358 80
2623 4227 722 80
1700 4309 40 366
1742 4309 163 61
1907 4309 53 366
1962 4309 40 366
2004 4309 41 366
2047 4309 42 366
2090 4309 42 366
2134 4309 127 366
2263 4309 358 366
2623 4309 721 366
1742 4409 26 135
1880 4412 25 137
1742 4600 55 75
1863 4600 42 75
