93 121 2830 337
93 461 2830 289
93 753 2830 160
93 915 94 102
190 915 236 102
428 915 258 102
688 915 112 102
803 915 84 102
890 915 154 102
1047 915 146 102
1195 915 253 102
1450 915 356 102
1809 915 1114 102
93 1019 94 323
428 1019 258 323
688 1019 112 323
803 1019 84 323
890 1019 154 323
1047 1019 146 323
1195 1019 253 323
1450 1019 356 323
1809 1019 1114 323
384 1085 42 21
190 1092 50 23
93 1344 94 322
428 1344 258 322
688 1344 112 322
803 1344 84 322
890 1344 154 322
1047 1344 146 322
1195 1344 253 322
1450 1344 356 322
1809 1344 1114 322
93 1668 94 323
190 1668 236 25
428 1668 258 323
688 1668 112 323
803 1668 84 323
890 1668 154 323
1047 1668 146 323
1195 1668 253 323
1450 1668 356 323
1809 1668 1114 323
93 1993 94 322
428 1993 258 322
688 1993 112 322
803 1993 84 322
890 1993 154 322
1047 1993 146 322
1195 1993 253 322
1450 1993 356 322
1809 1993 1114 322
93 2317 2830 161
93 2480 94 102
190 2480 236 102
428 2480 258 102
688 2480 112 102
803 2480 84 102
890 2480 154 102
1047 2480 146 102
1195 2480 253 102
1450 2480 356 102
1809 2480 1114 102
93 2584 94 323
428 2584 258 323
688 2584 112 323
803 2584 84 323
890 2584 154 323
1047 2584 146 323
1195 2584 253 323
1450 2584 356 323
1809 2584 1114 323
190 2667 41 23
93 2909 94 322
190 2909 236 238
428 2909 258 322
688 2909 112 322
803 2909 84 322
890 2909 154 322
1047 2909 146 322
1195 2909 253 322
1450 2909 356 322
1809 2909 1114 322
190 3203 94 24
93 3233 2830 161
93 3396 94 102
190 3396 236 102
428 3396 258 102
688 3396 112 102
803 3396 84 102
890 3396 154 102
1047 3396 146 102
1195 3396 253 102
1450 3396 356 102
1809 3396 1114 102
93 3500 94 323
190 3500 236 323
428 3500 258 323
688 3500 112 323
803 3500 84 323
890 3500 154 323
1047 3500 146 323
1195 3500 253 323
1450 3500 356 323
1809 3500 1114 323
93 3825 94 322
190 3825 236 259
428 3825 258 322
688 3825 112 322
803 3825 84 322
890 3825 154 322
1047 3825 146 322
1195 3825 253 322
1450 3825 356 322
1809 3825 1114 322
794 4198 66 28
697 4229 57 21
