64 245 89 61
155 245 89 61
246 245 242 61
489 245 158 61
648 245 320 30
648 276 87 30
736 276 232 30
64 307 89 61
155 307 89 61
246 307 242 61
489 307 158 61
648 307 87 61
736 307 232 61
64 370 89 61
155 370 89 61
246 370 242 61
489 370 158 61
648 370 87 61
736 370 232 61
64 432 89 61
155 432 89 61
246 432 242 61
489 432 158 61
648 432 87 61
736 432 232 61
64 495 89 61
155 495 89 61
246 495 242 61
489 495 158 61
648 495 87 61
736 495 232 61
64 557 89 61
155 557 89 61
246 557 242 61
489 557 158 61
648 557 87 61
736 557 232 61
64 620 89 61
155 620 89 61
246 620 242 61
489 620 158 61
648 620 87 61
736 620 232 61
64 682 89 61
155 682 89 61
246 682 242 61
489 682 158 61
648 682 87 61
736 682 232 61
64 745 89 61
155 745 89 61
246 745 242 61
489 745 158 61
648 745 87 61
736 745 232 61
64 807 89 61
155 807 89 61
246 807 242 61
489 807 158 61
648 807 87 61
736 807 232 61
64 870 89 61
155 870 89 61
246 870 242 61
489 870 158 61
648 870 87 61
736 870 232 61
64 932 89 61
155 932 89 61
246 932 242 61
489 932 158 61
648 932 87 61
736 932 232 61
64 995 89 61
155 995 89 61
246 995 242 61
489 995 158 61
648 995 87 61
736 995 232 61
64 1057 89 61
155 1057 89 61
246 1057 242 61
489 1057 158 61
648 1057 87 61
736 1057 232 61
64 1119 89 62
155 1119 89 62
246 1119 242 62
489 1119 158 62
648 1119 87 62
736 1119 232 62
64 1182 89 61
155 1182 89 61
246 1182 242 61
489 1182 158 61
648 1182 87 61
736 1182 232 61
64 1244 89 61
155 1244 89 61
246 1244 242 61
489 1244 158 61
648 1244 87 61
736 1244 232 61
64 1307 89 61
155 1307 89 61
246 1307 242 61
489 1307 158 61
648 1307 87 61
736 1307 232 61
64 1369 89 61
155 1369 89 61
246 1369 242 61
489 1369 158 61
648 1369 87 61
736 1369 232 61
64 1432 89 61
155 1432 89 61
246 1432 242 61
489 1432 158 61
648 1432 87 61
736 1432 232 61
64 1494 89 61
155 1494 89 61
246 1494 242 61
489 1494 158 61
648 1494 87 61
736 1494 232 61
64 1557 89 61
155 1557 89 61
246 1557 242 61
489 1557 158 61
648 1557 87 61
736 1557 232 61
64 1619 89 61
155 1619 89 61
246 1619 242 61
489 1619 158 61
648 1619 87 61
736 1619 232 61
64 1682 89 61
155 1682 89 61
246 1682 242 61
489 1682 158 61
648 1682 87 61
736 1682 232 61
64 1744 89 61
155 1744 89 61
246 1744 242 61
489 1744 158 61
648 1744 87 61
736 1744 232 61
64 1807 89 61
155 1807 89 61
246 1807 242 61
489 1807 158 61
648 1807 87 61
736 1807 232 61
64 1869 89 61
155 1869 89 61
246 1869 242 61
489 1869 158 61
648 1869 87 61
736 1869 232 61
64 1932 89 61
155 1932 89 61
246 1932 242 61
489 1932 158 61
648 1932 87 61
736 1932 232 61
64 1994 89 61
155 1994 89 61
246 1994 242 61
489 1994 158 61
648 1994 87 61
736 1994 232 61
64 2057 89 61
155 2057 89 61
246 2057 242 61
489 2057 158 61
648 2057 87 61
736 2057 232 61
64 2119 89 61
155 2119 89 61
246 2119 242 61
489 2119 158 61
648 2119 87 61
736 2119 232 61
64 2182 89 61
155 2182 89 61
246 2182 242 61
489 2182 158 61
648 2182 87 61
736 2182 232 61
64 2244 89 61
155 2244 89 61
246 2244 242 61
489 2244 158 61
648 2244 87 61
736 2244 232 61
64 2307 89 61
155 2307 89 61
246 2307 242 61
489 2307 158 61
648 2307 87 61
736 2307 232 61
64 2369 89 61
155 2369 89 61
246 2369 242 61
489 2369 158 61
648 2369 87 61
736 2369 232 61
64 2431 89 62
155 2431 89 62
246 2431 242 62
489 2431 158 62
648 2431 87 62
736 2431 232 62
64 2494 89 61
155 2494 89 61
246 2494 242 61
489 2494 158 61
648 2494 87 61
736 2494 232 61
64 2556 89 61
155 2556 89 61
246 2556 242 61
489 2556 158 61
648 2556 87 61
736 2556 232 61
64 2619 89 61
155 2619 89 61
246 2619 242 61
489 2619 158 61
648 2619 87 61
736 2619 232 61
64 2681 89 61
155 2681 89 61
246 2681 242 61
489 2681 158 61
648 2681 87 61
736 2681 232 61
64 2744 89 61
155 2744 89 61
246 2744 242 61
489 2744 158 61
648 2744 87 61
736 2744 232 61
64 2806 89 61
155 2806 89 61
246 2806 242 61
489 2806 158 61
648 2806 87 61
736 2806 232 61
64 2869 89 61
155 2869 89 61
246 2869 242 61
489 2869 158 61
648 2869 87 61
736 2869 232 61
64 2931 89 61
155 2931 89 61
246 2931 242 61
489 2931 158 61
648 2931 87 61
736 2931 232 61
64 2994 89 61
155 2994 89 61
246 2994 242 61
489 2994 158 61
648 2994 87 61
736 2994 232 61
64 3056 89 61
155 3056 89 61
246 3056 242 61
489 3056 158 61
648 3056 87 61
736 3056 232 61
64 3119 89 61
155 3119 89 61
246 3119 242 61
489 3119 158 61
648 3119 87 61
736 3119 232 61
64 3181 89 61
155 3181 89 61
246 3181 242 61
489 3181 158 61
648 3181 87 61
736 3181 232 61
64 3244 89 61
155 3244 89 61
246 3244 242 61
489 3244 158 61
648 3244 87 61
736 3244 232 61
64 3306 89 66
155 3306 89 66
246 3306 242 66
489 3306 158 66
648 3306 87 66
736 3306 232 66
1000 245 89 61
1090 245 90 61
1181 245 242 61
1425 245 157 61
1584 245 320 30
1584 276 86 30
1671 276 233 30
1000 307 89 61
1090 307 90 61
1181 307 242 61
1425 307 157 61
1584 307 86 61
1671 307 233 61
1000 370 89 61
1090 370 90 61
1181 370 242 61
1425 370 157 61
1584 370 86 61
1671 370 233 61
1000 432 89 61
1090 432 90 61
1181 432 242 61
1425 432 157 61
1584 432 86 61
1671 432 233 61
1000 495 89 61
1090 495 90 61
1181 495 242 61
1425 495 157 61
1584 495 86 61
1671 495 233 61
1000 557 89 61
1090 557 90 61
1181 557 242 61
1425 557 157 61
1584 557 86 61
1671 557 233 61
1000 620 89 61
1090 620 90 61
1181 620 242 61
1425 620 157 61
1584 620 86 61
1671 620 233 61
1000 682 89 61
1090 682 90 61
1181 682 242 61
1425 682 157 61
1584 682 86 61
1671 682 233 61
1000 745 89 61
1090 745 90 61
1181 745 242 61
1425 745 157 61
1584 745 86 61
1671 745 233 61
1000 807 89 61
1090 807 90 61
1181 807 242 61
1425 807 157 61
1584 807 86 61
1671 807 233 61
1000 870 89 61
1090 870 90 61
1181 870 242 61
1425 870 157 61
1584 870 86 61
1671 870 233 61
1000 932 89 61
1090 932 90 61
1181 932 242 61
1425 932 157 61
1584 932 86 61
1671 932 233 61
1000 995 89 61
1090 995 90 61
1181 995 242 61
1425 995 157 61
1584 995 86 61
1671 995 233 61
1000 1057 89 61
1090 1057 90 61
1181 1057 242 61
1425 1057 157 61
1584 1057 86 61
1671 1057 233 61
1000 1119 89 62
1090 1119 90 62
1181 1119 242 62
1425 1119 157 62
1584 1119 86 62
1671 1119 233 62
1000 1182 89 61
1090 1182 90 61
1181 1182 242 61
1425 1182 157 61
1584 1182 86 61
1671 1182 233 61
1000 1244 89 61
1090 1244 90 61
1181 1244 242 61
1425 1244 157 61
1584 1244 86 61
1671 1244 233 61
1000 1307 89 61
1090 1307 90 61
1181 1307 242 61
1425 1307 157 61
1584 1307 86 61
1671 1307 233 61
1000 1369 89 61
1090 1369 90 61
1181 1369 242 61
1425 1369 157 61
1584 1369 86 61
1671 1369 233 61
1000 1432 89 61
1090 1432 90 61
1181 1432 242 61
1425 1432 157 61
1584 1432 86 61
1671 1432 233 61
1000 1494 89 61
1090 1494 90 61
1181 1494 242 61
1425 1494 157 61
1584 1494 86 61
1671 1494 233 61
1000 1557 89 61
1090 1557 90 61
1181 1557 242 61
1425 1557 157 61
1584 1557 86 61
1671 1557 233 61
1000 1619 89 61
1090 1619 90 61
1181 1619 242 61
1425 1619 157 61
1584 1619 86 61
1671 1619 233 61
1000 1682 89 61
1090 1682 90 61
1181 1682 242 61
1425 1682 157 61
1584 1682 86 61
1671 1682 233 61
1000 1744 89 61
1090 1744 90 61
1181 1744 242 61
1425 1744 157 61
1584 1744 86 61
1671 1744 233 61
1000 1807 89 61
1090 1807 90 61
1181 1807 242 61
1425 1807 157 61
1584 1807 86 61
1671 1807 233 61
1000 1869 89 61
1090 1869 90 61
1181 1869 242 61
1425 1869 157 61
1584 1869 86 61
1671 1869 233 61
1000 1932 89 61
1090 1932 90 61
1181 1932 242 61
1425 1932 157 61
1584 1932 86 61
1671 1932 233 61
1000 1994 89 61
1090 1994 90 61
1181 1994 242 61
1425 1994 157 61
1584 1994 86 61
1671 1994 233 61
1000 2057 89 61
1090 2057 90 61
1181 2057 242 61
1425 2057 157 61
1584 2057 86 61
1671 2057 233 61
1000 2119 89 61
1090 2119 90 61
1181 2119 242 61
1425 2119 157 61
1584 2119 86 61
1671 2119 233 61
1000 2182 89 61
1090 2182 90 61
1181 2182 242 61
1425 2182 157 61
1584 2182 86 61
1671 2182 233 61
1000 2244 89 61
1090 2244 90 61
1181 2244 242 61
1425 2244 157 61
1584 2244 86 61
1671 2244 233 61
1000 2307 89 61
1090 2307 90 61
1181 2307 242 61
1425 2307 157 61
1584 2307 86 61
1671 2307 233 61
1000 2369 89 61
1090 2369 90 61
1181 2369 242 61
1425 2369 157 61
1584 2369 86 61
1671 2369 233 61
1000 2431 89 62
1090 2431 90 62
1181 2431 242 62
1425 2431 157 62
1584 2431 86 62
1671 2431 233 62
1000 2494 89 61
1090 2494 90 61
1181 2494 242 61
1425 2494 157 61
1584 2494 86 61
1671 2494 233 61
1000 2556 89 61
1090 2556 90 61
1181 2556 242 61
1425 2556 157 61
1584 2556 86 61
1671 2556 233 61
1000 2619 89 61
1090 2619 90 61
1181 2619 242 61
1425 2619 157 61
1584 2619 86 61
1671 2619 233 61
1000 2681 89 61
1090 2681 90 61
1181 2681 242 61
1425 2681 157 61
1584 2681 86 61
1671 2681 233 61
1000 2744 89 61
1090 2744 90 61
1181 2744 242 61
1425 2744 157 61
1584 2744 86 61
1671 2744 233 61
1000 2806 89 61
1090 2806 90 61
1181 2806 242 61
1425 2806 157 61
1584 2806 86 61
1671 2806 233 61
1000 2869 89 61
1090 2869 90 61
1181 2869 242 61
1425 2869 157 61
1584 2869 86 61
1671 2869 233 61
1000 2931 89 61
1090 2931 90 61
1181 2931 242 61
1425 2931 157 61
1584 2931 86 61
1671 2931 233 61
1000 2994 89 61
1090 2994 90 61
1181 2994 242 61
1425 2994 157 61
1584 2994 86 61
1671 2994 233 61
1000 3056 89 61
1090 3056 90 61
1181 3056 242 61
1425 3056 157 61
1584 3056 86 61
1671 3056 233 61
1000 3119 89 61
1090 3119 90 61
1181 3119 242 61
1425 3119 157 61
1584 3119 86 61
1671 3119 233 61
1000 3181 89 61
1090 3181 90 61
1181 3181 242 61
1425 3181 157 61
1584 3181 86 61
1671 3181 233 61
1000 3244 89 61
1090 3244 90 61
1181 3244 242 61
1425 3244 157 61
1584 3244 86 61
1671 3244 233 61
1000 3306 89 66
1090 3306 90 66
1181 3306 242 66
1425 3306 157 66
1584 3306 86 66
1671 3306 233 66
1935 245 89 61
2026 245 89 61
2116 245 243 61
2360 245 158 61
2519 245 320 30
2519 276 86 30
2607 276 232 30
1935 307 89 61
2026 307 89 61
2116 307 243 61
2360 307 158 61
2519 307 86 61
2607 307 232 61
1935 370 89 61
2026 370 89 61
2116 370 243 61
2360 370 158 61
2519 370 86 61
2607 370 232 61
1935 432 89 61
2026 432 89 61
2116 432 243 61
2360 432 158 61
2519 432 86 61
2607 432 232 61
1935 495 89 61
2026 495 89 61
2116 495 243 61
2360 495 158 61
2519 495 86 61
2607 495 232 61
1935 557 89 61
2026 557 89 61
2116 557 243 61
2360 557 158 61
2519 557 86 61
2607 557 232 61
1935 620 89 61
2026 620 89 61
2116 620 243 61
2360 620 158 61
2519 620 86 61
2607 620 232 61
1935 682 89 61
2026 682 89 61
2116 682 243 61
2360 682 158 61
2519 682 86 61
2607 682 232 61
1935 745 89 61
2026 745 89 61
2116 745 243 61
2360 745 158 61
2519 745 86 61
2607 745 232 61
1935 807 89 61
2026 807 89 61
2116 807 243 61
2360 807 158 61
2519 807 86 61
2607 807 232 61
1935 870 89 61
2026 870 89 61
2116 870 243 61
2360 870 158 61
2519 870 86 61
2607 870 232 61
1935 932 89 61
2026 932 89 61
2116 932 243 61
2360 932 158 61
2519 932 86 61
2607 932 232 61
1935 995 89 61
2026 995 89 61
2116 995 243 61
2360 995 158 61
2519 995 86 61
2607 995 232 61
1935 1057 89 61
2026 1057 89 61
2116 1057 243 61
2360 1057 158 61
2519 1057 86 61
2607 1057 232 61
1935 1120 89 61
2026 1120 89 61
2116 1120 243 61
2360 1120 158 61
2519 1120 86 61
2607 1120 232 61
1935 1182 89 62
2026 1182 89 62
2116 1182 243 62
2360 1182 158 62
2519 1182 86 62
2607 1182 232 62
1935 1245 89 61
2026 1245 89 61
2116 1245 243 61
2360 1245 158 61
2519 1245 86 61
2607 1245 232 61
1935 1307 89 62
2026 1307 89 62
2116 1307 243 62
2360 1307 158 62
2519 1307 86 62
2607 1307 232 62
1935 1370 89 61
2026 1370 89 61
2116 1370 243 61
2360 1370 158 61
2519 1370 86 61
2607 1370 232 61
1935 1432 89 62
2026 1432 89 62
2116 1432 243 62
2360 1432 158 62
2519 1432 86 62
2607 1432 232 62
1935 1495 89 61
2026 1495 89 61
2116 1495 243 61
2360 1495 158 61
2519 1495 86 61
2607 1495 232 61
1935 1557 89 62
2026 1557 89 62
2116 1557 243 62
2360 1557 158 62
2519 1557 86 62
2607 1557 232 62
1935 1620 89 61
2026 1620 89 61
2116 1620 243 61
2360 1620 158 61
2519 1620 86 61
2607 1620 232 61
1935 1682 89 62
2026 1682 89 62
2116 1682 243 62
2360 1682 158 62
2519 1682 86 62
2607 1682 232 62
1935 1745 89 61
2026 1745 89 61
2116 1745 243 61
2360 1745 158 61
2519 1745 86 61
2607 1745 232 61
1935 1807 89 62
2026 1807 89 62
2116 1807 243 62
2360 1807 158 62
2519 1807 86 62
2607 1807 232 62
1935 1870 89 61
2026 1870 89 61
2116 1870 243 61
2360 1870 158 61
2519 1870 86 61
2607 1870 232 61
1935 1933 89 61
2026 1933 89 61
2116 1933 243 61
2360 1933 158 61
2519 1933 86 61
2607 1933 232 61
1935 1995 89 61
2026 1995 89 61
2116 1995 243 61
2360 1995 158 61
2519 1995 86 61
2607 1995 232 61
1935 2058 89 61
2026 2058 89 61
2116 2058 243 61
2360 2058 158 61
2519 2058 86 61
2607 2058 232 61
1935 2120 89 61
2026 2120 89 61
2116 2120 243 61
2360 2120 158 61
2519 2120 86 61
2607 2120 232 61
1935 2183 89 61
2026 2183 89 61
2116 2183 243 61
2360 2183 158 61
2519 2183 86 61
2607 2183 232 61
1935 2245 89 61
2026 2245 89 61
2116 2245 243 61
2360 2245 158 61
2519 2245 86 61
2607 2245 232 61
1935 2308 89 61
2026 2308 89 61
2116 2308 243 61
2360 2308 158 61
2519 2308 86 61
2607 2308 232 61
1935 2370 89 61
2026 2370 89 61
2116 2370 243 61
2360 2370 158 61
2519 2370 86 61
2607 2370 232 61
1935 2433 89 61
2026 2433 89 61
2116 2433 243 61
2360 2433 158 61
2519 2433 86 61
2607 2433 232 61
1935 2495 89 61
2026 2495 89 61
2116 2495 243 61
2360 2495 158 61
2519 2495 86 61
2607 2495 232 61
1935 2558 89 61
2026 2558 89 61
2116 2558 243 61
2360 2558 158 61
2519 2558 86 61
2607 2558 232 61
1935 2620 89 61
2026 2620 89 61
2116 2620 243 61
2360 2620 158 61
2519 2620 86 61
2607 2620 232 61
1935 2683 89 61
2026 2683 89 61
2116 2683 243 61
2360 2683 158 61
2519 2683 86 61
2607 2683 232 61
1935 2745 89 61
2026 2745 89 61
2116 2745 243 61
2360 2745 158 61
2519 2745 86 61
2607 2745 232 61
1935 2808 89 61
2026 2808 89 61
2116 2808 243 61
2360 2808 158 61
2519 2808 86 61
2607 2808 232 61
1935 2870 89 61
2026 2870 89 61
2116 2870 243 61
2360 2870 158 61
2519 2870 86 61
2607 2870 232 61
1935 2933 89 61
2026 2933 89 61
2116 2933 243 61
2360 2933 158 61
2519 2933 86 61
2607 2933 232 61
1935 2995 89 61
2026 2995 89 61
2116 2995 243 61
2360 2995 158 61
2519 2995 86 61
2607 2995 232 61
1935 3058 89 61
2026 3058 89 61
2116 3058 243 61
2360 3058 158 61
2519 3058 86 61
2607 3058 232 61
1935 3120 89 61
2026 3120 89 61
2116 3120 243 61
2360 3120 158 61
2519 3120 86 61
2607 3120 232 61
1935 3183 89 61
2026 3183 89 61
2116 3183 243 61
2360 3183 158 61
2519 3183 86 61
2607 3183 232 61
