121 521 2875 150
1564 675 42 110
1608 675 44 110
1653 675 207 110
1861 675 44 110
1907 675 44 110
1952 675 45 110
1998 675 44 110
2043 675 43 110
2088 675 236 110
2325 675 234 110
2560 675 436 110
121 676 40 110
162 676 44 110
208 676 204 110
413 676 44 110
459 676 44 110
504 676 44 110
549 676 44 110
595 676 44 110
640 676 233 110
875 676 233 110
1110 676 450 110
1564 789 42 426
1608 789 44 426
1653 789 207 426
1861 789 44 426
1907 789 44 426
1952 789 45 426
1998 789 44 426
2043 789 43 426
2088 789 236 426
2325 789 234 426
2560 789 436 426
121 790 40 426
162 790 44 426
208 790 204 426
413 790 44 426
459 790 44 426
504 790 44 426
549 790 44 426
595 790 44 426
640 790 233 426
875 790 233 426
1110 790 450 426
121 1220 40 855
162 1220 44 427
208 1220 204 427
413 1220 44 427
459 1220 44 427
504 1220 44 427
549 1220 44 427
595 1220 44 427
640 1220 233 427
875 1220 233 427
1110 1220 450 427
1564 1220 42 426
1608 1220 44 426
1653 1220 207 426
1861 1220 44 426
1907 1220 44 426
1952 1220 45 426
1998 1220 44 426
2043 1220 43 426
2088 1220 236 426
2325 1220 234 426
2560 1220 436 426
162 1648 44 427
208 1648 204 427
413 1648 44 427
459 1648 44 427
504 1648 44 427
549 1648 44 427
595 1648 44 427
640 1648 233 427
875 1648 233 427
1110 1648 450 427
1564 1650 42 854
1608 1650 44 428
1653 1650 207 428
1861 1650 44 428
1907 1650 44 428
1952 1650 45 428
1998 1650 44 428
2043 1650 43 428
2088 1650 236 428
2325 1650 234 428
2560 1650 436 428
121 2079 40 425
162 2079 44 425
208 2079 204 425
413 2079 44 425
459 2079 44 425
504 2079 44 425
549 2079 44 425
595 2079 44 425
640 2079 233 425
875 2079 233 425
1110 2079 450 425
1608 2080 44 424
1653 2080 207 424
1861 2080 44 424
1907 2080 44 424
1952 2080 45 424
1998 2080 44 424
2043 2080 43 424
2088 2080 236 424
2325 2080 234 424
2560 2080 436 424
121 2508 40 855
162 2508 44 427
208 2508 204 427
413 2508 44 427
459 2508 44 427
504 2508 44 427
549 2508 44 427
595 2508 44 427
640 2508 233 427
875 2508 233 427
1110 2508 450 427
1564 2508 43 427
1608 2508 44 427
1654 2508 206 427
1861 2508 44 427
1907 2508 44 427
1952 2508 44 427
1998 2508 44 427
2043 2508 44 427
2088 2508 235 427
2325 2508 234 427
2560 2508 436 427
162 2937 44 426
208 2937 204 426
413 2937 44 426
459 2937 44 426
504 2937 44 426
549 2937 44 426
595 2937 44 426
640 2937 233 426
875 2937 233 426
1110 2937 450 426
1564 2939 43 856
1608 2939 44 427
1654 2939 206 427
1861 2939 44 427
1907 2939 44 427
1952 2939 44 427
1998 2939 44 427
2043 2939 44 427
2088 2939 235 427
2325 2939 234 427
2560 2939 436 427
121 3368 40 425
162 3368 44 425
208 3368 204 425
413 3368 44 425
459 3368 44 425
504 3368 44 425
549 3368 44 425
595 3368 44 425
640 3368 233 425
875 3368 233 425
1110 3368 450 425
1608 3368 44 427
1654 3368 206 427
1861 3368 44 427
1907 3368 44 427
1952 3368 44 427
1998 3368 44 427
2043 3368 44 427
2088 3368 235 427
2325 3368 234 427
2560 3368 436 427
121 3797 40 429
162 3797 44 429
208 3797 204 429
413 3797 44 429
459 3797 44 429
504 3797 44 429
549 3797 44 429
595 3797 44 429
640 3797 233 429
875 3797 233 429
1110 3797 450 429
1564 3799 43 427
1608 3799 44 427
1654 3799 206 427
1861 3799 44 427
1907 3799 44 427
1952 3799 44 427
1998 3799 44 427
2043 3799 44 427
2088 3799 235 427
2325 3799 234 427
2560 3799 436 427
