6 72 2818 279
6 354 2818 195
6 552 2818 84
6 639 53 42
62 639 184 42
249 639 167 42
419 639 64 42
486 639 54 42
543 639 99 42
645 639 139 42
787 639 230 42
1020 639 282 42
1305 639 1519 42
6 684 53 246
62 684 184 246
249 684 167 246
419 684 64 246
486 684 54 246
543 684 99 246
645 684 139 246
787 684 230 246
1020 684 282 246
1305 684 1519 246
6 933 53 246
62 933 184 246
249 933 167 246
419 933 64 246
486 933 54 246
543 933 99 246
645 933 139 246
787 933 230 246
1020 933 282 246
1305 933 1519 246
6 1182 2818 83
6 1268 53 246
62 1268 184 246
249 1268 167 246
419 1268 64 246
486 1268 54 246
543 1268 99 246
645 1268 139 246
787 1268 230 246
1020 1268 282 246
1305 1268 1519 246
6 1517 53 246
62 1517 184 246
249 1517 167 246
419 1517 64 246
486 1517 54 246
543 1517 99 246
645 1517 139 246
787 1517 230 246
1020 1517 282 246
1305 1517 1519 246
6 1766 2818 83
6 1852 53 246
62 1852 184 246
249 1852 167 246
419 1852 64 246
486 1852 54 246
543 1852 99 246
645 1852 139 246
787 1852 230 246
1020 1852 282 246
1305 1852 1519 246
6 2101 2818 83
6 2187 53 247
62 2187 184 247
249 2187 167 247
419 2187 64 247
486 2187 54 247
543 2187 99 247
645 2187 139 247
787 2187 230 247
1020 2187 282 247
1305 2187 1519 247
6 2437 2818 83
6 2523 53 246
62 2523 184 246
249 2523 167 246
419 2523 64 246
486 2523 54 246
543 2523 99 246
645 2523 139 246
787 2523 230 246
1020 2523 282 246
1305 2523 1519 246
6 2772 2818 83
6 2859 53 245
62 2859 184 245
249 2859 167 245
419 2859 64 245
486 2859 54 245
543 2859 99 245
645 2859 139 245
787 2859 230 245
1020 2859 282 245
1305 2859 1519 245
6 3107 53 246
62 3107 184 246
249 3107 167 246
419 3107 64 246
486 3107 54 246
543 3107 99 246
645 3107 139 246
787 3107 230 246
1020 3107 282 246
1305 3107 1519 246
6 3356 2818 83
6 3442 53 246
62 3442 184 246
249 3442 167 246
419 3442 64 246
486 3442 54 246
543 3442 99 246
645 3442 139 246
787 3442 230 246
1020 3442 282 246
1305 3442 1519 246
6 3691 53 245
62 3691 184 245
249 3691 167 245
419 3691 64 245
486 3691 54 245
543 3691 99 245
645 3691 139 245
787 3691 230 245
1020 3691 282 245
1305 3691 1519 245
