17 17 2049 189
17 212 2049 148
17 362 63 105
82 362 230 105
314 362 66 105
382 362 61 105
446 362 56 105
504 362 89 105
596 362 86 105
686 362 263 105
951 362 364 105
1317 362 749 105
17 469 63 464
82 469 230 464
314 469 66 464
382 469 61 464
446 469 56 464
504 469 89 464
596 469 86 464
686 469 263 464
951 469 364 464
1317 469 749 464
17 935 63 464
82 935 230 464
314 935 66 464
382 935 61 464
446 935 56 464
504 935 89 464
596 935 86 464
686 935 263 464
951 935 364 464
1317 935 749 464
17 1401 63 464
82 1401 230 464
314 1401 66 464
382 1401 61 464
446 1401 56 464
504 1401 89 464
596 1401 86 464
686 1401 263 464
951 1401 364 464
1317 1401 749 464
17 1867 2049 967
