12 12 2080 163
12 179 2080 159
12 342 2080 87
12 433 82 55
95 433 186 55
283 433 179 55
464 433 146 55
611 433 61 55
674 433 94 55
770 433 129 55
901 433 151 55
1054 433 327 55
1382 433 710 55
12 490 82 310
95 490 186 244
283 490 179 310
464 490 146 310
611 490 61 310
674 490 94 310
770 490 129 310
901 490 151 310
1054 490 327 310
1382 490 710 310
95 770 186 30
12 802 82 310
95 802 186 29
283 802 179 310
464 802 146 310
611 802 61 310
674 802 94 310
770 802 129 310
901 802 151 310
1054 802 327 310
1382 802 710 310
95 1081 186 31
12 1113 2080 1682
