8 8 120 172
130 8 271 172
404 8 229 172
636 8 94 172
732 8 95 172
829 8 142 172
973 8 116 172
1092 8 261 172
1356 8 478 172
1837 8 1050 172
8 183 120 367
130 183 271 367
404 183 229 367
636 183 94 367
732 183 95 367
829 183 142 367
973 183 116 367
1092 183 261 367
1356 183 478 367
1837 183 1050 367
8 554 1479 3186
1491 554 1396 2330
1491 2888 1396 58
1491 2948 234 48
1727 2948 742 48
2471 2949 216 47
2689 2949 198 47
1491 2998 234 47
1727 2998 742 47
2471 2998 216 47
2689 2998 198 47
1491 3046 234 46
1727 3046 742 46
2471 3046 216 46
2689 3046 198 46
1491 3094 234 46
1727 3094 742 46
2471 3094 216 46
2689 3094 198 46
1491 3142 1396 598
