11 11 2029 255
11 271 2029 139
11 415 76 88
89 415 224 88
315 415 156 88
473 415 102 88
577 415 64 88
643 415 104 88
749 415 102 88
853 415 228 88
1083 415 356 88
1441 415 599 88
11 505 76 338
89 505 224 338
315 505 156 338
473 505 102 338
577 505 64 338
643 505 104 338
749 505 102 338
853 505 228 338
1083 505 356 338
1441 505 599 338
11 845 76 337
89 845 224 337
315 845 156 337
473 845 102 337
577 845 64 337
643 845 104 337
749 845 102 337
853 845 228 337
1083 845 356 337
1441 845 599 337
11 1184 76 336
89 1184 224 336
315 1184 156 336
473 1184 102 336
577 1184 64 336
643 1184 104 336
749 1184 102 336
853 1184 228 336
1083 1184 356 336
1441 1184 599 336
11 1525 2029 1281
