12 12 2890 236
12 250 2890 219
12 471 129 106
142 471 339 106
483 471 100 106
585 471 89 106
675 471 89 106
766 471 89 106
857 471 89 106
947 471 225 106
1174 471 367 106
1543 471 1359 106
12 579 129 721
142 579 339 721
483 579 100 721
585 579 89 721
675 579 89 721
766 579 89 721
857 579 89 721
947 579 225 721
1174 579 367 721
1543 579 1359 721
12 1302 129 721
142 1302 339 721
483 1302 100 721
585 1302 89 721
675 1302 89 721
766 1302 89 721
857 1302 89 721
947 1302 225 721
1174 1302 367 721
1543 1302 1359 721
1487 3798 196 43
1684 3798 322 43
2007 3798 526 43
2535 3798 112 43
2648 3798 225 43
1487 3842 196 45
1684 3842 322 45
2007 3842 526 45
2535 3842 112 45
2648 3842 225 45
1487 3888 196 44
1684 3888 322 44
2007 3888 526 44
2535 3888 112 44
2648 3888 225 44
1487 3933 196 44
1684 3933 322 44
2007 3933 526 44
2535 3933 112 44
2648 3933 225 44
1487 3979 196 43
1684 3979 322 43
2007 3979 526 43
2535 3979 112 43
2648 3979 225 43
