11 11 2029 255
11 271 2029 139
11 415 2029 88
11 505 76 91
89 505 224 91
315 505 156 91
473 505 102 91
577 505 64 91
643 505 104 91
749 505 102 91
853 505 228 91
1083 505 356 91
1441 505 599 91
11 598 76 235
89 598 224 235
315 598 156 235
473 598 102 235
577 598 64 235
643 598 104 235
749 598 102 235
853 598 228 235
1083 598 356 235
1441 598 599 235
11 835 76 235
89 835 224 235
315 835 156 235
473 835 102 235
577 835 64 235
643 835 104 235
749 835 102 235
853 835 228 235
1083 835 356 235
1441 835 599 235
11 1072 76 235
89 1072 224 235
315 1072 156 235
473 1072 102 235
577 1072 64 235
643 1072 104 235
749 1072 102 235
853 1072 228 235
1083 1072 356 235
1441 1072 599 235
11 1309 76 235
89 1309 224 235
315 1309 156 235
473 1309 102 235
577 1309 64 235
643 1309 104 235
749 1309 102 235
853 1309 228 235
1083 1309 356 235
1441 1309 599 235
11 1546 76 235
89 1546 224 235
315 1546 156 235
473 1546 102 235
577 1546 64 235
643 1546 104 235
749 1546 102 235
853 1546 228 235
1083 1546 356 235
1441 1546 599 235
11 1783 76 235
89 1783 224 235
315 1783 156 235
473 1783 102 235
577 1783 64 235
643 1783 104 235
749 1783 102 235
853 1783 228 235
1083 1783 356 235
1441 1783 599 235
11 2020 76 234
89 2020 224 234
315 2020 156 234
473 2020 102 234
577 2020 64 234
643 2020 104 234
749 2020 102 234
853 2020 228 234
1083 2020 356 234
1441 2020 599 234
11 2256 2029 550
