1698 599 41 80
1740 599 164 80
1905 599 54 80
1960 599 40 80
2002 599 41 80
2045 599 42 80
2089 599 42 80
2132 599 128 80
2262 600 272 79
2536 600 807 79
1698 680 41 368
1740 680 164 67
1905 680 54 368
1960 680 40 368
2002 680 41 368
2045 680 42 368
2089 680 42 368
2132 680 128 368
2262 680 272 368
2536 680 807 368
1740 965 164 83
1698 1049 41 368
1740 1049 164 74
1905 1049 54 368
1960 1049 40 368
2002 1049 41 368
2045 1049 42 368
2089 1049 42 368
2132 1049 128 368
2262 1049 272 368
2536 1049 807 368
1740 1180 25 23
1740 1327 164 90
1698 1418 41 361
1740 1418 164 66
1905 1418 54 361
1960 1418 40 361
2002 1418 41 361
2045 1418 42 361
2089 1418 42 361
2132 1418 128 361
2262 1418 272 361
2536 1418 807 361
1740 1698 164 81
1698 1781 41 358
1740 1781 164 63
1905 1781 54 359
1960 1781 40 359
2002 1781 41 359
2045 1781 42 359
2089 1781 42 359
2132 1781 128 359
2262 1781 272 359
2536 1781 807 359
1740 2064 164 75
9 602 41 80
52 602 164 80
217 602 54 80
272 602 40 80
314 602 41 80
357 602 42 80
401 602 41 80
444 602 128 80
573 603 273 79
847 603 808 79
9 684 41 452
52 684 164 251
217 684 54 289
272 684 40 452
314 684 41 452
357 684 42 452
401 684 41 452
444 684 128 452
573 684 273 452
847 684 808 452
218 973 53 41
52 1014 164 122
217 1014 54 122
9 1138 41 452
52 1138 164 112
217 1138 54 452
272 1138 40 452
314 1138 41 452
357 1138 42 452
401 1138 41 452
444 1138 128 452
573 1138 273 452
847 1138 808 452
52 1466 164 124
9 1592 41 451
52 1592 164 451
217 1592 54 452
272 1592 40 452
314 1592 41 452
357 1592 42 452
401 1592 41 452
444 1592 128 452
573 1592 273 452
847 1592 808 452
1695 2224 41 80
1738 2224 163 80
1903 2224 53 80
1958 2224 40 80
1999 2224 42 80
2042 2224 42 80
2086 2224 42 80
2130 2224 127 80
2259 2225 272 79
2533 2225 808 79
1695 2306 41 367
1738 2306 163 80
1903 2306 53 367
1958 2306 40 367
1999 2306 42 367
2042 2306 42 367
2086 2306 42 367
2130 2306 127 367
2259 2306 272 367
2533 2306 808 367
1738 2600 163 73
1695 2675 41 248
1738 2675 163 94
1903 2675 53 367
1958 2675 40 367
1999 2675 42 367
2042 2675 42 367
2086 2675 42 367
2130 2675 127 367
2259 2675 272 367
2533 2675 808 367
1695 2923 40 40
1695 2963 41 79
1738 2963 163 79
1695 3044 41 361
1738 3044 163 81
1903 3044 53 361
1958 3044 40 361
1999 3044 42 361
2042 3044 42 361
2086 3044 42 361
2130 3044 127 361
2259 3044 272 361
2533 3044 808 361
1738 3332 163 73
7 2227 40 80
49 2227 164 80
214 2227 54 80
269 2227 40 80
311 2227 41 80
354 2227 42 80
398 2227 41 80
441 2227 128 80
570 2228 273 79
845 2228 807 79
7 2309 40 367
49 2309 164 60
214 2309 54 367
269 2309 40 367
311 2309 41 367
354 2309 42 367
398 2309 41 367
441 2309 128 367
570 2309 273 367
845 2309 807 367
49 2583 164 93
7 2678 40 367
49 2678 164 82
214 2678 54 367
269 2678 40 367
311 2678 41 367
354 2678 42 367
398 2678 41 367
441 2678 128 367
570 2678 273 367
845 2678 807 367
49 2816 24 23
49 2975 164 70
7 3047 40 361
49 3047 164 87
214 3047 54 361
269 3047 40 361
311 3047 41 361
354 3047 42 361
398 3047 41 361
441 3047 128 361
570 3047 273 361
845 3047 807 361
49 3341 164 67
7 3409 40 358
49 3409 164 79
214 3409 54 359
269 3409 40 359
311 3409 41 359
354 3409 42 359
398 3409 41 359
441 3409 128 359
570 3409 273 359
845 3409 807 359
49 3706 164 61
1696 3482 41 80
1738 3482 164 80
1903 3482 54 80
1958 3482 40 80
2000 3482 41 80
2043 3482 42 80
2087 3482 42 80
2130 3482 128 80
2259 3482 273 80
2534 3482 807 80
1696 3563 41 368
1738 3563 164 73
1903 3563 54 368
1958 3563 40 368
2000 3563 41 368
2043 3563 42 368
2087 3563 42 368
2130 3563 128 368
2259 3563 273 368
2534 3563 807 368
1738 3859 164 72
1696 3932 41 366
1738 3932 164 79
1903 3932 54 366
1958 3932 40 366
2000 3932 41 366
2043 3932 42 366
2087 3932 42 366
2130 3932 128 366
2259 3932 273 366
2534 3932 807 366
1738 4227 164 71
5 4013 41 80
47 4013 164 80
213 4013 53 80
268 4013 40 80
309 4013 42 80
352 4013 42 80
396 4013 42 80
440 4013 127 80
569 4013 272 80
843 4013 808 80
5 4095 41 367
47 4095 164 52
213 4095 53 367
268 4095 40 367
309 4095 42 367
352 4095 42 367
396 4095 42 367
440 4095 127 367
569 4095 272 367
843 4095 808 367
47 4372 164 90
5 4464 41 365
47 4464 164 90
213 4464 53 365
268 4464 40 365
309 4464 42 365
352 4464 42 365
396 4464 42 365
440 4464 127 365
569 4464 272 365
843 4464 808 365
47 4757 164 72
1698 4380 41 80
1740 4380 164 80
1906 4380 53 80
1961 4380 39 80
2002 4380 41 80
2045 4380 42 80
2089 4380 42 80
2132 4380 128 80
2262 4380 272 80
2536 4380 807 80
1698 4461 41 366
1740 4461 164 76
1906 4461 53 366
1961 4461 39 366
2002 4461 41 366
2045 4461 42 366
2089 4461 42 366
2132 4461 128 366
2262 4461 272 366
2536 4461 807 366
1740 4759 164 68
