16 17 2832 208
16 226 2832 246
16 474 109 110
126 474 362 110
489 474 84 110
574 474 84 110
659 474 84 110
745 474 83 110
830 474 83 110
915 474 395 110
1311 474 566 110
1878 474 970 110
16 585 109 713
126 585 362 713
489 585 84 713
574 585 84 713
659 585 84 713
745 585 83 713
830 585 83 713
915 585 395 713
1311 585 566 713
1878 585 970 713
16 1300 109 711
126 1300 362 711
489 1300 84 711
574 1300 84 711
659 1300 84 711
745 1300 83 711
830 1300 83 711
915 1300 395 711
1311 1300 566 711
1878 1300 970 711
16 2016 1416 2147
1436 2016 1412 2147
