11 81 2087 162
11 244 2087 164
11 409 2087 117
11 528 77 54
90 528 191 54
283 528 187 54
472 528 115 54
589 528 63 54
654 528 89 54
745 528 101 54
848 528 228 54
1079 528 501 54
1582 528 516 54
11 585 77 466
90 585 191 113
283 585 187 466
472 585 115 466
589 585 63 466
654 585 89 466
745 585 101 466
848 585 228 466
1079 585 501 466
1582 585 516 466
90 778 32 31
90 946 191 105
11 1053 77 466
90 1053 191 283
283 1053 187 466
472 1053 115 466
589 1053 63 466
654 1053 89 466
745 1053 101 466
848 1053 228 466
1079 1053 501 466
1582 1053 516 466
90 1347 191 172
11 1521 77 466
90 1521 191 109
283 1521 187 466
472 1521 115 466
589 1521 63 466
654 1521 89 466
745 1521 101 466
848 1521 228 466
1079 1521 501 466
1582 1521 516 466
246 1675 35 24
90 1882 191 105
11 1990 2087 840
