93 121 2830 337
93 461 2830 290
93 753 2830 160
93 915 94 102
190 915 236 102
428 915 258 102
688 915 112 102
803 915 84 102
890 915 154 102
1047 915 146 102
1195 915 253 102
1450 915 356 102
1809 915 1114 102
93 1020 94 322
428 1020 258 322
688 1020 112 322
803 1020 84 322
890 1020 154 322
1047 1020 146 322
1195 1020 253 322
1450 1020 356 322
1809 1020 1114 322
190 1097 54 35
386 1102 40 84
190 1132 52 27
93 1344 94 323
190 1344 236 230
428 1344 258 323
688 1344 112 323
803 1344 84 323
890 1344 154 323
1047 1344 146 323
1195 1344 253 323
1450 1344 356 323
1809 1344 1114 323
93 1669 94 322
190 1669 236 21
428 1669 258 322
688 1669 112 322
803 1669 84 322
890 1669 154 322
1047 1669 146 322
1195 1669 253 322
1450 1669 356 322
1809 1669 1114 322
397 1806 29 84
190 1816 27 75
93 1993 2830 2308
