205 227 2952 206
205 438 2952 228
205 671 2952 79
205 755 123 55
520 755 225 56
749 755 97 29
850 755 64 55
918 755 111 56
1033 755 159 56
1196 755 276 56
1886 757 1271 54
1477 758 404 53
332 759 184 48
205 815 123 227
520 815 225 228
749 815 97 228
850 815 64 227
918 815 111 228
1033 815 159 228
1196 815 276 228
1477 815 404 225
1886 815 1271 222
205 1047 123 229
520 1047 225 230
749 1047 97 230
850 1047 64 229
918 1047 111 230
1033 1047 159 230
1196 1047 276 229
1477 1047 404 230
1886 1049 1271 228
482 1099 34 32
205 1281 2952 81
205 1366 123 228
520 1366 225 228
749 1366 97 228
850 1366 64 228
918 1366 111 228
1033 1366 159 228
1196 1366 276 228
1477 1366 404 224
1886 1366 1271 224
205 1598 123 228
520 1598 225 228
749 1598 97 228
850 1598 64 228
918 1598 111 228
1033 1598 159 228
1196 1598 276 228
1477 1598 404 228
1886 1599 1271 221
332 1604 184 147
205 1832 2952 75
205 1916 123 227
520 1916 225 228
749 1916 97 228
918 1916 111 228
1033 1916 159 228
1196 1916 276 228
1477 1916 404 228
850 1920 64 224
1886 1920 1271 224
205 2148 123 227
520 2148 225 228
749 2148 97 228
850 2148 64 227
918 2148 111 227
1033 2148 159 228
1196 2148 276 228
1886 2148 1271 228
1477 2150 404 226
205 2380 2952 81
205 2466 123 227
520 2466 225 227
749 2466 97 227
850 2466 64 227
918 2466 111 227
1033 2466 159 227
1196 2466 276 227
1477 2466 404 227
1886 2466 1271 222
520 2698 225 227
749 2698 97 227
850 2698 64 227
918 2698 111 227
1033 2698 159 227
1196 2698 276 227
1477 2698 404 227
1886 2700 1271 225
205 2702 123 223
205 2930 2952 81
520 3015 225 228
749 3015 97 228
918 3015 111 228
1033 3015 159 228
1196 3015 276 228
205 3016 123 226
850 3016 64 227
1477 3018 404 225
1886 3018 1271 225
205 3248 2952 1296
