119 127 2823 249
119 377 2823 209
119 587 2823 85
119 674 96 79
216 674 254 79
471 674 141 79
613 674 152 79
766 674 84 79
851 674 84 79
936 674 169 79
1106 674 373 79
1480 674 373 79
1854 674 1088 79
119 755 96 395
216 755 254 257
471 755 141 395
613 755 152 395
766 755 84 395
851 755 84 395
936 755 169 395
1106 755 373 395
1480 755 373 395
1854 755 1088 395
216 1012 221 46
231 1106 206 44
119 1151 96 396
216 1151 254 44
471 1151 141 396
613 1151 152 396
766 1151 84 396
851 1151 84 396
936 1151 169 396
1106 1151 373 396
1480 1151 373 396
1854 1151 1088 396
216 1270 40 137
438 1291 32 129
216 1505 77 42
353 1505 117 42
119 1548 2823 2735
