12 329 2880 204
12 544 2880 84
12 631 80 42
95 631 83 42
180 631 202 42
384 631 224 42
611 631 201 42
815 631 66 42
883 631 139 42
1025 631 139 42
1167 631 139 42
1309 631 348 42
1660 631 1232 42
12 676 80 333
95 676 83 333
180 676 202 333
384 676 224 333
611 676 201 333
815 676 66 333
883 676 139 333
1025 676 139 333
1167 676 139 333
1309 676 348 333
1660 676 1232 333
12 1021 80 669
95 1021 83 333
180 1021 202 333
384 1021 224 333
611 1021 201 333
815 1021 66 333
883 1021 139 333
1025 1021 139 333
1167 1021 139 333
1309 1021 348 333
1660 1021 1232 333
95 1356 83 334
180 1356 202 334
384 1356 224 334
611 1356 201 334
815 1356 66 334
883 1356 139 334
1025 1356 139 334
1167 1356 139 334
1309 1356 348 334
1660 1356 1232 334
12 1701 80 329
95 1701 83 329
180 1701 202 329
384 1701 224 329
611 1701 201 329
815 1701 66 329
883 1701 139 329
1025 1701 139 329
1167 1701 139 329
1309 1701 348 329
1660 1701 1232 329
12 2042 80 328
95 2042 83 328
180 2042 202 328
384 2042 224 328
611 2042 201 328
815 2042 66 328
883 2042 139 328
1025 2042 139 328
1167 2042 139 328
1309 2042 348 328
1660 2042 1232 328
12 2382 80 328
95 2382 83 328
180 2382 202 328
384 2382 224 328
611 2382 201 328
815 2382 66 328
883 2382 139 328
1025 2382 139 328
1167 2382 139 328
1309 2382 348 328
1660 2382 1232 328
12 2721 80 329
95 2721 83 329
180 2721 202 329
384 2721 224 329
611 2721 201 329
815 2721 66 329
883 2721 139 329
1025 2721 139 329
1167 2721 139 329
1309 2721 348 329
1660 2721 1232 329
12 3061 80 329
95 3061 83 329
180 3061 202 329
384 3061 224 329
611 3061 201 329
815 3061 66 329
883 3061 139 329
1025 3061 139 329
1167 3061 139 329
1309 3061 348 329
1660 3061 1232 329
12 3402 80 669
95 3402 83 333
180 3402 202 333
384 3402 224 333
611 3402 201 333
815 3402 66 333
883 3402 139 333
1025 3402 139 333
1167 3402 139 333
1309 3402 348 333
1660 3402 1232 333
95 3738 83 333
180 3738 202 333
384 3738 224 333
611 3738 201 333
815 3738 66 333
883 3738 139 333
1025 3738 139 333
1167 3738 139 333
1309 3738 348 333
1660 3738 1232 333
