88 132 2829 247
88 385 2829 263
88 654 93 156
184 654 91 156
278 654 233 156
514 654 277 156
794 654 109 156
906 654 91 156
999 654 110 156
1111 654 150 156
1264 654 277 156
1544 654 385 156
1932 654 985 156
88 813 93 3382
185 813 90 1688
278 813 233 1688
514 813 277 1688
794 813 109 1688
906 813 91 1688
999 813 110 1688
1111 813 150 1688
1264 813 277 1688
1544 813 385 1688
1932 813 985 1688
185 2507 90 1688
278 2507 233 1688
514 2507 277 1688
794 2507 109 1688
906 2507 91 1688
999 2507 110 1688
1111 2507 150 1688
1264 2507 277 1688
1544 2507 385 1688
1932 2507 984 1688
88 4198 2829 92
