1644 3576 188 33
1834 3576 333 33
2168 3576 367 33
2536 3576 133 33
2670 3576 200 33
1644 3610 188 33
1834 3610 333 33
2168 3610 367 33
2536 3610 133 33
2670 3610 200 33
1644 3645 188 33
1834 3645 333 33
2168 3645 367 33
2536 3645 133 33
2670 3645 200 33
1644 3679 188 33
1834 3679 333 33
2168 3679 367 33
2536 3679 133 33
2670 3679 200 33
1644 3713 188 33
1834 3713 333 33
2168 3713 367 33
2536 3713 133 33
2670 3713 200 33
1644 3747 188 34
1834 3747 333 34
2168 3747 367 34
2536 3747 133 34
2670 3747 200 34
1644 3782 188 33
1834 3782 333 33
2168 3782 367 33
2536 3782 133 33
2670 3782 200 33
1644 3816 188 33
1834 3816 333 33
2168 3816 367 33
2536 3816 133 33
2670 3816 200 33
1644 3850 188 34
1834 3850 333 34
2168 3850 367 34
2536 3850 133 34
2670 3850 200 34
1644 3885 188 33
1834 3885 333 33
2168 3885 367 33
2536 3885 133 33
2670 3885 200 33
1644 3919 188 33
1834 3919 333 33
2168 3919 367 33
2536 3919 133 33
2670 3919 200 33
1644 3953 188 34
1834 3953 333 34
2168 3953 367 34
2536 3953 133 34
2670 3953 200 34
1644 3988 188 33
1834 3988 333 33
2168 3988 367 33
2536 3988 133 33
2670 3988 200 33
1644 4022 188 33
1834 4022 333 33
2168 4022 367 33
2536 4022 133 33
2670 4022 200 33
1644 4056 188 33
1834 4056 333 33
2168 4056 367 33
2536 4056 133 33
2670 4056 200 33
1644 4091 188 33
1834 4091 333 33
2168 4091 367 33
2536 4091 133 33
2670 4091 200 33
1644 4125 188 33
1834 4125 333 33
2168 4125 367 33
2536 4125 133 33
2670 4125 200 33
1644 4159 188 33
1834 4159 333 33
2168 4159 367 33
2536 4159 133 33
2670 4159 200 33
1644 4194 188 33
1834 4194 333 33
2168 4194 367 33
2536 4194 133 33
2670 4194 200 33
