12 495 2904 213
12 714 67 179
81 714 66 179
149 714 197 179
347 714 140 179
489 714 55 179
546 714 55 179
602 714 38 179
642 714 38 179
682 714 143 179
827 714 143 179
972 714 489 179
1467 714 70 179
1539 714 66 179
1607 714 196 179
1805 714 140 179
1947 714 55 179
2004 714 55 179
2060 714 38 179
2100 714 38 179
2140 714 143 179
2285 714 143 179
2430 714 486 179
12 895 67 847
81 895 66 423
149 895 197 423
347 895 140 423
489 895 55 423
546 895 55 423
602 895 38 423
642 895 38 423
682 895 143 423
827 895 143 423
972 895 489 423
1467 895 70 423
1539 895 66 423
1607 895 196 423
1805 895 140 423
1947 895 55 423
2004 895 55 423
2060 895 38 423
2100 895 38 423
2140 895 143 423
2285 895 143 423
2430 895 486 423
81 1319 66 423
149 1319 197 423
347 1319 140 423
489 1319 55 423
546 1319 55 423
602 1319 38 423
642 1319 38 423
682 1319 143 423
827 1319 143 423
972 1319 489 423
1467 1319 70 847
1539 1319 66 423
1607 1319 196 423
1805 1319 140 423
1947 1319 55 423
2004 1319 55 423
2060 1319 38 423
2100 1319 38 423
2140 1319 143 423
2285 1319 143 423
2430 1319 486 423
12 1744 67 847
81 1744 66 422
149 1744 197 422
347 1744 140 422
489 1744 55 422
546 1744 55 422
602 1744 38 422
642 1744 38 422
682 1744 143 422
827 1744 143 422
972 1744 489 422
1539 1744 66 422
1607 1744 196 422
1805 1744 140 422
1947 1744 55 422
2004 1744 55 422
2060 1744 38 422
2100 1744 38 422
2140 1744 143 422
2285 1744 143 422
2430 1744 486 422
81 2168 66 423
149 2168 197 423
347 2168 140 423
489 2168 55 423
546 2168 55 423
602 2168 38 423
642 2168 38 423
682 2168 143 423
827 2168 143 423
972 2168 489 423
1467 2168 70 423
1539 2168 66 423
1607 2168 196 423
1805 2168 140 423
1947 2168 55 423
2004 2168 55 423
2060 2168 38 423
2100 2168 38 423
2140 2168 143 423
2285 2168 143 423
2430 2168 486 423
12 2592 67 847
81 2592 66 423
149 2592 197 423
347 2592 140 423
489 2592 55 423
546 2592 55 423
602 2592 38 423
642 2592 38 423
682 2592 143 423
827 2592 143 423
972 2592 489 423
1467 2592 70 423
1539 2592 66 423
1607 2592 196 423
1805 2592 140 423
1947 2592 55 423
2004 2592 55 423
2060 2592 38 423
2100 2592 38 423
2140 2592 143 423
2285 2592 143 423
2430 2592 486 423
81 3017 66 422
149 3017 197 422
347 3017 140 422
489 3017 55 422
546 3017 55 422
602 3017 38 422
642 3017 38 422
682 3017 143 422
827 3017 143 422
972 3017 489 422
1467 3017 70 847
1539 3017 66 422
1607 3017 196 422
1805 3017 140 422
1947 3017 55 422
2004 3017 55 422
2060 3017 38 422
2100 3017 38 422
2140 3017 143 422
2285 3017 143 422
2430 3017 486 422
12 3441 67 423
81 3441 66 423
149 3441 197 423
347 3441 140 423
489 3441 55 423
546 3441 55 423
602 3441 38 423
642 3441 38 423
682 3441 143 423
827 3441 143 423
972 3441 489 423
1539 3441 66 423
1607 3441 196 423
1805 3441 140 423
1947 3441 55 423
2004 3441 55 423
2060 3441 38 423
2100 3441 38 423
2140 3441 143 423
2285 3441 143 423
2430 3441 486 423
12 3865 2904 418
