119 119 2823 221
119 341 2823 226
119 568 2823 68
119 637 96 44
216 637 254 44
471 637 141 44
613 637 152 44
766 637 84 44
851 637 84 44
936 637 169 44
1106 637 373 44
1480 637 373 44
1854 637 1088 44
119 682 96 398
216 682 254 58
471 682 141 398
613 682 152 398
766 682 84 398
851 682 84 398
936 682 169 398
1106 682 373 398
1480 682 373 398
1854 682 1088 398
216 810 50 122
432 819 38 114
119 1082 96 398
216 1082 254 267
471 1082 141 398
613 1082 152 398
766 1082 84 398
851 1082 84 398
936 1082 169 398
1106 1082 373 398
1480 1082 373 398
1854 1082 1088 398
287 1357 119 61
119 1481 96 2822
471 1481 2471 2822
215 1482 256 2821
