1598 2886 256 66
1857 2886 145 66
2005 2886 292 66
2300 2886 350 66
2653 2886 226 66
1598 2955 256 43
1857 2955 145 43
2005 2955 292 43
2300 2955 350 43
2653 2955 226 43
1598 3001 256 44
1857 3001 145 44
2005 3001 292 44
2300 3001 350 44
2653 3001 226 44
1598 3048 256 43
1857 3048 145 43
2005 3048 292 43
2300 3048 350 43
2653 3048 226 43
1598 3094 256 43
1857 3094 145 43
2005 3094 292 43
2300 3094 350 43
2653 3094 226 43
1598 3140 256 43
1857 3140 145 43
2005 3140 292 43
2300 3140 350 43
2653 3140 226 43
1598 3186 256 44
1857 3186 145 44
2005 3186 292 44
2300 3186 350 44
2653 3186 226 44
1598 3233 256 43
1857 3233 145 43
2005 3233 292 43
2300 3233 350 43
2653 3233 226 43
1580 3448 767 67
2350 3448 552 67
1580 3517 767 67
2350 3517 552 67
1580 3586 767 67
2350 3586 552 67
1580 3655 767 67
2350 3655 552 67
1580 3724 767 67
2350 3724 552 67
