70 224 2081 164
70 391 2081 167
70 561 2081 109
70 673 71 42
145 673 183 42
331 673 166 42
501 673 128 42
631 673 58 42
692 673 100 42
795 673 131 42
929 673 166 42
1098 673 393 42
1494 673 657 42
70 718 71 201
331 718 166 201
501 718 128 201
631 718 58 201
692 718 100 201
795 718 131 201
929 718 166 201
1098 718 393 201
1494 718 657 201
70 922 71 202
331 922 166 202
501 922 128 202
631 922 58 202
692 922 100 202
795 922 131 202
929 922 166 202
1098 922 393 202
1494 922 657 202
70 1126 71 202
331 1126 166 202
501 1126 128 202
631 1126 58 202
692 1126 100 202
795 1126 131 202
929 1126 166 202
1098 1126 393 202
1494 1126 657 202
70 1330 71 202
331 1330 166 202
501 1330 128 202
631 1330 58 202
692 1330 100 202
795 1330 131 202
929 1330 166 202
1098 1330 393 202
1494 1330 657 202
289 1375 39 30
70 1535 71 201
145 1535 183 201
331 1535 166 201
501 1535 128 201
631 1535 58 201
692 1535 100 201
795 1535 131 201
929 1535 166 201
1098 1535 393 201
1494 1535 657 201
70 1739 71 201
331 1739 166 201
501 1739 128 201
631 1739 58 201
692 1739 100 201
795 1739 131 201
929 1739 166 201
1098 1739 393 201
1494 1739 657 201
70 1943 71 201
331 1943 166 201
501 1943 128 201
631 1943 58 201
692 1943 100 201
795 1943 131 201
929 1943 166 201
1098 1943 393 201
1494 1943 657 201
70 2147 2081 878
