88 93 2829 207
88 306 2829 175
88 487 2829 153
88 646 95 96
186 646 82 96
271 646 212 96
486 646 252 96
741 646 99 96
843 646 83 96
928 646 100 96
1030 646 196 96
1229 646 326 96
1558 646 450 96
2011 646 906 96
88 748 95 1334
186 748 82 217
271 748 212 217
486 748 252 217
741 748 99 217
843 748 83 217
928 748 100 217
1030 748 196 217
1229 748 326 217
1558 748 450 217
2011 748 906 217
186 971 82 218
271 971 212 218
486 971 252 218
741 971 99 218
843 971 83 218
928 971 100 218
1030 971 196 218
1229 971 326 218
1558 971 450 218
2011 971 906 218
186 1194 82 218
271 1194 212 218
486 1194 252 218
741 1194 99 218
843 1194 83 218
928 1194 100 218
1030 1194 196 218
1229 1194 326 218
1558 1194 450 218
2011 1194 906 218
186 1418 82 217
271 1418 212 217
486 1418 252 217
741 1418 99 217
843 1418 83 217
928 1418 100 217
1030 1418 196 217
1229 1418 326 217
1558 1418 450 217
2011 1418 906 217
186 1641 82 217
271 1641 212 217
486 1641 252 217
741 1641 99 217
843 1641 83 217
928 1641 100 217
1030 1641 196 217
1229 1641 326 217
1558 1641 450 217
2011 1641 906 217
186 1864 82 218
271 1864 212 218
486 1864 252 218
741 1864 99 218
843 1864 83 218
928 1864 100 218
1030 1864 196 218
1229 1864 326 218
1558 1864 450 218
2011 1864 906 218
88 2087 95 887
186 2087 82 218
271 2087 212 218
486 2087 252 218
741 2087 99 218
843 2087 83 218
928 2087 100 218
1030 2087 196 218
1229 2087 326 218
1558 2087 450 218
2011 2087 906 218
186 2310 82 218
271 2310 212 218
486 2310 252 218
741 2310 99 218
843 2310 83 218
928 2310 100 218
1030 2310 196 218
1229 2310 326 218
1558 2310 450 218
2011 2310 906 218
186 2534 82 217
271 2534 212 217
486 2534 252 217
741 2534 99 217
843 2534 83 217
928 2534 100 217
1030 2534 196 217
1229 2534 326 217
1558 2534 450 217
2011 2534 906 217
186 2757 82 217
271 2757 212 217
486 2757 252 217
741 2757 99 217
843 2757 83 217
928 2757 100 217
1030 2757 196 217
1229 2757 326 217
1558 2757 450 217
2011 2757 906 217
88 2980 95 887
186 2980 82 218
271 2980 212 218
486 2980 252 218
741 2980 99 218
843 2980 83 218
928 2980 100 218
1030 2980 196 218
1229 2980 326 218
1558 2980 450 218
2011 2980 906 218
186 3203 82 218
271 3203 212 218
486 3203 252 218
741 3203 99 218
843 3203 83 218
928 3203 100 218
1030 3203 196 218
1229 3203 326 218
1558 3203 450 218
2011 3203 906 218
186 3427 82 217
271 3427 212 217
486 3427 252 217
741 3427 99 217
843 3427 83 217
928 3427 100 217
1030 3427 196 217
1229 3427 326 217
1558 3427 450 217
2011 3427 906 217
186 3650 82 217
271 3650 212 217
486 3650 252 217
741 3650 99 217
843 3650 83 217
928 3650 100 217
1030 3650 196 217
1229 3650 326 217
1558 3650 450 217
2011 3650 906 217
88 3873 2829 413
