70 224 2081 162
70 389 2081 143
70 536 72 42
146 536 184 42
335 536 184 42
522 536 128 42
653 536 58 42
714 536 100 42
817 536 131 42
951 536 166 42
1120 536 392 42
1515 536 636 42
70 581 72 255
146 581 184 175
335 581 184 255
522 581 128 255
653 581 58 255
714 581 100 255
817 581 131 255
951 581 166 255
1120 581 392 255
1515 581 636 255
70 839 72 255
335 839 184 105
522 839 128 255
653 839 58 255
714 839 100 255
817 839 131 255
951 839 166 255
1120 839 392 255
1515 839 636 255
335 989 184 105
70 1097 2081 1928
