70 224 2081 162
70 389 2081 143
70 536 72 42
146 536 185 42
335 536 167 42
505 536 128 42
636 536 58 42
697 536 100 42
800 536 131 42
934 536 166 42
1103 536 393 42
1499 536 652 42
70 581 72 256
146 581 185 256
335 581 167 256
505 581 128 256
636 581 58 256
697 581 100 256
800 581 131 256
934 581 166 256
1103 581 393 256
1499 581 652 256
70 840 72 256
335 840 167 256
505 840 128 256
636 840 58 256
697 840 100 256
800 840 131 256
934 840 166 256
1103 840 393 256
1499 840 652 256
307 900 24 142
146 907 24 133
70 1099 2081 1926
