122 108 2822 368
122 479 2822 393
122 876 2822 81
122 961 92 110
217 961 173 106
393 961 220 110
617 961 102 110
788 961 108 110
1332 961 438 110
1774 961 1170 110
900 962 113 108
1016 962 313 109
723 967 61 102
122 1074 92 195
617 1074 102 195
723 1074 61 195
788 1074 108 195
1016 1074 313 195
1332 1074 438 195
1774 1074 1170 195
393 1075 220 194
900 1075 113 194
122 1273 92 195
393 1273 220 195
617 1273 102 195
788 1273 108 195
900 1273 113 195
1016 1273 313 195
1332 1273 438 195
1774 1273 1170 195
723 1275 61 193
122 1472 2822 80
122 1556 92 195
393 1556 220 195
617 1556 102 195
788 1556 108 195
1016 1556 313 195
1332 1556 438 195
1774 1556 1170 195
900 1558 113 193
723 1559 61 192
122 1755 92 195
393 1755 220 195
617 1755 102 195
788 1755 108 195
900 1755 113 195
1016 1755 313 195
1332 1755 438 195
1774 1755 1170 195
723 1757 61 186
122 1954 92 194
393 1954 220 194
617 1954 102 194
788 1954 108 194
900 1954 113 194
1016 1954 313 194
1332 1954 438 194
1774 1954 1170 194
723 1958 61 188
122 2151 92 195
393 2151 220 195
617 2151 102 195
788 2151 108 195
900 2151 113 195
1016 2151 313 195
1332 2151 438 195
1774 2151 1170 195
723 2158 61 186
122 2350 92 195
393 2350 220 195
617 2350 102 195
723 2350 61 193
788 2350 108 195
900 2350 113 195
1016 2350 313 195
1332 2350 438 195
1774 2350 1170 195
352 2420 38 26
122 2549 92 194
393 2549 220 194
617 2549 102 194
788 2549 108 194
900 2549 113 194
1016 2549 313 194
1332 2549 438 194
1774 2549 1170 194
723 2550 61 192
122 2747 92 195
393 2747 220 195
617 2747 102 195
788 2747 108 195
1016 2747 313 195
1332 2747 438 195
1774 2747 1170 195
900 2748 113 194
723 2750 61 192
122 2946 92 195
393 2946 220 195
617 2946 102 195
788 2946 108 195
900 2946 113 195
1016 2946 313 195
1332 2946 438 195
1774 2946 1170 195
723 2948 61 186
122 3144 92 194
393 3144 220 194
617 3144 102 194
788 3144 108 194
900 3144 113 193
1016 3144 313 194
1332 3144 438 194
1774 3144 1170 194
723 3146 61 189
122 3342 2822 82
122 3428 92 195
393 3428 220 195
617 3428 102 195
788 3428 108 195
900 3428 113 195
1016 3428 313 195
1332 3428 438 195
1774 3428 1170 195
723 3433 61 185
217 3475 31 21
217 3589 21 26
122 3626 92 194
393 3626 220 194
617 3626 102 194
723 3626 61 194
788 3626 108 194
900 3626 113 194
1016 3626 313 194
1332 3626 438 194
1774 3626 1170 194
122 3824 92 190
393 3824 220 191
617 3824 102 191
723 3824 61 186
788 3824 108 191
900 3824 113 190
1016 3824 313 191
1332 3824 438 191
1774 3824 1170 191
