88 105 2829 207
88 317 2829 224
88 547 2829 90
88 643 95 96
186 643 82 96
271 643 212 96
486 643 252 96
741 643 99 96
843 643 83 96
928 643 100 96
1030 643 196 96
1229 643 326 96
1558 643 450 96
2011 643 906 96
88 745 95 216
186 745 82 216
271 745 212 216
486 745 252 216
741 745 99 216
843 745 83 216
928 745 100 216
1030 745 196 216
1229 745 326 216
1558 745 450 216
2011 745 906 216
88 966 95 216
186 966 82 216
271 966 212 216
486 966 252 216
741 966 99 216
843 966 83 216
928 966 100 216
1030 966 196 216
1229 966 326 216
1558 966 450 216
2011 966 906 216
88 1188 95 215
186 1188 82 215
271 1188 212 215
486 1188 252 215
741 1188 99 215
843 1188 83 215
928 1188 100 215
1030 1188 196 215
1229 1188 326 215
1558 1188 450 215
2011 1188 906 215
88 1409 95 437
186 1409 82 216
271 1409 212 216
486 1409 252 216
741 1409 99 216
843 1409 83 216
928 1409 100 216
1030 1409 196 216
1229 1409 326 216
1558 1409 450 216
2011 1409 906 216
187 1631 81 215
271 1631 212 215
486 1631 252 215
741 1631 99 215
843 1631 83 215
928 1631 100 215
1030 1631 196 215
1229 1631 326 215
1558 1631 450 215
2011 1631 906 215
88 1852 95 216
186 1852 82 216
271 1852 212 216
486 1852 252 216
741 1852 99 216
843 1852 83 216
928 1852 100 216
1030 1852 196 216
1229 1852 326 216
1558 1852 450 216
2011 1852 906 216
88 2073 95 216
186 2073 82 216
271 2073 212 216
486 2073 252 216
741 2073 99 216
843 2073 83 216
928 2073 100 216
1030 2073 196 216
1229 2073 326 216
1558 2073 450 216
2011 2073 906 216
88 2295 95 659
186 2295 82 216
271 2295 212 216
486 2295 252 216
741 2295 99 216
843 2295 83 216
928 2295 100 216
1030 2295 196 216
1229 2295 326 216
1558 2295 450 216
2011 2295 906 216
187 2516 81 216
271 2516 212 216
486 2516 252 216
741 2516 99 216
843 2516 83 216
928 2516 100 216
1030 2516 196 216
1229 2516 326 216
1558 2516 450 216
2011 2516 906 216
187 2738 81 216
271 2738 212 216
486 2738 252 216
741 2738 99 216
843 2738 83 216
928 2738 100 216
1030 2738 196 216
1229 2738 326 216
1558 2738 450 216
2011 2738 906 216
88 2959 95 438
186 2959 82 216
271 2959 212 216
486 2959 252 216
741 2959 99 216
843 2959 83 216
928 2959 100 216
1030 2959 196 216
1229 2959 326 216
1558 2959 450 216
2011 2959 906 216
187 3181 81 216
271 3181 212 216
486 3181 252 216
741 3181 99 216
843 3181 83 216
928 3181 100 216
1030 3181 196 216
1229 3181 326 216
1558 3181 450 216
2011 3181 906 216
88 3402 95 437
186 3402 82 216
271 3402 212 216
486 3402 252 216
741 3402 99 216
843 3402 83 216
928 3402 100 216
1030 3402 196 216
1229 3402 326 216
1558 3402 450 216
2011 3402 906 216
187 3624 81 215
271 3624 212 215
486 3624 252 215
741 3624 99 215
843 3624 83 215
928 3624 100 215
1030 3624 196 215
1229 3624 326 215
1558 3624 450 215
2011 3624 906 215
88 3845 95 438
186 3845 82 216
271 3845 212 216
486 3845 252 216
741 3845 99 216
843 3845 83 216
928 3845 100 216
1030 3845 196 216
1229 3845 326 216
1558 3845 450 216
2011 3845 906 216
187 4067 81 216
271 4067 212 216
486 4067 252 216
741 4067 99 216
843 4067 83 216
928 4067 100 216
1030 4067 196 216
1229 4067 326 216
1558 4067 450 216
2011 4067 906 216
