70 224 2081 162
70 389 2081 143
70 536 72 42
145 536 185 42
333 536 166 42
503 536 128 42
633 536 58 42
694 536 101 42
797 536 131 42
931 536 166 42
1100 536 393 42
1496 536 655 42
70 581 72 257
333 581 166 257
503 581 128 257
633 581 58 257
694 581 101 257
797 581 131 257
931 581 166 257
1100 581 393 257
1496 581 655 257
145 643 23 22
304 646 26 121
145 665 22 98
70 840 72 256
333 840 166 256
503 840 128 256
633 840 58 256
694 840 101 256
797 840 131 256
931 840 166 256
1100 840 393 256
1496 840 655 256
70 1099 2081 1926
