70 224 2081 162
70 389 2081 143
70 536 72 42
145 536 184 42
332 536 167 42
503 536 128 42
634 536 58 42
695 536 100 42
798 536 131 42
932 536 166 42
1101 536 393 42
1497 536 654 42
70 581 72 257
332 581 167 257
503 581 128 257
634 581 58 257
695 581 100 257
798 581 131 257
932 581 166 257
1101 581 393 257
1497 581 654 257
307 664 22 102
145 667 24 107
70 840 72 256
332 840 167 256
503 840 128 256
634 840 58 256
695 840 100 256
798 840 131 256
932 840 166 256
1101 840 393 256
1497 840 654 256
295 889 34 36
145 897 29 25
145 925 26 101
298 935 31 84
70 1099 2081 1926
