8 480 120 172
130 480 271 172
404 480 229 172
636 480 94 172
732 480 95 172
829 480 142 172
973 480 116 172
1092 480 261 172
1356 480 478 172
1837 480 1050 172
8 655 120 367
130 655 271 367
404 655 229 367
636 655 94 367
732 655 95 367
829 655 142 367
973 655 116 367
1092 655 261 367
1356 655 478 367
1837 655 1050 367
8 1026 1479 3186
1491 1026 1396 2360
1491 3390 1396 57
1491 3449 234 49
1727 3449 742 49
2471 3450 216 48
2689 3450 198 48
1491 3499 234 47
1727 3499 742 47
2471 3499 216 47
2689 3499 198 47
1491 3547 234 46
1727 3547 742 46
2471 3547 216 46
2689 3547 198 46
1491 3595 234 46
1727 3595 742 46
2471 3595 216 46
2689 3595 198 46
1491 3643 1196 569
2689 3643 198 569
