122 122 2863 341
122 467 2863 292
122 761 2863 139
122 903 89 74
213 903 215 74
430 903 268 74
701 903 105 74
809 903 79 74
890 903 145 74
1038 903 138 74
1178 903 237 74
1417 903 410 74
1829 903 1156 74
122 979 89 303
430 979 268 303
701 979 105 303
809 979 79 303
890 979 145 303
1038 979 138 303
1178 979 237 303
1417 979 410 303
1829 979 1156 303
213 1039 42 137
389 1043 39 147
213 1219 21 63
122 1284 89 303
430 1284 268 303
701 1284 105 303
809 1284 79 303
890 1284 145 303
1038 1284 138 303
1178 1284 237 303
1417 1284 410 303
1829 1284 1156 303
391 1365 37 130
213 1370 35 127
122 1589 89 303
430 1589 268 303
701 1589 105 303
809 1589 79 303
890 1589 145 303
1038 1589 138 303
1178 1589 237 303
1417 1589 410 303
1829 1589 1156 303
213 1647 47 43
396 1691 32 94
213 1695 44 93
122 1894 89 303
430 1894 268 303
701 1894 105 303
809 1894 79 303
890 1894 145 303
1038 1894 138 303
1178 1894 237 303
1417 1894 410 303
1829 1894 1156 303
213 1963 41 36
392 1964 36 31
397 2000 31 90
213 2002 38 93
122 2199 89 303
213 2199 215 24
430 2199 268 303
701 2199 105 303
809 2199 79 303
890 2199 145 303
1038 2199 138 303
1178 2199 237 303
1417 2199 410 303
1829 2199 1156 303
393 2288 35 117
213 2297 37 197
122 2504 89 303
430 2504 268 303
701 2504 105 303
809 2504 79 303
890 2504 145 303
1038 2504 138 303
1178 2504 237 303
1417 2504 410 303
1829 2504 1156 303
122 2809 89 303
213 2809 215 303
430 2809 268 303
701 2809 105 303
809 2809 79 303
890 2809 145 303
1038 2809 138 303
1178 2809 237 303
1417 2809 410 303
1829 2809 1156 303
122 3114 89 303
213 3114 215 303
430 3114 268 303
701 3114 105 303
809 3114 79 303
890 3114 145 303
1038 3114 138 303
1178 3114 237 303
1417 3114 410 303
1829 3114 1156 303
122 3423 2863 139
122 3564 89 75
213 3564 215 75
430 3564 268 75
701 3564 105 75
809 3564 79 75
890 3564 145 75
1038 3564 138 75
1178 3564 237 75
1417 3564 410 75
1829 3564 1156 75
122 3642 89 303
430 3642 268 303
701 3642 105 303
809 3642 79 303
890 3642 145 303
1038 3642 138 303
1178 3642 237 303
1417 3642 410 303
1829 3642 1156 303
389 3699 39 41
393 3741 35 87
213 3743 42 125
122 3947 89 303
430 3947 268 303
701 3947 105 303
809 3947 79 303
890 3947 145 303
1038 3947 138 303
1178 3947 237 303
1417 3947 410 303
1829 3947 1156 303
319 4003 26 39
