112 102 2870 179
112 285 2870 117
112 406 2870 50
112 460 77 45
191 460 210 45
403 460 245 45
649 460 111 45
762 460 70 45
834 460 112 45
948 460 162 45
1111 460 325 45
1437 460 486 45
1925 460 1057 45
112 507 77 139
191 507 210 139
403 507 245 139
649 507 111 139
762 507 70 139
834 507 112 139
948 507 162 139
1111 507 325 139
1437 507 486 139
1925 507 1057 139
112 647 77 138
403 647 245 138
649 647 111 138
762 647 70 138
834 647 112 138
948 647 162 138
1111 647 325 138
1437 647 486 138
1925 647 1057 138
112 790 2870 51
112 845 77 137
403 845 245 137
649 845 111 137
762 845 70 137
834 845 112 137
948 845 162 137
1111 845 325 137
1438 845 485 137
1925 845 1057 137
347 882 54 27
112 986 2870 49
112 1040 77 136
365 1040 36 50
403 1040 245 136
649 1040 111 136
762 1040 70 136
834 1040 112 136
948 1040 162 136
1111 1040 326 136
1439 1040 486 136
1926 1040 1056 136
112 1178 77 138
191 1178 210 138
403 1178 245 138
649 1178 111 138
762 1178 70 138
834 1178 112 138
948 1178 162 138
1111 1178 326 138
1439 1178 486 138
1926 1178 1056 138
112 1320 2870 48
112 1372 77 137
191 1372 210 137
403 1372 245 137
649 1372 111 137
762 1372 70 137
834 1372 112 137
948 1372 162 137
1111 1372 326 137
1439 1372 486 137
1926 1372 1056 137
112 1511 77 138
191 1511 210 138
403 1511 245 138
649 1511 111 138
762 1511 70 138
834 1511 112 138
948 1511 162 138
1111 1511 326 138
1439 1511 486 138
1926 1511 1056 138
112 1654 2870 48
112 1707 77 137
403 1707 245 137
649 1707 111 137
762 1707 70 137
834 1707 112 137
948 1707 162 137
1111 1707 326 137
1439 1707 484 137
1925 1707 1057 137
338 1733 63 26
112 1850 2870 49
112 1903 77 137
403 1903 245 137
649 1903 111 137
762 1903 70 137
834 1903 112 137
948 1903 162 137
1111 1903 326 137
1439 1903 486 137
1926 1903 1056 137
349 2014 52 26
112 2042 77 137
403 2042 245 137
649 2042 111 137
762 2042 70 137
834 2042 112 137
948 2042 162 137
1111 2042 326 137
1439 2042 486 137
1926 2042 1056 137
357 2154 44 25
112 2184 2870 47
112 2236 77 137
403 2236 245 137
649 2236 111 137
762 2236 70 137
834 2236 112 137
948 2236 162 137
1111 2236 326 137
1439 2236 486 137
1926 2236 1056 137
191 2301 66 28
112 2375 77 138
191 2375 210 138
403 2375 245 138
649 2375 111 138
762 2375 70 138
834 2375 112 138
948 2375 162 138
1111 2375 326 138
1439 2375 486 138
1926 2375 1056 138
112 2517 2870 49
112 2570 77 138
403 2570 245 138
649 2570 111 138
762 2570 70 138
834 2570 112 138
948 2570 162 138
1111 2570 326 138
1439 2570 484 138
1925 2570 1057 138
112 2713 2870 49
112 2766 77 138
403 2766 245 138
649 2766 111 138
762 2766 70 138
834 2766 112 138
948 2766 162 138
1111 2766 326 138
1439 2766 484 138
1925 2766 1057 138
112 2909 2870 48
112 2961 77 138
649 2961 111 138
762 2961 70 138
834 2961 112 138
948 2961 162 138
1111 2961 326 138
1439 2961 486 138
1926 2961 1056 138
191 2962 210 126
403 2962 245 137
112 3100 77 139
191 3100 210 139
403 3100 245 139
649 3100 111 139
762 3100 70 139
834 3100 112 139
948 3100 162 139
1111 3100 326 139
1439 3100 486 139
1926 3100 1056 139
112 3243 2870 1011
