12 351 2880 216
12 578 1434 67
1457 578 1435 67
12 647 44 71
58 647 190 71
251 647 133 71
387 647 65 71
455 647 49 71
506 647 66 71
574 647 66 71
642 647 117 71
761 647 156 71
920 647 526 71
1457 647 44 71
1504 647 190 71
1697 647 133 71
1833 647 65 71
1901 647 48 71
1952 647 65 71
2020 647 65 71
2088 647 116 71
2207 647 156 71
2366 647 526 71
12 721 44 420
58 721 190 420
251 721 133 420
387 721 65 420
455 721 49 420
506 721 66 420
574 721 66 420
642 721 117 420
761 721 156 420
920 721 526 420
1457 721 44 420
1504 721 190 420
1697 721 133 420
1833 721 65 420
1901 721 48 420
1952 721 65 420
2020 721 65 420
2088 721 116 420
2207 721 156 420
2366 721 526 420
12 1144 44 419
58 1144 190 419
251 1144 133 419
387 1144 65 419
455 1144 49 419
506 1144 66 419
574 1144 66 419
642 1144 117 419
761 1144 156 419
920 1144 526 419
1457 1144 1435 70
1457 1217 44 71
1504 1217 190 71
1697 1217 133 71
1833 1217 65 71
1901 1217 48 71
1952 1217 65 71
2020 1217 65 71
2088 1217 116 71
2207 1217 156 71
2366 1217 526 71
1457 1291 44 419
1504 1291 190 419
1697 1291 133 419
1833 1291 65 419
1901 1291 48 419
1952 1291 65 419
2020 1291 65 419
2088 1291 116 419
2207 1291 156 419
2366 1291 526 419
12 1566 1434 71
12 1640 44 70
58 1640 190 70
251 1640 133 70
387 1640 65 70
455 1640 49 70
506 1640 66 70
574 1640 66 70
642 1640 117 70
761 1640 156 70
920 1640 526 70
12 1713 44 420
58 1713 190 420
251 1713 133 420
387 1713 65 420
455 1713 49 420
506 1713 66 420
574 1713 66 420
642 1713 117 420
761 1713 156 420
920 1713 526 420
1457 1713 1435 71
1457 1787 44 71
1504 1787 190 71
1697 1787 133 71
1833 1787 65 71
1901 1787 48 71
1952 1787 65 71
2020 1787 65 71
2088 1787 116 71
2207 1787 156 71
2366 1787 526 71
1457 1861 44 419
1504 1861 190 419
1697 1861 133 419
1833 1861 65 419
1901 1861 48 419
1952 1861 65 419
2020 1861 65 419
2088 1861 116 419
2207 1861 156 419
2366 1861 526 419
12 2136 44 419
58 2136 190 419
251 2136 133 419
387 2136 65 419
455 2136 49 419
506 2136 66 419
574 2136 66 419
642 2136 117 419
761 2136 156 419
920 2136 526 419
1457 2283 1435 71
1457 2357 44 71
1504 2357 190 71
1697 2357 133 71
1833 2357 65 71
1901 2357 48 71
1952 2357 65 71
2020 2357 65 71
2088 2357 116 71
2207 2357 156 71
2366 2357 526 71
1457 2430 44 420
1504 2430 190 420
1697 2430 133 420
1833 2430 65 420
1901 2430 48 420
1952 2430 65 420
2020 2430 65 420
2088 2430 116 420
2207 2430 156 420
2366 2430 526 420
12 2561 1434 71
12 2635 44 70
58 2635 190 70
251 2635 133 70
387 2635 65 70
455 2635 49 70
506 2635 66 70
574 2635 66 70
642 2635 117 70
761 2635 156 70
920 2635 526 70
12 2708 44 420
58 2708 190 420
251 2708 133 420
387 2708 65 420
455 2708 49 420
506 2708 66 420
574 2708 66 420
642 2708 117 420
761 2708 156 420
920 2708 526 420
1457 2853 44 419
1504 2853 190 419
1697 2853 133 419
1833 2853 65 419
1901 2853 48 419
1952 2853 65 419
2020 2853 65 419
2088 2853 116 419
2207 2853 156 419
2366 2853 526 419
12 3131 44 419
58 3131 190 419
251 3131 133 419
387 3131 65 419
455 3131 49 419
506 3131 66 419
574 3131 66 419
642 3131 117 419
761 3131 156 419
920 3131 526 419
1457 3275 44 420
1504 3275 190 420
1697 3275 133 420
1833 3275 65 420
1901 3275 48 420
1952 3275 65 420
2020 3275 65 420
2088 3275 116 420
2207 3275 156 420
2366 3275 526 420
12 3553 44 415
58 3553 190 415
251 3553 133 415
387 3553 65 415
455 3553 49 415
506 3553 66 415
574 3553 66 415
642 3553 117 415
761 3553 156 415
920 3553 526 415
1457 3698 1435 270
