12 351 2880 216
12 578 1434 67
1457 578 1435 67
12 647 44 71
58 647 190 71
251 647 133 71
387 647 65 71
455 647 49 71
506 647 66 71
574 647 66 71
642 647 117 71
761 647 156 71
920 647 526 71
1457 647 44 71
1504 647 190 71
1697 647 133 71
1833 647 65 71
1901 647 48 71
1952 647 65 71
2020 647 65 71
2088 647 116 71
2207 647 156 71
2366 647 526 71
12 721 44 399
58 721 190 399
251 721 133 399
387 721 65 399
455 721 49 399
506 721 66 399
574 721 66 399
642 721 117 399
761 721 156 399
920 721 526 399
1457 721 44 399
1504 721 190 399
1697 721 133 399
1833 721 65 399
1901 721 48 399
1952 721 65 399
2020 721 65 399
2088 721 116 399
2207 721 156 399
2366 721 526 399
12 1123 44 398
58 1123 190 398
251 1123 133 398
387 1123 65 398
455 1123 49 398
506 1123 66 398
574 1123 66 398
642 1123 117 398
761 1123 156 398
920 1123 526 398
1457 1123 44 398
1504 1123 190 398
1697 1123 133 398
1833 1123 65 398
1901 1123 48 398
1952 1123 65 398
2020 1123 65 398
2088 1123 116 398
2207 1123 156 398
2366 1123 526 398
12 1524 44 398
58 1524 190 398
251 1524 133 398
387 1524 65 398
455 1524 49 398
506 1524 66 398
574 1524 66 398
642 1524 117 398
761 1524 156 398
920 1524 526 398
1457 1524 44 398
1504 1524 190 398
1697 1524 133 398
1833 1524 65 398
1901 1524 48 398
1952 1524 65 398
2020 1524 65 398
2088 1524 116 398
2207 1524 156 398
2366 1524 526 398
12 1925 1434 71
1457 1925 44 399
1504 1925 190 399
1697 1925 133 399
1833 1925 65 399
1901 1925 48 399
1952 1925 65 399
2020 1925 65 399
2088 1925 116 399
2207 1925 156 399
2366 1925 526 399
12 1999 44 71
58 1999 190 71
251 1999 133 71
387 1999 65 71
455 1999 49 71
506 1999 66 71
574 1999 66 71
642 1999 117 71
761 1999 156 71
920 1999 526 71
12 2073 44 398
58 2073 190 398
251 2073 133 398
387 2073 65 398
455 2073 49 398
506 2073 66 398
574 2073 66 398
642 2073 117 398
761 2073 156 398
920 2073 526 398
1457 2327 1435 71
1457 2400 44 71
1504 2400 190 71
1697 2400 133 71
1833 2400 65 71
1901 2400 48 71
1952 2400 65 71
2020 2400 65 71
2088 2400 116 71
2207 2400 156 71
2366 2400 526 71
12 2474 44 399
58 2474 190 399
251 2474 133 399
387 2474 65 399
455 2474 49 399
506 2474 66 399
574 2474 66 399
642 2474 117 399
761 2474 156 399
920 2474 526 399
1457 2474 44 399
1504 2474 190 399
1697 2474 133 399
1833 2474 65 399
1901 2474 48 399
1952 2474 65 399
2020 2474 65 399
2088 2474 116 399
2207 2474 156 399
2366 2474 526 399
12 2876 1434 70
1457 2876 44 398
1504 2876 190 398
1697 2876 133 398
1833 2876 65 398
1901 2876 48 398
1952 2876 65 398
2020 2876 65 398
2088 2876 116 398
2207 2876 156 398
2366 2876 526 398
12 2949 44 71
58 2949 190 71
251 2949 133 71
387 2949 65 71
455 2949 49 71
506 2949 66 71
574 2949 66 71
642 2949 117 71
761 2949 156 71
920 2949 526 71
12 3023 44 398
58 3023 190 398
251 3023 133 398
387 3023 65 398
455 3023 49 398
506 3023 66 398
574 3023 66 398
642 3023 117 398
761 3023 156 398
920 3023 526 398
1457 3277 1435 71
1457 3351 44 70
1504 3351 190 70
1697 3351 133 70
1833 3351 65 70
1901 3351 48 70
1952 3351 65 70
2020 3351 65 70
2088 3351 116 70
2207 3351 156 70
2366 3351 526 70
12 3424 1434 71
1457 3424 44 399
1504 3424 190 399
1697 3424 133 399
1833 3424 65 399
1901 3424 48 399
1952 3424 65 399
2020 3424 65 399
2088 3424 116 399
2207 3424 156 399
2366 3424 526 399
12 3498 44 71
58 3498 190 71
251 3498 133 71
387 3498 65 71
455 3498 49 71
506 3498 66 71
574 3498 66 71
642 3498 117 71
761 3498 156 71
920 3498 526 71
12 3572 44 396
58 3572 190 396
251 3572 133 396
387 3572 65 396
455 3572 49 396
506 3572 66 396
574 3572 66 396
642 3572 117 396
761 3572 156 396
920 3572 526 396
1457 3826 1435 142
