70 224 2081 179
70 406 2081 167
70 576 2081 123
70 701 71 43
145 701 183 43
331 701 168 43
502 701 128 43
633 701 58 43
694 701 100 43
797 701 131 43
931 701 166 43
1100 701 393 43
1495 701 656 43
70 747 71 217
145 747 183 217
331 747 168 217
502 747 128 217
633 747 58 217
694 747 100 217
797 747 131 217
931 747 166 217
1100 747 393 217
1495 747 656 217
70 967 71 218
331 967 168 218
502 967 128 218
633 967 58 218
694 967 100 218
797 967 131 218
931 967 166 218
1100 967 393 218
1495 967 656 218
70 1188 71 217
331 1188 168 217
502 1188 128 217
633 1188 58 217
694 1188 100 217
797 1188 131 217
931 1188 166 217
1100 1188 393 217
1495 1188 656 217
70 1408 71 217
145 1408 183 217
331 1408 168 217
502 1408 128 217
633 1408 58 217
694 1408 100 217
797 1408 131 217
931 1408 166 217
1100 1408 393 217
1495 1408 656 217
70 1628 71 217
331 1628 168 217
502 1628 128 217
633 1628 58 217
694 1628 100 217
797 1628 131 217
931 1628 166 217
1100 1628 393 217
1495 1628 656 217
70 1848 2081 1177
