122 122 2822 361
122 486 2822 400
131 889 23 81
162 889 100 81
269 889 39 81
315 889 23 81
346 889 23 81
400 889 169 81
577 889 84 81
669 889 54 81
769 889 38 81
845 889 39 81
892 889 107 81
1053 889 38 81
1122 889 23 81
1176 889 123 81
1306 889 185 81
1514 889 46 81
1568 889 284 81
1859 889 31 81
1898 889 38 81
1944 889 153 81
2105 889 54 81
2167 889 46 81
2220 889 31 81
2282 889 77 81
2366 889 69 81
2443 889 23 81
2474 889 31 81
2512 889 23 81
2543 889 100 81
2666 889 100 81
2843 889 23 81
2873 889 31 81
369 890 31 80
2643 890 23 80
122 974 115 64
241 974 176 65
421 974 224 64
649 974 97 65
818 974 110 64
932 974 108 65
1044 974 225 65
1273 974 318 65
1595 974 1349 65
748 975 66 63
122 1042 115 280
241 1042 176 38
420 1042 225 280
649 1042 97 281
818 1042 110 280
932 1042 109 280
1044 1042 225 280
1595 1042 1349 280
1272 1043 319 279
748 1044 66 278
391 1127 26 40
393 1170 24 73
122 1326 115 280
241 1326 176 56
421 1326 224 279
649 1326 97 280
818 1326 110 280
932 1326 108 280
1044 1326 225 280
1595 1326 1349 280
1273 1327 318 279
748 1328 66 277
392 1436 25 120
123 1609 2821 2508
