112 102 2869 213
112 318 2869 151
112 473 2869 61
112 538 77 45
191 538 210 45
403 538 245 45
649 538 111 45
762 538 70 45
834 538 112 45
948 538 162 45
1111 538 289 45
1402 538 504 45
1908 538 1073 45
112 585 77 167
191 585 210 167
403 585 245 167
649 585 111 167
762 585 70 167
834 585 112 167
948 585 162 167
1111 585 289 167
1402 585 504 167
1908 585 1073 167
112 754 77 166
191 754 210 166
403 754 245 166
649 754 111 166
762 754 70 166
834 754 112 166
948 754 162 166
1111 754 289 166
1402 754 504 166
1908 754 1073 166
112 922 77 167
191 922 210 167
403 922 245 166
649 922 111 166
762 922 70 166
834 922 112 166
948 922 162 166
1111 922 289 166
1402 922 504 166
1908 922 1073 166
112 1094 2869 63
112 1162 77 164
191 1162 210 131
403 1162 245 164
649 1162 111 164
762 1162 70 164
834 1162 112 164
948 1162 162 164
1111 1162 289 164
1402 1162 504 164
1908 1162 1073 164
191 1302 35 24
361 1302 40 24
112 1331 2869 68
112 1404 77 163
191 1404 210 112
403 1404 245 163
649 1404 111 163
762 1404 70 163
834 1404 112 163
948 1404 162 163
1111 1404 289 163
1402 1404 504 163
1908 1404 1073 163
362 1525 39 42
191 1526 34 41
112 1569 77 164
191 1569 210 164
403 1569 245 164
649 1569 111 164
762 1569 70 164
834 1569 112 164
948 1569 162 164
1111 1569 289 164
1402 1569 504 164
1908 1569 1073 164
112 1737 2869 63
112 1805 77 166
191 1805 210 166
403 1805 245 166
649 1805 111 166
762 1805 70 166
834 1805 112 166
948 1805 162 166
1111 1805 289 166
1402 1805 504 166
1908 1805 1073 166
112 1973 77 167
191 1973 210 167
403 1973 245 167
649 1973 111 167
762 1973 70 167
834 1973 112 167
948 1973 162 167
1111 1973 289 167
1402 1973 504 167
1908 1973 1073 167
112 2142 77 167
191 2142 210 167
403 2142 245 167
649 2142 111 167
762 2142 70 167
834 2142 112 167
948 2142 162 167
1111 2142 289 167
1402 2142 504 167
1908 2142 1073 167
112 2311 77 166
191 2311 210 166
403 2311 245 166
649 2311 111 166
762 2311 70 166
834 2311 112 166
948 2311 162 166
1111 2311 289 166
1402 2311 504 166
1908 2311 1073 166
112 2481 2869 1703
