93 121 2830 298
93 422 2830 252
93 677 2830 110
93 789 87 59
182 789 212 59
396 789 264 59
662 789 105 59
769 789 78 59
849 789 143 59
995 789 135 59
1132 789 216 59
1350 789 439 59
1791 789 1132 59
93 851 87 306
396 851 264 306
662 851 105 306
769 851 78 306
849 851 143 306
995 851 135 306
1132 851 216 306
1350 851 439 306
1791 851 1132 306
182 968 21 23
93 1159 87 306
182 1159 212 94
396 1159 264 306
662 1159 105 306
769 1159 78 306
849 1159 143 306
995 1159 135 306
1132 1159 216 306
1350 1159 439 306
1791 1159 1132 306
277 1279 117 25
182 1280 49 90
311 1329 83 21
93 1467 87 306
396 1467 264 306
662 1467 105 306
769 1467 78 306
849 1467 143 306
995 1467 135 306
1132 1467 216 306
1350 1467 439 306
1791 1467 1132 306
182 1555 21 22
373 1561 21 202
93 1775 87 307
182 1775 212 21
396 1775 264 307
662 1775 105 307
769 1775 78 307
849 1775 143 307
995 1775 135 307
1132 1775 216 307
1350 1775 439 307
1791 1775 1132 307
361 1856 33 148
182 1861 45 110
182 1985 41 27
368 2007 26 75
93 2084 2830 2147
