93 121 2830 337
93 461 2830 289
93 753 2830 160
93 915 94 102
190 915 236 102
428 915 258 102
688 915 112 102
803 915 84 102
890 915 154 102
1047 915 146 102
1195 915 253 102
1450 915 356 102
1809 915 1114 102
93 1019 94 323
428 1019 258 323
688 1019 112 323
803 1019 84 323
890 1019 154 323
1047 1019 146 323
1195 1019 253 323
1450 1019 356 323
1809 1019 1114 323
190 1093 35 170
388 1099 38 46
389 1145 37 108
93 1344 94 322
428 1344 258 322
688 1344 112 322
803 1344 84 322
890 1344 154 322
1047 1344 146 322
1195 1344 253 322
1450 1344 356 322
1809 1344 1114 322
190 1419 39 135
383 1423 43 28
387 1453 39 90
93 1668 94 323
428 1668 258 323
688 1668 112 323
803 1668 84 323
890 1668 154 323
1047 1668 146 323
1195 1668 253 323
1450 1668 356 323
1809 1668 1114 323
389 1752 37 170
190 1754 45 157
93 1993 94 322
190 1993 236 23
428 1993 258 322
688 1993 112 322
803 1993 84 322
890 1993 154 322
1047 1993 146 322
1195 1993 253 322
1450 1993 356 322
1809 1993 1114 322
392 2075 34 45
190 2079 41 38
190 2120 38 96
395 2128 31 92
93 2317 94 322
190 2317 236 23
428 2317 258 322
688 2317 112 322
803 2317 84 322
890 2317 154 322
1047 2317 146 322
1195 2317 253 322
1450 2317 356 322
1809 2317 1114 322
388 2403 38 129
190 2412 35 124
93 2641 94 323
428 2641 258 323
688 2641 112 323
803 2641 84 323
890 2641 154 323
1047 2641 146 323
1195 2641 253 323
1450 2641 356 323
1809 2641 1114 323
389 2716 37 42
190 2722 54 28
190 2752 51 104
390 2758 36 104
93 2966 2830 160
93 3129 94 102
190 3129 236 102
428 3129 258 102
688 3129 112 102
803 3129 84 102
890 3129 154 102
1047 3129 146 102
1195 3129 253 102
1450 3129 356 102
1809 3129 1114 102
93 3233 94 322
190 3233 236 307
428 3233 258 322
688 3233 112 322
803 3233 84 322
890 3233 154 322
1047 3233 146 322
1195 3233 253 322
1450 3233 356 322
1809 3233 1114 322
93 3557 94 323
428 3557 258 323
688 3557 112 323
803 3557 84 323
890 3557 154 323
1047 3557 146 323
1195 3557 253 323
1450 3557 356 323
1809 3557 1114 323
190 3630 42 53
391 3635 35 162
190 3687 40 96
93 3882 94 321
428 3882 258 321
688 3882 112 321
803 3882 84 321
890 3882 154 321
1047 3882 146 321
1195 3882 253 321
1450 3882 356 321
1809 3882 1114 321
190 3974 46 28
388 4002 38 126
190 4007 38 118
