122 171 2822 367
122 542 2822 393
122 939 2822 81
393 1024 220 110
617 1024 102 110
788 1024 108 110
900 1024 113 110
1016 1024 313 110
1332 1024 438 110
1774 1024 1170 110
217 1025 173 108
122 1026 92 108
723 1028 61 102
122 1137 92 223
393 1137 220 223
617 1137 102 223
788 1137 108 223
900 1137 113 223
1016 1137 313 223
1332 1137 438 223
1774 1137 1170 223
723 1143 61 216
122 1364 92 221
393 1364 220 223
617 1364 102 223
788 1364 108 223
900 1364 113 222
1016 1364 313 223
1332 1364 438 223
1774 1364 1170 223
217 1365 173 217
723 1366 61 217
122 1591 92 222
217 1591 173 28
393 1591 220 222
617 1591 102 222
788 1591 108 222
1016 1591 313 222
1332 1591 438 222
1774 1591 1170 222
900 1593 113 220
723 1596 61 218
122 1817 2822 82
122 1903 92 223
393 1903 220 223
617 1903 102 223
788 1903 108 223
900 1903 113 223
1016 1903 313 218
1332 1903 438 223
1774 1903 1170 223
217 1904 173 22
723 1905 61 215
122 2129 92 223
393 2129 220 223
617 2129 102 223
788 2129 108 223
1016 2129 313 223
1332 2129 438 223
1774 2129 1170 223
217 2130 173 26
900 2130 113 222
723 2132 61 219
122 2356 92 223
393 2356 220 224
617 2356 102 224
723 2356 61 217
788 2356 108 224
900 2356 113 223
1016 2356 313 224
1332 2356 438 224
1774 2356 1170 224
217 2357 173 22
217 2419 31 22
122 2584 2822 80
122 2668 92 223
393 2668 220 223
617 2668 102 223
788 2668 108 223
1016 2668 313 223
1332 2668 438 223
1774 2668 1170 223
217 2669 173 213
723 2671 61 218
900 2673 113 218
122 2895 92 223
217 2895 173 147
393 2895 220 223
617 2895 102 223
723 2895 61 220
788 2895 108 223
900 2895 113 223
1016 2895 313 222
1332 2895 438 223
1774 2895 1170 223
122 3121 92 224
393 3121 220 224
617 3121 102 224
723 3121 61 224
788 3121 108 224
1016 3121 313 224
1332 3121 438 224
1774 3121 1170 224
900 3122 113 222
122 3348 92 224
617 3348 102 224
723 3348 61 224
788 3348 108 224
1016 3348 313 224
1332 3348 438 224
1774 3348 1170 224
393 3349 220 223
900 3349 113 223
122 3576 92 222
393 3576 220 222
617 3576 102 222
788 3576 108 222
900 3576 113 222
1016 3576 313 222
1332 3576 438 222
1774 3576 1170 222
723 3577 61 219
217 3667 28 28
361 3672 29 30
122 3802 92 211
393 3802 220 211
617 3802 102 211
723 3802 61 208
788 3802 108 211
900 3802 113 211
1016 3802 313 211
1332 3802 438 211
1774 3802 1170 211
