122 122 2822 361
123 486 2821 400
123 889 23 81
154 889 54 81
269 889 154 81
446 889 23 81
492 889 31 81
538 889 31 81
592 889 54 81
653 889 93 81
753 889 92 81
853 889 31 81
953 889 46 81
1045 889 254 81
1306 889 31 81
1368 889 123 81
1521 889 31 81
1560 889 61 81
1629 889 161 81
1806 889 46 81
1859 889 31 81
1898 889 30 81
1982 889 85 81
2098 889 61 81
2167 889 46 81
2220 889 54 81
2297 889 39 81
2343 889 23 81
2374 889 23 81
2405 889 153 81
2589 889 46 81
2674 889 23 81
2704 889 39 81
2750 889 23 81
2789 889 31 81
2827 889 23 81
2858 889 54 81
569 890 23 80
2912 890 22 80
122 974 115 64
241 974 176 65
421 974 224 64
649 974 97 65
818 974 110 64
932 974 108 65
1044 974 225 65
1273 974 318 65
1595 974 1349 65
748 975 66 63
122 1042 115 280
241 1042 176 65
420 1042 225 280
649 1042 97 281
818 1042 110 280
932 1042 109 280
1044 1042 225 280
1595 1042 1349 280
1272 1043 319 279
748 1044 66 278
241 1152 34 90
381 1164 36 77
122 1326 115 280
241 1326 176 276
421 1326 224 279
649 1326 97 280
818 1326 110 280
932 1326 108 280
1044 1326 225 280
1595 1326 1349 280
1273 1327 318 279
748 1328 66 277
123 1609 2821 2508
