121 178 2821 367
121 548 2821 392
121 943 2821 93
121 1039 118 114
242 1039 172 114
418 1039 220 114
747 1039 62 114
812 1039 109 114
925 1039 112 114
1041 1039 312 114
1357 1039 438 114
1798 1039 1144 114
641 1044 103 109
121 1157 118 223
418 1157 220 223
747 1157 62 223
812 1157 109 223
925 1157 112 223
1041 1157 312 223
1357 1157 438 222
1798 1157 1144 223
641 1159 103 216
121 1383 118 224
418 1383 220 224
747 1383 62 224
925 1383 112 224
1041 1383 312 224
1357 1383 438 224
1798 1383 1144 224
812 1384 109 223
641 1388 103 218
121 1611 118 223
418 1611 220 223
747 1611 62 223
812 1611 109 223
925 1611 112 223
1041 1611 312 223
1357 1611 438 223
1798 1611 1144 223
641 1613 103 215
121 1837 2821 93
121 1933 118 224
418 1933 220 224
747 1933 62 224
812 1933 109 223
925 1933 112 224
1041 1933 312 224
1357 1933 438 224
1798 1933 1144 224
641 1935 103 217
121 2160 118 224
418 2160 220 224
747 2160 62 224
812 2160 109 224
925 2160 112 224
1041 2160 312 224
1357 2160 438 224
1798 2160 1144 224
641 2165 103 217
121 2388 2821 92
121 2484 118 223
418 2484 220 223
747 2484 62 223
812 2484 109 222
925 2484 112 223
1041 2484 312 223
1357 2484 438 223
1798 2484 1144 223
641 2489 103 215
121 2710 118 224
418 2710 220 224
641 2710 103 223
747 2710 62 224
812 2710 109 224
925 2710 112 224
1041 2710 312 224
1357 2710 438 224
1798 2710 1144 223
375 2757 39 22
121 2937 2821 93
121 3034 118 223
418 3034 220 223
641 3034 103 223
747 3034 62 223
812 3034 109 223
925 3034 112 223
1041 3034 312 223
1357 3034 438 223
1798 3034 1144 223
121 3261 2821 92
121 3357 118 223
418 3357 220 223
641 3357 103 222
747 3357 62 223
812 3357 109 223
925 3357 112 223
1041 3357 312 223
1357 3357 438 223
1798 3357 1144 223
242 3399 35 22
121 3583 118 224
418 3583 220 224
747 3583 62 224
812 3583 109 224
925 3583 112 224
1041 3583 312 224
1357 3583 438 224
1798 3583 1144 224
641 3587 103 215
121 3810 118 220
418 3810 220 220
747 3810 62 220
812 3810 109 220
925 3810 112 220
1041 3810 312 220
1357 3810 438 220
641 3811 103 214
1798 3811 1144 219
