122 153 2822 367
122 524 2822 330
122 858 2822 59
122 920 92 94
393 920 220 94
617 920 102 94
723 920 61 94
788 920 108 94
900 920 113 94
1016 920 313 94
1332 920 438 94
1774 920 1170 94
217 921 173 93
788 1016 108 224
1332 1016 438 224
122 1017 92 223
393 1017 220 223
617 1017 102 223
900 1017 113 223
1016 1017 313 223
1774 1017 1170 223
723 1018 61 220
217 1019 173 37
217 1108 37 23
122 1244 92 223
217 1244 173 38
393 1244 220 223
617 1244 102 223
723 1244 61 223
788 1244 108 223
900 1244 113 223
1016 1244 313 223
1332 1244 438 223
1774 1244 1170 223
122 1471 92 222
217 1471 173 43
393 1471 220 222
617 1471 102 222
788 1471 108 222
900 1471 113 222
1016 1471 313 222
1332 1471 438 222
1774 1471 1170 222
723 1473 61 219
357 1568 33 21
122 1697 92 223
217 1697 173 46
393 1697 220 223
617 1697 102 223
723 1697 61 224
788 1697 108 224
900 1697 113 223
1016 1697 313 223
1332 1697 438 223
1774 1697 1170 223
122 1924 92 224
393 1924 220 224
617 1924 102 224
788 1924 108 224
900 1924 113 223
1016 1924 313 224
1332 1924 438 224
1774 1924 1170 224
217 1925 173 220
723 1928 61 215
122 2151 92 223
217 2151 173 36
393 2151 220 223
617 2151 102 223
723 2151 61 223
788 2151 108 223
900 2151 113 223
1016 2151 313 223
1332 2151 438 223
1774 2151 1170 223
122 2378 92 223
393 2378 220 223
617 2378 102 223
788 2378 108 223
900 2378 113 223
1016 2378 313 223
1332 2378 438 223
1774 2378 1170 223
723 2380 61 218
217 2381 173 30
122 2605 92 222
217 2605 173 36
393 2605 220 222
617 2605 102 222
788 2605 108 222
1016 2605 313 222
1332 2605 438 222
1774 2605 1170 222
723 2611 61 217
900 2611 113 216
122 2831 92 195
393 2831 220 195
617 2831 102 195
723 2831 61 195
788 2831 108 195
900 2831 113 195
1016 2831 313 195
1332 2831 438 195
1774 2831 1170 195
122 3030 2822 53
122 3087 92 223
393 3087 220 223
617 3087 102 223
788 3087 108 223
900 3087 113 223
1016 3087 313 223
1332 3087 438 223
1774 3087 1170 223
217 3088 173 36
723 3088 61 216
122 3313 92 223
393 3313 220 223
617 3313 102 223
788 3313 108 223
1016 3313 313 223
1332 3313 438 223
1774 3313 1170 223
900 3314 113 222
217 3315 173 38
723 3317 61 217
122 3540 92 223
393 3540 220 223
617 3540 102 223
723 3540 61 216
788 3540 108 223
900 3540 113 223
1016 3540 313 223
1332 3540 438 223
1774 3540 1170 223
217 3541 173 222
122 3767 2822 52
122 3823 92 223
393 3823 220 224
617 3823 102 224
788 3823 108 224
900 3823 113 224
1016 3823 313 223
1332 3823 438 224
1774 3823 1170 224
217 3825 173 37
723 3825 61 215
348 3891 42 24
393 4050 220 222
617 4050 102 222
788 4050 108 222
1016 4050 313 222
122 4051 92 221
900 4051 113 221
1332 4051 438 221
1774 4051 1170 221
217 4054 173 30
723 4056 61 215
