17 17 2829 277
17 300 2829 278
17 583 2829 128
17 717 81 99
100 717 253 99
355 717 213 99
570 717 101 99
672 717 78 99
752 717 100 99
854 717 196 99
1052 717 327 99
1381 717 327 99
1710 717 1136 99
17 822 81 277
100 822 253 162
355 822 213 277
570 822 101 277
672 822 78 277
752 822 100 277
854 822 196 277
1052 822 327 277
1381 822 327 277
1710 822 1136 277
100 1042 27 57
325 1047 28 52
17 1105 81 278
100 1105 253 275
355 1105 213 278
570 1105 101 278
672 1105 78 278
752 1105 100 278
854 1105 196 278
1052 1105 327 278
1381 1105 327 278
1710 1105 1136 278
17 1389 2829 127
17 1522 81 99
100 1522 253 99
355 1522 213 99
570 1522 101 99
672 1522 78 99
752 1522 100 99
854 1522 196 99
1052 1522 327 99
1381 1522 327 99
1710 1522 1136 99
17 1627 81 277
100 1627 253 165
355 1627 213 277
570 1627 101 277
672 1627 78 277
752 1627 100 277
854 1627 196 277
1052 1627 327 277
1381 1627 327 277
1710 1627 1136 277
100 1825 24 79
329 1842 24 31
330 1873 23 31
17 1910 81 278
100 1910 2746 278
17 2194 81 277
355 2194 213 277
570 2194 101 277
672 2194 78 277
752 2194 100 277
854 2194 196 277
1052 2194 327 277
1381 2194 327 277
1710 2194 1136 277
100 2315 55 75
315 2316 38 77
17 2477 2829 128
17 2610 81 99
100 2610 253 99
355 2610 213 99
570 2610 101 99
672 2610 78 99
752 2610 100 99
854 2610 196 99
1052 2610 327 99
1381 2610 327 99
1710 2610 1136 99
17 2715 81 278
100 2715 21 278
355 2715 213 278
570 2715 101 278
672 2715 78 278
752 2715 100 278
854 2715 196 278
1052 2715 327 278
1381 2715 327 278
1710 2715 1136 278
17 2999 2829 1207
