122 122 2822 361
122 486 2822 399
122 890 2822 80
122 974 115 64
241 974 176 64
420 974 225 64
649 974 97 63
818 974 110 64
932 974 109 64
1044 974 225 64
1272 974 319 64
1595 974 1349 64
748 1006 66 31
122 1042 115 280
241 1042 176 280
420 1042 225 280
649 1042 97 279
818 1042 110 280
932 1042 109 279
1044 1042 225 280
1272 1042 319 280
1595 1042 1349 280
748 1044 66 277
122 1326 115 279
241 1326 176 51
420 1326 225 279
818 1326 110 279
932 1326 109 279
1044 1326 225 279
1272 1326 319 279
1595 1326 1349 279
649 1329 97 277
748 1329 66 268
241 1419 33 25
122 1609 115 277
241 1609 176 54
420 1609 225 234
818 1609 110 277
1044 1609 225 277
1595 1609 1349 277
649 1613 97 273
748 1613 66 270
932 1613 109 273
1272 1613 319 273
381 1701 36 22
421 1843 224 31
122 1891 2822 2221
