70 224 2081 162
70 389 2081 143
70 536 71 42
145 536 184 42
331 536 167 42
501 536 129 42
632 536 58 42
693 536 101 42
796 536 131 42
930 536 166 42
1099 536 393 42
1495 536 656 42
70 581 71 278
331 581 167 278
501 581 129 278
632 581 58 278
693 581 101 278
796 581 131 278
930 581 166 278
1099 581 393 278
1495 581 656 278
145 661 27 21
301 689 28 84
70 862 71 278
331 862 167 278
501 862 129 278
632 862 58 278
693 862 101 278
796 862 131 278
930 862 166 278
1099 862 393 278
1495 862 656 278
306 963 23 177
70 1143 71 278
331 1143 167 278
501 1143 129 278
632 1143 58 278
693 1143 101 278
796 1143 131 278
930 1143 166 278
1099 1143 393 278
1495 1143 656 278
145 1209 23 133
298 1221 31 120
70 1424 71 278
331 1424 167 278
501 1424 129 278
632 1424 58 278
693 1424 101 278
796 1424 131 278
930 1424 166 278
1099 1424 393 278
1495 1424 656 278
301 1482 28 152
145 1495 22 147
70 1705 2081 1320
