122 175 2822 367
122 546 2822 394
122 942 2822 82
122 1028 92 109
393 1028 220 109
617 1028 102 109
723 1028 61 108
788 1028 108 109
900 1028 113 109
1016 1028 313 109
1332 1028 438 109
1774 1028 1170 109
217 1029 173 108
122 1141 92 269
393 1141 220 269
617 1141 102 269
723 1141 61 269
788 1141 108 269
900 1141 113 269
1016 1141 313 269
1332 1141 438 269
1774 1141 1170 269
217 1142 173 42
122 1413 92 269
217 1413 173 48
393 1413 220 269
617 1413 102 269
788 1413 108 269
900 1413 113 269
1332 1413 438 269
1774 1413 1170 269
1016 1414 313 268
723 1417 61 265
354 1484 36 23
122 1686 92 269
393 1686 220 269
617 1686 102 269
788 1686 108 269
900 1686 113 268
1016 1686 313 269
1332 1686 438 269
1774 1686 1170 269
217 1687 173 52
723 1690 61 263
122 1958 92 268
217 1958 173 48
393 1958 220 268
617 1958 102 268
723 1958 61 263
788 1958 108 268
900 1958 113 266
1016 1958 313 268
1332 1958 438 268
1774 1958 1170 171
1774 2151 1170 75
122 2230 2822 82
122 2315 92 269
393 2315 220 269
617 2315 102 269
788 2315 108 269
1016 2315 313 269
1332 2315 438 269
1774 2315 1170 269
900 2316 113 268
217 2318 173 52
723 2318 61 266
122 2587 92 268
217 2587 173 51
393 2587 220 268
617 2587 102 268
788 2587 108 268
900 2587 113 268
1016 2587 313 268
1332 2587 438 268
1774 2587 1170 268
723 2588 61 262
122 2859 92 269
393 2859 220 269
617 2859 102 269
788 2859 108 269
900 2859 113 269
1332 2859 438 269
1774 2859 1170 269
217 2861 173 47
1016 2864 313 264
723 2865 61 261
122 3132 92 265
393 3132 220 268
617 3132 102 268
788 3132 108 268
900 3132 113 268
1016 3132 313 268
1332 3132 438 268
1774 3132 1170 268
723 3133 61 263
217 3134 173 43
122 3404 92 269
217 3404 173 46
393 3404 220 269
617 3404 102 269
788 3404 108 269
900 3404 113 268
1016 3404 313 269
1332 3404 438 269
1774 3404 1170 269
723 3409 61 264
348 3475 42 22
122 3675 92 264
393 3675 220 264
617 3675 102 264
788 3675 108 264
1016 3675 313 264
1332 3675 438 264
1774 3675 1170 264
217 3676 173 39
900 3676 113 263
723 3677 61 256
