112 102 2869 287
112 392 2869 295
112 691 77 72
191 691 210 72
403 691 245 72
649 691 111 72
762 691 70 72
834 691 112 72
948 691 162 72
1111 691 289 72
1402 691 504 72
1908 691 1073 72
112 765 77 260
191 765 210 260
403 765 245 260
649 765 111 260
762 765 70 260
834 765 112 260
948 765 162 260
1111 765 289 260
1402 765 504 260
1908 765 1073 260
112 1026 77 260
191 1026 210 260
403 1026 245 260
649 1026 111 260
762 1026 70 260
834 1026 112 260
948 1026 162 260
1111 1026 289 260
1402 1026 504 260
1908 1026 1073 260
112 1288 77 259
191 1288 210 259
403 1288 245 259
649 1288 111 259
762 1288 70 259
834 1288 112 259
948 1288 162 259
1111 1288 289 259
1402 1288 504 259
1908 1288 1073 259
112 1549 77 259
191 1549 210 259
403 1549 245 259
649 1549 111 259
762 1549 70 259
834 1549 112 259
948 1549 162 259
1111 1549 289 259
1402 1549 504 259
1908 1549 1073 259
112 1810 77 260
191 1810 210 260
403 1810 245 259
649 1810 111 259
762 1810 70 259
834 1810 112 259
948 1810 162 259
1111 1810 289 259
1402 1810 504 258
1908 1810 1073 258
112 2071 2869 2113
