121 93 2821 309
121 405 2821 260
121 669 2821 53
121 725 118 82
242 725 172 82
418 725 220 82
642 725 101 82
747 725 62 82
812 725 109 82
925 725 112 82
1041 725 312 82
1357 725 438 82
1798 725 1144 82
123 810 116 167
422 810 216 167
643 810 98 167
753 810 55 167
814 810 102 167
926 810 111 167
1042 810 311 167
1360 810 431 167
1800 810 1142 167
243 860 27 103
381 871 27 92
121 981 2821 52
121 1038 118 166
418 1038 220 166
747 1038 62 166
812 1038 109 166
925 1038 112 166
1041 1038 312 166
1357 1038 438 166
1798 1038 1144 166
642 1041 102 163
242 1083 34 103
375 1121 39 70
121 1208 118 166
418 1208 220 166
747 1208 60 166
812 1208 109 166
925 1208 112 166
1041 1208 312 166
1357 1208 433 166
1798 1208 1144 166
642 1210 102 164
242 1246 36 109
373 1250 41 26
375 1277 39 72
121 1377 118 167
418 1377 220 167
747 1377 62 167
812 1377 109 167
925 1377 112 168
1041 1377 312 167
1357 1377 438 167
1798 1377 1144 167
642 1380 101 164
386 1450 28 71
242 1455 28 70
121 1547 2821 53
121 1604 118 167
418 1604 220 167
642 1604 101 167
747 1604 62 167
812 1604 109 167
925 1604 112 167
1041 1604 312 167
1357 1604 438 166
1798 1604 1144 167
370 1634 44 33
242 1637 40 31
374 1668 40 103
242 1669 38 102
121 1774 118 167
418 1774 220 167
641 1774 103 161
747 1774 62 167
812 1774 109 167
925 1774 112 167
1041 1774 312 167
1357 1774 438 167
1798 1774 1144 167
242 1815 37 26
374 1818 40 33
242 1846 31 63
378 1868 36 35
122 1944 117 167
418 1944 220 167
642 1944 101 167
748 1944 60 167
813 1944 106 167
925 1944 112 167
1041 1944 312 167
1357 1944 438 167
1799 1944 1143 167
242 1993 28 21
383 2011 31 59
242 2017 22 62
123 2114 116 54
300 2114 29 54
331 2114 31 54
423 2114 220 54
646 2114 92 54
741 2114 186 54
930 2114 110 54
1045 2114 745 54
1793 2114 1149 54
239 2115 61 53
362 2115 53 53
121 2172 118 166
422 2172 216 166
642 2172 102 163
747 2172 62 166
812 2172 109 166
925 2172 112 166
1041 2172 312 166
1357 2172 438 166
1798 2172 1144 166
242 2235 34 86
376 2244 38 76
121 2342 118 166
418 2342 220 166
641 2342 103 163
747 2342 62 166
812 2342 109 166
925 2342 112 166
1041 2342 312 166
1357 2342 438 166
1798 2342 1144 166
242 2389 37 27
377 2401 37 85
242 2416 36 70
121 2512 118 166
418 2512 220 166
641 2512 103 161
747 2512 62 166
812 2512 109 166
925 2512 112 166
1041 2512 312 166
1357 2512 438 166
1798 2512 1144 166
382 2558 32 101
242 2560 39 98
121 2682 118 166
242 2682 172 132
418 2682 220 166
641 2682 103 163
747 2682 62 166
812 2682 109 166
925 2682 112 166
1041 2682 312 166
1357 2682 438 166
1798 2682 1144 166
121 2852 118 167
418 2852 220 167
747 2852 62 167
812 2852 109 167
925 2852 112 167
1041 2852 312 167
1357 2852 438 167
1798 2852 1144 167
642 2854 102 165
242 2900 41 31
379 2901 35 32
242 2934 34 75
385 2935 29 71
121 3021 118 168
418 3021 220 168
642 3021 101 168
747 3021 62 168
812 3021 109 168
925 3021 112 168
1041 3021 312 168
1357 3021 437 168
1798 3021 1144 168
378 3071 36 94
242 3074 38 115
121 3191 118 168
418 3191 220 168
643 3191 100 168
747 3191 62 166
814 3191 104 168
925 3191 112 168
1042 3191 311 168
1357 3191 437 168
1799 3191 1143 168
381 3243 33 99
243 3245 36 99
121 3362 119 53
246 3362 169 53
423 3362 220 53
644 3362 94 53
752 3362 56 53
810 3362 105 53
930 3362 423 53
1360 3362 430 53
1798 3362 1144 53
121 3419 118 166
419 3419 219 166
643 3419 101 166
747 3419 62 166
813 3419 108 166
926 3419 111 166
1042 3419 311 166
1358 3419 201 166
1560 3419 54 166
1643 3419 21 166
1665 3419 25 166
1691 3419 30 166
1722 3419 71 166
1798 3419 79 166
1878 3419 36 166
1935 3419 24 166
1972 3419 47 166
2020 3419 39 166
2060 3419 23 166
2084 3419 95 166
2230 3419 104 166
2349 3419 26 166
2419 3419 31 166
2451 3419 69 166
2521 3419 26 166
2548 3419 90 166
2663 3419 23 166
2687 3419 71 166
2759 3419 46 166
2806 3419 136 166
373 3466 41 83
243 3473 33 23
243 3502 31 51
121 3589 118 166
418 3589 220 166
642 3589 102 166
747 3589 62 166
812 3589 109 166
925 3589 112 166
1041 3589 312 166
1357 3589 438 166
1798 3589 1144 166
242 3664 29 23
386 3668 28 41
121 3759 2821 53
121 3816 118 166
418 3816 220 166
642 3816 102 163
747 3816 62 166
812 3816 109 166
925 3816 112 166
1041 3816 312 166
1357 3816 438 166
1798 3816 1144 166
242 3860 36 28
376 3869 38 78
242 3893 33 47
121 3986 118 167
418 3986 220 167
641 3986 103 163
747 3986 62 166
812 3986 109 166
925 3986 112 167
1041 3986 312 167
1357 3986 438 166
1798 3986 1144 167
376 4033 38 93
242 4037 26 94
121 4156 118 163
418 4156 220 163
641 4156 103 161
747 4156 62 163
812 4156 109 163
925 4156 112 163
1041 4156 312 163
1357 4156 438 163
1798 4156 1144 163
242 4201 39 98
377 4207 37 23
379 4231 35 64
