12 351 2880 216
12 578 1434 67
1457 578 1435 67
12 647 44 71
58 647 190 71
251 647 133 71
387 647 65 71
455 647 49 71
506 647 66 71
574 647 66 71
642 647 117 71
761 647 156 71
920 647 526 71
1457 647 44 71
1504 647 190 71
1697 647 133 71
1833 647 65 71
1901 647 48 71
1952 647 65 71
2020 647 65 71
2088 647 116 71
2207 647 156 71
2366 647 526 71
12 721 44 466
58 721 190 466
251 721 133 466
387 721 65 466
455 721 49 466
506 721 66 466
574 721 66 466
642 721 117 466
761 721 156 466
920 721 526 466
1457 721 44 466
1504 721 190 466
1697 721 133 466
1833 721 65 466
1901 721 48 466
1952 721 65 466
2020 721 65 466
2088 721 116 466
2207 721 156 466
2366 721 526 466
12 1190 1434 71
1457 1190 1435 71
12 1263 44 71
58 1263 190 71
251 1263 133 71
387 1263 65 71
455 1263 49 71
506 1263 66 71
574 1263 66 71
642 1263 117 71
761 1263 156 71
920 1263 526 71
1457 1264 44 70
1504 1264 190 70
1697 1264 133 70
1833 1264 65 70
1901 1264 48 70
1952 1264 65 70
2020 1264 65 70
2088 1264 116 70
2207 1264 156 70
2366 1264 526 70
12 1337 44 466
58 1337 190 466
251 1337 133 466
387 1337 65 466
455 1337 49 466
506 1337 66 466
574 1337 66 466
642 1337 117 466
761 1337 156 466
920 1337 526 466
1457 1337 44 466
1504 1337 190 466
1697 1337 133 466
1833 1337 65 466
1901 1337 48 466
1952 1337 65 466
2020 1337 65 466
2088 1337 116 466
2207 1337 156 466
2366 1337 526 466
12 1806 1434 71
1457 1806 44 466
1504 1806 190 466
1697 1806 133 466
1833 1806 65 466
1901 1806 48 466
1952 1806 65 466
2020 1806 65 466
2088 1806 116 466
2207 1806 156 466
2366 1806 526 466
12 1880 44 70
58 1880 190 70
251 1880 133 70
387 1880 65 70
455 1880 49 70
506 1880 66 70
574 1880 66 70
642 1880 117 70
761 1880 156 70
920 1880 526 70
12 1953 44 466
58 1953 190 466
251 1953 133 466
387 1953 65 466
455 1953 49 466
506 1953 66 466
574 1953 66 466
642 1953 117 466
761 1953 156 466
920 1953 526 466
1457 2275 1435 70
1457 2348 44 71
1504 2348 190 71
1697 2348 133 71
1833 2348 65 71
1901 2348 48 71
1952 2348 65 71
2020 2348 65 71
2088 2348 116 71
2207 2348 156 71
2366 2348 526 71
12 2422 44 466
58 2422 190 466
251 2422 133 466
387 2422 65 466
455 2422 49 466
506 2422 66 466
574 2422 66 466
642 2422 117 466
761 2422 156 466
920 2422 526 466
1457 2422 44 466
1504 2422 190 466
1697 2422 133 466
1833 2422 65 466
1901 2422 48 466
1952 2422 65 466
2020 2422 65 466
2088 2422 116 466
2207 2422 156 466
2366 2422 526 466
12 2891 1434 70
1457 2891 1435 71
12 2964 44 71
58 2964 190 71
251 2964 133 71
387 2964 65 71
455 2964 49 71
506 2964 66 71
574 2964 66 71
642 2964 117 71
761 2964 156 71
920 2964 526 71
1457 2964 44 71
1504 2964 190 71
1697 2964 133 71
1833 2964 65 71
1901 2964 48 71
1952 2964 65 71
2020 2964 65 71
2088 2964 116 71
2207 2964 156 71
2366 2964 526 71
12 3038 44 466
58 3038 190 466
251 3038 133 466
387 3038 65 466
455 3038 49 466
506 3038 66 466
574 3038 66 466
642 3038 117 466
761 3038 156 466
920 3038 526 466
1457 3038 44 466
1504 3038 190 466
1697 3038 133 466
1833 3038 65 466
1901 3038 48 466
1952 3038 65 466
2020 3038 65 466
2088 3038 116 466
2207 3038 156 466
2366 3038 526 466
12 3507 44 461
58 3507 190 461
251 3507 133 461
387 3507 65 461
455 3507 49 461
506 3507 66 461
574 3507 66 461
642 3507 117 461
761 3507 156 461
920 3507 526 461
1457 3507 44 461
1504 3507 190 461
1697 3507 133 461
1833 3507 65 461
1901 3507 48 461
1952 3507 65 461
2020 3507 65 461
2088 3507 116 461
2207 3507 156 461
2366 3507 526 461
