57 181 2880 2119
57 2303 2880 95
1010 2398 973 1843
57 2401 48 46
107 2401 49 46
158 2401 265 46
425 2401 259 46
685 2401 72 46
759 2401 248 46
1986 2401 50 46
2037 2401 50 46
2088 2401 265 46
2355 2401 259 46
2616 2401 72 46
2689 2401 248 46
57 2449 48 1760
107 2449 49 46
158 2449 265 46
425 2449 259 46
685 2449 72 46
759 2449 248 46
1986 2449 50 1760
2037 2449 50 46
2088 2449 265 46
2355 2449 259 46
2616 2449 72 46
2689 2449 248 46
107 2496 49 46
158 2496 265 46
425 2496 259 46
685 2496 72 46
759 2496 248 46
2037 2496 50 46
2088 2496 265 46
2355 2496 259 46
2616 2496 72 46
2689 2496 248 46
107 2544 49 46
158 2544 265 46
425 2544 259 46
685 2544 72 46
759 2544 248 46
2037 2544 50 46
2088 2544 265 46
2355 2544 259 46
2616 2544 72 46
2689 2544 248 46
107 2592 49 46
158 2592 265 46
425 2592 259 46
685 2592 72 46
759 2592 248 46
2037 2592 50 46
2088 2592 265 46
2355 2592 259 46
2616 2592 72 46
2689 2592 248 46
107 2639 49 46
158 2639 265 46
425 2639 259 46
685 2639 72 46
759 2639 248 46
2037 2639 50 46
2088 2639 265 46
2355 2639 259 46
2616 2639 72 46
2689 2639 248 46
107 2687 49 46
158 2687 265 46
425 2687 259 46
685 2687 72 46
759 2687 248 46
2037 2687 50 46
2088 2687 265 46
2355 2687 259 46
2616 2687 72 46
2689 2687 248 46
107 2735 49 45
158 2735 265 45
425 2735 259 45
685 2735 72 45
759 2735 248 45
2037 2735 50 45
2088 2735 265 45
2355 2735 259 45
2616 2735 72 45
2689 2735 248 45
107 2782 49 46
158 2782 265 46
425 2782 259 46
685 2782 72 46
759 2782 248 46
2037 2782 50 46
2088 2782 265 46
2355 2782 259 46
2616 2782 72 46
2689 2782 248 46
107 2830 49 46
158 2830 265 46
425 2830 259 46
685 2830 72 46
759 2830 248 46
2037 2830 50 46
2088 2830 265 46
2355 2830 259 46
2616 2830 72 46
2689 2830 248 46
107 2877 49 46
158 2877 265 46
425 2877 259 46
685 2877 72 46
759 2877 248 46
2037 2877 50 46
2088 2877 265 46
2355 2877 259 46
2616 2877 72 46
2689 2877 248 46
107 2925 49 46
158 2925 265 46
425 2925 259 46
685 2925 72 46
759 2925 248 46
2037 2925 50 46
2088 2925 265 46
2355 2925 259 46
2616 2925 72 46
2689 2925 248 46
107 2973 49 46
158 2973 265 46
425 2973 259 46
685 2973 72 46
759 2973 248 46
2037 2973 50 46
2088 2973 265 46
2355 2973 259 46
2616 2973 72 46
2689 2973 248 46
107 3020 49 46
158 3020 265 46
425 3020 259 46
685 3020 72 46
759 3020 248 46
2037 3020 50 46
2088 3020 265 46
2355 3020 259 46
2616 3020 72 46
2689 3020 248 46
107 3068 49 46
158 3068 265 46
425 3068 259 46
685 3068 72 46
759 3068 248 46
2037 3068 50 46
2088 3068 265 46
2355 3068 259 46
2616 3068 72 46
2689 3068 248 46
107 3116 49 45
158 3116 265 45
425 3116 259 45
685 3116 72 45
759 3116 248 45
2037 3116 50 45
2088 3116 265 45
2355 3116 259 45
2616 3116 72 45
2689 3116 248 45
107 3163 49 46
158 3163 265 46
425 3163 259 46
685 3163 72 46
759 3163 248 46
2037 3163 50 46
2088 3163 265 46
2355 3163 259 46
2616 3163 72 46
2689 3163 248 46
107 3211 49 46
158 3211 265 46
425 3211 259 46
685 3211 72 46
759 3211 248 46
2037 3211 50 46
2088 3211 265 46
2355 3211 259 46
2616 3211 72 46
2689 3211 248 46
107 3258 49 46
158 3258 265 46
425 3258 259 46
685 3258 72 46
759 3258 248 46
2037 3258 50 46
2088 3258 265 46
2355 3258 259 46
2616 3258 72 46
2689 3258 248 46
107 3306 49 46
158 3306 265 46
425 3306 259 46
685 3306 72 46
759 3306 248 46
2037 3306 50 46
2088 3306 265 46
2355 3306 259 46
2616 3306 72 46
2689 3306 248 46
107 3354 49 46
158 3354 265 46
425 3354 259 46
685 3354 72 46
759 3354 248 46
2037 3354 50 46
2088 3354 265 46
2355 3354 259 46
2616 3354 72 46
2689 3354 248 46
107 3401 49 46
158 3401 265 46
425 3401 259 46
685 3401 72 46
759 3401 248 46
2037 3401 50 46
2088 3401 265 46
2355 3401 259 46
2616 3401 72 46
2689 3401 248 46
107 3449 49 46
158 3449 265 46
425 3449 259 46
685 3449 72 46
759 3449 248 46
2037 3449 50 46
2088 3449 265 46
2355 3449 259 46
2616 3449 72 46
2689 3449 248 46
107 3497 49 45
158 3497 265 45
425 3497 259 45
685 3497 72 45
759 3497 248 45
2037 3497 50 45
2088 3497 265 45
2355 3497 259 45
2616 3497 72 45
2689 3497 248 45
107 3544 49 46
158 3544 265 46
425 3544 259 46
685 3544 72 46
759 3544 248 46
2037 3544 50 46
2088 3544 265 46
2355 3544 259 46
2616 3544 72 46
2689 3544 248 46
107 3592 49 46
158 3592 265 46
425 3592 259 46
685 3592 72 46
759 3592 248 46
2037 3592 50 46
2088 3592 265 46
2355 3592 259 46
2616 3592 72 46
2689 3592 248 46
107 3639 49 46
158 3639 265 46
425 3639 259 46
685 3639 72 46
759 3639 248 46
2037 3639 50 46
2088 3639 265 46
2355 3639 259 46
2616 3639 72 46
2689 3639 248 46
107 3687 49 46
158 3687 265 46
425 3687 259 46
685 3687 72 46
759 3687 248 46
2037 3687 50 46
2088 3687 265 46
2355 3687 259 46
2616 3687 72 46
2689 3687 248 46
107 3735 49 46
158 3735 265 46
425 3735 259 46
685 3735 72 46
759 3735 248 46
2037 3735 50 46
2088 3735 265 46
2355 3735 259 46
2616 3735 72 46
2689 3735 248 46
107 3782 49 46
158 3782 265 46
425 3782 259 46
685 3782 72 46
759 3782 248 46
2037 3782 50 46
2088 3782 265 46
2355 3782 259 46
2616 3782 72 46
2689 3782 248 46
107 3830 49 46
158 3830 265 46
425 3830 259 46
685 3830 72 46
759 3830 248 46
2037 3830 50 46
2088 3830 265 46
2355 3830 259 46
2616 3830 72 46
2689 3830 248 46
107 3878 49 45
158 3878 265 45
425 3878 259 45
685 3878 72 45
759 3878 248 45
2037 3878 50 45
2088 3878 265 45
2355 3878 259 45
2616 3878 72 45
2689 3878 248 45
107 3925 49 46
158 3925 265 46
425 3925 259 46
685 3925 72 46
759 3925 248 46
2037 3925 50 46
2088 3925 265 46
2355 3925 259 46
2616 3925 72 46
2689 3925 248 46
107 3973 49 46
158 3973 265 46
425 3973 259 46
685 3973 72 46
759 3973 248 46
2037 3973 50 46
2088 3973 265 46
2355 3973 259 46
2616 3973 72 46
2689 3973 248 46
107 4020 49 46
158 4020 265 46
425 4020 259 46
685 4020 72 46
759 4020 248 46
2037 4020 50 46
2088 4020 265 46
2355 4020 259 46
2616 4020 72 46
2689 4020 248 46
107 4068 49 46
158 4068 265 46
425 4068 259 46
685 4068 72 46
759 4068 248 46
2037 4068 50 46
2088 4068 265 46
2355 4068 259 46
2616 4068 72 46
2689 4068 248 46
107 4116 49 46
158 4116 265 46
425 4116 259 46
685 4116 72 46
759 4116 248 46
2037 4116 50 46
2088 4116 265 46
2355 4116 259 46
2616 4116 72 46
2689 4116 248 46
107 4163 49 46
158 4163 265 46
425 4163 259 46
685 4163 72 46
759 4163 248 46
2037 4163 50 46
2088 4163 265 46
2355 4163 259 46
2616 4163 72 46
2689 4163 248 46
57 4213 953 28
1983 4213 954 28
