112 233 2840 250
112 486 2840 265
112 754 2840 67
112 825 90 159
429 825 245 159
676 825 110 159
788 825 71 159
860 825 116 159
978 825 161 159
1141 825 352 159
1495 825 463 159
1960 825 992 159
112 986 90 159
204 986 223 159
429 986 245 159
676 986 110 159
788 986 71 159
860 986 116 159
978 986 161 159
1141 986 352 159
1495 986 463 159
1960 986 992 159
112 1147 2840 63
112 1213 90 160
204 1213 223 160
429 1213 245 160
676 1213 110 160
788 1213 71 160
860 1213 116 160
978 1213 161 160
1141 1213 352 160
1495 1213 463 160
1960 1213 992 160
112 1374 90 159
204 1374 223 159
429 1374 245 159
676 1374 110 159
788 1374 71 159
860 1374 116 159
978 1374 161 159
1141 1374 352 159
1495 1374 463 159
1960 1374 992 159
112 1536 2840 62
112 1602 90 159
429 1602 245 159
676 1602 110 159
788 1602 71 159
860 1602 116 159
978 1602 161 159
1141 1602 352 159
1495 1602 463 159
1960 1602 992 159
363 1669 64 21
112 1763 90 159
429 1763 245 159
676 1763 110 159
788 1763 71 159
860 1763 116 159
978 1763 161 159
1141 1763 352 159
1495 1763 463 159
1960 1763 992 159
204 1895 31 27
393 1896 34 26
112 1924 90 157
429 1924 245 157
676 1924 110 157
788 1924 71 157
860 1924 116 157
978 1924 161 157
1141 1924 352 157
1495 1924 463 157
1960 1924 992 157
112 2085 2840 69
112 2158 90 165
204 2158 223 165
429 2158 245 165
676 2158 110 165
788 2158 71 165
860 2158 116 165
978 2158 161 165
1141 2158 352 165
1495 2158 463 165
1960 2158 992 165
112 2324 90 165
204 2324 223 165
429 2324 245 165
676 2324 110 165
788 2324 71 165
860 2324 116 165
978 2324 161 165
1141 2324 352 165
1495 2324 463 165
1960 2324 992 165
112 2492 2840 74
112 2569 90 165
204 2569 223 165
429 2569 245 165
676 2569 110 165
788 2569 71 165
860 2569 116 165
978 2569 161 165
1141 2569 352 165
1495 2569 463 165
1960 2569 992 165
112 2736 90 164
429 2736 245 164
676 2736 110 164
788 2736 71 164
860 2736 116 164
978 2736 161 164
1141 2736 352 164
1495 2736 463 164
1960 2736 992 164
112 2903 2840 74
112 2980 90 164
429 2980 245 164
676 2980 110 164
788 2980 71 164
860 2980 116 164
978 2980 161 164
1141 2980 352 164
1495 2980 463 164
1960 2980 992 164
204 3013 65 26
112 3148 2840 71
112 3223 90 165
204 3223 223 165
429 3223 245 165
676 3223 110 165
788 3223 71 165
860 3223 116 165
978 3223 161 165
1141 3223 352 165
1495 3223 463 165
1960 3223 992 165
112 3389 90 161
204 3389 223 161
429 3389 245 161
676 3389 110 161
788 3389 71 161
860 3389 116 161
978 3389 161 161
1141 3389 352 161
1495 3389 463 161
1960 3389 992 161
