12 351 2880 216
12 578 1434 67
1457 578 1435 67
12 647 44 71
58 647 190 71
251 647 133 71
387 647 65 71
455 647 49 71
506 647 66 71
574 647 66 71
642 647 117 71
761 647 156 71
920 647 526 71
1457 647 44 71
1504 647 190 71
1697 647 133 71
1833 647 65 71
1901 647 48 71
1952 647 65 71
2020 647 65 71
2088 647 116 71
2207 647 156 71
2366 647 526 71
12 721 44 399
58 721 190 399
251 721 133 399
387 721 65 399
455 721 49 399
506 721 66 399
574 721 66 399
642 721 117 399
761 721 156 399
920 721 526 399
1457 721 44 399
1504 721 190 399
1697 721 133 399
1833 721 65 399
1901 721 48 399
1952 721 65 399
2020 721 65 399
2088 721 116 399
2207 721 156 399
2366 721 526 399
12 1123 1434 70
1457 1123 44 398
1504 1123 190 398
1697 1123 133 398
1833 1123 65 398
1901 1123 48 398
1952 1123 65 398
2020 1123 65 398
2088 1123 116 398
2207 1123 156 398
2366 1123 526 398
12 1196 44 71
58 1196 190 71
251 1196 133 71
387 1196 65 71
455 1196 49 71
506 1196 66 71
574 1196 66 71
642 1196 117 71
761 1196 156 71
920 1196 526 71
12 1270 44 399
58 1270 190 399
251 1270 133 399
387 1270 65 399
455 1270 49 399
506 1270 66 399
574 1270 66 399
642 1270 117 399
761 1270 156 399
920 1270 526 399
1457 1524 1435 71
1457 1598 44 71
1504 1598 190 71
1697 1598 133 71
1833 1598 65 71
1901 1598 48 71
1952 1598 65 71
2020 1598 65 71
2088 1598 116 71
2207 1598 156 71
2366 1598 526 71
12 1671 1434 71
1457 1671 44 399
1504 1671 190 399
1697 1671 133 399
1833 1671 65 399
1901 1671 48 399
1952 1671 65 399
2020 1671 65 399
2088 1671 116 399
2207 1671 156 399
2366 1671 526 399
12 1745 44 71
58 1745 190 71
251 1745 133 71
387 1745 65 71
455 1745 49 71
506 1745 66 71
574 1745 66 71
642 1745 117 71
761 1745 156 71
920 1745 526 71
12 1819 44 398
58 1819 190 398
251 1819 133 398
387 1819 65 398
455 1819 49 398
506 1819 66 398
574 1819 66 398
642 1819 117 398
761 1819 156 398
920 1819 526 398
1457 2073 44 398
1504 2073 190 398
1697 2073 133 398
1833 2073 65 398
1901 2073 48 398
1952 2073 65 398
2020 2073 65 398
2088 2073 116 398
2207 2073 156 398
2366 2073 526 398
12 2220 1434 71
12 2294 44 71
58 2294 190 71
251 2294 133 71
387 2294 65 71
455 2294 49 71
506 2294 66 71
574 2294 66 71
642 2294 117 71
761 2294 156 71
920 2294 526 71
12 2368 44 398
58 2368 190 398
251 2368 133 398
387 2368 65 398
455 2368 49 398
506 2368 66 398
574 2368 66 398
642 2368 117 398
761 2368 156 398
920 2368 526 398
1457 2474 1435 71
1457 2548 44 71
1504 2548 190 71
1697 2548 133 71
1833 2548 65 71
1901 2548 48 71
1952 2548 65 71
2020 2548 65 71
2088 2548 116 71
2207 2548 156 71
2366 2548 526 71
1457 2622 44 398
1504 2622 190 398
1697 2622 133 398
1833 2622 65 398
1901 2622 48 398
1952 2622 65 398
2020 2622 65 398
2088 2622 116 398
2207 2622 156 398
2366 2622 526 398
12 2769 44 398
58 2769 190 398
251 2769 133 398
387 2769 65 398
455 2769 49 398
506 2769 66 398
574 2769 66 398
642 2769 117 398
761 2769 156 398
920 2769 526 398
1457 3023 1435 71
1457 3097 44 70
1504 3097 190 70
1697 3097 133 70
1833 3097 65 70
1901 3097 48 70
1952 3097 65 70
2020 3097 65 70
2088 3097 116 70
2207 3097 156 70
2366 3097 526 70
12 3170 44 399
58 3170 190 399
251 3170 133 399
387 3170 65 399
455 3170 49 399
506 3170 66 399
574 3170 66 399
642 3170 117 399
761 3170 156 399
920 3170 526 399
1457 3170 44 399
1504 3170 190 399
1697 3170 133 399
1833 3170 65 399
1901 3170 48 399
1952 3170 65 399
2020 3170 65 399
2088 3170 116 399
2207 3170 156 399
2366 3170 526 399
12 3572 44 396
58 3572 190 396
251 3572 133 396
387 3572 65 396
455 3572 49 396
506 3572 66 396
574 3572 66 396
642 3572 117 396
761 3572 156 396
920 3572 526 396
1457 3572 44 396
1504 3572 190 396
1697 3572 133 396
1833 3572 65 396
1901 3572 48 396
1952 3572 65 396
2020 3572 65 396
2088 3572 116 396
2207 3572 156 396
2366 3572 526 396
