70 224 2081 162
70 389 2081 143
70 536 71 42
145 536 183 42
331 536 184 42
519 536 128 42
650 536 58 42
710 536 101 42
814 536 131 42
947 536 167 42
1116 536 393 42
1512 536 639 42
70 581 71 255
331 581 184 105
519 581 128 255
650 581 58 255
710 581 101 255
814 581 131 255
947 581 167 255
1116 581 393 255
1512 581 639 255
145 678 21 99
331 712 141 124
70 839 71 255
145 839 183 252
331 839 184 255
519 839 128 255
650 839 58 255
710 839 101 255
814 839 131 255
947 839 167 255
1116 839 393 255
1512 839 639 255
70 1097 2081 1928
