12 351 2880 216
12 578 1434 67
1457 578 1435 67
12 647 44 71
58 647 190 71
251 647 133 71
387 647 65 71
455 647 49 71
506 647 66 71
574 647 66 71
642 647 117 71
761 647 156 71
920 647 526 71
1457 647 44 71
1504 647 190 71
1697 647 133 71
1833 647 65 71
1901 647 48 71
1952 647 65 71
2020 647 65 71
2088 647 116 71
2207 647 156 71
2366 647 526 71
12 721 44 491
58 721 190 491
251 721 133 491
387 721 65 491
455 721 49 491
506 721 66 491
574 721 66 491
642 721 117 491
761 721 156 491
920 721 526 491
1457 721 44 491
1504 721 190 491
1697 721 133 491
1833 721 65 491
1901 721 48 491
1952 721 65 491
2020 721 65 491
2088 721 116 491
2207 721 156 491
2366 721 526 491
12 1214 44 491
58 1214 190 491
251 1214 133 491
387 1214 65 491
455 1214 49 491
506 1214 66 491
574 1214 66 491
642 1214 117 491
761 1214 156 491
920 1214 526 491
1457 1214 1435 71
1457 1288 44 71
1504 1288 190 71
1697 1288 133 71
1833 1288 65 71
1901 1288 48 71
1952 1288 65 71
2020 1288 65 71
2088 1288 116 71
2207 1288 156 71
2366 1288 526 71
1457 1362 44 490
1504 1362 190 490
1697 1362 133 490
1833 1362 65 490
1901 1362 48 490
1952 1362 65 490
2020 1362 65 490
2088 1362 116 490
2207 1362 156 490
2366 1362 526 490
12 1708 1434 70
12 1781 44 71
58 1781 190 71
251 1781 133 71
387 1781 65 71
455 1781 49 71
506 1781 66 71
574 1781 66 71
642 1781 117 71
761 1781 156 71
920 1781 526 71
12 1855 44 490
58 1855 190 490
251 1855 133 490
387 1855 65 490
455 1855 49 490
506 1855 66 490
574 1855 66 490
642 1855 117 490
761 1855 156 490
920 1855 526 490
1457 1855 1435 71
1457 1929 44 71
1504 1929 190 71
1697 1929 133 71
1833 1929 65 71
1901 1929 48 71
1952 1929 65 71
2020 1929 65 71
2088 1929 116 71
2207 1929 156 71
2366 1929 526 71
1457 2002 44 491
1504 2002 190 491
1697 2002 133 491
1833 2002 65 491
1901 2002 48 491
1952 2002 65 491
2020 2002 65 491
2088 2002 116 491
2207 2002 156 491
2366 2002 526 491
12 2348 44 491
58 2348 190 491
251 2348 133 491
387 2348 65 491
455 2348 49 491
506 2348 66 491
574 2348 66 491
642 2348 117 491
761 2348 156 491
920 2348 526 491
1457 2496 1435 71
1457 2569 44 71
1504 2569 190 71
1697 2569 133 71
1833 2569 65 71
1901 2569 48 71
1952 2569 65 71
2020 2569 65 71
2088 2569 116 71
2207 2569 156 71
2366 2569 526 71
1457 2643 44 490
1504 2643 190 490
1697 2643 133 490
1833 2643 65 490
1901 2643 48 490
1952 2643 65 490
2020 2643 65 490
2088 2643 116 490
2207 2643 156 490
2366 2643 526 490
12 2841 1434 71
12 2915 44 71
58 2915 190 71
251 2915 133 71
387 2915 65 71
455 2915 49 71
506 2915 66 71
574 2915 66 71
642 2915 117 71
761 2915 156 71
920 2915 526 71
12 2989 44 490
58 2989 190 490
251 2989 133 490
387 2989 65 490
455 2989 49 490
506 2989 66 490
574 2989 66 490
642 2989 117 490
761 2989 156 490
920 2989 526 490
1457 3136 1435 71
1457 3210 44 71
1504 3210 190 71
1697 3210 133 71
1833 3210 65 71
1901 3210 48 71
1952 3210 65 71
2020 3210 65 71
2088 3210 116 71
2207 3210 156 71
2366 3210 526 71
1457 3284 44 490
1504 3284 190 490
1697 3284 133 490
1833 3284 65 490
1901 3284 48 490
1952 3284 65 490
2020 3284 65 490
2088 3284 116 490
2207 3284 156 490
2366 3284 526 490
12 3482 44 486
58 3482 190 486
251 3482 133 486
387 3482 65 486
455 3482 49 486
506 3482 66 486
574 3482 66 486
642 3482 117 486
761 3482 156 486
920 3482 526 486
1457 3777 1435 191
