17 17 2829 277
17 300 2829 278
17 583 2829 128
17 717 81 99
100 717 253 99
355 717 213 99
570 717 101 99
672 717 78 99
752 717 100 99
854 717 196 99
1052 717 327 99
1381 717 327 99
1710 717 1136 99
17 822 81 222
100 822 253 222
355 822 213 222
570 822 101 222
672 822 78 222
752 822 100 222
854 822 196 222
1052 822 327 222
1381 822 327 222
1710 822 1136 222
17 1050 81 223
355 1050 213 223
570 1050 101 223
672 1050 78 223
752 1050 100 223
854 1050 196 223
1052 1050 327 223
1381 1050 327 223
1710 1050 1136 223
311 1191 42 38
100 1211 41 62
312 1229 41 44
17 1279 81 222
355 1279 213 222
570 1279 101 222
672 1279 78 222
752 1279 100 222
854 1279 196 222
1052 1279 327 222
1381 1279 327 222
1710 1279 1136 222
100 1450 39 51
315 1452 38 23
17 1507 81 223
355 1507 213 223
570 1507 101 223
672 1507 78 223
752 1507 100 223
854 1507 196 223
1052 1507 327 223
1381 1507 327 223
1710 1507 1136 223
100 1554 69 31
281 1559 72 23
315 1670 38 60
100 1671 38 59
17 1735 81 223
355 1735 213 223
570 1735 101 223
672 1735 78 223
752 1735 100 223
854 1735 196 223
1052 1735 327 223
1381 1735 327 223
1710 1735 1136 223
320 1921 33 37
100 1922 33 36
17 1964 81 223
100 1964 253 117
355 1964 213 223
570 1964 101 223
672 1964 78 223
752 1964 100 223
854 1964 196 223
1052 1964 327 223
1381 1964 327 223
1710 1964 1136 223
100 2118 40 69
317 2122 36 65
17 2192 81 223
100 2192 253 223
355 2192 213 223
570 2192 101 223
672 2192 78 223
752 2192 100 223
854 2192 196 223
1052 2192 327 223
1381 2192 327 223
1710 2192 1136 223
17 2421 81 223
355 2421 213 223
570 2421 101 223
672 2421 78 223
752 2421 100 223
854 2421 196 223
1052 2421 327 223
1381 2421 327 223
1710 2421 1136 223
100 2493 70 22
316 2618 37 26
17 2649 81 223
355 2649 213 223
570 2649 101 223
672 2649 78 223
752 2649 100 223
854 2649 196 223
1052 2649 327 223
1381 2649 327 223
1710 2649 1136 223
315 2809 38 63
17 2878 81 223
355 2878 213 223
570 2878 101 223
672 2878 78 223
752 2878 100 223
854 2878 196 223
1052 2878 327 223
1381 2878 327 223
1710 2878 1136 223
100 2989 59 22
17 3106 81 223
355 3106 213 223
570 3106 101 223
672 3106 78 223
752 3106 100 223
854 3106 196 223
1052 3106 327 223
1381 3106 327 223
1710 3106 1136 223
100 3253 42 76
312 3255 41 74
17 3335 81 223
100 3335 253 223
355 3335 213 223
570 3335 101 223
672 3335 78 223
752 3335 100 223
854 3335 196 223
1052 3335 327 223
1381 3335 327 223
1710 3335 1136 223
17 3563 2829 643
