70 224 2081 190
70 417 2081 198
70 620 72 42
145 620 184 42
332 620 167 42
502 620 128 42
633 620 58 42
694 620 100 42
797 620 131 42
931 620 166 42
1100 620 392 42
1495 620 656 42
70 665 72 474
145 665 184 117
332 665 167 474
502 665 128 474
633 665 58 474
694 665 100 474
797 665 131 474
931 665 166 474
1100 665 392 474
1495 665 656 474
145 1028 184 111
70 1142 72 475
145 1142 184 475
332 1142 167 475
502 1142 128 475
633 1142 58 475
694 1142 100 475
797 1142 131 475
931 1142 166 475
1100 1142 392 475
1495 1142 656 475
70 1619 2081 1406
