12 323 2880 170
12 505 1434 66
1457 505 1435 66
12 574 44 71
58 574 190 71
251 574 133 71
387 574 65 71
455 574 32 71
489 574 66 71
557 574 66 71
625 574 66 71
693 574 156 71
852 574 594 71
1457 574 44 71
1504 574 190 71
1697 574 133 71
1833 574 65 71
1901 574 31 71
1935 574 65 71
2003 574 65 71
2071 574 65 71
2139 574 156 71
2298 574 594 71
12 648 44 424
58 648 190 424
251 648 133 424
387 648 65 424
455 648 32 424
489 648 66 424
557 648 66 424
625 648 66 424
693 648 156 424
852 648 594 424
1457 648 44 424
1504 648 190 424
1697 648 133 424
1833 648 65 424
1901 648 31 424
1935 648 65 424
2003 648 65 424
2071 648 65 424
2139 648 156 424
2298 648 594 424
12 1075 1434 70
1457 1075 44 424
1504 1075 190 424
1697 1075 133 424
1833 1075 65 424
1901 1075 31 424
1935 1075 65 424
2003 1075 65 424
2071 1075 65 424
2139 1075 156 424
2298 1075 594 424
12 1148 44 71
58 1148 190 71
251 1148 133 71
387 1148 65 71
455 1148 32 71
489 1148 66 71
557 1148 66 71
625 1148 66 71
693 1148 156 71
852 1148 594 71
12 1222 44 424
58 1222 190 424
251 1222 133 424
387 1222 65 424
455 1222 32 424
489 1222 66 424
557 1222 66 424
625 1222 66 424
693 1222 156 424
852 1222 594 424
1457 1501 1435 71
1457 1575 44 71
1504 1575 190 71
1697 1575 133 71
1833 1575 65 71
1901 1575 31 71
1935 1575 65 71
2003 1575 65 71
2071 1575 65 71
2139 1575 156 71
2298 1575 594 71
12 1649 1434 71
1457 1649 44 424
1504 1649 190 424
1697 1649 133 424
1833 1649 65 424
1901 1649 31 424
1935 1649 65 424
2003 1649 65 424
2071 1649 65 424
2139 1649 156 424
2298 1649 594 424
12 1722 44 71
58 1722 190 71
251 1722 133 71
387 1722 65 71
455 1722 32 71
489 1722 66 71
557 1722 66 71
625 1722 66 71
693 1722 156 71
852 1722 594 71
12 1796 44 424
58 1796 190 424
251 1796 133 424
387 1796 65 424
455 1796 32 424
489 1796 66 424
557 1796 66 424
625 1796 66 424
693 1796 156 424
852 1796 594 424
1457 2076 44 424
1504 2076 190 424
1697 2076 133 424
1833 2076 65 424
1901 2076 31 424
1935 2076 65 424
2003 2076 65 424
2071 2076 65 424
2139 2076 156 424
2298 2076 594 424
12 2223 44 424
58 2223 190 424
251 2223 133 424
387 2223 65 424
455 2223 32 424
489 2223 66 424
557 2223 66 424
625 2223 66 424
693 2223 156 424
852 2223 594 424
1457 2502 1435 71
1457 2576 44 71
1504 2576 190 71
1697 2576 133 71
1833 2576 65 71
1901 2576 31 71
1935 2576 65 71
2003 2576 65 71
2071 2576 65 71
2139 2576 156 71
2298 2576 594 71
12 2650 44 424
58 2650 190 424
251 2650 133 424
387 2650 65 424
455 2650 32 424
489 2650 66 424
557 2650 66 424
625 2650 66 424
693 2650 156 424
852 2650 594 424
1457 2650 44 424
1504 2650 190 424
1697 2650 133 424
1833 2650 65 424
1901 2650 31 424
1935 2650 65 424
2003 2650 65 424
2071 2650 65 424
2139 2650 156 424
2298 2650 594 424
12 3077 1434 71
1457 3077 1435 71
12 3150 44 71
58 3150 190 71
251 3150 133 71
387 3150 65 71
455 3150 32 71
489 3150 66 71
557 3150 66 71
625 3150 66 71
693 3150 156 71
852 3150 594 71
1457 3150 44 71
1504 3150 190 71
1697 3150 133 71
1833 3150 65 71
1901 3150 31 71
1935 3150 65 71
2003 3150 65 71
2071 3150 65 71
2139 3150 156 71
2298 3150 594 71
12 3224 44 424
58 3224 190 424
251 3224 133 424
387 3224 65 424
455 3224 32 424
489 3224 66 424
557 3224 66 424
625 3224 66 424
693 3224 156 424
852 3224 594 424
1457 3224 44 424
1504 3224 190 424
1697 3224 133 424
1833 3224 65 424
1901 3224 31 424
1935 3224 65 424
2003 3224 65 424
2071 3224 65 424
2139 3224 156 424
2298 3224 594 424
12 3651 44 420
58 3651 190 420
251 3651 133 420
387 3651 65 420
455 3651 32 420
489 3651 66 420
557 3651 66 420
625 3651 66 420
693 3651 156 420
852 3651 594 420
1457 3651 44 420
1504 3651 190 420
1697 3651 133 420
1833 3651 65 420
1901 3651 31 420
1935 3651 65 420
2003 3651 65 420
2071 3651 65 420
2139 3651 156 420
2298 3651 594 420
