120 120 2866 336
120 459 2866 268
120 729 2866 125
120 856 140 59
262 856 82 58
346 856 191 58
539 856 230 58
771 856 96 58
870 856 71 58
943 856 132 58
1078 856 124 58
1204 856 199 58
1405 856 441 58
1848 856 1138 58
262 916 82 254
346 916 191 170
539 916 230 254
771 916 96 254
870 916 71 254
943 916 132 254
1078 916 124 254
1204 916 199 254
1405 916 441 254
1848 916 1138 254
120 917 140 253
120 1193 140 508
262 1193 82 253
346 1193 191 253
539 1193 230 253
771 1193 96 253
870 1193 71 253
943 1193 132 253
1078 1193 124 253
1204 1193 199 253
1405 1193 441 253
1848 1193 1138 253
262 1448 82 253
346 1448 191 179
539 1448 230 253
771 1448 96 253
870 1448 71 253
943 1448 132 253
1078 1448 124 253
1204 1448 199 253
1405 1448 441 253
1848 1448 1138 253
346 1655 191 41
120 1723 140 764
262 1723 82 254
539 1723 230 254
771 1723 96 254
870 1723 71 254
943 1723 132 254
1078 1723 124 254
1204 1723 199 254
1405 1723 441 254
1848 1723 1138 254
508 1771 29 24
262 1979 82 253
346 1979 191 253
539 1979 230 253
771 1979 96 253
870 1979 71 253
943 1979 132 253
1078 1979 124 253
1204 1979 199 253
1405 1979 441 253
1848 1979 1138 253
262 2234 82 253
539 2234 230 253
771 2234 96 253
870 2234 71 253
943 2234 132 253
1078 2234 124 253
1204 2234 199 253
1405 2234 441 253
1848 2234 1138 253
120 2510 140 252
262 2510 82 253
539 2510 230 253
771 2510 96 253
870 2510 71 253
943 2510 132 253
1078 2510 124 253
1204 2510 199 253
1405 2510 441 253
1848 2510 1138 253
120 2785 140 764
262 2785 82 253
539 2785 230 253
771 2785 96 253
870 2785 71 253
943 2785 132 253
1078 2785 124 253
1204 2785 199 253
1405 2785 441 253
1848 2785 1138 253
480 2936 57 28
262 3040 82 253
539 3040 230 253
771 3040 96 253
870 3040 71 253
943 3040 132 253
1078 3040 124 253
1204 3040 199 253
1405 3040 441 253
1848 3040 1138 253
262 3296 82 253
539 3296 230 253
771 3296 96 253
870 3296 71 253
943 3296 132 253
1078 3296 124 253
1204 3296 199 253
1405 3296 441 253
1848 3296 1138 253
120 3572 139 252
262 3572 82 253
539 3572 230 253
771 3572 96 253
869 3572 72 253
943 3572 131 253
1078 3572 124 253
1204 3572 199 253
1405 3572 441 253
1848 3572 1138 253
120 3848 140 505
262 3848 82 253
539 3848 230 253
771 3848 96 253
870 3848 71 253
943 3848 132 253
1078 3848 124 253
1204 3848 199 253
1405 3848 441 253
1848 3848 1138 253
262 4103 82 250
539 4103 230 250
771 4103 96 250
870 4103 71 250
943 4103 132 250
1078 4103 124 250
1204 4103 199 250
1405 4103 441 250
1848 4103 1138 250
