17 17 2829 277
17 300 2829 278
17 583 2829 100
17 688 81 100
100 688 253 100
355 688 213 100
570 688 101 100
672 688 78 100
752 688 100 100
854 688 196 100
1052 688 327 100
1381 688 327 100
1710 688 1136 100
17 793 81 193
100 793 253 100
355 793 213 193
570 793 101 193
672 793 78 193
752 793 100 193
854 793 196 193
1052 793 327 193
1381 793 327 193
1710 793 1136 193
304 921 49 65
100 930 50 56
17 992 2829 96
17 1094 81 96
100 1094 253 96
355 1094 213 96
570 1094 101 96
672 1094 78 96
752 1094 100 96
854 1094 196 96
1052 1094 327 96
1381 1094 327 96
1710 1094 1136 96
17 1196 81 193
100 1196 253 193
355 1196 213 193
570 1196 101 193
672 1196 78 193
752 1196 100 193
854 1196 196 193
1052 1196 327 193
1381 1196 327 193
1710 1196 1136 193
17 1394 81 193
355 1394 213 193
570 1394 101 193
672 1394 78 193
752 1394 100 193
854 1394 196 193
1052 1394 327 193
1381 1394 327 193
1710 1394 1136 193
100 1433 78 88
276 1436 77 84
304 1529 49 58
100 1530 54 57
17 1593 2829 96
17 1695 81 96
100 1695 253 96
355 1695 213 96
570 1695 101 96
672 1695 78 96
752 1695 100 96
854 1695 196 96
1052 1695 327 96
1381 1695 327 96
1710 1695 1136 96
17 1797 81 192
355 1797 213 192
570 1797 101 192
672 1797 78 192
752 1797 100 192
854 1797 196 192
1052 1797 327 192
1381 1797 327 192
1710 1797 1136 192
100 1845 79 70
271 1850 82 63
307 1926 46 63
100 1933 47 56
17 1995 81 193
355 1995 213 193
570 1995 101 193
672 1995 78 193
752 1995 100 193
854 1995 196 193
1052 1995 327 193
1381 1995 327 193
1710 1995 1136 193
273 2035 80 24
100 2048 85 140
274 2059 79 129
17 2194 81 192
100 2194 253 87
355 2194 213 192
570 2194 101 192
672 2194 78 192
752 2194 100 192
854 2194 196 192
1052 2194 327 192
1381 2194 327 192
1710 2194 1136 192
262 2282 91 26
100 2322 53 47
304 2326 49 60
17 2392 2829 96
17 2494 81 96
100 2494 253 96
355 2494 213 96
570 2494 101 96
672 2494 78 96
752 2494 100 96
854 2494 196 96
1052 2494 327 96
1381 2494 327 96
1710 2494 1136 96
17 2596 81 199
355 2596 213 199
570 2596 101 199
672 2596 78 199
752 2596 100 199
854 2596 196 199
1052 2596 327 199
1381 2596 327 199
1710 2596 1136 199
100 2639 84 24
270 2647 83 68
100 2663 83 55
304 2727 49 68
100 2741 49 54
17 2800 2829 97
17 2902 81 97
100 2902 253 97
355 2902 213 97
570 2902 101 97
672 2902 78 97
752 2902 100 97
854 2902 196 97
1052 2902 327 97
1381 2902 327 97
1710 2902 1136 97
17 3004 81 193
100 3004 253 117
355 3004 213 193
570 3004 101 193
672 3004 78 193
752 3004 100 193
854 3004 196 193
1052 3004 327 193
1381 3004 327 193
1710 3004 1136 193
100 3142 57 55
302 3158 51 39
17 3203 81 192
100 3203 2746 192
17 3401 81 193
355 3401 213 193
570 3401 101 193
672 3401 78 193
752 3401 100 193
854 3401 196 193
1052 3401 327 193
1381 3401 327 193
1710 3401 1136 193
289 3471 64 68
100 3483 78 54
100 3540 53 54
303 3540 50 54
17 3600 2829 96
17 3702 81 96
100 3702 253 96
355 3702 213 96
570 3702 101 96
672 3702 78 96
752 3702 100 96
854 3702 196 96
1052 3702 327 96
1381 3702 327 96
1710 3702 1136 96
17 3804 81 198
355 3804 213 198
570 3804 101 198
672 3804 78 198
752 3804 100 198
854 3804 196 198
1052 3804 327 198
1381 3804 327 198
1710 3804 1136 198
100 3850 73 101
281 3850 72 100
100 3961 48 41
308 3963 45 39
17 4008 81 198
355 4008 213 198
570 4008 101 198
672 4008 78 198
752 4008 100 198
854 4008 196 198
1052 4008 327 198
1381 4008 327 198
1710 4008 1136 198
270 4047 83 23
100 4056 86 139
271 4070 82 128
