93 121 2830 295
93 419 2830 240
93 661 2830 99
93 762 70 77
165 762 203 77
370 762 106 77
478 762 71 77
551 762 53 77
607 762 93 77
703 762 94 77
799 762 131 77
933 762 187 77
1123 762 375 77
1518 762 72 77
1592 762 202 77
1797 762 106 77
1905 762 71 77
1978 762 53 77
2033 762 94 77
2129 762 95 77
2226 762 131 77
2359 762 187 77
2549 762 374 77
93 841 70 281
370 841 106 281
478 841 71 281
551 841 53 281
607 841 93 281
703 841 94 281
799 841 131 281
933 841 187 281
1123 841 375 281
1518 841 72 281
1592 841 202 273
1797 841 106 281
1905 841 71 281
1978 841 53 281
2033 841 94 281
2129 841 95 281
2226 841 131 281
2359 841 187 281
2549 841 374 281
93 1124 70 281
165 1124 203 175
370 1124 106 281
478 1124 71 281
551 1124 53 281
607 1124 93 281
703 1124 94 281
799 1124 131 281
933 1124 187 281
1123 1124 375 281
1518 1124 72 281
1797 1124 106 281
1905 1124 71 281
1978 1124 53 281
2033 1124 94 281
2129 1124 95 281
2226 1124 131 281
2359 1124 187 281
2549 1124 374 281
1592 1190 38 27
1752 1197 42 22
1592 1223 25 97
1760 1224 34 92
208 1301 124 40
93 1407 70 280
370 1407 106 280
478 1407 71 280
551 1407 53 280
607 1407 93 280
703 1407 94 280
799 1407 131 280
933 1407 187 280
1123 1407 375 280
1518 1407 72 280
1592 1407 202 25
1797 1407 106 280
1905 1407 71 280
1978 1407 53 280
2033 1407 94 280
2129 1407 95 280
2226 1407 131 280
2359 1407 187 280
2549 1407 374 280
1592 1477 46 36
1752 1477 42 35
165 1478 26 45
1592 1519 38 92
1761 1519 33 98
165 1527 22 112
93 1689 70 281
165 1689 203 278
370 1689 106 281
478 1689 71 281
551 1689 53 281
607 1689 93 281
703 1689 94 281
799 1689 131 281
933 1689 187 281
1123 1689 375 281
1518 1689 72 281
1797 1689 106 281
1905 1689 71 281
1978 1689 53 281
2033 1689 94 281
2129 1689 95 281
2226 1689 131 281
2359 1689 187 281
2549 1689 374 281
1754 1744 40 51
1592 1748 52 46
1592 1794 51 73
1755 1795 39 65
93 1972 70 280
370 1972 106 280
478 1972 71 280
551 1972 53 280
607 1972 93 280
703 1972 94 280
799 1972 131 280
933 1972 187 280
1123 1972 375 280
1518 1972 72 280
1797 1972 106 280
1905 1972 71 280
1978 1972 53 280
2033 1972 94 280
2129 1972 95 280
2226 1972 131 280
2359 1972 187 280
2549 1972 374 280
341 2046 27 121
165 2056 38 102
93 2254 70 281
370 2254 106 281
478 2254 71 281
551 2254 53 281
607 2254 93 281
703 2254 94 281
799 2254 131 281
932 2254 189 281
1123 2254 375 281
1518 2254 72 281
1592 2254 202 222
1797 2254 106 281
1905 2254 71 281
1978 2254 53 281
2033 2254 94 281
2129 2254 95 281
2226 2254 131 281
2359 2254 187 281
2549 2254 374 281
331 2321 37 138
165 2322 35 139
1593 2496 181 39
93 2537 70 281
370 2537 106 281
478 2537 71 281
551 2537 53 281
607 2537 93 281
703 2537 94 281
799 2537 131 281
933 2537 187 281
1123 2537 375 281
1518 2537 72 281
1592 2537 202 31
1797 2537 106 281
1905 2537 71 281
1978 2537 53 281
2033 2537 94 281
2129 2537 95 281
2226 2537 131 281
2359 2537 187 281
2549 2537 374 281
1751 2599 43 21
345 2616 23 114
165 2620 38 105
1592 2629 38 86
1762 2629 32 82
93 2820 70 280
370 2820 106 280
478 2820 71 280
551 2820 53 280
607 2820 93 280
703 2820 94 280
799 2820 131 280
933 2820 187 280
1123 2820 375 280
1518 2820 72 280
1592 2820 202 280
1797 2820 106 280
1905 2820 71 280
1978 2820 53 280
2033 2820 94 280
2129 2820 95 280
2226 2820 131 280
2359 2820 187 280
2549 2820 374 280
326 2879 42 34
165 2882 46 32
332 2916 36 98
165 2926 39 89
93 3102 70 281
165 3102 203 206
370 3102 106 281
478 3102 71 281
551 3102 53 281
607 3102 93 281
703 3102 94 281
799 3102 131 281
933 3102 187 281
1123 3102 375 281
1516 3102 1407 1130
165 3308 158 50
169 3358 154 25
93 3385 70 281
165 3385 203 188
370 3385 106 281
478 3385 71 281
551 3385 53 281
607 3385 93 281
703 3385 94 281
799 3385 131 281
933 3385 187 281
1123 3385 375 281
189 3575 179 28
328 3604 40 62
93 3668 70 280
370 3668 106 280
478 3668 71 280
551 3668 53 280
607 3668 93 280
703 3668 94 280
799 3668 131 280
933 3668 187 280
1123 3668 375 280
324 3726 44 22
332 3752 36 86
165 3758 44 79
93 3950 70 281
370 3950 106 281
478 3950 71 281
551 3950 53 281
607 3950 93 281
703 3950 94 281
799 3950 131 281
933 3950 187 281
1123 3950 375 281
341 4019 27 137
165 4024 39 142
