108 131 2823 242
108 376 2823 171
108 553 89 81
200 553 82 81
285 553 252 81
540 553 111 81
654 553 110 81
767 553 82 81
852 553 111 81
965 553 111 81
1079 553 368 81
1450 553 423 81
1875 553 1056 81
108 637 89 586
200 637 82 293
285 637 252 293
540 637 111 293
654 637 110 293
767 637 82 293
852 637 111 293
965 637 111 293
1079 637 368 293
1450 637 423 293
1875 637 1056 293
200 933 82 290
285 933 252 290
540 933 111 290
654 933 110 290
767 933 82 290
852 933 111 290
965 933 111 290
1079 933 368 290
1450 933 423 290
1875 933 1056 290
108 1232 89 288
200 1232 82 288
285 1232 252 288
540 1232 111 288
654 1232 110 288
767 1232 82 288
852 1232 111 288
965 1232 111 288
1079 1232 368 288
1450 1232 423 288
1875 1232 1056 288
108 1528 89 288
200 1528 82 288
285 1528 252 288
540 1528 111 288
654 1528 110 288
767 1528 82 288
852 1528 111 288
965 1528 111 288
1079 1528 368 288
1450 1528 423 288
1875 1528 1056 288
108 1824 89 288
200 1824 82 288
285 1824 252 288
540 1824 111 288
654 1824 110 288
767 1824 82 288
852 1824 111 288
965 1824 111 288
1079 1824 368 288
1450 1824 423 288
1875 1824 1056 288
108 2121 89 584
200 2121 82 290
285 2121 252 290
540 2121 111 290
654 2121 110 290
767 2121 82 290
852 2121 111 290
965 2121 111 290
1079 2121 368 290
1450 2121 423 290
1875 2121 1056 290
200 2414 82 291
285 2414 252 291
540 2414 111 291
654 2414 110 291
767 2414 82 291
852 2414 111 291
965 2414 111 291
1079 2414 368 291
1450 2414 423 291
1875 2414 1056 291
108 2713 89 288
200 2713 82 288
285 2713 252 288
540 2713 111 288
654 2713 110 288
767 2713 82 288
852 2713 111 288
965 2713 111 288
1079 2713 368 288
1450 2713 423 288
1875 2713 1056 288
108 3009 89 288
200 3009 82 288
285 3009 252 288
540 3009 111 288
654 3009 110 288
767 3009 82 288
852 3009 111 288
965 3009 111 288
1079 3009 368 288
1450 3009 423 288
1875 3009 1056 288
108 3305 89 584
200 3305 82 291
285 3305 252 291
540 3305 111 291
654 3305 110 291
767 3305 82 291
852 3305 111 291
965 3305 111 291
1079 3305 368 291
1450 3305 423 291
1875 3305 1056 291
200 3599 82 290
285 3599 252 290
540 3599 111 290
654 3599 110 290
767 3599 82 290
852 3599 111 290
965 3599 111 290
1079 3599 368 290
1450 3599 423 290
1875 3599 1056 290
108 3898 89 286
200 3898 82 286
285 3898 252 286
540 3898 111 286
654 3898 110 286
767 3898 82 286
852 3898 111 286
965 3898 111 286
1079 3898 368 286
1450 3898 423 286
1875 3898 1056 286
