21 21 3265 344
21 368 3265 244
21 615 1626 66
1661 615 1625 66
24 685 53 81
80 685 243 81
326 685 168 81
497 685 54 81
554 685 53 81
611 685 80 81
695 685 75 81
774 685 142 81
919 685 203 81
1125 685 522 81
1661 685 55 81
1719 685 243 81
1965 685 167 81
2136 685 53 81
2193 685 53 81
2250 685 80 81
2333 685 76 81
2413 685 142 81
2558 685 203 81
2764 685 522 81
24 770 53 546
80 770 243 546
326 770 168 546
497 770 54 546
554 770 53 546
611 770 80 546
695 770 75 546
774 770 142 546
919 770 203 546
1125 770 522 546
1661 770 55 546
1719 770 243 546
1965 770 167 546
2136 770 53 546
2193 770 53 546
2250 770 80 546
2333 770 76 546
2413 770 142 546
2558 770 203 546
2764 770 522 546
24 1320 53 546
80 1320 243 546
326 1320 168 546
497 1320 54 546
554 1320 53 546
611 1320 80 546
695 1320 75 546
774 1320 142 546
919 1320 203 546
1125 1320 522 546
1661 1320 55 546
1719 1320 243 546
1965 1320 167 546
2136 1320 53 546
2193 1320 53 546
2250 1320 80 546
2333 1320 76 546
2413 1320 142 546
2558 1320 203 546
2764 1320 522 546
24 1869 53 547
80 1869 243 547
326 1869 168 547
497 1869 54 547
554 1869 53 547
611 1869 80 547
695 1869 75 547
774 1869 142 547
919 1869 203 547
1125 1869 522 547
1661 1869 55 547
1719 1869 243 547
1965 1869 167 547
2136 1869 53 547
2193 1869 53 547
2250 1869 80 547
2333 1869 76 547
2413 1869 142 547
2558 1869 203 547
2764 1869 522 547
24 2419 53 547
80 2419 243 547
326 2419 168 547
497 2419 54 547
554 2419 53 547
611 2419 80 547
695 2419 75 547
774 2419 142 547
919 2419 203 547
1125 2419 522 547
1661 2419 55 547
1719 2419 243 547
1965 2419 167 547
2136 2419 53 547
2193 2419 53 547
2250 2419 80 547
2333 2419 76 547
2413 2419 142 547
2558 2419 203 547
2764 2419 522 547
24 2969 53 547
80 2969 243 547
326 2969 168 547
497 2969 54 547
554 2969 53 547
611 2969 80 547
695 2969 75 547
774 2969 142 547
919 2969 203 547
1125 2969 522 547
1661 2969 1625 1646
24 3519 53 546
80 3519 243 546
326 3519 168 546
497 3519 54 546
554 3519 53 546
611 3519 80 546
695 3519 75 546
774 3519 142 546
919 3519 203 546
1125 3519 522 546
24 4069 53 546
80 4069 243 546
326 4069 168 546
497 4069 54 546
554 4069 53 546
611 4069 80 546
695 4069 75 546
774 4069 142 546
919 4069 203 546
1125 4069 522 546
