11 11 2903 221
11 233 2903 225
11 459 90 67
102 459 254 67
357 459 96 67
454 459 95 67
550 459 96 67
647 459 95 67
743 459 95 67
839 459 198 67
1038 459 418 67
1457 459 1457 67
11 527 90 453
102 527 254 453
357 527 96 453
454 527 95 453
550 527 96 453
647 527 95 453
743 527 95 453
839 527 198 453
1038 527 418 453
1457 527 1457 453
11 981 90 447
102 981 254 447
357 981 96 447
454 981 95 447
550 981 96 447
647 981 95 447
743 981 95 447
839 981 198 447
1038 981 418 447
1457 981 1457 447
1492 3726 1410 44
1492 3771 78 45
1571 3771 115 45
1687 3771 314 45
2002 3771 486 45
2489 3771 413 45
1492 3817 78 44
1571 3817 115 44
1687 3817 314 44
2002 3817 486 44
2489 3817 413 44
1492 3862 78 44
1571 3862 115 44
1687 3862 314 44
2002 3862 486 44
2489 3862 413 44
1492 3907 78 45
1571 3907 115 45
1687 3907 314 45
2002 3907 486 45
2489 3907 413 45
1492 3953 78 44
1571 3953 115 44
1687 3953 314 44
2002 3953 486 44
2489 3953 413 44
