108 131 2823 242
108 376 2823 171
108 553 89 81
200 553 82 81
285 553 252 81
540 553 111 81
654 553 110 81
767 553 82 81
852 553 111 81
965 553 111 81
1079 553 368 81
1450 553 423 81
1875 553 1056 81
108 637 89 586
200 637 82 293
285 637 252 293
540 637 111 293
654 637 110 293
767 637 82 293
852 637 111 293
965 637 111 293
1079 637 368 293
1450 637 423 293
1875 637 1056 293
200 933 82 290
285 933 252 290
540 933 111 290
654 933 110 290
767 933 82 290
852 933 111 290
965 933 111 290
1079 933 368 290
1450 933 423 290
1875 933 1056 290
108 1232 89 288
200 1232 82 288
285 1232 252 288
540 1232 111 288
654 1232 110 288
767 1232 82 288
852 1232 111 288
965 1232 111 288
1079 1232 368 288
1450 1232 423 288
1875 1232 1056 288
108 1528 89 880
200 1528 82 291
285 1528 252 291
540 1528 111 291
654 1528 110 291
767 1528 82 291
852 1528 111 291
965 1528 111 291
1079 1528 368 291
1450 1528 423 291
1875 1528 1056 291
200 1822 82 293
285 1822 252 293
540 1822 111 293
654 1822 110 293
767 1822 82 293
852 1822 111 293
965 1822 111 293
1079 1822 368 293
1450 1822 423 293
1875 1822 1056 293
200 2118 82 290
285 2118 252 290
540 2118 111 290
654 2118 110 290
767 2118 82 290
852 2118 111 290
965 2118 111 290
1079 2118 368 290
1450 2118 423 290
1875 2118 1056 290
108 2417 89 288
200 2417 82 288
285 2417 252 288
540 2417 111 288
654 2417 110 288
767 2417 82 288
852 2417 111 288
965 2417 111 288
1079 2417 368 288
1450 2417 423 288
1875 2417 1056 288
108 2713 89 288
200 2713 82 288
285 2713 252 288
540 2713 111 288
654 2713 110 288
767 2713 82 288
852 2713 111 288
965 2713 111 288
1079 2713 368 288
1450 2713 423 288
1875 2713 1056 288
108 3009 89 584
200 3009 82 291
285 3009 252 291
540 3009 111 291
654 3009 110 291
767 3009 82 291
852 3009 111 291
965 3009 111 291
1079 3009 368 291
1450 3009 423 291
1875 3009 1056 291
200 3303 82 290
285 3303 252 290
540 3303 111 290
654 3303 110 290
767 3303 82 290
852 3303 111 290
965 3303 111 290
1079 3303 368 290
1450 3303 423 290
1875 3303 1056 290
108 3602 89 287
200 3602 82 287
285 3602 252 287
540 3602 111 287
654 3602 110 287
767 3602 82 287
852 3602 111 287
965 3602 111 287
1079 3602 368 287
1450 3602 423 287
1875 3602 1056 287
108 3898 89 286
200 3898 82 286
285 3898 252 286
540 3898 111 286
654 3898 110 286
767 3898 82 286
852 3898 111 286
965 3898 111 286
1079 3898 368 286
1450 3898 423 286
1875 3898 1056 286
