108 131 2823 242
108 376 2823 171
108 553 89 81
200 553 82 81
285 553 252 81
540 553 111 81
654 553 110 81
767 553 82 81
852 553 111 81
965 553 111 81
1079 553 368 81
1450 553 423 81
1875 553 1056 81
108 637 89 290
200 637 82 290
285 637 252 290
540 637 111 290
654 637 110 290
767 637 82 290
852 637 111 290
965 637 111 290
1079 637 368 290
1450 637 423 290
1875 637 1056 290
108 936 89 584
200 936 82 290
285 936 252 290
540 936 111 290
654 936 110 290
767 936 82 290
852 936 111 290
965 936 111 290
1079 936 368 290
1450 936 423 290
1875 936 1056 290
200 1229 82 291
285 1229 252 291
540 1229 111 291
654 1229 110 291
767 1229 82 291
852 1229 111 291
965 1229 111 291
1079 1229 368 291
1450 1229 423 291
1875 1229 1056 291
108 1528 89 584
200 1528 82 291
285 1528 252 291
540 1528 111 291
654 1528 110 291
767 1528 82 291
852 1528 111 291
965 1528 111 291
1079 1528 368 291
1450 1528 423 291
1875 1528 1056 291
200 1822 82 290
285 1822 252 290
540 1822 111 290
654 1822 110 290
767 1822 82 290
852 1822 111 290
965 1822 111 290
1079 1822 368 290
1450 1822 423 290
1875 1822 1056 290
108 2121 89 287
200 2121 82 287
285 2121 252 287
540 2121 111 287
654 2121 110 287
767 2121 82 287
852 2121 111 287
965 2121 111 287
1079 2121 368 287
1450 2121 423 287
1875 2121 1056 287
108 2417 89 584
200 2417 82 290
285 2417 252 290
540 2417 111 290
654 2417 110 290
767 2417 82 290
852 2417 111 290
965 2417 111 290
1079 2417 368 290
1450 2417 423 290
1875 2417 1056 290
200 2710 82 291
285 2710 252 291
540 2710 111 291
654 2710 110 291
767 2710 82 291
852 2710 111 291
965 2710 111 291
1079 2710 368 291
1450 2710 423 291
1875 2710 1056 291
108 3009 89 584
200 3009 82 291
285 3009 252 291
540 3009 111 291
654 3009 110 291
767 3009 82 291
852 3009 111 291
965 3009 111 291
1079 3009 368 291
1450 3009 423 291
1875 3009 1056 291
200 3303 82 290
285 3303 252 290
540 3303 111 290
654 3303 110 290
767 3303 82 290
852 3303 111 290
965 3303 111 290
1079 3303 368 290
1450 3303 423 290
1875 3303 1056 290
108 3602 89 582
200 3602 82 290
285 3602 252 290
540 3602 111 290
654 3602 110 290
767 3602 82 290
852 3602 111 290
965 3602 111 290
1079 3602 368 290
1450 3602 423 290
1875 3602 1056 290
200 3895 82 289
285 3895 252 289
540 3895 111 289
654 3895 110 289
767 3895 82 289
852 3895 111 289
965 3895 111 289
1079 3895 368 289
1450 3895 423 289
1875 3895 1056 289
