148 203 2823 242
148 448 2823 171
148 625 89 81
241 625 81 81
326 625 251 81
581 625 109 81
694 625 110 81
808 625 81 81
893 625 109 81
1006 625 110 81
1119 625 368 81
1491 625 421 81
1916 625 1055 81
148 709 89 586
240 709 82 293
325 709 252 293
581 709 110 293
694 709 110 293
807 709 82 293
892 709 110 293
1006 709 110 293
1119 709 368 293
1490 709 422 293
1916 709 1055 293
240 1005 82 290
325 1005 252 290
581 1005 110 290
694 1005 110 290
807 1005 82 290
892 1005 110 290
1006 1005 110 290
1119 1005 368 290
1490 1005 422 290
1916 1005 1055 290
148 1304 89 584
240 1304 82 290
325 1304 252 290
581 1304 110 290
694 1304 110 290
807 1304 82 290
892 1304 110 290
1006 1304 110 290
1119 1304 368 290
1490 1304 422 290
1916 1304 1055 290
240 1598 82 289
325 1598 252 289
581 1598 110 289
694 1598 110 290
807 1598 82 289
892 1598 110 289
1006 1598 110 290
1119 1598 368 290
1490 1598 422 289
1916 1598 1055 290
148 1897 89 287
240 1897 82 287
325 1897 252 287
581 1897 110 287
694 1897 110 287
807 1897 82 287
892 1897 110 287
1006 1897 110 287
1119 1897 368 287
1490 1897 422 287
1916 1897 1055 287
148 2193 89 583
240 2193 82 290
325 2193 252 290
581 2193 110 290
694 2193 110 290
807 2193 82 290
892 2193 110 290
1006 2193 110 290
1119 2193 368 290
1490 2193 422 290
1916 2193 1055 290
240 2486 82 290
325 2486 252 290
581 2486 110 290
694 2486 110 290
807 2486 82 290
892 2486 110 290
1006 2486 110 290
1119 2486 368 290
1490 2486 422 290
1916 2486 1055 290
148 2785 89 880
241 2785 81 290
326 2785 251 290
581 2785 109 290
694 2785 110 290
808 2785 81 290
893 2785 109 290
1006 2785 110 290
1119 2785 368 290
1491 2785 421 290
1916 2785 1055 290
240 3079 82 292
325 3079 252 292
581 3079 110 292
694 3079 110 293
807 3079 82 292
892 3079 110 292
1006 3079 110 293
1119 3079 368 293
1490 3079 422 292
1916 3079 1055 293
240 3375 82 290
325 3375 252 290
581 3375 110 290
694 3375 110 290
807 3375 82 290
892 3375 110 290
1006 3375 110 290
1119 3375 368 290
1490 3375 422 290
1916 3375 1055 290
148 3674 89 582
240 3674 82 290
325 3674 252 290
581 3674 110 290
694 3674 110 290
807 3674 82 290
892 3674 110 290
1006 3674 110 290
1119 3674 368 290
1490 3674 422 290
1916 3674 1055 290
241 3967 81 289
326 3967 251 289
581 3967 109 289
694 3967 110 289
808 3967 81 289
893 3967 109 289
1006 3967 110 289
1119 3967 368 289
1491 3967 421 289
1916 3967 1055 289
