108 131 2823 242
108 376 2823 171
108 553 89 81
200 553 82 81
285 553 252 81
540 553 111 81
654 553 110 81
767 553 82 81
852 553 111 81
965 553 111 81
1079 553 368 81
1450 553 423 81
1875 553 1056 81
108 637 89 1179
200 637 82 293
285 637 252 293
540 637 111 293
654 637 110 293
767 637 82 293
852 637 111 293
965 637 111 293
1079 637 368 293
1450 637 423 293
1875 637 1056 293
200 933 82 293
285 933 252 293
540 933 111 293
654 933 110 293
767 933 82 293
852 933 111 293
965 933 111 293
1079 933 368 293
1450 933 423 293
1875 933 1056 293
200 1229 82 294
285 1229 252 294
540 1229 111 294
654 1229 110 294
767 1229 82 294
852 1229 111 294
965 1229 111 294
1079 1229 368 294
1450 1229 423 294
1875 1229 1056 294
200 1525 82 291
285 1525 252 291
540 1525 111 291
654 1525 110 291
767 1525 82 291
852 1525 111 291
965 1525 111 291
1079 1525 368 291
1450 1525 423 291
1875 1525 1056 291
108 1824 89 584
200 1824 82 291
285 1824 252 291
540 1824 111 291
654 1824 110 291
767 1824 82 291
852 1824 111 291
965 1824 111 291
1079 1824 368 291
1450 1824 423 291
1875 1824 1056 291
200 2118 82 290
285 2118 252 290
540 2118 111 290
654 2118 110 290
767 2118 82 290
852 2118 111 290
965 2118 111 290
1079 2118 368 290
1450 2118 423 290
1875 2118 1056 290
108 2417 89 880
200 2417 82 290
285 2417 252 290
540 2417 111 290
654 2417 110 290
767 2417 82 290
852 2417 111 290
965 2417 111 290
1079 2417 368 290
1450 2417 423 290
1875 2417 1056 290
200 2710 82 294
285 2710 252 294
540 2710 111 294
654 2710 110 294
767 2710 82 294
852 2710 111 294
965 2710 111 294
1079 2710 368 294
1450 2710 423 294
1875 2710 1056 294
200 3006 82 291
285 3006 252 291
540 3006 111 291
654 3006 110 291
767 3006 82 291
852 3006 111 291
965 3006 111 291
1079 3006 368 291
1450 3006 423 291
1875 3006 1056 291
108 3305 89 288
200 3305 82 288
285 3305 252 288
540 3305 111 288
654 3305 110 288
767 3305 82 288
852 3305 111 288
965 3305 111 288
1079 3305 368 288
1450 3305 423 288
1875 3305 1056 288
108 3602 89 582
200 3602 82 290
285 3602 252 290
540 3602 111 290
654 3602 110 290
767 3602 82 290
852 3602 111 290
965 3602 111 290
1079 3602 368 290
1450 3602 423 290
1875 3602 1056 290
200 3895 82 289
285 3895 252 289
540 3895 111 289
654 3895 110 289
767 3895 82 289
852 3895 111 289
965 3895 111 289
1079 3895 368 289
1450 3895 423 289
1875 3895 1056 289
