108 131 2823 242
108 376 2823 171
108 553 89 81
200 553 82 81
285 553 252 81
540 553 111 81
654 553 110 81
767 553 82 81
852 553 111 81
965 553 111 81
1079 553 368 81
1450 553 423 81
1875 553 1056 81
108 637 89 290
200 637 82 290
285 637 252 290
540 637 111 290
654 637 110 290
767 637 82 290
852 637 111 290
965 637 111 290
1079 637 368 290
1450 637 423 290
1875 637 1056 290
108 936 89 287
200 936 82 287
285 936 252 287
540 936 111 287
654 936 110 287
767 936 82 287
852 936 111 287
965 936 111 287
1079 936 368 287
1450 936 423 287
1875 936 1056 287
108 1232 89 288
200 1232 82 288
285 1232 252 288
540 1232 111 288
654 1232 110 288
767 1232 82 288
852 1232 111 288
965 1232 111 288
1079 1232 368 288
1450 1232 423 288
1875 1232 1056 288
108 1528 89 288
200 1528 82 288
285 1528 252 288
540 1528 111 288
654 1528 110 288
767 1528 82 288
852 1528 111 288
965 1528 111 288
1079 1528 368 288
1450 1528 423 288
1875 1528 1056 288
108 1824 89 881
200 1824 82 291
285 1824 252 291
540 1824 111 291
654 1824 110 291
767 1824 82 291
852 1824 111 291
965 1824 111 291
1079 1824 368 291
1450 1824 423 291
1875 1824 1056 291
200 2118 82 293
285 2118 252 293
540 2118 111 293
654 2118 110 293
767 2118 82 293
852 2118 111 293
965 2118 111 293
1079 2118 368 293
1450 2118 423 293
1875 2118 1056 293
200 2414 82 291
285 2414 252 291
540 2414 111 291
654 2414 110 291
767 2414 82 291
852 2414 111 291
965 2414 111 291
1079 2414 368 291
1450 2414 423 291
1875 2414 1056 291
108 2713 89 288
200 2713 82 288
285 2713 252 288
540 2713 111 288
654 2713 110 288
767 2713 82 288
852 2713 111 288
965 2713 111 288
1079 2713 368 288
1450 2713 423 288
1875 2713 1056 288
108 3009 89 288
200 3009 82 288
285 3009 252 288
540 3009 111 288
654 3009 110 288
767 3009 82 288
852 3009 111 288
965 3009 111 288
1079 3009 368 288
1450 3009 423 288
1875 3009 1056 288
108 3306 89 878
200 3306 82 290
285 3306 252 290
540 3306 111 290
654 3306 110 290
767 3306 82 290
852 3306 111 290
965 3306 111 290
1079 3306 368 290
1450 3306 423 290
1875 3306 1056 290
200 3599 82 293
285 3599 252 293
540 3599 111 293
654 3599 110 293
767 3599 82 293
852 3599 111 293
965 3599 111 293
1079 3599 368 293
1450 3599 423 293
1875 3599 1056 293
200 3895 82 289
285 3895 252 289
540 3895 111 289
654 3895 110 289
767 3895 82 289
852 3895 111 289
965 3895 111 289
1079 3895 368 289
1450 3895 423 289
1875 3895 1056 289
