11 11 2892 345
11 358 2892 253
11 613 2892 100
11 715 73 77
86 715 310 77
398 715 100 77
500 715 83 77
585 715 83 77
670 715 83 77
755 715 83 77
840 715 225 77
1067 715 593 77
1662 715 1241 77
11 794 73 423
86 794 310 385
398 794 100 423
500 794 83 423
585 794 83 423
670 794 83 423
755 794 83 423
840 794 225 423
1067 794 593 423
1662 794 1241 423
86 1179 120 38
226 1192 170 25
11 1220 73 422
86 1220 310 23
398 1220 100 422
500 1220 83 422
585 1220 83 422
670 1220 83 422
755 1220 83 422
840 1220 225 422
1067 1220 593 422
1662 1220 1241 422
344 1309 52 199
86 1334 57 179
11 1645 2892 2493
