95 94 2817 213
95 312 2817 218
95 535 2817 83
95 623 108 118
208 623 218 118
431 623 79 118
515 623 106 118
627 623 61 118
694 623 94 118
794 623 106 118
906 623 273 118
1184 623 399 118
1589 623 1323 118
95 747 108 463
208 747 218 463
431 747 79 463
515 747 106 463
627 747 61 463
694 747 94 463
794 747 106 463
906 747 273 463
1184 747 399 463
1589 747 1323 463
95 1215 108 464
208 1215 218 464
431 1215 79 464
515 1215 106 464
627 1215 61 464
694 1215 94 464
794 1215 106 464
906 1215 273 464
1184 1215 399 464
1589 1215 1323 464
95 1685 2817 125
95 1810 1916 2368
2014 1813 43 26
2060 1813 72 26
2134 1813 262 26
2398 1813 266 26
2667 1813 245 26
2014 1842 43 27
2060 1842 72 2171
2134 1842 262 27
2398 1842 266 27
2667 1842 245 27
2014 1872 43 27
2134 1872 262 27
2398 1872 266 27
2667 1872 245 27
2014 1901 43 27
2134 1901 262 27
2398 1901 266 27
2667 1901 245 27
2014 1931 43 26
2134 1931 262 26
2398 1931 266 26
2667 1931 245 26
2014 1960 43 26
2134 1960 262 26
2398 1960 266 26
2667 1960 245 26
2014 1989 43 26
2134 1989 262 26
2398 1989 266 26
2667 1989 245 26
2014 2018 43 28
2134 2018 262 28
2398 2018 266 28
2667 2018 245 28
2014 2049 43 25
2134 2049 262 25
2398 2049 266 25
2667 2049 245 25
2014 2077 43 27
2134 2077 262 27
2398 2077 266 27
2667 2077 245 27
2014 2107 43 27
2134 2107 262 27
2398 2107 266 27
2667 2107 245 27
2014 2137 43 26
2134 2137 262 26
2398 2137 266 26
2667 2137 245 26
2014 2166 43 26
2134 2166 262 26
2398 2166 266 26
2667 2166 245 26
2014 2195 43 26
2134 2195 262 26
2398 2195 266 26
2667 2195 245 26
2014 2224 43 27
2134 2224 262 27
2398 2224 266 27
2667 2224 245 27
2014 2254 43 26
2134 2254 262 26
2398 2254 266 26
2667 2254 245 26
2014 2283 43 26
2134 2283 262 26
2398 2283 266 26
2667 2283 245 26
2014 2312 43 27
2134 2312 262 27
2398 2312 266 27
2667 2312 245 27
2014 2342 43 26
2134 2342 262 26
2398 2342 266 26
2667 2342 245 26
2014 2371 43 27
2134 2371 262 27
2398 2371 266 27
2667 2371 245 27
2014 2401 43 26
2134 2401 262 26
2398 2401 266 26
2667 2401 245 26
2014 2429 43 28
2134 2429 262 28
2398 2429 266 28
2667 2429 245 28
2014 2459 43 27
2134 2459 262 27
2398 2459 266 27
2667 2459 245 27
2014 2489 43 26
2134 2489 262 26
2398 2489 266 26
2667 2489 245 26
2014 2518 43 26
2134 2518 262 26
2398 2518 266 26
2667 2518 245 26
2014 2547 43 27
2134 2547 262 27
2398 2547 266 27
2667 2547 245 27
2014 2577 43 27
2134 2577 262 27
2398 2577 266 27
2667 2577 245 27
2014 2606 43 27
2134 2606 262 27
2398 2606 266 27
2667 2606 245 27
2014 2636 43 26
2134 2636 262 26
2398 2636 266 26
2667 2636 245 26
2014 2665 43 27
2134 2665 262 27
2398 2665 266 27
2667 2665 245 27
2014 2694 43 27
2134 2694 262 27
2398 2694 266 27
2667 2694 245 27
2014 2723 43 27
2134 2723 262 27
2398 2723 266 27
2667 2723 245 27
2014 2753 43 27
2134 2753 262 27
2398 2753 266 27
2667 2753 245 27
2014 2783 43 26
2134 2783 262 26
2398 2783 266 26
2667 2783 245 26
2014 2812 43 26
2134 2812 262 26
2398 2812 266 26
2667 2812 245 26
2014 2841 43 26
2134 2841 262 26
2398 2841 266 26
2667 2841 245 26
2014 2870 43 27
2134 2870 262 27
2398 2870 266 27
2667 2870 245 27
2014 2899 43 27
2134 2899 262 27
2398 2899 266 27
2667 2899 245 27
2014 2929 43 28
2134 2929 262 28
2398 2929 266 28
2667 2929 245 28
2014 2959 43 27
2134 2959 262 27
2398 2959 266 27
2667 2959 245 27
2014 2989 43 26
2789 2991 123 24
2707 2993 63 22
2279 2994 117 21
2520 2994 144 21
2014 3018 43 26
2134 3018 262 26
2398 3018 266 26
2667 3018 245 26
2014 3047 43 27
2134 3047 262 27
2398 3047 266 27
2667 3047 245 27
2014 3077 43 26
2799 3079 113 24
2299 3081 97 22
2618 3082 46 21
2014 3106 43 27
2134 3106 262 27
2398 3106 266 27
2667 3106 245 27
2014 3136 43 26
2789 3138 123 24
2217 3140 179 22
2539 3140 125 22
2667 3140 23 22
2708 3140 62 22
2014 3165 43 26
2779 3167 133 24
2217 3169 179 22
2398 3169 24 22
2520 3170 144 21
2014 3194 43 27
2134 3194 262 27
2398 3194 266 27
2667 3194 245 27
2014 3224 43 26
2779 3226 133 24
2217 3228 179 22
2398 3228 24 22
2520 3229 144 21
2014 3253 43 26
2398 3255 31 24
2217 3257 179 22
2520 3258 144 21
2014 3282 43 27
2134 3282 262 27
2398 3282 266 27
2667 3282 245 27
2014 3312 43 27
2211 3313 185 26
2798 3313 114 26
2014 3342 43 26
2211 3342 185 26
2779 3343 133 25
2014 3371 43 26
2211 3371 185 26
2789 3373 123 24
2539 3375 125 22
2014 3400 43 27
2211 3401 185 26
2799 3402 113 25
2014 3430 43 26
2779 3431 133 25
2320 3432 76 24
2014 3459 43 26
2211 3459 185 26
2789 3461 123 24
2539 3463 125 22
2014 3488 43 27
2789 3490 123 25
2398 3492 24 23
2708 3492 62 23
2014 3517 43 27
2134 3517 262 27
2398 3517 266 27
2667 3517 245 27
2014 3547 43 26
2779 3549 133 24
2217 3551 179 22
2398 3551 24 22
2520 3552 144 21
2014 3576 43 27
2799 3578 113 25
2258 3580 138 23
2198 3581 22 22
2014 3605 43 27
2134 3605 262 27
2398 3605 266 27
2667 3605 245 27
2014 3635 43 27
2779 3637 133 25
2667 3639 23 23
2708 3639 52 23
2208 3640 53 22
2369 3641 27 21
2014 3665 43 25
2300 3666 96 24
2779 3666 133 24
2579 3669 85 21
2014 3693 43 27
2134 3693 262 27
2398 3693 266 27
2667 3693 245 27
2014 3723 43 26
2789 3725 123 24
2279 3727 117 22
2579 3728 85 21
2014 3752 43 27
2708 3753 204 26
2300 3756 96 23
2134 3757 86 22
2579 3757 85 22
2014 3781 43 27
2134 3781 262 27
2398 3781 266 27
2667 3781 245 27
2014 3811 43 26
2789 3813 123 24
2361 3814 35 23
2579 3816 85 21
2014 3840 43 27
2134 3840 262 27
2667 3840 245 27
2579 3845 85 22
2014 3870 43 26
2789 3872 123 24
2156 3873 24 23
2320 3874 76 22
2599 3875 65 21
2014 3899 43 26
2799 3901 113 24
2499 3903 43 22
2279 3904 117 21
2557 3904 23 21
2014 3928 43 27
2134 3928 262 27
2398 3928 266 27
2667 3928 245 27
2014 3958 43 26
2211 3958 185 26
2829 3959 83 25
2440 3962 41 22
2559 3962 105 22
2014 3987 43 26
2211 3988 185 25
2559 3992 105 21
2011 4015 901 163
