17 17 2858 254
17 272 2858 254
17 527 60 122
78 527 57 122
136 527 211 122
348 527 65 122
414 527 82 122
497 527 41 122
540 527 44 122
585 527 84 122
670 527 131 122
802 527 199 122
1002 527 441 122
1449 527 57 122
1508 527 57 122
1566 527 211 122
1778 527 65 122
1844 527 82 122
1927 527 41 122
1969 527 45 122
2015 527 84 122
2100 527 131 122
2232 527 199 122
2432 527 443 122
17 650 60 849
78 650 57 425
136 650 211 425
348 650 65 425
414 650 82 425
497 650 41 425
540 650 44 425
585 650 84 425
670 650 131 425
802 650 199 425
1002 650 441 425
1449 650 57 1275
1508 650 57 425
1566 650 211 425
1778 650 65 425
1844 650 82 425
1927 650 41 425
1969 650 45 425
2015 650 84 425
2100 650 131 425
2232 650 199 425
2432 650 443 425
78 1076 57 423
136 1076 211 423
348 1076 65 423
414 1076 82 423
497 1076 41 423
540 1076 44 423
585 1076 84 423
670 1076 131 423
802 1076 199 423
1002 1076 441 423
1508 1076 57 425
1566 1076 211 425
1778 1076 65 425
1844 1076 82 425
1927 1076 41 425
1969 1076 45 425
2015 1076 84 425
2100 1076 131 425
2232 1076 199 425
2432 1076 443 425
1508 1502 57 423
1566 1502 211 423
1778 1502 65 423
1844 1502 82 423
1927 1502 41 423
1969 1502 45 423
2015 1502 84 423
2100 1502 131 423
2232 1502 199 423
2432 1502 443 423
17 1505 60 846
78 1505 57 422
136 1505 211 422
348 1505 65 422
414 1505 82 422
497 1505 41 422
540 1505 44 422
585 1505 84 422
670 1505 131 422
802 1505 199 422
1002 1505 441 422
78 1928 57 423
136 1928 211 423
348 1928 65 423
414 1928 82 423
497 1928 41 423
540 1928 44 423
585 1928 84 423
670 1928 131 423
802 1928 199 423
1002 1928 441 423
1449 1931 57 1272
1508 1931 57 422
1566 1931 211 422
1778 1931 65 422
1844 1931 82 422
1927 1931 41 422
1969 1931 45 422
2015 1931 84 422
2100 1931 131 422
2232 1931 199 422
2432 1931 443 422
1508 2354 57 425
1566 2354 211 425
1778 2354 65 425
1844 2354 82 425
1927 2354 41 425
1969 2354 45 425
2015 2354 84 425
2100 2354 131 425
2232 2354 199 425
2432 2354 443 425
17 2357 60 846
78 2357 57 422
136 2357 211 422
348 2357 65 422
414 2357 82 422
497 2357 41 422
540 2357 44 422
585 2357 84 422
670 2357 131 422
802 2357 199 422
1002 2357 441 422
78 2781 57 422
136 2781 211 422
348 2781 65 422
414 2781 82 422
497 2781 41 422
540 2781 44 422
585 2781 84 422
670 2781 131 422
802 2781 199 422
1002 2781 441 422
1508 2781 57 422
1566 2781 211 422
1778 2781 65 422
1844 2781 82 422
1927 2781 41 422
1969 2781 45 422
2015 2781 84 422
2100 2781 131 422
2232 2781 199 422
2432 2781 443 422
17 3209 60 849
78 3209 57 422
136 3209 211 422
348 3209 65 422
414 3209 82 422
497 3209 41 422
540 3209 44 422
585 3209 84 422
670 3209 131 422
802 3209 199 422
1002 3209 441 422
1449 3209 57 849
1508 3209 57 422
1566 3209 211 422
1778 3209 65 422
1844 3209 82 422
1927 3209 41 422
1969 3209 45 422
2015 3209 84 422
2100 3209 131 422
2232 3209 199 422
2432 3209 443 422
78 3633 57 425
136 3633 211 425
348 3633 65 425
414 3633 82 425
497 3633 41 425
540 3633 44 425
585 3633 84 425
670 3633 131 425
802 3633 199 425
1002 3633 441 425
1508 3633 57 425
1566 3633 211 425
1778 3633 65 425
1844 3633 82 425
1927 3633 41 425
1969 3633 45 425
2015 3633 84 425
2100 3633 131 425
2232 3633 199 425
2432 3633 443 425
