95 93 2819 213
95 312 2819 217
95 535 2819 82
95 623 82 117
182 623 218 117
405 623 79 117
489 623 106 117
601 623 61 117
668 623 95 117
768 623 106 117
880 623 273 117
1159 623 399 117
1564 623 1350 117
95 746 82 463
182 746 218 463
405 746 79 463
489 746 106 463
601 746 61 463
668 746 95 463
768 746 106 463
880 746 273 463
1159 746 399 463
1564 746 1350 463
95 1215 82 464
182 1215 218 464
405 1215 79 464
489 1215 106 464
601 1215 61 464
668 1215 95 464
768 1215 106 464
880 1215 273 464
1159 1215 399 464
1564 1215 1350 464
95 1684 2819 2493
