1919 1448 233 49
2154 1448 362 49
2517 1448 313 49
1919 1499 233 50
2154 1499 362 50
2517 1499 313 50
1919 1551 233 50
2154 1551 362 50
2517 1551 313 50
1919 1603 233 50
2154 1603 362 50
2517 1603 313 50
1919 1655 233 50
2517 1655 313 50
2154 1681 362 24
1919 1707 233 50
2154 1707 362 50
2517 1707 313 50
1919 1759 233 51
2154 1759 362 51
2517 1759 313 51
1919 1811 233 51
2154 1811 362 51
2517 1811 313 51
1919 1863 233 51
2154 1863 362 51
2517 1863 313 51
1919 1915 233 51
2154 1915 362 51
2517 1915 313 51
1919 1968 233 50
2154 1968 362 50
2517 1968 313 50
1919 2020 233 50
2154 2020 362 50
2517 2020 313 50
1919 2072 233 50
2154 2072 362 50
2517 2072 313 50
1919 2124 233 50
2154 2124 362 50
2517 2124 313 50
1919 2176 233 50
2154 2176 362 50
2517 2176 313 50
1919 2228 233 51
2154 2228 362 51
2517 2228 313 51
1919 2280 233 51
2154 2280 362 51
2517 2280 313 51
1919 2332 233 51
2154 2332 362 51
2517 2332 313 51
1919 2385 233 50
2154 2385 362 50
2517 2385 313 50
1919 2437 233 50
2154 2437 362 50
2517 2437 313 50
1919 2489 233 50
2154 2489 362 50
2517 2489 313 50
1919 2541 233 50
2154 2541 362 50
2517 2541 313 50
1919 2593 233 50
2154 2593 362 50
2517 2593 313 50
1919 2645 233 51
2154 2645 362 51
2517 2645 313 51
1919 2697 233 51
2154 2697 362 51
2517 2697 313 51
1919 2749 233 51
2154 2749 362 51
2517 2749 313 51
1919 2801 233 51
2154 2801 362 51
2517 2801 313 51
1919 2854 233 50
2154 2854 362 50
2517 2854 313 50
1919 2906 233 50
2154 2906 362 50
2517 2906 313 50
1919 2958 233 50
2154 2958 362 50
2517 2958 313 50
1919 3010 233 50
2154 3010 362 50
2517 3010 313 50
1919 3062 233 50
2154 3062 362 50
2517 3062 313 50
1919 3114 233 51
2154 3114 362 51
2517 3114 313 51
1919 3166 233 51
2154 3166 362 51
2517 3166 313 51
1919 3218 233 51
2154 3218 362 51
2517 3218 313 51
1919 3271 233 50
2154 3271 362 50
2517 3271 313 50
1919 3323 233 50
2154 3323 362 50
2517 3323 313 50
1919 3375 233 49
2154 3375 362 49
2517 3375 313 49
