95 93 2819 436
95 535 2819 82
95 623 81 117
182 623 217 117
405 623 78 117
489 623 106 117
600 623 62 117
667 623 95 117
768 623 106 117
879 623 274 117
1158 623 400 117
1563 623 1351 117
95 746 81 463
182 746 217 463
405 746 78 463
489 746 106 463
600 746 62 463
667 746 95 463
768 746 106 463
879 746 274 463
1158 746 400 463
1563 746 1351 463
95 1215 81 464
182 1215 217 464
405 1215 78 464
489 1215 106 464
600 1215 62 464
667 1215 95 464
768 1215 106 464
879 1215 274 464
1158 1215 400 464
1563 1215 1351 151
1563 1370 1351 309
95 1684 2819 2493
