129 133 2844 186
129 327 2844 136
129 471 1417 77
1554 471 1419 77
129 550 128 79
259 550 208 79
469 550 81 79
552 550 33 79
587 550 32 79
621 550 32 79
655 550 34 79
691 550 113 79
806 550 178 79
986 550 560 79
1554 550 56 79
1612 550 68 79
1682 550 209 79
1893 550 80 79
1975 550 34 79
2011 550 33 79
2046 550 32 79
2080 550 34 79
2116 550 112 79
2230 550 178 79
2410 550 563 79
129 631 128 379
259 631 208 379
469 631 81 379
552 631 33 379
587 631 32 379
621 631 32 379
655 631 34 379
691 631 113 379
806 631 178 379
986 631 560 379
1554 631 56 1518
1612 631 68 379
1682 631 209 50
1893 631 80 379
1975 631 34 379
2011 631 33 379
2046 631 32 379
2080 631 34 379
2116 631 112 379
2230 631 178 379
2410 631 563 379
1682 983 209 27
129 1012 1417 79
1612 1012 68 378
1682 1012 209 378
1893 1012 80 238
1975 1012 34 378
2011 1012 33 378
2046 1012 32 378
2080 1012 34 378
2116 1012 112 378
2230 1012 178 378
2410 1012 563 378
129 1093 128 80
259 1093 208 80
469 1093 81 80
552 1093 33 80
587 1093 32 80
621 1093 32 80
655 1093 34 80
691 1093 113 80
806 1093 178 80
986 1093 560 80
129 1175 128 376
259 1175 208 41
469 1175 81 376
552 1175 33 376
587 1175 32 376
621 1175 32 376
655 1175 34 376
691 1175 113 376
806 1175 178 376
986 1175 560 376
1893 1253 80 137
259 1270 35 26
1612 1392 68 377
1682 1392 209 377
1893 1392 80 255
1975 1392 34 377
2011 1392 33 377
2046 1392 32 377
2080 1392 34 377
2116 1392 112 377
2230 1392 178 377
2410 1392 563 377
129 1553 128 380
259 1553 208 37
469 1553 81 380
552 1553 33 380
587 1553 32 380
621 1553 32 380
655 1553 34 380
691 1553 113 380
806 1553 178 380
986 1553 560 380
259 1650 28 24
1893 1651 80 118
1612 1771 68 378
1682 1771 209 378
1893 1771 80 156
1975 1771 34 378
2011 1771 33 378
2046 1771 32 378
2080 1771 34 378
2116 1771 112 378
2230 1771 178 378
2410 1771 563 378
259 1906 208 27
129 1935 128 376
469 1935 81 376
552 1935 33 376
587 1935 32 376
621 1935 32 376
655 1935 34 376
691 1935 113 376
806 1935 178 376
986 1935 560 376
1893 1937 80 76
1893 2015 80 134
1554 2151 56 752
1612 2151 68 378
1682 2151 209 378
1893 2151 80 124
1975 2151 34 378
2011 2151 33 378
2046 2151 32 378
2080 2151 34 378
2116 2151 112 378
2230 2151 178 378
2410 2151 563 378
1893 2278 80 100
259 2283 208 28
129 2313 128 376
259 2313 208 56
469 2313 81 376
552 2313 33 376
587 2313 32 376
621 2313 32 376
655 2313 34 376
691 2313 113 376
806 2313 178 376
986 2313 560 376
1893 2398 80 131
1612 2531 68 372
1682 2531 209 372
1893 2531 80 372
1975 2531 34 372
2011 2531 33 372
2046 2531 32 372
2080 2531 34 372
2116 2531 112 372
2230 2531 178 372
2410 2531 563 372
415 2554 52 25
129 2691 128 375
259 2691 208 44
469 2691 81 374
552 2691 33 374
587 2691 32 373
621 2691 32 373
655 2691 34 373
691 2691 113 373
806 2691 178 373
986 2691 560 375
1554 2911 56 755
1612 2911 68 375
1682 2911 209 375
1893 2911 80 375
1975 2911 34 375
2011 2911 33 375
2046 2911 32 375
2080 2911 34 375
2116 2911 112 375
2230 2911 178 375
2410 2911 563 375
259 3040 208 25
129 3074 1417 81
129 3157 58 72
189 3157 68 72
259 3157 208 72
469 3157 81 72
552 3157 32 72
586 3157 32 72
620 3157 34 72
656 3157 33 72
691 3157 111 72
804 3157 180 72
986 3157 560 72
129 3231 58 1116
189 3231 68 375
259 3231 208 375
469 3231 81 375
552 3231 32 375
586 3231 32 375
620 3231 34 375
656 3231 33 375
691 3231 111 375
804 3231 180 375
986 3231 560 375
1612 3288 68 378
1682 3288 209 378
1893 3288 80 378
1975 3288 34 378
2011 3288 33 378
2046 3288 32 378
2080 3288 34 378
2116 3288 112 378
2230 3288 178 378
2410 3288 563 378
189 3608 68 371
259 3608 208 48
469 3608 81 371
552 3608 32 371
586 3608 32 371
620 3608 34 371
656 3608 33 371
691 3608 111 371
804 3608 180 371
986 3608 560 371
1554 3668 1419 679
259 3957 208 22
189 3981 68 366
259 3981 208 42
469 3981 81 366
552 3981 32 366
586 3981 32 366
620 3981 34 366
656 3981 33 366
691 3981 111 366
804 3981 180 366
986 3981 560 366
259 4325 208 22
