17 17 2858 254
17 272 2858 254
17 527 60 122
78 527 57 122
136 527 211 122
348 527 65 122
414 527 82 122
497 527 41 122
540 527 44 122
585 527 84 122
670 527 82 122
753 527 133 122
887 527 556 122
1449 527 57 122
1508 527 57 122
1566 527 211 122
1778 527 65 122
1844 527 82 122
1927 527 41 122
1969 527 45 122
2015 527 84 122
2100 527 82 122
2183 527 133 122
2317 527 558 122
17 650 60 423
78 650 57 423
136 650 211 423
348 650 65 423
414 650 82 423
497 650 41 423
540 650 44 423
585 650 84 423
670 650 82 423
753 650 133 423
887 650 556 423
1449 650 57 849
1508 650 57 425
1566 650 211 425
1778 650 65 425
1844 650 82 425
1927 650 41 425
1969 650 45 425
2015 650 84 425
2100 650 82 425
2183 650 133 425
2317 650 558 425
1508 1076 57 423
1566 1076 211 423
1778 1076 65 423
1844 1076 82 423
1927 1076 41 423
1969 1076 45 423
2015 1076 84 423
2100 1076 82 423
2183 1076 133 423
2317 1076 558 423
17 1079 60 846
78 1079 57 422
136 1079 211 422
348 1079 65 422
414 1079 82 422
497 1079 41 422
540 1079 44 422
585 1079 84 422
670 1079 82 422
753 1079 133 422
887 1079 556 422
78 1502 57 423
136 1502 211 423
348 1502 65 423
414 1502 82 423
497 1502 41 423
540 1502 44 423
585 1502 84 423
670 1502 82 423
753 1502 133 423
887 1502 556 423
1449 1505 57 846
1508 1505 57 422
1566 1505 211 422
1778 1505 65 422
1844 1505 82 422
1927 1505 41 422
1969 1505 45 422
2015 1505 84 422
2100 1505 82 422
2183 1505 133 422
2317 1505 558 422
1508 1928 57 423
1566 1928 211 423
1778 1928 65 423
1844 1928 82 423
1927 1928 41 423
1969 1928 45 423
2015 1928 84 423
2100 1928 82 423
2183 1928 133 423
2317 1928 558 423
17 1931 60 2127
78 1931 57 422
136 1931 211 422
348 1931 65 422
414 1931 82 422
497 1931 41 422
540 1931 44 422
585 1931 84 422
670 1931 82 422
753 1931 133 422
887 1931 556 422
78 2355 57 424
136 2355 211 424
348 2355 65 424
414 2355 82 424
497 2355 41 424
540 2355 44 424
585 2355 84 424
670 2355 82 424
753 2355 133 424
887 2355 556 424
1449 2357 57 1701
1508 2357 57 422
1566 2357 211 422
1778 2357 65 422
1844 2357 82 422
1927 2357 41 422
1969 2357 45 422
2015 2357 84 422
2100 2357 82 422
2183 2357 133 422
2317 2357 558 422
78 2781 57 425
136 2781 211 425
348 2781 65 425
414 2781 82 425
497 2781 41 425
540 2781 44 425
585 2781 84 425
670 2781 82 425
753 2781 133 425
887 2781 556 425
1508 2781 57 425
1566 2781 211 425
1778 2781 65 425
1844 2781 82 425
1927 2781 41 425
1969 2781 45 425
2015 2781 84 425
2100 2781 82 425
2183 2781 133 425
2317 2781 558 425
78 3207 57 425
136 3207 211 425
348 3207 65 425
414 3207 82 425
497 3207 41 425
540 3207 44 425
585 3207 84 425
670 3207 82 425
753 3207 133 425
887 3207 556 425
1508 3207 57 425
1566 3207 211 425
1778 3207 65 425
1844 3207 82 425
1927 3207 41 425
1969 3207 45 425
2015 3207 84 425
2100 3207 82 425
2183 3207 133 425
2317 3207 558 425
78 3633 57 425
136 3633 211 425
348 3633 65 425
414 3633 82 425
497 3633 41 425
540 3633 44 425
585 3633 84 425
670 3633 82 425
753 3633 133 425
887 3633 556 425
1508 3633 57 425
1566 3633 211 425
1778 3633 65 425
1844 3633 82 425
1927 3633 41 425
1969 3633 45 425
2015 3633 84 425
2100 3633 82 425
2183 3633 133 425
2317 3633 558 425
