12 13 2852 296
12 314 2852 262
12 581 2852 149
12 734 146 124
161 734 100 124
264 734 306 124
572 734 129 124
703 734 111 124
816 734 110 124
928 734 110 47
1040 734 110 124
1153 734 283 124
1438 734 618 124
2058 734 806 124
928 812 110 46
12 862 146 916
161 862 100 304
264 862 306 304
572 862 129 304
703 862 110 304
816 862 110 304
928 862 110 304
1040 862 110 304
1153 862 283 304
1438 862 618 304
2058 862 806 304
161 1168 100 304
572 1168 129 304
703 1168 110 304
816 1168 110 304
928 1168 110 304
1040 1168 110 304
1153 1168 283 304
1438 1168 618 304
2058 1168 806 304
487 1243 83 22
161 1475 100 303
264 1475 35 152
535 1475 35 151
572 1475 129 303
703 1475 110 303
816 1475 110 303
928 1475 110 303
1040 1475 110 303
1153 1475 283 303
1438 1475 618 303
2058 1475 806 303
12 1783 2852 155
12 1942 146 124
161 1942 100 124
264 1942 306 124
572 1942 129 124
703 1942 111 124
816 1942 110 124
928 1942 110 46
1040 1942 110 124
1153 1942 283 124
1438 1942 618 124
2058 1942 806 124
928 2018 110 48
12 2070 146 609
161 2070 100 303
264 2070 306 303
572 2070 129 303
703 2070 110 303
816 2070 110 303
928 2070 110 303
1040 2070 110 303
1153 2070 283 303
1438 2070 618 303
2058 2070 806 303
161 2376 100 303
264 2376 306 303
572 2376 129 303
703 2376 110 303
816 2376 110 303
928 2376 110 303
1040 2376 110 303
1153 2376 283 303
1438 2376 618 303
2058 2376 806 303
12 2684 146 302
161 2684 100 302
264 2684 306 302
572 2684 129 302
703 2684 110 302
816 2684 110 302
928 2684 110 302
1040 2684 110 302
1153 2684 283 302
1438 2684 618 302
2058 2684 806 302
12 2990 146 610
161 2990 100 304
264 2990 306 304
572 2990 129 304
703 2990 110 304
816 2990 110 304
928 2990 110 304
1040 2990 110 304
1153 2990 283 304
1438 2990 618 304
2058 2990 806 304
161 3296 100 304
264 3296 306 304
572 3296 129 304
703 3296 110 304
816 3296 110 304
928 3296 110 304
1040 3296 110 304
1153 3296 283 304
1438 3296 618 304
2058 3296 806 304
12 3604 146 605
161 3604 100 304
264 3604 306 304
572 3604 129 304
703 3604 110 304
816 3604 110 304
928 3604 110 304
1040 3604 110 304
1153 3604 283 304
1438 3604 618 304
2058 3604 806 304
161 3910 100 299
572 3910 129 299
703 3910 110 299
816 3910 110 299
928 3910 110 299
1040 3910 110 299
1153 3910 283 299
1438 3910 618 299
2058 3910 806 299
264 4153 22 56
548 4154 22 55
