11 11 2279 277
11 291 2279 248
11 550 1134 220
1156 550 1134 220
11 772 61 140
74 772 225 139
301 772 66 139
369 772 46 139
416 772 46 139
464 772 46 139
511 772 47 139
559 772 69 139
630 772 194 139
826 772 319 139
1156 772 73 140
1231 772 67 140
1299 772 225 140
1526 772 66 139
1594 772 46 139
1641 772 47 139
1689 772 46 139
1737 772 46 139
1784 772 46 139
1832 772 138 139
1971 772 319 139
11 913 61 641
74 913 225 641
301 913 66 640
369 913 46 640
416 913 46 640
464 913 46 640
511 913 47 640
559 913 69 640
630 913 194 640
826 913 319 640
1231 913 67 641
1299 913 225 641
1526 913 66 641
1594 913 46 641
1641 913 47 641
1689 913 46 641
1737 913 46 641
1784 913 46 641
1832 913 138 641
1971 913 319 641
1156 914 73 1278
74 1555 225 641
301 1555 66 641
369 1555 46 641
416 1555 46 641
464 1555 46 641
511 1555 47 641
559 1555 69 641
630 1555 194 641
826 1555 319 641
1299 1555 225 637
1526 1555 66 637
1594 1555 46 637
1641 1555 47 637
1689 1555 46 637
1737 1555 46 637
1784 1555 46 637
1832 1555 138 637
1971 1555 319 637
11 1556 61 641
1231 1556 67 636
11 2198 61 636
74 2198 225 636
301 2198 66 636
369 2198 46 636
416 2198 46 636
464 2198 46 636
511 2198 47 636
559 2198 69 636
630 2198 194 636
826 2198 319 636
1156 2203 73 631
1231 2203 67 631
1299 2203 225 631
1526 2203 66 631
1594 2203 46 631
1641 2203 47 631
1689 2203 46 631
1737 2203 46 631
1784 2203 46 631
1832 2203 138 631
1971 2203 319 631
11 2845 2279 432
