13 13 2896 268
13 282 2896 101
13 384 2896 72
13 457 54 170
68 457 50 170
119 457 186 170
306 457 50 170
357 457 50 170
408 457 50 170
459 457 50 170
510 457 50 170
561 457 198 170
760 457 197 170
958 457 502 170
1465 457 54 170
1520 457 50 170
1571 457 186 170
1758 457 50 170
1809 457 50 170
1860 457 50 170
1911 457 50 170
1962 457 50 170
2013 457 197 170
2211 457 198 170
2410 457 499 170
13 628 54 3483
68 628 50 696
119 628 186 477
306 628 50 696
357 628 50 696
408 628 50 696
459 628 51 696
511 628 49 696
561 628 198 696
760 628 197 696
958 628 502 696
1465 628 54 3483
1520 628 50 696
1571 628 186 696
1758 628 50 696
1809 628 50 696
1860 628 50 696
1911 628 50 696
1962 628 50 696
2013 628 197 696
2211 628 198 696
2410 628 499 696
120 1105 185 219
68 1325 50 696
119 1325 186 375
306 1325 50 696
357 1325 50 696
408 1325 50 696
459 1325 51 696
511 1325 49 696
561 1325 198 696
760 1325 197 696
958 1325 502 696
1520 1325 50 696
1571 1325 186 408
1758 1325 50 696
1809 1325 50 696
1860 1325 50 696
1911 1325 50 696
1962 1325 50 696
2013 1325 197 696
2211 1325 198 696
2410 1325 499 696
1712 1735 45 34
211 1805 26 216
1626 1807 72 214
68 2022 50 696
119 2022 186 359
306 2022 50 395
357 2022 50 696
408 2022 50 696
459 2022 51 696
511 2022 49 696
561 2022 198 696
760 2022 197 696
958 2022 502 696
1520 2022 50 696
1571 2022 186 696
1758 2022 50 696
1809 2022 50 696
1860 2022 50 696
1911 2022 50 696
1962 2022 50 696
2013 2022 197 696
2211 2022 198 696
2410 2022 499 696
182 2386 72 27
307 2417 49 301
189 2494 49 224
119 2495 70 223
238 2495 67 223
68 2719 50 697
119 2719 186 366
306 2719 50 394
357 2719 50 697
408 2719 50 697
459 2719 51 697
511 2719 49 697
561 2719 198 697
760 2719 197 697
958 2719 502 697
1520 2719 50 697
1571 2719 186 382
1758 2719 50 697
1809 2719 50 697
1860 2719 50 697
1911 2719 50 697
1962 2719 50 697
2013 2719 197 697
2211 2719 198 697
2410 2719 499 697
181 3088 77 29
1627 3102 74 21
307 3113 49 303
190 3187 57 229
119 3188 71 228
247 3188 58 228
1571 3210 84 206
1687 3210 70 206
68 3417 50 694
119 3417 186 224
306 3417 50 694
357 3417 50 694
408 3417 50 694
459 3417 51 694
511 3417 49 694
561 3417 198 694
760 3417 197 694
958 3417 502 694
1520 3417 50 694
1571 3417 186 216
1758 3417 50 391
1809 3417 50 694
1860 3417 50 694
1911 3417 50 694
1962 3417 50 694
2013 3417 197 694
2211 3417 198 694
2410 3417 499 694
278 3708 27 50
119 3729 24 21
1759 3808 49 303
1571 3901 186 210
