82 1510 1556 127
82 1637 848 336
1251 1640 142 26
933 1641 130 25
1065 1641 184 25
1395 1643 228 22
933 1668 130 26
1065 1668 184 26
1251 1668 142 26
933 1696 130 26
1065 1696 184 26
1396 1696 227 25
933 1724 130 26
1065 1724 184 26
1251 1725 142 25
933 1752 130 26
1065 1752 184 26
933 1780 130 26
1065 1780 184 26
1251 1780 142 26
933 1808 130 26
1065 1808 184 26
1251 1808 142 26
1395 1808 228 26
933 1836 130 27
1251 1836 142 27
1395 1836 228 26
1395 1864 228 26
933 1865 130 25
1251 1865 142 25
933 1892 130 27
1251 1892 142 27
1395 1892 228 26
1251 1920 142 27
1395 1920 228 26
933 1921 130 26
933 1949 130 25
1251 1949 142 25
1395 1949 228 25
933 1976 130 27
1251 1976 142 27
1395 1976 228 26
82 1992 848 28
933 2005 130 26
1251 2005 142 26
1395 2005 228 26
933 2033 130 26
1064 2033 185 25
1251 2033 142 26
1395 2033 228 25
82 2047 847 68
933 2060 130 26
1064 2060 185 26
1251 2060 142 26
1395 2060 228 26
933 2088 130 26
1064 2088 185 26
1251 2088 142 26
1395 2088 228 26
1064 2116 185 26
1251 2116 142 26
1395 2116 228 26
933 2117 130 25
81 2123 848 22
933 2144 130 26
1064 2144 185 26
1251 2144 142 26
1395 2144 228 26
81 2146 848 41
933 2172 130 26
1064 2172 185 26
1251 2172 142 26
1395 2172 228 26
