4 5 1062 46
4 55 1062 41
4 120 36 21
41 120 68 21
110 120 24 21
196 120 33 21
230 120 87 21
318 120 215 21
573 120 69 21
643 120 24 21
729 120 33 21
763 120 87 21
851 120 215 21
4 145 36 270
41 145 68 92
110 145 24 270
196 145 33 270
230 145 87 270
318 145 215 270
573 145 69 269
643 145 24 269
729 145 33 269
763 145 87 269
851 145 215 269
41 320 68 95
4 416 36 272
41 416 68 272
110 416 24 272
196 416 33 272
230 416 87 272
318 416 215 272
573 418 69 270
643 418 24 270
729 418 33 270
763 418 87 270
851 418 215 270
4 689 36 269
41 689 68 269
110 689 24 269
196 689 33 269
230 689 87 269
318 689 215 269
573 689 69 269
643 689 24 269
729 689 33 269
763 689 87 269
851 689 215 269
573 962 69 266
643 962 24 266
729 962 33 266
763 962 87 266
851 962 215 266
41 983 68 21
110 983 24 21
196 983 33 21
230 983 87 21
318 983 215 21
41 1008 68 272
110 1008 24 272
196 1008 33 272
230 1008 87 272
318 1008 215 272
537 1233 529 320
41 1281 68 272
110 1281 24 272
196 1281 33 272
230 1281 87 272
318 1281 215 272
