11 11 2846 207
11 224 2846 210
11 439 1406 166
1423 439 22 3728
1451 439 1406 166
11 608 61 113
75 608 179 113
256 608 77 113
336 608 37 23
375 608 37 113
415 608 37 113
455 608 37 23
495 608 93 113
591 608 176 113
769 608 648 113
1451 608 64 113
1518 608 178 113
1699 608 77 113
1779 608 36 23
1818 608 37 113
1858 608 37 113
1898 608 37 23
1937 608 94 113
2034 608 175 113
2212 608 645 113
11 723 61 429
75 723 179 429
256 723 77 429
336 723 37 429
375 723 37 429
415 723 37 429
455 723 37 429
495 723 93 429
591 723 176 429
769 723 648 429
1451 723 64 429
1518 723 178 101
1699 723 77 429
1779 723 36 429
1818 723 37 429
1858 723 37 429
1898 723 37 429
1937 723 94 429
2034 723 175 429
2212 723 645 429
1518 861 44 23
1661 887 35 69
1518 895 36 65
1518 1061 78 91
1616 1061 80 91
11 1155 61 428
75 1155 179 89
256 1155 77 428
336 1155 37 428
375 1155 37 428
415 1155 37 428
455 1155 37 428
495 1155 93 428
591 1155 176 428
769 1155 648 428
1451 1155 64 428
1518 1155 178 104
1699 1155 77 428
1779 1155 36 428
1818 1155 37 428
1858 1155 37 428
1898 1155 37 428
1937 1155 94 428
2034 1155 175 428
2212 1155 645 428
231 1299 23 102
1664 1305 32 123
75 1306 32 101
1518 1331 31 75
1518 1487 178 96
75 1501 179 82
11 1586 61 429
75 1586 179 104
256 1586 77 429
336 1586 37 429
375 1586 37 429
415 1586 37 429
455 1586 37 429
495 1586 93 429
591 1586 176 429
769 1586 648 429
1451 1586 64 429
1518 1586 178 97
1699 1586 77 429
1779 1586 36 429
1818 1586 37 429
1858 1586 37 429
1898 1586 37 429
1937 1586 94 429
2034 1586 175 429
2212 1586 645 429
219 1738 35 120
75 1740 35 30
1518 1761 21 110
75 1770 34 90
75 1921 179 94
1592 1924 32 91
1635 1924 61 91
11 2017 61 429
75 2017 179 99
256 2017 77 429
336 2017 37 429
375 2017 37 429
415 2017 37 429
455 2017 37 429
495 2017 93 429
591 2017 176 429
769 2017 648 429
1451 2017 64 429
1518 2017 178 111
1699 2017 77 429
1779 2017 36 429
1818 2017 37 429
1858 2017 37 429
1898 2017 37 429
1937 2017 94 429
2034 2017 175 429
2212 2017 645 429
218 2162 36 71
75 2174 37 71
1595 2344 101 102
75 2355 179 91
11 2449 61 426
75 2449 179 246
256 2449 77 426
336 2449 37 426
375 2449 37 426
415 2449 37 426
455 2449 37 426
495 2449 93 426
591 2449 176 426
769 2449 648 426
1451 2449 64 428
1518 2449 178 326
1699 2449 77 428
1779 2449 36 428
1818 2449 37 428
1858 2449 37 428
1898 2449 37 428
1937 2449 94 428
2034 2449 175 428
2212 2449 645 428
115 2696 110 31
1518 2776 175 101
75 2793 179 82
1451 2880 64 428
1518 2880 178 428
1699 2880 77 428
1779 2880 36 428
1818 2880 37 428
1858 2880 37 428
1898 2880 37 428
1937 2880 94 428
2034 2880 175 428
2212 2880 645 428
11 2881 1406 312
11 3196 61 112
75 3196 179 112
256 3196 77 112
336 3196 37 23
375 3196 37 112
415 3196 37 112
455 3196 37 23
495 3196 93 112
591 3196 176 112
769 3196 648 112
11 3311 61 429
75 3311 179 278
256 3311 77 429
336 3311 37 429
375 3311 37 429
415 3311 37 429
455 3311 37 429
495 3311 93 429
591 3311 176 429
769 3311 648 429
1451 3311 64 429
1518 3311 178 269
1699 3311 77 429
1779 3311 36 429
1818 3311 37 429
1858 3311 37 429
1898 3311 37 429
1937 3311 94 429
2034 3311 175 429
2212 3311 645 429
78 3589 176 53
79 3642 175 98
1566 3647 26 93
1518 3648 37 92
1592 3648 80 92
11 3743 61 424
75 3743 179 97
256 3743 77 424
336 3743 37 424
375 3743 37 424
415 3743 37 424
455 3743 37 424
495 3743 93 424
591 3743 176 424
769 3743 648 424
1451 3743 64 424
1518 3743 178 424
1699 3743 77 424
1779 3743 36 424
1818 3743 37 424
1858 3743 37 424
1898 3743 37 424
1937 3743 94 424
2034 3743 175 424
2212 3743 645 424
224 3892 30 37
75 3896 31 32
75 3928 30 77
225 3929 29 79
75 4082 69 85
179 4082 75 85
