17 17 2858 254
17 272 2858 254
17 527 60 122
78 527 57 122
136 527 211 122
348 527 65 122
414 527 82 122
497 527 41 122
540 527 43 122
585 527 83 122
670 527 171 122
842 527 171 122
1014 527 429 122
1449 527 57 122
1508 527 57 122
1566 527 211 122
1778 527 65 122
1844 527 82 122
1927 527 41 122
1969 527 44 122
2014 527 84 122
2099 527 171 122
2271 527 171 122
2444 527 430 122
17 650 60 307
78 650 57 307
136 650 211 307
348 650 65 307
414 650 82 307
497 650 41 307
540 650 43 307
585 650 83 307
670 650 171 307
842 650 171 307
1014 650 429 307
1449 650 57 307
1508 650 57 307
1566 650 211 307
1778 650 65 307
1844 650 82 307
1927 650 41 307
1969 650 44 307
2014 650 84 307
2099 650 171 307
2271 650 171 307
2444 650 430 307
17 962 60 924
78 962 57 307
136 962 211 307
348 962 65 307
414 962 82 307
497 962 41 307
540 962 43 307
585 962 83 307
670 962 171 307
842 962 171 307
1014 962 429 307
1449 962 57 304
1508 962 57 304
1566 962 211 304
1778 962 65 304
1844 962 82 304
1927 962 41 304
1969 962 44 304
2014 962 84 304
2099 962 171 304
2271 962 171 304
2444 962 430 304
78 1270 57 308
136 1270 211 308
348 1270 65 308
414 1270 82 308
497 1270 41 308
540 1270 43 308
585 1270 83 308
670 1270 171 308
842 1270 171 308
1014 1270 429 308
1449 1272 57 304
1508 1272 57 304
1566 1272 211 304
1778 1272 65 304
1844 1272 82 304
1927 1272 41 304
1969 1272 44 304
2014 1272 84 304
2099 1272 171 304
2271 1272 171 304
2444 1272 430 304
78 1580 57 306
136 1580 211 306
348 1580 65 306
414 1580 82 306
497 1580 41 306
540 1580 43 306
585 1580 83 306
670 1580 171 306
842 1580 171 306
1014 1580 429 306
1449 1582 57 304
1508 1582 57 304
1566 1582 211 304
1778 1582 65 304
1844 1582 82 304
1927 1582 41 304
1969 1582 44 304
2014 1582 84 304
2099 1582 171 304
2271 1582 171 304
2444 1582 430 304
17 1892 60 304
78 1892 57 304
136 1892 211 304
348 1892 65 304
414 1892 82 304
497 1892 41 304
540 1892 43 304
585 1892 83 304
670 1892 171 304
842 1892 171 304
1014 1892 429 304
1449 1892 57 614
1508 1892 57 306
1566 1892 211 306
1778 1892 65 306
1844 1892 82 306
1927 1892 41 306
1969 1892 44 306
2014 1892 84 306
2099 1892 171 306
2271 1892 171 306
2444 1892 430 306
1508 2199 57 307
1566 2199 211 307
1778 2199 65 307
1844 2199 82 307
1927 2199 41 307
1969 2199 44 307
2014 2199 84 307
2099 2199 171 307
2271 2199 171 307
2444 2199 430 307
17 2202 60 923
78 2202 57 306
136 2202 211 306
348 2202 65 306
414 2202 82 306
497 2202 41 306
540 2202 43 306
585 2202 83 306
670 2202 171 306
842 2202 171 306
1014 2202 429 306
78 2509 57 309
136 2509 211 309
348 2509 65 309
414 2509 82 309
497 2509 41 309
540 2509 43 309
585 2509 83 309
670 2509 171 309
842 2509 171 309
1014 2509 429 309
1449 2511 57 305
1508 2511 57 305
1566 2511 211 305
1778 2511 65 305
1844 2511 82 305
1927 2511 41 305
1969 2511 44 305
2014 2511 84 305
2099 2511 171 305
2271 2511 171 305
2444 2511 430 305
78 2819 57 306
136 2819 211 306
348 2819 65 306
414 2819 82 306
497 2819 41 306
540 2819 43 306
585 2819 83 306
670 2819 171 306
842 2819 171 306
1014 2819 429 306
1449 2821 57 304
1508 2821 57 304
1566 2821 211 304
1778 2821 65 304
1844 2821 82 304
1927 2821 41 304
1969 2821 44 304
2014 2821 84 304
2099 2821 171 304
2271 2821 171 304
2444 2821 430 304
17 3131 60 614
78 3131 57 306
136 3131 211 306
348 3131 65 306
414 3131 82 306
497 3131 41 306
540 3131 43 306
585 3131 83 306
670 3131 171 306
842 3131 171 306
1014 3131 429 306
1449 3131 57 613
1508 3131 57 306
1566 3131 211 306
1778 3131 65 306
1844 3131 82 306
1927 3131 41 306
1969 3131 44 306
2014 3131 84 306
2099 3131 171 306
2271 3131 171 306
2444 3131 430 306
78 3438 57 307
136 3438 211 307
348 3438 65 307
414 3438 82 307
497 3438 41 307
540 3438 43 307
585 3438 83 307
670 3438 171 307
842 3438 171 307
1014 3438 429 307
1508 3438 57 306
1566 3438 211 306
1778 3438 65 306
1844 3438 82 306
1927 3438 41 306
1969 3438 44 306
2014 3438 84 306
2099 3438 171 306
2271 3438 171 306
2444 3438 430 306
17 3750 60 307
78 3750 57 307
136 3750 211 307
348 3750 65 307
414 3750 82 307
497 3750 41 307
540 3750 43 307
585 3750 83 307
670 3750 171 307
842 3750 171 307
1014 3750 429 307
1449 3750 1426 308
