159 157 2887 161
159 321 2459 23
3024 325 22 53
159 344 2453 34
2954 350 42 28
2674 355 159 23
159 388 2887 145
159 543 1438 52
1607 543 1439 52
175 598 64 224
241 598 47 224
290 598 180 224
472 598 59 224
533 598 45 224
580 598 45 224
627 598 45 224
675 598 44 224
722 598 131 224
855 598 271 224
1128 598 469 224
1622 598 65 224
1689 598 47 224
1738 598 180 224
1920 598 58 224
1981 598 45 224
2028 598 45 224
2075 598 45 224
2122 598 45 224
2170 598 131 224
2303 598 271 224
2576 598 470 224
175 824 65 679
242 824 46 225
472 824 59 225
533 824 45 225
580 824 45 225
627 824 45 225
675 824 44 225
722 824 131 225
855 824 271 225
1128 824 469 225
1622 824 65 452
1689 824 47 225
1920 824 58 225
1981 824 45 225
2028 824 45 225
2075 824 45 225
2122 824 45 225
2170 824 131 225
2303 824 271 225
2576 824 470 225
1887 889 31 56
1738 897 35 64
242 1051 46 225
472 1051 59 225
533 1051 45 225
580 1051 45 225
627 1051 45 225
675 1051 44 225
722 1051 131 225
855 1051 271 225
1128 1051 469 225
1689 1051 47 225
1920 1051 58 225
1981 1051 45 225
2028 1051 45 225
2075 1051 45 225
2122 1051 45 225
2170 1051 131 225
2303 1051 271 225
2576 1051 470 225
444 1089 26 122
1884 1097 34 33
290 1099 31 112
1738 1101 30 29
1738 1136 27 140
1888 1136 30 140
242 1278 46 225
472 1278 59 225
533 1278 45 225
580 1278 45 225
627 1278 45 225
675 1278 44 225
722 1278 131 225
855 1278 271 225
1128 1278 469 225
1622 1278 65 451
1689 1278 47 225
1920 1278 58 225
1981 1278 45 225
2028 1278 45 225
2075 1278 45 225
2122 1278 45 225
2170 1278 131 225
2303 1278 271 225
2576 1278 470 225
290 1381 28 56
172 1505 1425 51
1689 1505 47 224
1738 1505 180 225
1920 1505 58 224
1981 1505 45 224
2028 1505 45 224
2075 1505 45 224
2122 1505 45 224
2170 1505 131 224
2303 1505 271 224
2576 1505 470 224
175 1558 64 225
241 1558 47 225
290 1558 180 225
472 1558 59 225
533 1558 45 225
580 1558 45 225
627 1558 45 225
675 1558 44 225
722 1558 131 225
855 1558 271 225
1128 1558 469 225
1622 1732 65 451
1689 1732 47 224
1738 1732 180 204
1920 1732 58 224
1981 1732 45 224
2028 1732 45 224
2075 1732 45 224
2122 1732 45 224
2170 1732 131 224
2303 1732 271 224
2576 1732 470 224
175 1785 65 1358
242 1785 46 225
472 1785 59 225
533 1785 45 225
580 1785 45 225
627 1785 45 225
675 1785 44 225
722 1785 131 225
855 1785 271 225
1128 1785 469 225
1689 1959 47 224
1920 1959 58 224
1981 1959 45 224
2028 1959 45 224
2075 1959 45 224
2122 1959 45 224
2170 1959 131 224
2303 1959 271 224
2576 1959 470 224
1738 1997 37 33
1883 2010 35 24
242 2012 46 225
472 2012 59 225
533 2012 45 225
580 2012 45 225
627 2012 45 225
675 2012 44 225
722 2012 131 225
855 2012 271 225
1128 2012 469 225
1738 2037 31 70
1889 2037 29 72
290 2055 28 94
440 2070 30 78
1622 2185 65 452
1689 2185 47 225
1920 2185 58 225
1981 2185 45 225
2028 2185 45 225
2075 2185 45 225
2122 2185 45 225
2170 2185 131 225
2303 2185 271 225
2576 2185 470 225
242 2239 46 224
472 2239 59 224
533 2239 45 224
580 2239 45 224
627 2239 45 224
675 2239 44 224
722 2239 131 224
855 2239 271 224
1128 2239 469 224
1895 2269 23 73
1738 2272 21 79
1689 2412 47 225
1920 2412 58 225
1981 2412 45 225
2028 2412 45 225
2075 2412 45 225
2122 2412 45 225
2170 2412 131 225
2303 2412 271 225
2576 2412 470 225
1878 2451 40 26
1738 2455 33 22
242 2465 46 225
290 2465 180 225
472 2465 59 225
533 2465 45 225
580 2465 45 225
627 2465 45 225
675 2465 44 225
722 2465 131 225
855 2465 271 225
1128 2465 469 225
1884 2482 34 155
1738 2485 29 152
1622 2639 65 225
1689 2639 47 225
1920 2639 58 225
1981 2639 45 225
2028 2639 45 225
2075 2639 45 225
2122 2639 45 225
2170 2639 131 225
2303 2639 271 225
2576 2639 470 225
242 2692 46 225
290 2692 180 223
472 2692 59 225
533 2692 45 225
580 2692 45 225
627 2692 45 225
675 2692 44 225
722 2692 131 225
855 2692 271 225
1128 2692 469 225
1738 2718 25 145
1890 2719 28 126
1620 2866 1426 1451
242 2919 46 225
290 2919 180 225
472 2919 59 225
533 2919 45 225
580 2919 45 225
627 2919 45 225
675 2919 44 225
722 2919 131 225
855 2919 271 225
1128 2919 469 225
172 3146 1425 1171
