159 157 2887 161
159 321 2459 23
3024 325 22 53
159 344 2453 34
2954 350 42 28
2674 355 159 23
159 388 2887 145
159 543 1438 52
1607 543 1439 52
175 598 64 224
241 598 47 224
290 598 180 224
472 598 59 224
533 598 45 224
580 598 45 224
627 598 45 224
675 598 44 224
722 598 131 224
855 598 271 224
1128 598 469 224
1622 598 65 224
1689 598 47 224
1738 598 180 224
1920 598 58 224
1981 598 45 224
2028 598 45 224
2075 598 45 224
2122 598 45 224
2170 598 131 224
2303 598 271 224
2576 598 470 224
175 824 65 679
242 824 46 225
472 824 59 225
533 824 45 225
580 824 45 225
627 824 45 225
675 824 44 225
722 824 131 225
855 824 271 225
1128 824 469 225
1622 824 65 225
1689 824 47 225
1920 824 58 225
1981 824 45 225
2028 824 45 225
2075 824 45 225
2122 824 45 225
2170 824 131 225
2303 824 271 225
2576 824 470 225
1738 879 31 90
1881 881 37 22
1884 906 34 75
1893 985 25 30
242 1051 46 225
472 1051 59 225
533 1051 45 225
580 1051 45 225
627 1051 45 225
675 1051 44 225
722 1051 131 225
855 1051 271 225
1128 1051 469 225
1622 1051 65 452
1689 1051 47 225
1738 1051 180 169
1920 1051 58 225
1981 1051 45 225
2028 1051 45 225
2075 1051 45 225
2122 1051 45 225
2170 1051 131 225
2303 1051 271 225
2576 1051 470 225
444 1089 26 122
290 1099 31 112
1766 1220 152 56
242 1278 46 225
472 1278 59 225
533 1278 45 225
580 1278 45 225
627 1278 45 225
675 1278 44 225
722 1278 131 225
855 1278 271 225
1128 1278 469 225
1689 1278 47 225
1738 1278 180 165
1920 1278 58 225
1981 1278 45 225
2028 1278 45 225
2075 1278 45 225
2122 1278 45 225
2170 1278 131 225
2303 1278 271 225
2576 1278 470 225
290 1381 28 56
1743 1444 175 59
172 1505 1425 51
1622 1505 65 452
1689 1505 47 224
1738 1505 180 216
1920 1505 58 224
1981 1505 45 224
2028 1505 45 224
2075 1505 45 224
2122 1505 45 224
2170 1505 131 224
2303 1505 271 224
2576 1505 470 224
175 1558 64 225
241 1558 47 225
290 1558 180 225
472 1558 59 225
533 1558 45 225
580 1558 45 225
627 1558 45 225
675 1558 44 225
722 1558 131 225
855 1558 271 225
1128 1558 469 225
1689 1732 47 224
1920 1732 58 224
1981 1732 45 224
2028 1732 45 224
2075 1732 45 224
2122 1732 45 224
2170 1732 131 224
2303 1732 271 224
2576 1732 470 224
1880 1782 38 25
175 1785 65 678
242 1785 46 225
472 1785 59 225
533 1785 45 225
580 1785 45 225
627 1785 45 225
675 1785 44 225
722 1785 131 225
855 1785 271 225
1128 1785 469 225
1886 1812 32 72
1738 1818 29 63
290 1820 39 33
432 1820 38 34
290 1855 35 81
437 1858 33 79
1622 1959 65 224
1689 1959 47 224
1920 1959 58 224
1981 1959 45 224
2028 1959 45 224
2075 1959 45 224
2122 1959 45 224
2170 1959 131 224
2303 1959 271 224
2576 1959 470 224
242 2012 46 225
472 2012 59 225
533 2012 45 225
580 2012 45 225
627 2012 45 225
675 2012 44 225
722 2012 131 225
855 2012 271 225
1128 2012 469 225
290 2062 32 108
438 2065 32 102
1620 2185 117 2132
1864 2185 1182 2132
1737 2186 22 2131
1801 2186 63 2131
242 2239 46 224
472 2239 59 224
533 2239 45 224
580 2239 45 224
627 2239 45 224
675 2239 44 224
722 2239 131 224
855 2239 271 224
1128 2239 469 224
290 2272 40 191
434 2282 36 24
438 2309 32 154
172 2465 1425 1852
