178 234 2908 226
178 466 2908 109
178 580 2908 76
180 662 68 108
254 662 51 108
310 662 176 108
492 662 153 108
651 662 45 108
702 662 45 108
753 662 73 108
832 662 74 108
911 662 104 108
1020 662 171 108
1196 662 431 108
1638 662 68 108
1712 662 51 108
1769 662 176 108
1950 662 153 108
2109 662 45 108
2160 662 45 108
2211 662 74 108
2290 662 74 108
2370 662 103 108
2479 662 170 108
2655 662 431 108
180 776 68 357
254 776 51 357
310 776 176 357
492 776 153 357
651 776 45 357
702 776 45 357
753 776 73 357
832 776 74 357
911 776 104 357
1020 776 171 357
1196 776 431 357
1638 776 68 720
1712 776 51 357
1769 776 176 72
1950 776 153 357
2109 776 45 357
2160 776 45 357
2211 776 74 357
2290 776 74 357
2370 776 103 357
2479 776 170 357
2655 776 431 357
1769 1088 176 45
180 1138 68 1083
254 1138 51 358
310 1138 176 358
492 1138 153 358
651 1138 45 358
702 1138 45 358
753 1138 73 358
832 1138 74 358
911 1138 104 358
1020 1138 171 358
1196 1138 431 358
1712 1138 51 358
1769 1138 176 222
1950 1138 153 358
2109 1138 45 358
2160 1138 45 358
2211 1138 74 358
2290 1138 74 358
2370 1138 103 358
2479 1138 170 358
2655 1138 431 358
1769 1447 176 49
254 1501 51 357
310 1501 176 357
492 1501 153 357
651 1501 45 357
702 1501 45 357
753 1501 73 357
832 1501 74 357
911 1501 104 357
1020 1501 171 357
1196 1501 431 357
1638 1501 68 357
1712 1501 51 357
1769 1501 176 357
1950 1501 153 357
2109 1501 45 357
2160 1501 45 357
2211 1501 74 357
2290 1501 74 357
2370 1501 103 357
2479 1501 170 357
2655 1501 431 357
254 1864 51 357
310 1864 176 357
492 1864 153 357
651 1864 45 357
702 1864 45 357
753 1864 73 357
832 1864 74 357
911 1864 104 357
1020 1864 171 357
1196 1864 431 357
1638 1864 68 720
1712 1864 51 357
1769 1864 176 357
1950 1864 153 357
2109 1864 45 357
2160 1864 45 357
2211 1864 74 357
2290 1864 74 357
2370 1864 103 357
2479 1864 170 357
2655 1864 431 357
180 2227 68 720
254 2227 51 357
310 2227 176 357
492 2227 153 357
651 2227 45 357
702 2227 45 357
753 2227 73 357
832 2227 74 357
911 2227 104 357
1020 2227 171 357
1196 2227 431 357
1712 2227 51 357
1769 2227 176 72
1950 2227 153 357
2109 2227 45 357
2160 2227 45 357
2211 2227 74 357
2290 2227 74 357
2370 2227 103 357
2479 2227 170 357
2655 2227 431 357
1769 2335 38 24
1769 2542 176 42
254 2590 51 357
310 2590 176 357
492 2590 153 357
651 2590 45 357
702 2590 45 357
753 2590 73 357
832 2590 74 357
911 2590 104 357
1020 2590 171 357
1196 2590 431 357
1638 2590 68 357
1712 2590 51 357
1769 2590 176 69
1950 2590 153 357
2109 2590 45 357
2160 2590 45 357
2211 2590 74 357
2290 2590 74 357
2370 2590 103 357
2479 2590 170 357
2655 2590 431 357
1769 2706 32 24
1769 2900 176 47
180 2953 68 720
254 2953 51 357
310 2953 176 357
492 2953 153 357
651 2953 45 357
702 2953 45 357
753 2953 73 357
832 2953 74 357
911 2953 104 357
1020 2953 171 357
1196 2953 431 357
1638 2953 68 720
1712 2953 51 357
1769 2953 176 70
1950 2953 153 357
2109 2953 45 357
2160 2953 45 357
2211 2953 74 357
2290 2953 74 357
2370 2953 103 357
2479 2953 170 357
2655 2953 431 357
1769 3269 176 41
254 3315 51 358
310 3315 176 206
492 3315 153 358
651 3315 45 358
702 3315 45 358
753 3315 73 358
832 3315 74 358
911 3315 104 358
1020 3315 171 358
1196 3315 431 358
1712 3315 51 358
1769 3315 176 46
1950 3315 153 358
2109 3315 45 358
2160 3315 45 358
2211 3315 74 358
2290 3315 74 358
2370 3315 103 358
2479 3315 170 358
2655 3315 431 358
310 3624 176 49
1769 3628 176 45
180 3678 68 357
254 3678 51 357
310 3678 176 67
492 3678 153 357
651 3678 45 357
702 3678 45 357
753 3678 73 357
832 3678 74 357
911 3678 104 357
1020 3678 171 357
1196 3678 431 357
1638 3678 68 357
1712 3678 51 357
1769 3678 176 68
1950 3678 153 357
2109 3678 45 357
2160 3678 45 357
2211 3678 74 357
2290 3678 74 357
2370 3678 103 357
2479 3678 170 357
2655 3678 431 357
1769 3972 176 63
310 3982 176 53
180 4041 68 350
254 4041 51 350
310 4041 176 226
492 4041 153 350
651 4041 45 350
702 4041 45 350
753 4041 73 350
832 4041 74 350
911 4041 104 350
1020 4041 171 350
1196 4041 431 350
1638 4041 1448 350
310 4344 176 47
