179 227 2851 227
179 456 2851 134
179 592 2851 83
179 677 87 83
269 677 213 83
485 677 76 83
564 677 99 83
666 677 60 83
729 677 99 83
831 677 99 83
933 677 263 83
1199 677 388 83
1590 677 1440 83
179 763 87 479
269 763 213 479
485 763 76 479
564 763 99 479
666 763 60 479
729 763 99 479
831 763 99 479
933 763 263 479
1199 763 388 479
1590 763 1440 479
179 1244 87 479
269 1244 213 479
485 1244 76 479
564 1244 99 479
666 1244 60 479
729 1244 99 479
831 1244 99 479
933 1244 263 479
1199 1244 388 479
1590 1244 1440 479
179 1726 87 479
269 1726 213 479
485 1726 76 479
564 1726 99 479
666 1726 60 479
729 1726 99 479
831 1726 99 479
933 1726 263 479
1199 1726 388 479
1590 1726 1440 479
179 2208 2851 2135
