14 14 3200 250
14 266 3200 140
14 408 1605 43
1638 408 1576 43
14 453 51 89
67 453 44 89
113 453 344 89
459 453 43 89
504 453 55 89
561 453 43 89
606 453 55 89
663 453 54 89
719 453 163 89
884 453 281 89
1167 453 452 89
1638 453 54 89
1694 453 44 89
1740 453 225 89
1967 453 43 89
2012 453 55 89
2069 453 43 89
2114 453 55 89
2171 453 54 89
2227 453 168 89
2397 453 282 89
2681 453 533 89
14 544 51 3895
67 544 44 556
113 544 344 556
459 544 43 556
504 544 55 556
561 544 43 556
606 544 55 556
663 544 54 556
719 544 163 556
884 544 281 556
1167 544 452 556
1638 544 54 1294
1694 544 44 327
1740 544 225 327
1967 544 43 327
2012 544 55 327
2069 544 43 327
2114 544 55 327
2171 544 54 327
2227 544 168 327
2397 544 282 327
2681 544 533 327
1694 873 44 327
1740 873 225 327
1967 873 43 327
2012 873 55 327
2069 873 43 327
2114 873 55 327
2171 873 54 327
2227 873 168 327
2397 873 282 327
2681 873 533 327
67 1102 44 557
113 1102 344 557
459 1102 43 557
504 1102 55 557
561 1102 43 557
606 1102 55 557
663 1102 54 557
719 1102 163 557
884 1102 281 557
1167 1102 452 557
1694 1202 44 326
1740 1202 225 326
1967 1202 43 326
2012 1202 55 326
2069 1202 43 326
2114 1202 55 326
2171 1202 54 326
2227 1202 168 326
2397 1202 282 326
2681 1202 533 326
1694 1530 44 308
1740 1530 225 308
1967 1530 43 308
2012 1530 55 308
2069 1530 43 308
2114 1530 55 308
2171 1530 54 308
2227 1530 168 308
2397 1530 282 308
2681 1530 533 308
67 1661 44 556
113 1661 344 556
459 1661 43 556
504 1661 55 556
561 1661 43 556
606 1661 55 556
663 1661 54 556
719 1661 163 556
884 1661 281 556
1167 1661 452 556
1638 1844 54 279
1694 1844 44 279
1740 1844 225 279
1967 1844 43 279
2012 1844 55 279
2069 1844 43 279
2114 1844 55 279
2171 1844 54 279
2227 1844 168 279
2397 1844 282 279
2681 1844 533 279
1638 2127 54 533
1694 2127 44 266
1740 2127 225 266
1967 2127 43 266
2012 2127 55 266
2069 2127 43 266
2114 2127 55 266
2171 2127 54 266
2227 2127 168 266
2397 2127 282 266
2681 2127 533 266
67 2219 44 557
113 2219 344 557
459 2219 43 557
504 2219 55 557
561 2219 43 557
606 2219 55 557
663 2219 54 557
719 2219 163 557
884 2219 281 557
1167 2219 452 557
1694 2395 44 265
1740 2395 225 265
1967 2395 43 265
2012 2395 55 265
2069 2395 43 265
2114 2395 55 265
2171 2395 54 265
2227 2395 168 265
2397 2395 282 265
2681 2395 533 265
1638 2666 54 257
1694 2666 44 257
1740 2666 225 257
1967 2666 43 257
2012 2666 55 257
2069 2666 43 257
2114 2666 55 257
2171 2666 54 257
2227 2666 168 257
2397 2666 282 257
2681 2666 533 257
67 2778 44 556
113 2778 344 556
459 2778 43 556
504 2778 55 556
561 2778 43 556
606 2778 55 556
663 2778 54 556
719 2778 163 556
884 2778 281 556
1167 2778 452 556
1638 2929 54 1126
1694 2929 44 368
1740 2929 225 368
1967 2929 43 368
2012 2929 55 368
2069 2929 43 368
2114 2929 55 368
2171 2929 54 368
2227 2929 168 368
2397 2929 282 368
2681 2929 533 368
1694 3299 44 401
1740 3299 225 401
1967 3299 43 401
2012 3299 55 401
2069 3299 43 401
2114 3299 55 401
2171 3299 54 401
2227 3299 168 401
2397 3299 282 401
2681 3299 533 401
67 3336 44 557
113 3336 344 557
459 3336 43 557
504 3336 55 557
561 3336 43 557
606 3336 55 557
663 3336 54 557
719 3336 163 557
884 3336 281 557
1167 3336 452 557
1694 3702 44 353
1740 3702 225 353
1967 3702 43 353
2012 3702 55 353
2069 3702 43 353
2114 3702 55 353
2171 3702 54 353
2227 3702 168 353
2397 3702 282 353
2681 3702 533 353
67 3895 44 544
113 3895 344 544
459 3895 43 544
504 3895 55 544
561 3895 43 544
606 3895 55 544
663 3895 54 544
719 3895 163 544
884 3895 281 544
1167 3895 452 544
1638 4061 54 378
1694 4061 44 378
1740 4061 225 378
1967 4061 43 378
2012 4061 55 378
2069 4061 43 378
2114 4061 55 378
2171 4061 54 378
2227 4061 168 378
2397 4061 282 378
2681 4061 533 378
