165 167 3038 122
165 297 3038 121
165 426 1513 62
1686 426 1517 62
165 492 115 64
283 492 168 64
454 492 67 64
524 492 27 64
584 492 27 64
614 492 28 64
645 492 150 64
798 492 295 64
1096 492 582 64
1686 492 59 64
1748 492 55 64
1806 492 168 64
1977 492 67 64
2047 492 27 64
2077 492 27 64
2107 492 27 64
2137 492 28 64
2168 492 150 64
2321 492 295 64
2619 492 584 64
165 560 115 535
283 560 168 167
454 560 67 535
524 560 27 535
554 560 27 535
584 560 27 535
614 560 28 535
645 560 150 535
798 560 295 535
1096 560 582 535
1686 560 59 803
1748 560 55 265
1806 560 168 39
1977 560 67 265
2047 560 27 265
2077 560 27 265
2107 560 27 265
2137 560 28 265
2168 560 150 265
2321 560 295 265
2619 560 584 265
283 772 25 22
1748 829 55 265
1806 829 168 34
1977 829 67 265
2047 829 27 265
2077 829 27 265
2107 829 27 265
2137 829 28 265
2168 829 150 265
2321 829 295 265
2619 829 584 265
283 932 168 163
1748 1098 55 265
1806 1098 168 245
1977 1098 67 265
2047 1098 27 265
2077 1098 27 265
2107 1098 27 265
2137 1098 28 265
2168 1098 150 265
2321 1098 295 265
2619 1098 584 265
165 1099 115 535
283 1099 168 172
454 1099 67 535
524 1099 27 535
554 1099 27 535
584 1099 27 535
614 1099 28 535
645 1099 150 535
798 1099 295 535
1096 1099 582 535
1686 1367 59 266
1748 1367 55 266
1806 1367 168 38
1977 1367 67 266
2047 1367 27 266
2077 1367 27 266
2107 1367 27 266
2137 1367 28 266
2168 1367 150 266
2321 1367 295 266
2619 1367 584 266
283 1473 168 161
1686 1637 59 265
1748 1637 55 265
1806 1637 168 35
1977 1637 67 265
2047 1637 27 265
2077 1637 27 265
2107 1637 27 265
2137 1637 28 265
2168 1637 150 265
2321 1637 295 265
2619 1637 584 265
165 1638 115 534
283 1638 168 178
454 1638 67 534
524 1638 27 534
554 1638 27 265
584 1638 27 534
614 1638 28 534
645 1638 150 534
798 1638 295 534
1096 1638 582 534
1686 1906 59 265
1748 1906 55 265
1806 1906 168 28
1977 1906 67 265
2047 1906 27 265
2077 1906 27 265
2107 1906 27 265
2137 1906 28 265
2168 1906 150 265
2321 1906 295 265
2619 1906 584 265
554 1923 27 249
283 2018 168 154
1806 2150 168 21
1686 2175 59 266
1748 2175 55 266
1806 2175 168 36
1977 2175 67 266
2047 2175 27 266
2077 2175 27 266
2107 2175 27 266
2137 2175 28 266
2168 2175 150 266
2321 2175 295 266
2619 2175 584 266
165 2180 1513 62
165 2246 113 60
281 2246 168 60
452 2246 67 60
522 2246 27 60
552 2246 27 35
582 2246 27 60
612 2246 28 49
643 2246 150 60
796 2246 294 60
1093 2246 585 60
165 2310 113 266
281 2310 168 44
452 2310 67 266
522 2310 27 266
552 2310 27 266
582 2310 27 266
612 2310 28 266
643 2310 150 266
796 2310 294 266
1093 2310 585 266
1686 2445 59 804
1748 2445 55 265
1806 2445 168 35
1977 2445 67 265
2047 2445 27 265
2077 2445 27 265
2107 2445 27 265
2137 2445 28 265
2168 2445 150 265
2321 2445 295 265
2619 2445 584 265
1949 2524 25 31
165 2580 113 265
281 2580 168 33
452 2580 67 265
522 2580 27 265
552 2580 27 265
582 2580 27 265
612 2580 28 265
643 2580 150 265
796 2580 294 265
1093 2580 585 265
1748 2714 55 265
1806 2714 168 37
1977 2714 67 265
2047 2714 27 265
2077 2714 27 265
2107 2714 27 265
2137 2714 28 265
2168 2714 150 265
2321 2714 295 265
2619 2714 584 265
281 2824 168 21
165 2849 113 265
281 2849 168 37
452 2849 67 265
522 2849 27 265
552 2849 27 265
582 2849 27 265
612 2849 28 265
643 2849 150 265
796 2849 294 265
1093 2849 585 265
1748 2983 55 266
1806 2983 168 184
1977 2983 67 266
2047 2983 27 266
2077 2983 27 266
2107 2983 27 266
2137 2983 28 266
2168 2983 150 266
2321 2983 295 266
2619 2983 584 266
165 3118 113 266
281 3118 168 239
452 3118 67 266
522 3118 27 266
552 3118 27 266
582 3118 27 266
612 3118 28 266
643 3118 150 266
796 3118 294 266
1093 3118 585 266
1806 3227 168 22
1686 3253 59 534
1748 3253 55 265
1806 3253 168 25
1977 3253 67 265
2047 3253 27 265
2077 3253 27 265
2107 3253 27 265
2137 3253 28 265
2168 3253 150 265
2321 3253 295 265
2619 3253 584 265
281 3358 168 26
165 3388 113 265
281 3388 168 206
452 3388 67 265
522 3388 27 265
552 3388 27 265
582 3388 27 265
612 3388 28 265
643 3388 150 265
796 3388 294 265
1093 3388 585 265
1806 3496 168 22
1748 3522 55 265
1806 3522 168 37
1977 3522 67 265
2047 3522 27 265
2077 3522 27 265
2107 3522 27 265
2137 3522 28 265
2168 3522 150 265
2321 3522 295 265
2619 3522 584 265
165 3657 113 263
281 3657 168 263
452 3657 67 263
522 3657 27 263
552 3657 27 263
582 3657 27 263
612 3657 28 263
643 3657 150 263
796 3657 294 263
1093 3657 585 263
1686 3791 59 535
1748 3791 55 265
1806 3791 168 35
1977 3791 67 265
2047 3791 27 265
2077 3791 27 265
2107 3791 27 265
2137 3791 28 265
2168 3791 150 265
2321 3791 295 265
2619 3791 584 265
165 3928 1513 62
165 3994 55 61
223 3994 55 61
281 3994 168 61
452 3994 67 61
522 3994 27 61
552 3994 27 36
582 3994 27 61
612 3994 28 59
643 3994 150 61
796 3994 294 61
1093 3994 585 61
165 4059 55 265
223 4059 55 265
281 4059 168 34
452 4059 67 265
522 4059 27 265
552 4059 27 265
582 4059 27 265
612 4059 28 265
643 4059 150 265
796 4059 294 265
1093 4059 585 265
1748 4060 55 266
1806 4060 168 191
1977 4060 67 266
2047 4060 27 266
2077 4060 27 266
2107 4060 27 266
2137 4060 28 266
2168 4060 150 266
2321 4060 295 266
2619 4060 584 266
165 4328 55 269
223 4328 55 269
281 4328 168 269
452 4328 67 269
522 4328 27 269
552 4328 27 269
582 4328 27 159
612 4328 28 269
643 4328 150 269
796 4328 294 269
1093 4328 585 269
1686 4330 59 267
1748 4330 55 267
1806 4330 168 267
1977 4330 67 267
2047 4330 27 267
2077 4330 27 267
2107 4330 27 267
2137 4330 28 267
2168 4330 150 267
2321 4330 295 267
2619 4330 584 267
582 4506 27 91
