11 550 1134 164
1156 550 1134 164
11 715 61 101
74 715 225 101
301 715 66 101
369 715 46 101
416 715 46 101
464 715 46 101
511 715 47 101
559 715 69 101
630 715 194 101
826 715 319 101
1156 715 73 101
1231 715 67 101
1299 715 225 101
1526 715 66 101
1594 715 46 101
1641 715 47 101
1689 715 46 101
1737 715 46 101
1784 715 46 101
1832 715 138 101
1971 715 319 101
11 817 61 492
74 817 225 492
301 817 66 492
369 817 46 492
416 817 46 492
464 817 46 492
511 817 47 492
559 817 69 492
630 817 194 492
826 817 319 492
1156 817 73 1227
1231 817 67 615
1299 817 225 615
1526 817 66 615
1594 817 46 615
1641 817 47 615
1689 817 46 615
1737 817 46 615
1784 817 46 615
1832 817 138 615
1971 817 319 615
11 1310 61 492
74 1310 225 492
301 1310 66 492
369 1310 46 492
416 1310 46 492
464 1310 46 492
511 1310 47 492
559 1310 69 492
630 1310 194 492
826 1310 319 492
1231 1433 67 611
1299 1433 225 173
1526 1433 66 611
1594 1433 46 611
1641 1433 47 611
1689 1433 46 611
1737 1433 46 611
1784 1433 46 611
1832 1433 138 611
1971 1433 319 611
1474 1647 50 33
11 1803 61 492
74 1803 225 492
301 1803 66 492
369 1803 46 492
416 1803 46 492
464 1803 46 492
511 1803 47 492
559 1803 69 492
630 1803 194 492
826 1803 319 492
1299 1880 225 164
1156 2056 73 604
1231 2056 67 604
1299 2056 225 604
1526 2056 66 604
1594 2056 46 604
1641 2056 47 604
1689 2056 46 604
1737 2056 46 604
1784 2056 46 604
1832 2056 138 604
1971 2056 319 604
11 2297 61 492
74 2297 225 492
301 2297 66 492
369 2297 46 492
416 2297 46 492
464 2297 46 492
511 2297 47 492
559 2297 69 492
630 2297 194 492
826 2297 319 492
1156 2672 73 605
1231 2672 67 605
1299 2672 225 605
1526 2672 66 605
1594 2672 46 605
1641 2672 47 605
1689 2672 46 605
1737 2672 46 605
1784 2672 46 605
1832 2672 138 605
1971 2672 319 605
11 2790 61 487
74 2790 225 487
301 2790 66 487
369 2790 46 487
416 2790 46 487
464 2790 46 487
511 2790 47 487
559 2790 69 487
630 2790 194 487
826 2790 319 487
