11 11 2846 162
11 178 2846 210
11 394 1406 101
1423 394 1434 3773
11 498 64 85
78 498 54 85
135 498 167 85
305 498 76 85
384 498 37 85
424 498 37 85
464 498 36 85
503 498 37 85
543 498 89 85
635 498 124 85
762 498 655 85
11 586 64 946
78 586 54 472
135 586 167 472
305 586 76 472
384 586 37 472
424 586 37 472
464 586 36 472
503 586 37 472
543 586 89 472
635 586 124 472
762 586 655 472
78 1061 54 471
135 1061 167 471
305 1061 76 471
384 1061 37 471
424 1061 37 471
464 1061 36 471
503 1061 37 471
543 1061 89 471
635 1061 124 471
762 1061 655 471
11 1538 1406 100
11 1641 64 69
78 1641 54 69
134 1641 168 69
305 1641 76 69
424 1641 37 69
464 1641 36 69
503 1641 37 69
543 1641 95 69
640 1641 216 69
860 1641 557 69
11 1713 64 318
78 1713 54 318
134 1713 168 318
305 1713 76 318
384 1713 37 318
424 1713 37 318
464 1713 36 318
503 1713 37 318
543 1713 95 318
641 1713 215 318
860 1713 557 318
11 2037 1406 102
11 2142 64 86
78 2142 54 86
134 2142 168 86
305 2142 76 86
384 2142 37 86
424 2142 37 86
464 2142 36 86
503 2142 37 86
543 2142 95 86
640 2142 171 86
814 2142 603 86
11 2231 64 643
78 2231 54 321
134 2231 168 321
305 2231 76 321
384 2231 37 321
424 2231 37 321
464 2231 36 321
503 2231 37 321
543 2231 95 321
641 2231 170 321
814 2231 603 321
78 2554 54 320
134 2554 168 320
305 2554 76 320
384 2554 37 320
424 2554 37 320
464 2554 36 320
503 2554 37 320
543 2554 95 320
641 2554 170 320
814 2554 603 320
11 2880 64 642
78 2880 54 319
134 2880 168 319
305 2880 76 319
384 2880 37 319
424 2880 37 319
464 2880 36 319
503 2880 37 319
543 2880 95 319
641 2880 170 319
814 2880 603 319
78 3202 54 320
134 3202 168 320
305 3202 76 320
384 3202 37 320
424 3202 37 320
464 3202 36 320
503 3202 37 320
543 3202 95 320
641 3202 170 320
814 3202 603 320
11 3528 64 639
78 3528 54 319
134 3528 168 319
305 3528 76 319
384 3528 37 319
424 3528 37 319
464 3528 36 319
503 3528 37 319
543 3528 95 319
641 3528 170 319
814 3528 603 319
78 3850 54 317
134 3850 168 317
305 3850 76 317
384 3850 37 317
424 3850 37 317
464 3850 36 317
503 3850 37 317
543 3850 95 317
641 3850 170 317
814 3850 603 317
