1925 254 916 87
1925 343 123 35
2050 343 469 35
2520 343 321 35
1925 379 123 35
2050 379 469 35
2520 379 321 35
1925 415 123 35
2050 415 469 35
2520 415 321 35
1925 452 123 34
2050 452 469 34
2520 452 321 34
1925 488 123 35
2050 488 469 35
2520 488 321 35
1925 524 123 35
2050 524 469 35
2520 524 321 35
1925 560 123 35
2050 560 469 35
2520 560 321 35
1925 596 123 35
2050 596 469 35
2520 596 321 35
1925 633 123 34
2050 633 469 34
2520 633 321 34
1925 669 123 35
2050 669 469 35
2520 669 321 35
1925 705 123 35
2050 705 469 35
2520 705 321 35
1925 741 123 35
2050 741 469 35
2520 741 321 35
1925 777 123 35
2050 777 469 35
2520 777 321 35
1925 814 123 34
2050 814 469 34
2520 814 321 34
1925 850 123 35
2050 850 469 35
2520 850 321 35
1925 886 123 35
2050 886 469 35
2520 886 321 35
1925 922 123 35
2050 922 469 35
2520 922 321 35
1925 958 123 35
2050 958 469 35
2520 958 321 35
1925 995 123 34
2050 995 469 34
2520 995 321 34
1925 1031 123 35
2050 1031 469 35
2520 1031 321 35
1925 1067 123 35
2050 1067 469 35
2520 1067 321 35
1925 1103 123 35
2050 1103 469 35
2520 1103 321 35
1925 1139 123 35
2050 1139 469 35
2520 1139 321 35
1925 1176 123 34
2050 1176 469 34
2520 1176 321 34
1925 1212 123 35
2050 1212 469 35
2520 1212 321 35
1925 1248 123 35
2050 1248 469 35
2520 1248 321 35
1925 1284 123 35
2050 1284 469 35
2520 1284 321 35
1925 1321 123 34
2050 1321 469 34
2520 1321 321 34
1925 1357 123 34
2050 1357 469 34
2520 1357 321 34
1925 1393 123 35
2050 1393 469 35
2520 1393 321 35
1925 1429 123 35
2050 1429 469 35
2520 1429 321 35
1925 1465 123 35
2050 1465 469 35
2520 1465 321 35
1925 1502 123 34
2050 1502 469 34
2520 1502 321 34
1925 1538 123 35
2050 1538 469 35
2520 1538 321 35
1925 1574 123 35
2050 1574 469 35
2520 1574 321 35
1925 1610 123 35
2050 1610 469 35
2520 1610 321 35
1925 1646 123 35
2050 1646 469 35
2520 1646 321 35
1925 1683 123 34
2050 1683 469 34
2520 1683 321 34
1925 1719 123 35
2050 1719 469 35
2520 1719 321 35
1925 1755 123 35
2050 1755 469 35
2520 1755 321 35
1925 1791 123 35
2050 1791 469 35
2520 1791 321 35
1925 1827 123 35
2050 1827 469 35
2520 1827 321 35
1925 1864 123 34
2050 1864 469 34
2520 1864 321 34
1925 1900 123 35
2050 1900 469 35
2520 1900 321 35
1925 1936 123 35
2050 1936 469 35
2520 1936 321 35
1925 1972 123 35
2050 1972 469 35
2520 1972 321 35
1925 2008 123 35
2050 2008 469 35
2520 2008 321 35
1925 2045 123 34
2050 2045 469 34
2520 2045 321 34
1925 2081 123 35
2050 2081 469 35
2520 2081 321 35
1925 2117 123 35
2050 2117 469 35
2520 2117 321 35
1925 2153 123 35
2050 2153 469 35
2520 2153 321 35
1925 2190 123 34
2050 2190 469 34
2520 2190 321 34
1925 2226 123 34
2050 2226 469 34
2520 2226 321 34
1925 2262 123 35
2050 2262 469 35
2520 2262 321 35
1925 2298 123 35
2050 2298 469 35
2520 2298 321 35
1925 2334 123 35
2050 2334 469 35
2520 2334 321 35
1925 2371 123 34
2050 2371 469 34
2520 2371 321 34
1925 2407 123 35
2050 2407 469 35
2520 2407 321 35
1925 2443 123 35
2050 2443 469 35
2520 2443 321 35
1925 2479 123 35
2050 2479 469 35
2520 2479 321 35
1925 2515 123 35
2050 2515 469 35
2520 2515 321 35
1925 2552 123 34
2050 2552 469 34
2520 2552 321 34
1925 2588 123 35
2050 2588 469 35
2520 2588 321 35
1925 2624 123 35
2050 2624 469 35
2520 2624 321 35
1925 2660 123 35
2050 2660 469 35
2520 2660 321 35
1925 2696 123 35
2050 2696 469 35
2520 2696 321 35
1925 2733 123 34
2050 2733 469 34
2520 2733 321 34
1925 2769 123 35
2050 2769 469 35
2520 2769 321 35
1925 2805 123 35
2050 2805 469 35
2520 2805 321 35
1925 2841 123 35
2050 2841 469 35
2520 2841 321 35
1925 2877 123 35
2050 2877 469 35
2520 2877 321 35
1925 2914 123 34
2050 2914 469 34
2520 2914 321 34
1925 2950 123 35
2050 2950 469 35
2520 2950 321 35
1925 2986 123 35
2050 2986 469 35
2520 2986 321 35
1925 3022 123 34
2050 3022 469 34
2520 3022 321 34
1925 3143 916 88
1925 3232 123 35
2050 3232 469 35
2520 3232 321 35
1925 3268 123 35
2050 3268 469 35
2520 3268 321 35
1925 3305 123 34
2050 3305 469 34
2520 3305 321 34
1925 3341 123 35
2050 3341 469 35
2520 3341 321 35
1925 3377 123 35
2050 3377 469 35
2520 3377 321 35
1925 3413 123 35
2050 3413 469 35
2520 3413 321 35
1925 3449 123 35
2050 3449 469 35
2520 3449 321 35
1925 3486 123 34
2050 3486 469 34
2520 3486 321 34
1925 3522 123 35
2050 3522 469 35
2520 3522 321 35
1925 3558 123 35
2050 3558 469 35
2520 3558 321 35
1925 3594 123 35
2050 3594 469 35
2520 3594 321 35
1925 3630 123 35
2050 3630 469 35
2520 3630 321 35
1925 3667 123 34
2050 3667 469 34
2520 3667 321 34
1925 3703 123 35
2050 3703 469 35
2520 3703 321 35
1925 3739 123 35
2050 3739 469 35
2520 3739 321 35
1925 3775 123 35
2050 3775 469 35
2520 3775 321 35
1925 3812 123 34
2050 3812 469 34
2520 3812 321 34
1925 3848 123 34
2050 3848 469 34
2520 3848 321 34
1925 3884 123 35
2050 3884 469 35
2520 3884 321 35
1925 3920 123 35
2050 3920 469 35
2520 3920 321 35
1925 3956 123 35
2050 3956 469 35
2520 3956 321 35
1925 3993 123 34
2050 3993 469 34
2520 3993 321 34
1925 4029 123 35
2050 4029 469 35
2520 4029 321 35
1925 4065 123 35
2050 4065 469 35
2520 4065 321 35
1925 4101 123 34
2050 4101 469 34
2520 4101 321 34
