1154 1765 86 32
1242 1765 70 32
1314 1765 430 32
1746 1765 668 32
2416 1765 121 32
2539 1765 239 32
1154 1799 86 592
1242 1799 70 33
1314 1799 430 33
1746 1799 668 33
2416 1799 121 33
2539 1799 239 33
1242 1834 70 33
1314 1834 430 33
1746 1834 668 33
2416 1834 121 33
2539 1834 239 33
1242 1869 70 33
1314 1869 430 33
1746 1869 668 33
2416 1869 121 33
2539 1869 239 33
1242 1904 70 33
1314 1904 430 33
1746 1904 668 33
2416 1904 121 33
2539 1904 239 33
1242 1939 70 33
1314 1939 430 33
1746 1939 668 33
2416 1939 121 33
2539 1939 239 33
1242 1974 70 33
1314 1974 430 33
1746 1974 668 33
2416 1974 121 33
2539 1974 239 33
1242 2009 70 32
1314 2009 430 32
1746 2009 668 32
2416 2009 121 32
2539 2009 239 32
1242 2043 70 33
1314 2043 430 33
1746 2043 668 33
2416 2043 121 33
2539 2043 239 33
1242 2078 70 34
1314 2078 430 34
1746 2078 668 34
2416 2078 121 34
2539 2078 239 34
1242 2113 70 33
1314 2113 430 33
1746 2113 668 33
2416 2113 121 33
2539 2113 239 33
1242 2148 70 33
1314 2148 430 33
1746 2148 668 33
2416 2148 121 33
2539 2148 239 33
1242 2183 70 33
1314 2183 430 33
1746 2183 668 33
2416 2183 121 33
2539 2183 239 33
1242 2218 70 33
1314 2218 430 33
1746 2218 668 33
2416 2218 121 33
2539 2218 239 33
1242 2253 70 33
1314 2253 430 33
1746 2253 668 33
2416 2253 121 33
2539 2253 239 33
1242 2288 70 33
1314 2288 430 33
1746 2288 668 33
2416 2288 121 33
2539 2288 239 33
1242 2323 70 33
1314 2323 430 33
1746 2323 668 33
2416 2323 121 33
2539 2323 239 33
1242 2358 70 33
1314 2358 430 33
1746 2358 668 33
2416 2358 121 33
2539 2358 239 33
1154 2393 86 383
1242 2393 70 33
1314 2393 430 33
1746 2393 668 33
2416 2393 121 33
2539 2393 239 33
1242 2428 70 33
1314 2428 430 33
1746 2428 668 33
2416 2428 121 33
2539 2428 239 33
1242 2463 70 33
1314 2463 430 33
1746 2463 668 33
2416 2463 121 33
2539 2463 239 33
1242 2498 70 33
1314 2498 430 33
1746 2498 668 33
2416 2498 121 33
2539 2498 239 33
1242 2533 70 33
1314 2533 430 33
1746 2533 668 33
2416 2533 121 33
2539 2533 239 33
1242 2568 70 33
1314 2568 430 33
1746 2568 668 33
2416 2568 121 33
2539 2568 239 33
1242 2603 70 33
1314 2603 430 33
1746 2603 668 33
2416 2603 121 33
2539 2603 239 33
1242 2638 70 32
1314 2638 430 32
1746 2638 668 32
2416 2638 121 32
2539 2638 239 32
1242 2672 70 34
1314 2672 430 34
1746 2672 668 34
2416 2672 121 34
2539 2672 239 34
1242 2707 70 33
1314 2707 430 33
1746 2707 668 33
2416 2707 121 33
2539 2707 239 33
1242 2742 70 34
1314 2742 430 34
1746 2742 668 34
2416 2742 121 34
2539 2742 239 34
1154 2778 86 207
1242 2778 70 32
1314 2778 430 32
1746 2778 668 32
2416 2778 121 32
2539 2778 239 32
1242 2812 70 33
1314 2812 430 33
1746 2812 668 33
2416 2812 121 33
2539 2812 239 33
1242 2847 70 33
1314 2847 430 33
1746 2847 668 33
2416 2847 121 33
2539 2847 239 33
1242 2882 70 33
1314 2882 430 33
1746 2882 668 33
2416 2882 121 33
2539 2882 239 33
1242 2917 70 33
1314 2917 430 33
1746 2917 668 33
2416 2917 121 33
2539 2917 239 33
1242 2952 70 33
1314 2952 430 33
1746 2952 668 33
2416 2952 121 33
2539 2952 239 33
1154 2987 86 68
1242 2987 70 33
1314 2987 430 33
1746 2987 668 33
2416 2987 121 33
2539 2987 239 33
1242 3022 70 33
1314 3022 430 33
1746 3022 668 33
2416 3022 121 33
2539 3022 239 33
1154 3057 86 452
1242 3057 70 33
1314 3057 430 33
1746 3057 668 33
2416 3057 121 33
2539 3057 239 33
1242 3092 70 33
1314 3092 430 33
1746 3092 668 33
2416 3092 121 33
2539 3092 239 33
1242 3127 70 33
1314 3127 430 33
1746 3127 668 33
2416 3127 121 33
2539 3127 239 33
1242 3162 70 33
1314 3162 430 33
1746 3162 668 33
2416 3162 121 33
2539 3162 239 33
1242 3197 70 33
1314 3197 430 33
1746 3197 668 33
2416 3197 121 33
2539 3197 239 33
1242 3232 70 33
1314 3232 430 33
1746 3232 668 33
2416 3232 121 33
2539 3232 239 33
1242 3267 70 33
1314 3267 430 33
1746 3267 668 33
2416 3267 121 33
2539 3267 239 33
1242 3302 70 33
1314 3302 430 33
1746 3302 668 33
2416 3302 121 33
2539 3302 239 33
1242 3336 70 34
1314 3336 430 34
1746 3336 668 34
2416 3336 121 34
2539 3336 239 34
1242 3372 70 32
1314 3372 430 32
1746 3372 668 32
2416 3372 121 32
2539 3372 239 32
1242 3406 70 33
1314 3406 430 33
1746 3406 668 33
2416 3406 121 33
2539 3406 239 33
1242 3441 70 33
1314 3441 430 33
1746 3441 668 33
2416 3441 121 33
2539 3441 239 33
1242 3476 70 33
1314 3476 430 33
1746 3476 668 33
2416 3476 121 33
2539 3476 239 33
1154 3511 86 417
1242 3511 70 33
1314 3511 430 33
1746 3511 668 33
2416 3511 121 33
2539 3511 239 33
1242 3546 70 33
1314 3546 430 33
1746 3546 668 33
2416 3546 121 33
2539 3546 239 33
1242 3581 70 33
1314 3581 430 33
1746 3581 668 33
2416 3581 121 33
2539 3581 239 33
1242 3616 70 33
1314 3616 430 33
1746 3616 668 33
2416 3616 121 33
2539 3616 239 33
1242 3651 70 33
1314 3651 430 33
1746 3651 668 33
2416 3651 121 33
2539 3651 239 33
1242 3686 70 33
1314 3686 430 33
1746 3686 668 33
2416 3686 121 33
2539 3686 239 33
1242 3721 70 33
1314 3721 430 33
1746 3721 668 33
2416 3721 121 33
2539 3721 239 33
1242 3756 70 33
1314 3756 430 33
1746 3756 668 33
2416 3756 121 33
2539 3756 239 33
1242 3791 70 33
1314 3791 430 33
1746 3791 668 33
2416 3791 121 33
2539 3791 239 33
1242 3826 70 33
1314 3826 430 33
1746 3826 668 33
2416 3826 121 33
2539 3826 239 33
1242 3861 70 33
1314 3861 430 33
1746 3861 668 33
2416 3861 121 33
2539 3861 239 33
1242 3896 70 32
1314 3896 430 32
1746 3896 668 32
2416 3896 121 32
2539 3896 239 32
