15 14 3200 250
15 266 3200 140
15 408 1605 43
1639 408 1576 43
15 453 51 89
68 453 44 89
114 453 344 89
460 453 43 89
505 453 55 89
562 453 43 89
607 453 55 89
664 453 54 89
720 453 163 89
885 453 281 89
1168 453 452 89
1639 453 54 89
1695 453 44 89
1741 453 344 89
2087 453 43 89
2132 453 55 89
2189 453 43 89
2234 453 55 89
2291 453 54 89
2347 453 169 89
2518 453 275 89
2795 453 420 89
15 544 51 3895
68 544 44 556
114 544 344 556
460 544 43 556
505 544 55 556
562 544 43 556
607 544 55 556
664 544 54 556
720 544 163 556
885 544 281 556
1168 544 452 556
1639 544 54 656
1695 544 44 353
1741 544 344 353
2087 544 43 353
2132 544 55 353
2189 544 43 353
2234 544 55 353
2291 544 54 353
2347 544 169 353
2518 544 275 353
2795 544 420 353
1696 899 43 301
1741 899 344 301
2087 899 43 301
2132 899 55 301
2189 899 43 301
2234 899 55 301
2291 899 54 301
2347 899 169 301
2518 899 275 301
2795 899 420 301
68 1102 44 555
114 1102 344 555
460 1102 43 555
505 1102 55 555
562 1102 43 555
607 1102 55 555
664 1102 54 555
720 1102 163 555
885 1102 281 555
1168 1102 452 555
1639 1206 54 754
1695 1206 44 381
1741 1206 344 381
2087 1206 43 381
2132 1206 55 381
2189 1206 43 381
2234 1206 55 381
2291 1206 54 381
2347 1206 169 381
2518 1206 275 381
2795 1206 420 381
1695 1589 44 371
1741 1589 344 371
2087 1589 43 371
2132 1589 55 371
2189 1589 43 371
2234 1589 55 371
2291 1589 54 371
2347 1589 169 371
2518 1589 275 371
2795 1589 420 371
68 1659 44 520
114 1659 344 520
460 1659 43 520
505 1659 55 520
562 1659 43 520
607 1659 55 520
664 1659 54 520
720 1659 163 520
885 1659 281 520
1168 1659 452 520
1639 1966 54 703
1695 1966 44 351
1741 1966 344 351
2087 1966 43 351
2132 1966 55 351
2189 1966 43 351
2234 1966 55 351
2291 1966 54 351
2347 1966 169 351
2518 1966 275 351
2795 1966 420 351
68 2181 44 624
114 2181 344 624
460 2181 43 624
505 2181 55 624
562 2181 43 624
607 2181 55 624
664 2181 54 624
720 2181 163 624
885 2181 281 624
1168 2181 452 624
1695 2319 44 350
1741 2319 344 350
2087 2319 43 350
2132 2319 55 350
2189 2319 43 350
2234 2319 55 350
2291 2319 54 350
2347 2319 169 350
2518 2319 275 350
2795 2319 420 350
1639 2675 54 704
1695 2675 44 357
1741 2675 344 357
2087 2675 43 357
2132 2675 55 357
2189 2675 43 357
2234 2675 55 357
2291 2675 54 357
2347 2675 169 357
2518 2675 275 357
2795 2675 420 357
68 2807 44 524
114 2807 344 524
460 2807 43 524
505 2807 55 524
562 2807 43 524
607 2807 55 524
664 2807 54 524
720 2807 163 524
885 2807 281 524
1168 2807 452 524
1695 3034 44 345
1741 3034 344 345
2087 3034 43 345
2132 3034 55 345
2189 3034 43 345
2234 3034 55 345
2291 3034 54 345
2347 3034 169 345
2518 3034 275 345
2795 3034 420 345
68 3333 44 555
114 3333 344 555
460 3333 43 555
505 3333 55 555
562 3333 43 555
607 3333 55 555
664 3333 54 555
720 3333 163 555
885 3333 281 555
1168 3333 452 555
1639 3385 54 705
1695 3385 44 351
1741 3385 344 351
2087 3385 43 351
2132 3385 55 351
2189 3385 43 351
2234 3385 55 351
2291 3385 54 351
2347 3385 169 351
2518 3385 275 351
2795 3385 420 351
1695 3738 44 352
1741 3738 344 352
2087 3738 43 352
2132 3738 55 352
2189 3738 43 352
2234 3738 55 352
2291 3738 54 352
2347 3738 169 352
2518 3738 275 352
2795 3738 420 352
68 3890 44 549
114 3890 344 549
460 3890 43 549
505 3890 55 549
562 3890 43 549
607 3890 55 549
664 3890 54 549
720 3890 163 549
885 3890 281 549
1168 3890 452 549
1639 4094 54 345
1695 4094 44 345
1741 4094 344 345
2087 4094 43 345
2132 4094 55 345
2189 4094 43 345
2234 4094 55 345
2291 4094 54 345
2347 4094 169 345
2518 4094 275 345
2795 4094 420 345
