1918 189 916 57
1918 247 122 30
2042 247 469 30
2512 247 322 30
1918 279 122 30
2042 279 469 30
2512 279 322 30
1918 310 122 30
2042 310 469 30
2512 310 322 30
1918 342 122 30
2042 342 469 30
2512 342 322 30
1918 373 122 30
2042 373 469 30
2512 373 322 30
1918 405 122 30
2042 405 469 30
2512 405 322 30
1918 436 122 30
2042 436 469 30
2512 436 322 30
1918 468 122 30
2042 468 469 30
2512 468 322 30
1918 499 122 30
2042 499 469 30
2512 499 322 30
1918 531 122 30
2042 531 469 30
2512 531 322 30
1918 562 122 30
2042 562 469 30
2512 562 322 30
1918 593 122 30
2042 593 469 30
2512 593 322 30
1918 625 122 30
2042 625 469 30
2512 625 322 30
1918 656 122 30
2042 656 469 30
2512 656 322 30
1918 688 122 30
2042 688 469 30
2512 688 322 30
1918 719 122 30
2042 719 469 30
2512 719 322 30
1918 751 122 30
2042 751 469 30
2512 751 322 30
1918 782 122 30
2042 782 469 30
2512 782 322 30
1918 814 122 30
2042 814 469 30
2512 814 322 30
1918 845 122 30
2042 845 469 30
2512 845 322 30
1918 877 122 30
2042 877 469 30
2512 877 322 30
1918 908 122 30
2042 908 469 30
2512 908 322 30
1918 940 122 30
2042 940 469 30
2512 940 322 30
1918 971 122 30
2042 971 469 30
2512 971 322 30
1918 1003 122 30
2042 1003 469 30
2512 1003 322 30
1918 1034 122 30
2042 1034 469 30
2512 1034 322 30
1918 1066 122 30
2042 1066 469 30
2512 1066 322 30
1918 1097 122 30
2042 1097 469 30
2512 1097 322 30
1918 1128 122 30
2042 1128 469 30
2512 1128 322 30
1918 1160 122 30
2042 1160 469 30
2512 1160 322 30
1918 1191 122 30
2042 1191 469 30
2512 1191 322 30
1918 1223 122 30
2042 1223 469 30
2512 1223 322 30
1918 1254 122 30
2042 1254 469 30
2512 1254 322 30
1918 1286 122 30
2042 1286 469 30
2512 1286 322 30
1918 1317 122 30
2042 1317 469 30
2512 1317 322 30
1918 1349 122 30
2042 1349 469 30
2512 1349 322 30
1918 1380 122 30
2042 1380 469 30
2512 1380 322 30
1918 1412 122 30
2042 1412 469 30
2512 1412 322 30
1918 1443 122 30
2042 1443 469 30
2512 1443 322 30
1918 1475 122 30
2042 1475 469 30
2512 1475 322 30
1918 1506 122 30
2042 1506 469 30
2512 1506 322 30
1918 1538 122 30
2042 1538 469 30
2512 1538 322 30
1918 1569 122 30
2042 1569 469 30
2512 1569 322 30
1918 1601 122 30
2042 1601 469 30
2512 1601 322 30
1918 1632 122 30
2042 1632 469 30
2512 1632 322 30
1918 1663 122 30
2042 1663 469 30
2512 1663 322 30
1918 1695 122 30
2042 1695 469 30
2512 1695 322 30
1918 1726 122 30
2042 1726 469 30
2512 1726 322 30
1918 1758 122 30
2042 1758 469 30
2512 1758 322 30
1918 1789 122 30
2042 1789 469 30
2512 1789 322 30
1918 1821 122 30
2042 1821 469 30
2512 1821 322 30
1918 1852 122 30
2042 1852 469 30
2512 1852 322 30
1918 1884 122 30
2042 1884 469 30
2512 1884 322 30
1918 1915 122 30
2042 1915 469 30
2512 1915 322 30
1918 1947 122 30
2042 1947 469 30
2512 1947 322 30
1918 1978 122 30
2042 1978 469 30
2512 1978 322 30
1918 2010 122 30
2042 2010 469 30
2512 2010 322 30
1918 2041 122 30
2042 2041 469 30
2512 2041 322 30
1918 2073 122 30
2042 2073 469 30
2512 2073 322 30
1918 2104 122 30
2042 2104 469 30
2512 2104 322 30
1918 2136 122 30
2042 2136 469 30
2512 2136 322 30
1918 2167 122 30
2042 2167 469 30
2512 2167 322 30
1918 2198 122 30
2042 2198 469 30
2512 2198 322 30
1918 2230 122 30
2042 2230 469 30
2512 2230 322 30
1918 2261 122 30
2042 2261 469 30
2512 2261 322 30
1918 2293 122 30
2042 2293 469 30
2512 2293 322 30
1918 2324 122 30
2042 2324 469 30
2512 2324 322 30
1918 2356 122 30
2042 2356 469 30
2512 2356 322 30
1918 2387 122 30
2042 2387 469 30
2512 2387 322 30
1918 2481 916 56
1918 2539 122 30
2042 2539 469 30
2512 2539 322 30
1918 2570 122 30
2042 2570 469 30
2512 2570 322 30
1918 2601 122 30
2042 2601 469 30
2512 2601 322 30
1918 2633 122 30
2042 2633 469 30
2512 2633 322 30
1918 2664 122 30
2042 2664 469 30
2512 2664 322 30
1918 2696 122 30
2042 2696 469 30
2512 2696 322 30
1918 2727 122 30
2042 2727 469 30
2512 2727 322 30
1918 2759 122 30
2042 2759 469 30
2512 2759 322 30
1918 2790 122 30
2042 2790 469 30
2512 2790 322 30
1918 2822 122 30
2042 2822 469 30
2512 2822 322 30
1918 2853 122 30
2042 2853 469 30
2512 2853 322 30
1918 2885 122 30
2042 2885 469 30
2512 2885 322 30
1918 2916 122 30
2042 2916 469 30
2512 2916 322 30
1918 2948 122 30
2042 2948 469 30
2512 2948 322 30
1918 2979 122 30
2042 2979 469 30
2512 2979 322 30
1918 3011 122 30
2042 3011 469 30
2512 3011 322 30
1918 3042 122 30
2042 3042 469 30
2512 3042 322 30
1918 3074 122 30
2042 3074 469 30
2512 3074 322 30
1918 3105 122 30
2042 3105 469 30
2512 3105 322 30
1918 3136 122 30
2042 3136 469 30
2512 3136 322 30
1918 3168 122 29
2042 3168 469 29
2512 3168 322 29
1918 3261 916 57
1918 3319 122 30
2042 3319 469 30
2512 3319 322 30
1918 3351 122 30
2042 3351 469 30
2512 3351 322 30
1918 3382 122 30
2042 3382 469 30
2512 3382 322 30
1918 3414 122 30
2042 3414 469 30
2512 3414 322 30
1918 3445 122 30
2042 3445 469 30
2512 3445 322 30
1918 3476 122 31
2042 3476 469 31
2512 3476 322 31
1918 3508 122 30
2042 3508 469 30
2512 3508 322 30
1918 3539 122 30
2042 3539 469 30
2512 3539 322 30
1918 3571 122 30
2042 3571 469 30
2512 3571 322 30
1918 3602 122 30
2042 3602 469 30
2512 3602 322 30
1918 3634 122 30
2042 3634 469 30
2512 3634 322 30
1918 3665 122 30
2042 3665 469 30
2512 3665 322 30
1918 3697 122 30
2042 3697 469 30
2512 3697 322 30
1918 3728 122 30
2042 3728 469 30
2512 3728 322 30
1918 3760 122 30
2042 3760 469 30
2512 3760 322 30
1918 3791 122 30
2042 3791 469 30
2512 3791 322 30
1918 3823 122 30
2042 3823 469 30
2512 3823 322 30
1918 3854 122 30
2042 3854 469 30
2512 3854 322 30
1918 3886 122 30
2042 3886 469 30
2512 3886 322 30
1918 3917 122 30
2042 3917 469 30
2512 3917 322 30
1918 3949 122 30
2042 3949 469 30
2512 3949 322 30
1918 3980 122 30
2042 3980 469 30
2512 3980 322 30
1918 4012 122 30
2042 4012 469 30
2512 4012 322 30
1918 4043 122 30
2042 4043 469 30
2512 4043 322 30
1918 4074 122 30
2042 4074 469 30
2512 4074 322 30
1918 4106 122 29
2042 4106 469 29
2512 4106 322 29
1612 3851 22 33
1613 3904 21 33
1725 3904 24 34
1752 3904 26 33
1612 3958 23 33
1725 3958 23 32
1751 3958 30 33
1612 4039 22 33
1724 4049 24 24
