4 5 1062 46
4 55 1062 41
537 101 529 1452
4 120 36 21
41 120 68 21
110 120 24 21
196 120 33 21
230 120 87 21
318 120 215 21
4 145 36 134
41 145 68 134
110 145 24 57
196 145 33 134
230 145 87 134
318 145 215 134
110 223 24 56
4 280 36 135
41 280 68 135
110 280 24 58
196 280 33 135
230 280 87 135
318 280 215 135
110 384 24 31
4 416 36 136
41 416 68 31
110 416 24 136
196 416 33 136
230 417 87 135
318 417 215 135
41 530 68 22
4 553 36 135
41 553 68 135
110 553 24 91
196 553 33 135
230 553 87 135
318 553 215 135
110 666 24 22
4 692 529 861
