165 167 3038 122
165 297 3038 121
165 426 1513 62
1686 426 1517 62
165 492 115 64
283 492 168 64
454 492 67 64
524 492 27 64
584 492 27 64
614 492 28 64
645 492 150 64
798 492 295 64
1096 492 582 64
1686 492 59 64
1748 492 55 64
1806 492 168 64
1977 492 67 64
2047 492 27 64
2077 492 27 64
2107 492 27 64
2137 492 28 64
2168 492 150 64
2321 492 295 64
2619 492 584 64
165 560 115 564
283 560 168 182
454 560 67 564
524 560 27 564
554 560 27 564
584 560 27 564
614 560 28 564
645 560 150 564
798 560 295 564
1096 560 582 564
1686 560 59 363
1748 560 55 363
1806 560 168 90
1977 560 67 363
2047 560 27 363
2077 560 27 363
2107 560 27 363
2137 560 28 363
2168 560 150 363
2321 560 295 363
2619 560 584 363
283 787 25 22
1806 864 168 59
1686 927 59 364
1748 927 55 364
1806 927 168 102
1977 927 67 364
2047 927 27 364
2077 927 27 364
2107 927 27 364
2137 927 28 364
2168 927 150 364
2321 927 295 364
2619 927 584 364
283 947 168 177
165 1128 115 565
283 1128 168 185
454 1128 67 565
524 1128 27 565
554 1128 27 565
584 1128 27 565
614 1128 28 565
645 1128 150 565
798 1128 295 565
1096 1128 582 565
1806 1230 168 61
1686 1295 59 732
1748 1295 55 364
1806 1295 168 86
1977 1295 67 364
2047 1295 27 364
2077 1295 27 364
2107 1295 27 364
2137 1295 28 364
2168 1295 150 364
2321 1295 295 364
2619 1295 584 364
1947 1439 27 25
283 1516 168 177
1806 1598 168 61
1748 1663 55 364
1806 1663 168 84
1977 1663 67 364
2047 1663 27 364
2077 1663 27 364
2107 1663 27 364
2137 1663 28 364
2168 1663 150 364
2321 1663 295 364
2619 1663 584 364
165 1697 115 562
283 1697 168 179
454 1697 67 562
524 1697 27 562
554 1697 27 266
584 1697 27 562
614 1697 28 562
645 1697 150 562
798 1697 295 562
1096 1697 582 562
1806 1958 168 69
554 1983 27 276
1686 2031 59 1467
1748 2031 55 364
1806 2031 168 269
1977 2031 67 364
2047 2031 27 364
2077 2031 27 364
2107 2031 27 364
2137 2031 28 364
2168 2031 150 364
2321 2031 295 364
2619 2031 584 364
283 2078 168 181
165 2267 1513 62
1806 2328 168 67
165 2333 113 61
281 2333 168 61
452 2333 67 61
522 2333 27 61
552 2333 27 36
582 2333 27 61
612 2333 28 50
643 2333 150 61
796 2333 294 61
1093 2333 585 61
165 2398 113 364
281 2398 168 364
452 2398 67 364
522 2398 27 364
552 2398 27 364
582 2398 27 364
612 2398 28 364
643 2398 150 364
796 2398 294 364
1093 2398 585 364
1748 2399 55 363
1806 2399 168 247
1977 2399 67 363
2047 2399 27 363
2077 2399 27 363
2107 2399 27 363
2137 2399 28 363
2168 2399 150 363
2321 2399 295 363
2619 2399 584 363
1806 2693 168 69
165 2766 113 364
281 2766 168 82
452 2766 67 364
522 2766 27 364
552 2766 27 364
582 2766 27 364
612 2766 28 364
643 2766 150 364
796 2766 294 364
1093 2766 585 364
1748 2766 55 364
1806 2766 168 262
1977 2766 67 364
2047 2766 27 364
2077 2766 27 364
2107 2766 27 364
2137 2766 28 364
2168 2766 150 364
2321 2766 295 364
2619 2766 584 364
1806 3058 168 72
281 3060 168 70
165 3134 113 364
281 3134 168 83
452 3134 67 364
522 3134 27 364
552 3134 27 364
582 3134 27 364
612 3134 28 364
643 3134 150 364
796 3134 294 364
1093 3134 585 364
1748 3134 55 364
1806 3134 168 82
1977 3134 67 364
2047 3134 27 364
2077 3134 27 364
2107 3134 27 364
2137 3134 28 364
2168 3134 150 364
2321 3134 295 364
2619 3134 584 364
281 3429 168 69
1806 3432 168 66
165 3502 113 364
281 3502 168 81
452 3502 67 364
522 3502 27 364
552 3502 27 364
582 3502 27 364
612 3502 28 364
643 3502 150 364
796 3502 294 364
1093 3502 585 364
1686 3502 59 731
1748 3502 55 364
1806 3502 168 81
1977 3502 67 364
2047 3502 27 364
2077 3502 27 364
2107 3502 27 364
2137 3502 28 364
2168 3502 150 364
2321 3502 295 364
2619 3502 584 364
281 3797 168 69
1806 3798 168 68
165 3870 113 363
281 3870 168 79
452 3870 67 363
522 3870 27 363
552 3870 27 363
582 3870 27 363
612 3870 28 363
643 3870 150 363
796 3870 294 363
1093 3870 585 363
1748 3870 55 363
1806 3870 168 363
1977 3870 67 363
2047 3870 27 363
2077 3870 27 363
2107 3870 27 363
2137 3870 28 363
2168 3870 150 363
2321 3870 295 363
2619 3870 584 363
281 4163 168 70
165 4237 113 360
281 4237 168 273
452 4237 67 360
522 4237 27 360
552 4237 27 360
582 4237 27 360
612 4237 28 360
643 4237 150 360
796 4237 294 360
1093 4237 585 360
1686 4237 59 361
1748 4237 55 361
1806 4237 168 88
1977 4237 67 361
2047 4237 27 361
2077 4237 27 361
2107 4237 27 361
2137 4237 28 361
2168 4237 150 361
2321 4237 295 361
2619 4237 584 361
1806 4375 24 28
1806 4536 168 62
281 4539 168 58
