11 11 2846 218
11 235 2846 221
11 462 78 94
92 462 252 94
347 462 111 94
461 462 87 94
551 462 88 94
642 462 88 94
733 462 88 94
823 462 253 94
1078 462 451 94
1532 462 1325 94
11 559 78 848
92 559 252 459
347 559 111 848
461 559 87 848
551 559 88 848
642 559 88 848
733 559 88 848
823 559 253 848
1078 559 451 848
1532 559 1325 848
162 1027 100 22
195 1153 66 254
92 1156 103 251
261 1156 83 251
11 1409 78 847
92 1409 252 268
347 1409 111 847
461 1409 87 847
551 1409 88 847
642 1409 88 847
733 1409 88 847
823 1409 253 847
1078 1409 451 847
1532 1409 1325 847
314 1753 30 139
92 1763 49 106
92 1995 163 261
258 1995 86 261
11 2261 2846 1906
