179 227 2851 227
179 456 2851 134
179 592 2851 83
179 677 87 83
269 677 213 83
485 677 76 83
564 677 99 83
666 677 60 83
729 677 99 83
831 677 99 83
933 677 263 83
1199 677 388 83
1590 677 1440 83
179 763 87 365
269 763 213 365
485 763 76 365
564 763 99 365
666 763 60 365
729 763 99 365
831 763 99 365
933 763 263 365
1199 763 388 365
1590 763 1440 365
179 1131 87 366
269 1131 213 366
485 1131 76 366
564 1131 99 366
666 1131 60 366
729 1131 99 366
831 1131 99 366
933 1131 263 366
1199 1131 388 366
1590 1131 1440 366
179 1500 87 365
269 1500 213 365
485 1500 76 365
564 1500 99 365
666 1500 60 365
729 1500 99 365
831 1500 99 365
933 1500 263 365
1199 1500 388 365
1590 1500 1440 365
179 1868 87 364
269 1868 213 364
485 1868 76 364
564 1868 99 364
666 1868 60 364
729 1868 99 364
831 1868 99 364
933 1868 263 364
1199 1868 388 364
1590 1868 1440 364
179 2238 2851 2105
