11 364 2810 241
14 610 63 139
80 610 65 139
148 610 224 139
375 610 150 139
528 610 37 139
568 610 37 139
608 610 36 139
647 610 37 139
687 610 139 139
829 610 133 139
965 610 454 139
1423 610 63 139
1489 610 65 139
1557 610 224 139
1784 610 150 139
1937 610 37 139
1977 610 37 139
2016 610 37 139
2056 610 37 139
2096 610 139 139
2237 610 134 139
2374 610 447 139
14 752 63 813
80 752 65 405
148 752 224 405
375 752 150 405
528 752 37 405
568 752 37 405
608 752 36 405
647 752 37 405
687 752 139 405
829 752 133 405
965 752 454 405
1423 752 63 813
1489 752 65 405
1557 752 224 405
1784 752 150 405
1937 752 37 405
1977 752 37 405
2016 752 37 405
2056 752 37 405
2096 752 139 405
2237 752 134 405
2374 752 447 405
80 1160 65 405
148 1160 224 405
375 1160 150 405
528 1160 37 405
568 1160 37 405
608 1160 36 405
647 1160 37 405
687 1160 139 405
829 1160 133 405
965 1160 454 405
1489 1160 65 405
1557 1160 224 405
1784 1160 150 405
1937 1160 37 405
1977 1160 37 405
2016 1160 37 405
2056 1160 37 405
2096 1160 139 405
2237 1160 134 405
2374 1160 447 405
14 1568 63 814
80 1568 65 406
148 1568 224 406
375 1568 150 406
528 1568 37 406
568 1568 37 406
608 1568 36 406
647 1568 37 406
687 1568 139 406
829 1568 133 406
965 1568 454 406
1423 1568 63 814
1489 1568 65 406
1557 1568 224 406
1784 1568 150 406
1937 1568 37 406
1977 1568 37 406
2016 1568 37 406
2056 1568 37 406
2096 1568 139 406
2237 1568 134 406
2374 1568 447 406
80 1976 65 406
148 1976 224 406
375 1976 150 406
528 1976 37 406
568 1976 37 406
608 1976 36 406
647 1976 37 406
687 1976 139 406
829 1976 133 406
965 1976 454 406
1489 1976 65 406
1557 1976 224 406
1784 1976 150 406
1937 1976 37 406
1977 1976 37 406
2016 1976 37 406
2056 1976 37 406
2096 1976 139 406
2237 1976 134 406
2374 1976 447 406
14 2385 63 1221
80 2385 65 405
148 2385 224 405
375 2385 150 405
528 2385 37 405
568 2385 37 405
608 2385 36 405
647 2385 37 405
687 2385 139 405
829 2385 133 405
965 2385 454 405
1423 2385 63 813
1489 2385 65 405
1557 2385 224 405
1784 2385 150 405
1937 2385 37 405
1977 2385 37 405
2016 2385 37 405
2056 2385 37 405
2096 2385 139 405
2237 2385 134 405
2374 2385 447 405
80 2793 65 405
148 2793 224 405
375 2793 150 405
528 2793 37 405
568 2793 37 405
608 2793 36 405
647 2793 37 405
687 2793 139 405
829 2793 133 405
965 2793 454 405
1489 2793 65 405
1557 2793 224 405
1784 2793 150 405
1937 2793 37 405
1977 2793 37 405
2016 2793 37 405
2056 2793 37 405
2096 2793 139 405
2237 2793 134 405
2374 2793 447 405
80 3201 65 405
148 3201 224 405
375 3201 150 405
528 3201 37 405
568 3201 37 405
608 3201 36 405
647 3201 37 405
687 3201 139 405
829 3201 133 405
965 3201 454 405
1423 3201 63 804
1489 3201 65 405
1557 3201 224 405
1784 3201 150 405
1937 3201 37 405
1977 3201 37 405
2016 3201 37 405
2056 3201 37 405
2096 3201 139 405
2237 3201 134 405
2374 3201 447 405
14 3609 63 396
80 3609 65 396
148 3609 224 396
375 3609 150 396
528 3609 37 396
568 3609 37 396
608 3609 36 396
647 3609 37 396
687 3609 139 396
829 3609 133 396
965 3609 454 396
1489 3609 65 396
1557 3609 224 396
1784 3609 150 396
1937 3609 37 396
1977 3609 37 396
2016 3609 37 396
2056 3609 37 396
2096 3609 139 396
2237 3609 134 396
2374 3609 447 396
