11 11 2846 207
11 224 2846 210
11 439 61 84
75 439 179 84
256 439 77 84
375 439 37 84
415 439 37 84
495 439 93 84
591 439 184 84
778 439 641 84
1421 439 26 3329
1450 439 65 84
1518 439 178 84
1699 439 77 84
1818 439 37 84
1858 439 37 84
1937 439 94 84
2034 439 184 84
2221 439 636 84
455 467 37 26
1898 467 37 26
336 491 37 32
1779 491 36 32
11 526 61 402
75 526 179 402
256 526 77 402
336 526 37 402
375 526 37 402
415 526 37 402
455 526 37 402
495 526 93 402
591 526 184 402
778 526 641 402
1450 526 65 402
1518 526 178 90
1699 526 77 402
1779 526 36 402
1818 526 37 402
1858 526 37 402
1898 526 37 402
1937 526 94 402
2034 526 184 402
2221 526 636 402
1663 665 33 21
1518 671 40 21
1518 845 178 83
11 931 61 403
75 931 179 91
256 931 77 403
336 931 37 403
375 931 37 403
415 931 37 403
455 931 37 403
495 931 93 403
591 931 184 403
778 931 641 403
1450 931 65 403
1518 931 178 93
1699 931 77 403
1779 931 36 403
1818 931 37 403
1858 931 37 403
1898 931 37 403
1937 931 94 403
2034 931 184 403
2221 931 636 403
1518 1066 38 22
75 1250 179 84
1518 1250 178 84
11 1336 61 403
75 1336 179 403
256 1336 77 403
336 1336 37 403
375 1336 37 403
415 1336 37 403
455 1336 37 403
495 1336 93 403
591 1336 184 403
778 1336 641 403
1450 1336 65 403
1518 1336 178 92
1699 1336 77 403
1779 1336 36 403
1818 1336 37 403
1858 1336 37 403
1898 1336 37 403
1937 1336 94 403
2034 1336 184 403
2221 1336 636 403
1518 1654 178 85
11 1742 61 402
75 1742 179 100
256 1742 77 402
336 1742 37 402
375 1742 37 402
415 1742 37 402
455 1742 37 402
495 1742 93 402
591 1742 184 402
778 1742 641 402
1450 1742 65 402
1518 1742 178 402
1699 1742 77 402
1779 1742 36 402
1818 1742 37 402
1858 1742 37 402
1898 1742 37 402
1937 1742 94 402
2034 1742 184 402
2221 1742 636 402
75 2056 179 88
11 2147 61 403
75 2147 179 93
256 2147 77 403
336 2147 37 403
375 2147 37 403
415 2147 37 403
455 2147 37 403
495 2147 93 403
591 2147 184 403
778 2147 641 403
1450 2147 65 403
1518 2147 178 251
1699 2147 77 403
1779 2147 36 403
1818 2147 37 403
1858 2147 37 403
1898 2147 37 403
1937 2147 94 403
2034 2147 184 403
2221 2147 636 403
223 2319 31 27
75 2330 25 35
75 2463 179 87
1518 2478 178 72
11 2552 61 403
75 2552 179 84
256 2552 77 403
336 2552 37 403
375 2552 37 403
415 2552 37 403
455 2552 37 403
495 2552 93 403
591 2552 184 403
778 2552 641 134
1450 2552 65 403
1518 2552 178 274
1699 2552 77 403
1779 2552 36 403
1818 2552 37 403
1858 2552 37 403
1898 2552 37 403
1937 2552 94 403
2034 2552 184 403
2221 2552 636 403
778 2690 641 265
75 2879 179 76
1518 2881 178 74
11 2958 61 402
75 2958 179 402
256 2958 77 402
336 2958 37 402
375 2958 37 402
415 2958 37 402
455 2958 37 402
495 2958 93 402
591 2958 184 402
778 2958 641 402
1450 2958 65 402
1518 2958 178 402
1699 2958 77 402
1779 2958 36 402
1818 2958 37 402
1858 2958 37 402
1898 2958 37 402
1937 2958 94 402
2034 2958 184 402
2221 2958 636 402
11 3363 61 403
75 3363 179 86
256 3363 77 403
336 3363 37 403
375 3363 37 403
415 3363 37 403
455 3363 37 403
495 3363 93 403
591 3363 184 403
778 3363 641 403
1450 3363 65 403
1518 3363 178 89
1699 3363 77 403
1779 3363 36 403
1818 3363 37 403
1858 3363 37 403
1898 3363 37 403
1937 3363 94 403
2034 3363 184 403
2221 3363 636 403
75 3509 25 25
1648 3596 48 24
1518 3683 178 83
75 3687 179 79
11 3768 61 399
75 3768 179 87
256 3768 77 399
336 3768 37 399
375 3768 37 399
415 3768 37 399
455 3768 37 399
495 3768 93 399
591 3768 184 399
778 3768 641 399
1421 3768 1436 399
75 4084 179 83
