179 227 2851 227
179 456 2851 134
179 592 2851 83
179 677 87 83
269 677 213 83
485 677 76 83
564 677 99 83
666 677 60 83
729 677 99 83
831 677 99 83
933 677 263 83
1199 677 388 83
1590 677 1440 83
179 763 87 395
269 763 213 395
485 763 76 395
564 763 99 395
666 763 60 395
729 763 99 395
831 763 99 395
933 763 263 395
1199 763 388 395
1590 763 1440 395
179 1160 87 396
269 1160 213 396
485 1160 76 396
564 1160 99 396
666 1160 60 396
729 1160 99 396
831 1160 99 396
933 1160 263 396
1199 1160 388 396
1590 1160 1440 396
179 1558 87 396
269 1558 213 396
485 1558 76 396
564 1558 99 396
666 1558 60 396
729 1558 99 396
831 1558 99 396
933 1558 263 396
1199 1558 388 396
1590 1558 1440 396
179 1956 87 396
269 1956 213 396
485 1956 76 396
564 1956 99 396
666 1956 60 396
729 1956 99 396
831 1956 99 396
933 1956 263 396
1199 1956 388 396
1590 1956 1440 396
179 2354 87 396
269 2354 213 396
485 2354 76 396
564 2354 99 396
666 2354 60 396
729 2354 99 396
831 2354 99 396
933 2354 263 396
1199 2354 388 396
1590 2354 1440 396
179 2752 87 396
269 2752 213 396
485 2752 76 396
564 2752 99 396
666 2752 60 396
729 2752 99 396
831 2752 99 396
933 2752 263 396
1199 2752 388 396
1590 2752 1440 396
179 3150 87 396
269 3150 213 396
485 3150 76 396
564 3150 99 396
666 3150 60 396
729 3150 99 396
831 3150 99 396
933 3150 263 396
1199 3150 388 396
1590 3150 1440 396
179 3548 87 396
269 3548 213 396
485 3548 76 396
564 3548 99 396
666 3548 60 396
729 3548 99 396
831 3548 99 396
933 3548 263 396
1199 3548 388 396
1590 3548 1440 396
179 3946 87 396
269 3946 213 396
485 3946 76 396
564 3946 99 396
666 3946 60 396
729 3946 99 396
831 3946 99 396
933 3946 263 396
1199 3946 388 396
1590 3946 1440 396
