11 11 2846 207
11 224 2846 210
11 439 78 95
92 439 224 95
319 439 110 95
432 439 88 95
523 439 88 95
614 439 87 95
704 439 88 95
795 439 281 95
1078 439 451 95
1532 439 1325 95
11 536 78 328
92 536 224 22
319 536 110 328
432 536 88 328
523 536 88 328
614 536 87 328
704 536 88 328
795 536 281 328
1078 536 451 328
1532 536 1325 328
11 867 78 328
92 867 224 26
319 867 110 328
432 867 88 328
523 867 88 328
614 867 87 328
704 867 88 328
795 867 281 328
1078 867 451 328
1532 867 1325 328
11 1198 78 328
319 1198 110 328
432 1198 88 328
523 1198 88 328
614 1198 87 328
704 1198 88 328
795 1198 281 328
1078 1198 451 328
1532 1198 1325 328
11 1528 78 328
92 1528 224 33
319 1528 110 328
432 1528 88 328
523 1528 88 328
614 1528 87 328
704 1528 88 328
795 1528 281 328
1078 1528 451 328
1532 1528 1325 328
11 1859 78 328
92 1859 224 328
319 1859 110 328
432 1859 88 328
523 1859 88 328
614 1859 87 328
704 1859 88 328
795 1859 281 328
1078 1859 451 328
1532 1859 1325 328
11 2190 78 328
92 2190 224 29
319 2190 110 328
432 2190 88 328
523 2190 88 328
614 2190 87 328
704 2190 88 328
795 2190 281 328
1078 2190 451 328
1532 2190 1325 328
11 2520 78 328
92 2520 224 29
319 2520 110 328
432 2520 88 328
523 2520 88 328
614 2520 87 328
704 2520 88 328
795 2520 281 328
1078 2520 451 328
1532 2520 1325 328
11 2851 78 328
92 2851 224 31
319 2851 110 328
432 2851 88 328
523 2851 88 328
614 2851 87 328
704 2851 88 328
795 2851 281 328
1078 2851 451 328
1532 2851 1325 328
92 3158 224 21
11 3182 78 328
92 3182 224 292
319 3182 110 328
432 3182 88 328
523 3182 88 328
614 3182 87 328
704 3182 88 328
795 3182 281 328
1078 3182 451 328
1532 3182 1325 328
92 3486 224 24
11 3512 78 328
92 3512 224 26
319 3512 110 328
432 3512 88 328
523 3512 88 328
614 3512 87 328
704 3512 88 328
795 3512 281 328
1078 3512 451 328
1532 3512 1325 328
267 3592 49 22
11 3843 78 324
92 3843 224 23
319 3843 110 324
432 3843 88 324
523 3843 88 324
614 3843 87 324
704 3843 88 324
795 3843 281 324
1078 3843 451 324
1532 3843 1325 324
