9 9 2854 133
9 151 2854 178
9 338 2854 76
9 423 108 165
119 423 112 165
232 423 225 165
459 423 112 165
572 423 112 165
686 423 112 165
799 423 112 165
912 423 112 165
1026 423 254 165
1281 423 480 165
1763 423 1100 165
9 589 108 823
119 589 112 413
232 589 225 413
459 589 112 413
572 589 112 413
686 589 112 413
799 589 112 413
912 589 112 413
1026 589 254 413
1281 589 480 413
1763 589 1100 413
119 1003 112 409
232 1003 225 409
459 1003 112 409
572 1003 112 409
686 1003 112 409
799 1003 112 409
912 1003 112 409
1026 1003 254 409
1281 1003 480 409
1763 1003 1100 409
9 1421 2854 76
9 1506 108 165
119 1506 112 165
232 1506 225 165
459 1506 112 165
572 1506 112 165
686 1506 112 165
799 1506 112 165
912 1506 112 165
1026 1506 254 165
1281 1506 480 165
1763 1506 1100 165
9 1672 108 1139
119 1672 112 284
232 1672 225 284
459 1672 112 284
572 1672 112 284
686 1672 112 284
799 1672 112 284
912 1672 112 284
1026 1672 254 284
1281 1672 480 284
1763 1672 1100 284
119 1958 112 284
232 1958 225 284
459 1958 112 284
572 1958 112 284
686 1958 112 284
799 1958 112 284
912 1958 112 284
1026 1958 254 284
1281 1958 480 284
1763 1958 1100 284
119 2244 112 284
232 2244 225 284
459 2244 112 284
572 2244 112 284
686 2244 112 284
799 2244 112 284
912 2244 112 284
1026 2244 254 284
1281 2244 480 284
1763 2244 1100 284
119 2530 112 281
232 2530 225 281
459 2530 112 281
572 2530 112 281
686 2530 112 281
799 2530 112 281
912 2530 112 281
1026 2530 254 281
1281 2530 480 281
1763 2530 1100 281
9 2819 2854 77
9 2904 108 165
119 2904 112 165
232 2904 225 165
459 2904 112 165
572 2904 112 165
686 2904 112 165
799 2904 112 165
912 2904 112 165
1026 2904 254 165
1281 2904 480 165
1763 2904 1100 165
9 3071 108 567
119 3071 112 284
232 3071 225 284
459 3071 112 284
572 3071 112 284
686 3071 112 284
799 3071 112 284
912 3071 112 284
1026 3071 254 284
1281 3071 480 284
1763 3071 1100 284
119 3357 112 281
232 3357 225 281
459 3357 112 281
572 3357 112 281
686 3357 112 281
799 3357 112 281
912 3357 112 281
1026 3357 254 281
1281 3357 480 281
1763 3357 1100 281
9 3646 108 564
119 3646 112 281
232 3646 225 281
459 3646 112 281
572 3646 112 281
686 3646 112 281
799 3646 112 281
912 3646 112 281
1026 3646 254 281
1281 3646 480 281
1763 3646 1100 281
119 3929 112 281
232 3929 225 281
459 3929 112 281
572 3929 112 281
686 3929 112 281
799 3929 112 281
912 3929 112 281
1026 3929 254 281
1281 3929 480 281
1763 3929 1100 281
