166 167 3037 122
166 297 3037 121
166 426 1513 62
1687 426 1516 62
166 492 114 64
283 492 168 64
454 492 67 64
524 492 27 64
584 492 27 64
614 492 28 64
645 492 150 64
798 492 295 64
1096 492 583 64
1687 492 58 64
1748 492 56 64
1807 492 167 64
1977 492 67 64
2047 492 27 64
2077 492 27 64
2107 492 28 64
2138 492 27 64
2168 492 151 64
2322 492 294 64
2619 492 584 64
554 515 27 41
166 560 114 433
283 560 168 119
454 560 67 433
524 560 27 433
554 560 27 433
584 560 27 433
614 560 28 433
645 560 150 433
798 560 295 433
1096 560 583 433
1687 560 58 672
1748 560 56 221
1807 560 167 21
1977 560 67 221
2047 560 27 221
2077 560 27 221
2107 560 28 221
2138 560 27 221
2168 560 151 221
2322 560 294 221
2619 560 584 221
283 724 25 22
1748 785 56 221
1977 785 67 221
2047 785 27 221
2077 785 27 221
2107 785 28 221
2138 785 27 221
2168 785 151 221
2322 785 294 221
2619 785 584 221
283 884 168 109
166 997 114 432
283 997 168 121
454 997 67 432
524 997 27 432
554 997 27 432
584 997 27 432
614 997 28 432
645 997 150 432
798 997 295 432
1096 997 583 432
1748 1010 56 222
1977 1010 67 222
2047 1010 27 222
2077 1010 27 222
2107 1010 28 222
2138 1010 27 222
2168 1010 151 222
2322 1010 294 222
2619 1010 584 222
1687 1236 58 221
1748 1236 56 221
1977 1236 67 221
2047 1236 27 221
2077 1236 27 221
2107 1236 28 221
2138 1236 27 221
2168 1236 151 221
2322 1236 294 221
2619 1236 584 221
283 1320 168 109
166 1433 114 431
283 1433 168 126
454 1433 67 431
524 1433 27 431
554 1433 27 214
584 1433 27 431
614 1433 28 431
645 1433 150 431
798 1433 295 431
1096 1433 583 431
1687 1461 58 897
1748 1461 56 221
1977 1461 67 221
2047 1461 27 221
2077 1461 27 221
2107 1461 28 221
2138 1461 27 221
2168 1461 151 221
2322 1461 294 221
2619 1461 584 221
554 1667 27 197
1748 1686 56 221
1977 1686 67 221
2047 1686 27 221
2077 1686 27 221
2107 1686 28 221
2138 1686 27 221
2168 1686 151 221
2322 1686 294 221
2619 1686 584 221
1807 1687 167 218
283 1762 168 102
166 1872 1513 62
1748 1911 56 222
1977 1911 67 222
2047 1911 27 222
2077 1911 27 222
2107 1911 28 222
2138 1911 27 222
2168 1911 151 222
2322 1911 294 222
2619 1911 584 222
166 1938 112 61
281 1938 168 61
452 1938 67 61
522 1938 27 61
552 1938 27 61
582 1938 27 61
612 1938 28 61
643 1938 150 61
796 1938 295 61
1094 1938 585 61
166 2003 112 221
452 2003 67 221
522 2003 27 221
552 2003 27 221
582 2003 27 221
612 2003 28 221
643 2003 150 221
796 2003 295 221
1094 2003 585 221
1748 2137 56 221
1977 2137 67 221
2047 2137 27 221
2077 2137 27 221
2107 2137 28 221
2138 2137 27 221
2168 2137 151 221
2322 2137 294 221
2619 2137 584 221
166 2228 112 221
452 2228 67 221
522 2228 27 221
552 2228 27 221
582 2228 27 221
612 2228 28 221
643 2228 150 221
796 2228 295 221
1094 2228 585 221
1687 2362 58 672
1748 2362 56 221
1977 2362 67 221
2047 2362 27 221
2077 2362 27 221
2107 2362 28 221
2138 2362 27 221
2168 2362 151 221
2322 2362 294 221
2619 2362 584 221
1941 2412 33 31
166 2453 112 222
452 2453 67 222
522 2453 27 222
552 2453 27 222
582 2453 27 222
612 2453 28 222
643 2453 150 222
796 2453 295 222
1094 2453 585 222
1748 2587 56 221
1807 2587 167 214
1977 2587 67 221
2047 2587 27 221
2077 2587 27 221
2107 2587 28 221
2138 2587 27 221
2168 2587 151 221
2322 2587 294 221
2619 2587 584 221
166 2679 112 221
452 2679 67 221
522 2679 27 221
552 2679 27 221
582 2679 27 221
612 2679 28 221
643 2679 150 221
796 2679 295 221
1094 2679 585 221
1748 2812 56 222
1977 2812 67 222
2047 2812 27 222
2077 2812 27 222
2107 2812 28 222
2138 2812 27 222
2168 2812 151 222
2322 2812 294 222
2619 2812 584 222
166 2904 112 221
452 2904 67 221
522 2904 27 221
552 2904 27 221
582 2904 27 221
612 2904 28 221
643 2904 150 221
796 2904 295 221
1094 2904 585 221
281 2991 33 21
1687 3038 58 446
1748 3038 56 221
1807 3038 167 117
1977 3038 67 221
2047 3038 27 221
2077 3038 27 221
2107 3038 28 221
2138 3038 27 221
2168 3038 151 221
2322 3038 294 221
2619 3038 584 221
166 3129 112 221
452 3129 67 221
522 3129 27 221
552 3129 27 221
582 3129 27 221
612 3129 28 221
643 3129 150 221
796 3129 295 221
1094 3129 585 221
1748 3263 56 221
1977 3263 67 221
2047 3263 27 221
2077 3263 27 221
2107 3263 28 221
2138 3263 27 221
2168 3263 151 221
2322 3263 294 221
2619 3263 584 221
166 3354 112 221
452 3354 67 221
522 3354 27 221
552 3354 27 221
582 3354 27 221
612 3354 28 221
643 3354 150 221
796 3354 295 221
1094 3354 585 221
1687 3488 58 447
1748 3488 56 221
1807 3488 167 139
1977 3488 67 221
2047 3488 27 221
2077 3488 27 221
2107 3488 28 221
2138 3488 27 221
2168 3488 151 221
2322 3488 294 221
2619 3488 584 221
166 3579 112 222
452 3579 67 222
522 3579 27 222
552 3579 27 222
582 3579 27 222
612 3579 28 222
643 3579 150 222
796 3579 295 222
1094 3579 585 222
1748 3713 56 222
1977 3713 67 222
2047 3713 27 222
2077 3713 27 222
2107 3713 28 222
2138 3713 27 222
2168 3713 151 222
2322 3713 294 222
2619 3713 584 222
166 3805 112 221
452 3805 67 221
522 3805 27 221
552 3805 27 221
582 3805 27 221
612 3805 28 221
643 3805 150 221
796 3805 295 221
1094 3805 585 221
1807 3821 25 22
1687 3939 58 897
1748 3939 56 221
1977 3939 67 221
2047 3939 27 221
2077 3939 27 221
2107 3939 28 221
2138 3939 27 221
2168 3939 151 221
2322 3939 294 221
2619 3939 584 221
166 4030 112 220
452 4030 67 220
522 4030 27 220
552 4030 27 100
582 4030 27 220
612 4030 28 220
643 4030 150 220
796 4030 295 220
1094 4030 585 220
552 4150 27 100
1748 4164 56 221
1807 4164 167 216
1977 4164 67 221
2047 4164 27 221
2077 4164 27 221
2107 4164 28 221
2138 4164 27 221
2168 4164 151 221
2322 4164 294 221
2619 4164 584 221
166 4258 1513 62
166 4324 54 61
223 4324 55 61
281 4324 168 61
452 4324 67 61
522 4324 27 61
552 4324 27 61
582 4324 27 61
612 4324 28 58
643 4324 150 61
796 4324 295 61
1094 4324 585 61
166 4389 54 447
223 4389 55 219
452 4389 67 219
522 4389 27 219
552 4389 27 219
582 4389 27 219
612 4389 28 219
643 4389 150 219
796 4389 295 219
1094 4389 585 219
1748 4389 56 221
1807 4389 167 154
1977 4389 67 221
2047 4389 27 221
2077 4389 27 221
2107 4389 28 221
2138 4389 27 221
2168 4389 151 221
2322 4389 294 221
2619 4389 584 221
223 4612 55 224
452 4612 67 224
522 4612 27 224
552 4612 27 224
582 4612 27 224
612 4612 28 224
643 4612 150 224
796 4612 295 224
1094 4612 585 224
1748 4614 56 222
1977 4614 67 222
2047 4614 27 222
2077 4614 27 222
2107 4614 28 222
2138 4614 27 222
2168 4614 151 222
2322 4614 294 222
2619 4614 584 222
166 4840 54 671
223 4840 55 221
452 4840 67 221
522 4840 27 221
552 4840 27 221
582 4840 27 221
612 4840 28 221
643 4840 150 221
796 4840 295 221
1094 4840 585 221
1687 4840 58 446
1748 4840 56 221
1977 4840 67 221
2047 4840 27 221
2077 4840 27 221
2107 4840 28 221
2138 4840 27 221
2168 4840 151 221
2322 4840 294 221
2619 4840 584 221
281 4886 24 56
223 5065 55 221
452 5065 67 221
522 5065 27 221
552 5065 27 221
582 5065 27 221
612 5065 28 221
643 5065 150 221
796 5065 295 221
1094 5065 585 221
1748 5065 56 221
1977 5065 67 221
2047 5065 27 221
2077 5065 27 221
2107 5065 28 221
2138 5065 27 221
2168 5065 151 221
2322 5065 294 221
2619 5065 584 221
223 5290 55 221
452 5290 67 221
522 5290 27 221
552 5290 27 221
582 5290 27 221
612 5290 28 221
643 5290 150 221
796 5290 295 221
1094 5290 585 221
1687 5290 58 668
1748 5290 56 221
1807 5290 167 216
1977 5290 67 221
2047 5290 27 221
2077 5290 27 221
2107 5290 28 221
2138 5290 27 221
2168 5290 151 221
2322 5290 294 221
2619 5290 584 221
166 5515 54 222
223 5515 55 222
452 5515 67 222
522 5515 27 222
552 5515 27 222
582 5515 27 222
612 5515 28 222
643 5515 150 222
796 5515 295 222
1094 5515 585 222
1748 5515 56 222
1977 5515 67 222
2047 5515 27 222
2077 5515 27 222
2107 5515 28 222
2138 5515 27 222
2168 5515 151 222
2322 5515 294 222
2619 5515 584 222
411 5688 38 25
166 5741 54 217
223 5741 55 217
452 5741 67 217
522 5741 27 217
552 5741 27 217
582 5741 27 217
612 5741 28 217
643 5741 150 217
796 5741 295 217
1094 5741 585 217
1748 5741 56 217
1977 5741 67 217
2047 5741 27 217
2077 5741 27 217
2107 5741 28 217
2138 5741 27 217
2168 5741 151 217
2322 5741 294 217
2619 5741 584 217
420 5794 29 26
