17 17 2858 254
17 272 2858 254
17 527 60 122
78 527 57 122
136 527 211 122
348 527 65 122
414 527 82 122
497 527 42 122
540 527 44 122
585 527 84 122
670 527 171 122
843 527 171 122
1015 527 428 122
1449 527 57 122
1508 527 57 122
1566 527 211 122
1778 527 65 122
1844 527 82 122
1927 527 41 122
1970 527 44 122
2015 527 84 122
2100 527 171 122
2272 527 171 122
2444 527 431 122
17 650 60 617
78 650 57 309
136 650 211 309
348 650 65 309
414 650 82 309
497 650 42 309
540 650 44 309
585 650 84 309
670 650 171 309
843 650 171 309
1015 650 428 309
1449 650 57 617
1508 650 57 309
1566 650 211 309
1778 650 65 309
1844 650 82 309
1927 650 41 309
1970 650 44 309
2015 650 84 309
2100 650 171 309
2272 650 171 309
2444 650 431 309
78 960 57 307
136 960 211 307
348 960 65 307
414 960 82 307
497 960 42 307
540 960 44 307
585 960 84 307
670 960 171 307
843 960 171 307
1015 960 428 307
1508 960 57 307
1566 960 211 307
1778 960 65 307
1844 960 82 307
1927 960 41 307
1970 960 44 307
2015 960 84 307
2100 960 171 307
2272 960 171 307
2444 960 431 307
17 1273 60 305
78 1273 57 305
136 1273 211 305
348 1273 65 305
414 1273 82 305
497 1273 42 305
540 1273 44 305
585 1273 84 305
670 1273 171 305
843 1273 171 305
1015 1273 428 305
1449 1273 57 305
1508 1273 57 305
1566 1273 211 305
1778 1273 65 305
1844 1273 82 305
1927 1273 41 305
1970 1273 44 305
2015 1273 84 305
2100 1273 171 305
2272 1273 171 305
2444 1273 431 305
17 1583 60 304
78 1583 57 304
136 1583 211 304
348 1583 65 304
414 1583 82 304
497 1583 42 304
540 1583 44 304
585 1583 84 304
670 1583 171 304
843 1583 171 304
1015 1583 428 304
1449 1583 57 614
1508 1583 57 306
1566 1583 211 306
1778 1583 65 306
1844 1583 82 306
1927 1583 41 306
1970 1583 44 306
2015 1583 84 306
2100 1583 171 306
2272 1583 171 306
2444 1583 431 306
1508 1890 57 307
1566 1890 211 307
1778 1890 65 307
1844 1890 82 307
1927 1890 41 307
1970 1890 44 307
2015 1890 84 307
2100 1890 171 307
2272 1890 171 307
2444 1890 431 307
17 1893 60 614
78 1893 57 306
136 1893 211 306
348 1893 65 306
414 1893 82 306
497 1893 42 306
540 1893 44 306
585 1893 84 306
670 1893 171 306
843 1893 171 306
1015 1893 428 306
78 2200 57 307
136 2200 211 307
348 2200 65 307
414 2200 82 307
497 2200 42 307
540 2200 44 307
585 2200 84 307
670 2200 171 307
843 2200 171 307
1015 2200 428 307
1449 2203 57 615
1508 2203 57 306
1566 2203 211 306
1778 2203 65 306
1844 2203 82 306
1927 2203 41 306
1970 2203 44 306
2015 2203 84 306
2100 2203 171 306
2272 2203 171 306
2444 2203 431 306
1508 2510 57 308
1566 2510 211 308
1778 2510 65 308
1844 2510 82 308
1927 2510 41 308
1970 2510 44 308
2015 2510 84 308
2100 2510 171 308
2272 2510 171 308
2444 2510 431 308
17 2513 60 305
78 2513 57 305
136 2513 211 305
348 2513 65 305
414 2513 82 305
497 2513 42 305
540 2513 44 305
585 2513 84 305
670 2513 171 305
843 2513 171 305
1015 2513 428 305
17 2824 60 613
78 2824 57 305
136 2824 211 305
348 2824 65 305
414 2824 82 305
497 2824 42 305
540 2824 44 305
585 2824 84 305
670 2824 171 305
843 2824 171 305
1015 2824 428 305
1449 2824 57 303
1508 2824 57 303
1566 2824 211 303
1778 2824 65 303
1844 2824 82 303
1927 2824 41 303
1970 2824 44 303
2015 2824 84 303
2100 2824 171 303
2272 2824 171 303
2444 2824 431 303
78 3130 57 307
136 3130 211 307
348 3130 65 307
414 3130 82 307
497 3130 42 307
540 3130 44 307
585 3130 84 307
670 3130 171 307
843 3130 171 307
1015 3130 428 307
1449 3133 57 304
1508 3133 57 304
1566 3133 211 304
1778 3133 65 304
1844 3133 82 304
1927 3133 41 304
1970 3133 44 304
2015 3133 84 304
2100 3133 171 304
2272 3133 171 304
2444 3133 431 304
17 3443 60 615
78 3443 57 306
136 3443 211 306
348 3443 65 306
414 3443 82 306
497 3443 42 306
540 3443 44 306
585 3443 84 306
670 3443 171 306
843 3443 171 306
1015 3443 428 306
1449 3443 57 615
1508 3443 57 306
1566 3443 211 306
1778 3443 65 306
1844 3443 82 306
1927 3443 41 306
1970 3443 44 306
2015 3443 84 306
2100 3443 171 306
2272 3443 171 306
2444 3443 431 306
78 3750 57 308
136 3750 211 308
348 3750 65 308
414 3750 82 308
497 3750 42 308
540 3750 44 308
585 3750 84 308
670 3750 171 308
843 3750 171 308
1015 3750 428 308
1508 3750 57 308
1566 3750 211 308
1778 3750 65 308
1844 3750 82 308
1927 3750 41 308
1970 3750 44 308
2015 3750 84 308
2100 3750 171 308
2272 3750 171 308
2444 3750 431 308
