11 11 2846 162
11 178 2846 210
11 394 1406 113
1423 394 22 3773
1451 394 1406 113
11 509 64 85
78 509 54 85
135 509 167 85
305 509 76 85
384 509 37 85
424 509 37 85
464 509 36 85
503 509 37 85
543 509 89 85
635 509 124 85
762 509 655 85
1451 509 67 84
1521 509 53 84
1577 509 167 84
1748 509 76 84
1827 509 37 84
1867 509 37 84
1907 509 36 84
1946 509 37 84
1986 509 95 84
2083 509 216 84
2303 509 554 84
11 597 64 946
78 597 54 473
135 597 167 473
305 597 76 473
384 597 37 473
424 597 37 473
464 597 36 473
503 597 37 473
543 597 89 473
635 597 124 473
762 597 655 473
1451 599 67 471
1521 599 53 234
1577 599 167 234
1748 599 76 234
1827 599 37 234
1867 599 37 234
1907 599 36 234
1946 599 37 234
1986 599 95 234
2084 599 215 234
2303 599 554 234
1521 836 53 234
1577 836 167 234
1748 836 76 234
1827 836 37 234
1867 836 37 234
1907 836 36 234
1946 836 37 234
1986 836 95 234
2084 836 215 234
2303 836 554 234
78 1072 54 471
135 1072 167 471
305 1072 76 471
384 1072 37 471
424 1072 37 471
464 1072 36 471
503 1072 37 471
543 1072 89 471
635 1072 124 471
762 1072 655 471
1451 1076 67 232
1521 1076 53 232
1577 1076 168 232
1748 1076 76 232
1827 1076 37 232
1867 1076 37 232
1907 1076 36 232
1946 1076 37 232
1986 1076 95 232
2084 1076 215 232
2303 1076 554 232
1451 1314 67 471
1521 1314 53 234
1577 1314 167 234
1748 1314 76 234
1827 1314 37 234
1867 1314 37 234
1907 1314 36 234
1946 1314 37 234
1986 1314 95 234
2084 1314 215 234
2303 1314 554 234
11 1549 1406 113
1521 1551 53 234
1577 1551 167 234
1748 1551 76 234
1827 1551 37 234
1867 1551 37 234
1907 1551 36 234
1946 1551 37 234
1986 1551 95 234
2084 1551 215 234
2303 1551 554 234
11 1665 64 84
78 1665 54 84
134 1665 168 84
305 1665 76 84
384 1665 37 84
424 1665 37 84
464 1665 36 84
503 1665 37 84
543 1665 95 84
640 1665 216 84
860 1665 557 84
11 1752 64 2415
78 1752 54 218
134 1752 168 218
305 1752 76 218
384 1752 37 218
424 1752 37 218
464 1752 36 218
503 1752 37 218
543 1752 95 218
641 1752 215 218
860 1752 557 218
1451 1791 67 471
1521 1791 53 234
1577 1791 167 234
1748 1791 76 234
1827 1791 37 234
1867 1791 37 234
1907 1791 36 234
1946 1791 37 234
1986 1791 95 234
2084 1791 215 234
2303 1791 554 234
78 1972 54 218
134 1972 168 218
305 1972 76 218
384 1972 37 218
424 1972 37 218
464 1972 36 218
503 1972 37 218
543 1972 95 218
641 1972 215 218
860 1972 557 218
1521 2028 53 234
1577 2028 167 234
1748 2028 76 234
1827 2028 37 234
1867 2028 37 234
1907 2028 36 234
1946 2028 37 234
1986 2028 95 234
2084 2028 215 234
2303 2028 554 234
78 2193 54 217
134 2193 168 217
305 2193 76 217
384 2193 37 217
424 2193 37 217
464 2193 36 217
503 2193 37 217
543 2193 95 217
641 2193 215 217
860 2193 557 217
1451 2268 67 233
1521 2268 53 233
1577 2268 167 233
1748 2268 76 233
1827 2268 37 233
1867 2268 37 233
1907 2268 36 233
1946 2268 37 233
1986 2268 95 233
2084 2268 215 233
2303 2268 554 233
78 2413 54 217
134 2413 168 217
305 2413 76 217
384 2413 37 217
424 2413 37 217
464 2413 36 217
503 2413 37 217
543 2413 95 217
641 2413 215 217
860 2413 557 217
1451 2506 67 233
1521 2506 53 233
1577 2506 167 233
1748 2506 76 233
1827 2506 37 233
1867 2506 37 233
1907 2506 36 233
1946 2506 37 233
1986 2506 95 233
2084 2506 215 233
2303 2506 554 233
78 2633 54 217
134 2633 168 217
305 2633 76 217
384 2633 37 217
424 2633 37 217
464 2633 36 217
503 2633 37 217
543 2633 95 217
641 2633 215 217
860 2633 557 217
1451 2745 67 471
1521 2745 53 234
1577 2745 167 234
1748 2745 76 234
1827 2745 37 234
1867 2745 37 234
1907 2745 36 234
1946 2745 37 234
1986 2745 95 234
2084 2745 215 234
2303 2745 554 234
78 2853 54 217
134 2853 168 217
305 2853 76 217
384 2853 37 217
424 2853 37 217
464 2853 36 217
503 2853 37 217
543 2853 95 217
641 2853 215 217
860 2853 557 217
1521 2982 53 234
1577 2982 167 234
1748 2982 76 234
1827 2982 37 234
1867 2982 37 234
1907 2982 36 234
1946 2982 37 234
1986 2982 95 234
2084 2982 215 234
2303 2982 554 234
78 3073 54 217
134 3073 168 217
305 3073 76 217
384 3073 37 217
424 3073 37 217
464 3073 36 217
503 3073 37 217
543 3073 95 217
641 3073 215 217
860 3073 557 217
1451 3222 67 232
1521 3222 53 232
1577 3222 167 232
1748 3222 76 232
1827 3222 37 232
1867 3222 37 232
1907 3222 36 232
1946 3222 37 232
1986 3222 95 232
2084 3222 215 232
2303 3222 554 232
78 3293 54 217
134 3293 168 217
305 3293 76 217
384 3293 37 217
424 3293 37 217
464 3293 36 217
503 3293 37 217
543 3293 95 217
641 3293 215 217
860 3293 557 217
1451 3460 67 471
1521 3460 53 234
1577 3460 167 234
1748 3460 76 234
1827 3460 37 234
1867 3460 37 234
1907 3460 36 234
1946 3460 37 234
1986 3460 95 234
2084 3460 215 234
2303 3460 554 234
78 3513 54 218
134 3513 168 218
305 3513 76 218
384 3513 37 218
424 3513 37 218
464 3513 36 218
503 3513 37 218
543 3513 95 218
641 3513 215 218
860 3513 557 218
1521 3697 53 234
1577 3697 167 234
1748 3697 76 234
1827 3697 37 234
1867 3697 37 234
1907 3697 36 234
1946 3697 37 234
1986 3697 95 234
2084 3697 215 234
2303 3697 554 234
78 3733 54 218
134 3733 168 218
305 3733 76 218
384 3733 37 218
424 3733 37 218
464 3733 36 218
503 3733 37 218
543 3733 95 218
641 3733 215 218
860 3733 557 218
1451 3937 67 230
1521 3937 53 230
1577 3937 167 230
1748 3937 76 230
1827 3937 37 230
1867 3937 37 230
1907 3937 36 230
1946 3937 37 230
1986 3937 95 230
2084 3937 215 230
2303 3937 554 230
78 3954 54 213
134 3954 168 213
305 3954 76 213
384 3954 37 213
424 3954 37 213
464 3954 36 213
503 3954 37 213
543 3954 95 213
641 3954 215 213
860 3954 557 213
