17 17 2858 254
17 272 2858 254
17 527 60 122
78 527 57 122
136 527 211 122
348 527 65 122
414 527 82 122
497 527 41 122
540 527 44 122
585 527 84 122
670 527 118 122
789 527 190 122
981 527 462 122
1449 527 57 122
1508 527 57 122
1566 527 211 122
1778 527 65 122
1844 527 82 122
1927 527 41 122
1969 527 45 122
2015 527 84 122
2100 527 117 122
2219 527 190 122
2410 527 465 122
17 650 60 754
78 650 57 378
136 650 211 378
348 650 65 378
414 650 82 378
497 650 41 378
540 650 44 378
585 650 84 378
670 650 118 378
789 650 190 378
981 650 462 378
1449 650 57 754
1508 650 57 378
1566 650 211 378
1778 650 65 378
1844 650 82 378
1927 650 41 378
1969 650 45 378
2015 650 84 378
2100 650 117 378
2219 650 190 378
2410 650 465 378
78 1029 57 375
136 1029 211 375
348 1029 65 375
414 1029 82 375
497 1029 41 375
540 1029 44 375
585 1029 84 375
670 1029 118 375
789 1029 190 375
981 1029 462 375
1508 1029 57 375
1566 1029 211 375
1778 1029 65 375
1844 1029 82 375
1927 1029 41 375
1969 1029 45 375
2015 1029 84 375
2100 1029 117 375
2219 1029 190 375
2410 1029 465 375
17 1410 60 752
78 1410 57 375
136 1410 211 375
348 1410 65 375
414 1410 82 375
497 1410 41 375
540 1410 44 375
585 1410 84 375
670 1410 118 375
789 1410 190 375
981 1410 462 375
1449 1410 57 752
1508 1410 57 375
1566 1410 211 375
1778 1410 65 375
1844 1410 82 375
1927 1410 41 375
1969 1410 45 375
2015 1410 84 375
2100 1410 117 375
2219 1410 190 375
2410 1410 465 375
78 1786 57 376
136 1786 211 376
348 1786 65 376
414 1786 82 376
497 1786 41 376
540 1786 44 376
585 1786 84 376
670 1786 118 376
789 1786 190 376
981 1786 462 376
1508 1786 57 376
1566 1786 211 376
1778 1786 65 376
1844 1786 82 376
1927 1786 41 376
1969 1786 45 376
2015 1786 84 376
2100 1786 117 376
2219 1786 190 376
2410 1786 465 376
17 2167 60 752
78 2167 57 376
136 2167 211 376
348 2167 65 376
414 2167 82 376
497 2167 41 376
540 2167 44 376
585 2167 84 376
670 2167 118 376
789 2167 190 376
981 2167 462 376
1449 2167 57 374
1508 2167 57 374
1566 2167 211 374
1778 2167 65 374
1844 2167 82 374
1927 2167 41 374
1969 2167 45 374
2015 2167 84 374
2100 2167 117 374
2219 2167 190 374
2410 2167 465 374
78 2544 57 375
136 2544 211 375
348 2544 65 375
414 2544 82 375
497 2544 41 375
540 2544 44 375
585 2544 84 375
670 2544 118 375
789 2544 190 375
981 2544 462 375
1449 2546 57 1512
1508 2546 57 375
1566 2546 211 375
1778 2546 65 375
1844 2546 82 375
1927 2546 41 375
1969 2546 45 375
2015 2546 84 375
2100 2546 117 375
2219 2546 190 375
2410 2546 465 375
1508 2923 57 377
1566 2923 211 377
1778 2923 65 377
1844 2923 82 377
1927 2923 41 377
1969 2923 45 377
2015 2923 84 377
2100 2923 117 377
2219 2923 190 377
2410 2923 465 377
17 2925 60 752
78 2925 57 375
136 2925 211 375
348 2925 65 375
414 2925 82 375
497 2925 41 375
540 2925 44 375
585 2925 84 375
670 2925 118 375
789 2925 190 375
981 2925 462 375
78 3301 57 376
136 3301 211 376
348 3301 65 376
414 3301 82 376
497 3301 41 376
540 3301 44 376
585 3301 84 376
670 3301 118 376
789 3301 190 376
981 3301 462 376
1508 3301 57 378
1566 3301 211 378
1778 3301 65 378
1844 3301 82 378
1927 3301 41 378
1969 3301 45 378
2015 3301 84 378
2100 3301 117 378
2219 3301 190 378
2410 3301 465 378
1508 3680 57 378
1566 3680 211 378
1778 3680 65 378
1844 3680 82 378
1927 3680 41 378
1969 3680 45 378
2015 3680 84 378
2100 3680 117 378
2219 3680 190 378
2410 3680 465 378
17 3682 60 376
78 3682 57 376
136 3682 211 376
348 3682 65 376
414 3682 82 376
497 3682 41 376
540 3682 44 376
585 3682 84 376
670 3682 118 376
789 3682 190 376
981 3682 462 376
