14 14 3200 250
14 266 3200 140
14 408 1605 43
1638 408 1576 43
14 453 51 89
67 453 44 89
113 453 344 89
459 453 43 89
504 453 55 89
561 453 43 89
606 453 55 89
663 453 54 89
719 453 163 89
884 453 281 89
1167 453 452 89
1638 453 54 89
1694 453 44 89
1740 453 344 89
2086 453 43 89
2131 453 55 89
2188 453 43 89
2233 453 55 89
2290 453 54 89
2346 453 169 89
2517 453 275 89
2794 453 420 89
14 544 51 3895
67 544 44 650
113 544 344 650
459 544 43 650
504 544 55 650
561 544 43 650
606 544 55 650
663 544 54 650
719 544 163 650
884 544 281 650
1167 544 452 650
1638 544 54 484
1694 544 44 484
1740 544 344 484
2086 544 43 484
2131 544 55 484
2188 544 43 484
2233 544 55 484
2290 544 54 484
2346 544 169 484
2517 544 275 484
2794 544 420 484
1638 1034 54 481
1694 1034 44 481
1740 1034 344 481
2086 1034 43 481
2131 1034 55 481
2188 1034 43 481
2233 1034 55 481
2290 1034 54 481
2346 1034 169 481
2517 1034 275 481
2794 1034 420 481
67 1196 44 650
113 1196 344 650
459 1196 43 650
504 1196 55 650
561 1196 43 650
606 1196 55 650
663 1196 54 650
719 1196 163 650
884 1196 281 650
1167 1196 452 650
1638 1521 54 482
1694 1521 44 482
1740 1521 344 482
2086 1521 43 482
2131 1521 55 482
2188 1521 43 482
2233 1521 55 482
2290 1521 54 482
2346 1521 169 482
2517 1521 275 482
2794 1521 420 482
67 1848 44 650
113 1848 344 650
459 1848 43 650
504 1848 55 650
561 1848 43 650
606 1848 55 650
663 1848 54 650
719 1848 163 650
884 1848 281 650
1167 1848 452 650
1638 2009 54 467
1694 2009 44 467
1740 2009 344 467
2086 2009 43 467
2131 2009 55 467
2188 2009 43 467
2233 2009 55 467
2290 2009 54 467
2346 2009 169 467
2517 2009 275 467
2794 2009 420 467
1638 2482 54 496
1694 2482 44 496
1740 2482 344 496
2086 2482 43 496
2131 2482 55 496
2188 2482 43 496
2233 2482 55 496
2290 2482 54 496
2346 2482 169 496
2517 2482 275 297
2794 2482 420 496
67 2500 44 650
113 2500 344 650
459 2500 43 650
504 2500 55 650
561 2500 43 650
606 2500 55 650
663 2500 54 650
719 2500 163 650
884 2500 281 650
1167 2500 452 650
2517 2800 275 178
1638 2984 54 969
1694 2984 44 483
1740 2984 344 483
2086 2984 43 483
2131 2984 55 483
2188 2984 43 483
2233 2984 55 483
2290 2984 54 483
2346 2984 169 483
2517 2984 275 483
2794 2984 420 483
67 3152 44 650
113 3152 344 650
459 3152 43 650
504 3152 55 650
561 3152 43 650
606 3152 55 650
663 3152 54 650
719 3152 163 650
884 3152 281 650
1167 3152 452 650
1694 3469 44 484
1740 3469 344 484
2086 3469 43 484
2131 3469 55 484
2188 3469 43 484
2233 3469 55 484
2290 3469 54 484
2346 3469 169 484
2517 3469 275 484
2794 3469 420 484
67 3804 44 635
113 3804 344 635
459 3804 43 635
504 3804 55 635
561 3804 43 635
606 3804 55 635
663 3804 54 635
719 3804 163 635
884 3804 281 635
1167 3804 452 635
1638 3959 54 480
1694 3959 44 480
1740 3959 344 480
2086 3959 43 480
2131 3959 55 480
2188 3959 43 480
2233 3959 55 480
2290 3959 54 480
2346 3959 169 480
2517 3959 275 480
2794 3959 420 480
