14 14 3200 250
14 266 3200 140
14 408 1605 43
1638 408 1576 43
14 453 51 89
67 453 44 89
113 453 344 89
459 453 43 89
504 453 55 89
561 453 43 89
606 453 55 89
663 453 54 89
719 453 163 89
884 453 281 89
1167 453 452 89
1638 453 54 89
1694 453 44 89
1740 453 344 89
2086 453 43 89
2131 453 55 89
2188 453 43 89
2233 453 55 89
2290 453 54 89
2346 453 169 89
2517 453 275 89
2794 453 420 89
14 544 51 3895
67 544 44 644
113 544 344 644
459 544 43 644
504 544 55 644
561 544 43 644
606 544 55 644
663 544 54 644
719 544 163 644
884 544 281 644
1167 544 452 644
1638 544 54 307
1694 544 44 307
1740 544 344 307
2086 544 43 307
2131 544 55 307
2188 544 43 307
2233 544 55 307
2290 544 54 307
2346 544 169 307
2517 544 275 307
2794 544 420 307
1638 857 54 328
1694 857 44 328
1740 857 344 328
2086 857 43 328
2131 857 55 328
2188 857 43 328
2233 857 55 328
2290 857 54 328
2346 857 169 328
2517 857 275 328
2794 857 420 328
67 1190 44 645
113 1190 344 645
459 1190 43 645
504 1190 55 645
561 1190 43 645
606 1190 55 645
663 1190 54 645
719 1190 163 645
884 1190 281 645
1167 1190 452 645
1638 1191 54 324
1694 1191 44 324
1740 1191 344 324
2086 1191 43 324
2131 1191 55 324
2188 1191 43 324
2233 1191 55 324
2290 1191 54 324
2346 1191 169 324
2517 1191 275 324
2794 1191 420 324
1638 1521 54 322
1694 1521 44 322
1740 1521 344 322
2086 1521 43 322
2131 1521 55 322
2188 1521 43 322
2233 1521 55 322
2290 1521 54 322
2346 1521 169 322
2517 1521 275 322
2794 1521 420 322
67 1837 44 644
113 1837 344 644
459 1837 43 644
504 1837 55 644
561 1837 43 644
606 1837 55 644
663 1837 54 644
719 1837 163 644
884 1837 281 644
1167 1837 452 644
1638 1849 54 322
1694 1849 44 322
1740 1849 344 322
2086 1849 43 322
2131 1849 55 322
2188 1849 43 322
2233 1849 55 322
2290 1849 54 322
2346 1849 169 322
2517 1849 275 322
2794 1849 420 322
1638 2177 54 667
1694 2177 44 336
1740 2177 344 336
2086 2177 43 336
2131 2177 55 336
2188 2177 43 336
2233 2177 55 336
2290 2177 54 336
2346 2177 169 336
2517 2177 275 336
2794 2177 420 336
67 2483 44 644
113 2483 344 644
459 2483 43 644
504 2483 55 644
561 2483 43 644
606 2483 55 644
663 2483 54 644
719 2483 163 644
884 2483 281 644
1167 2483 452 644
1694 2515 44 329
1740 2515 344 329
2086 2515 43 329
2131 2515 55 329
2188 2515 43 329
2233 2515 55 329
2290 2515 54 329
2346 2515 169 329
2517 2515 275 329
2794 2515 420 329
1638 2850 54 740
1694 2850 44 379
1740 2850 344 379
2086 2850 43 379
2131 2850 55 379
2188 2850 43 379
2233 2850 55 379
2290 2850 54 379
2346 2850 169 379
2517 2850 275 379
2794 2850 420 379
67 3129 44 644
113 3129 344 644
459 3129 43 644
504 3129 55 644
561 3129 43 644
606 3129 55 644
663 3129 54 644
719 3129 163 644
884 3129 281 644
1167 3129 452 644
1694 3231 44 359
1740 3231 344 359
2086 3231 43 359
2131 3231 55 359
2188 3231 43 359
2233 3231 55 359
2290 3231 54 359
2346 3231 169 359
2517 3231 275 359
2794 3231 420 359
1638 3596 54 843
1694 3596 44 385
1740 3596 344 385
2086 3596 43 385
2131 3596 55 385
2188 3596 43 385
2233 3596 55 385
2290 3596 54 385
2346 3596 169 385
2517 3596 275 385
2794 3596 420 385
67 3775 44 664
113 3775 344 664
459 3775 43 664
504 3775 55 664
561 3775 43 664
606 3775 55 664
663 3775 54 664
719 3775 163 664
884 3775 281 664
1167 3775 452 664
1694 3983 44 456
1740 3983 344 456
2086 3983 43 456
2131 3983 55 456
2188 3983 43 456
2233 3983 55 456
2290 3983 54 456
2346 3983 169 456
2517 3983 275 456
2794 3983 420 456
