11 364 2810 241
11 609 64 139
77 609 66 139
146 609 223 139
372 609 151 139
525 609 37 139
565 609 37 139
605 609 37 139
644 609 37 139
684 609 139 139
826 609 133 139
962 609 454 139
1422 609 63 139
1488 609 65 139
1556 609 224 139
1783 609 150 139
1936 609 36 139
1975 609 37 139
2015 609 37 139
2055 609 36 139
2094 609 139 139
2236 609 133 139
2372 609 449 139
11 750 64 1222
77 750 66 406
146 750 223 406
372 750 151 406
525 750 37 406
565 750 37 406
605 750 37 406
644 750 37 406
684 750 139 406
826 750 133 406
962 750 454 406
1422 750 63 406
1488 750 65 406
1556 750 224 406
1783 750 150 406
1936 750 36 406
1975 750 37 406
2015 750 37 406
2055 750 36 406
2094 750 139 406
2236 750 133 406
2372 750 449 406
77 1159 66 405
146 1159 223 405
372 1159 151 405
525 1159 37 405
565 1159 37 405
605 1159 37 405
644 1159 37 405
684 1159 139 405
826 1159 133 405
962 1159 454 405
1422 1159 63 813
1488 1159 65 405
1556 1159 224 405
1783 1159 150 405
1936 1159 36 405
1975 1159 37 405
2015 1159 37 405
2055 1159 36 405
2094 1159 139 405
2236 1159 133 405
2372 1159 449 405
77 1567 66 405
146 1567 223 405
372 1567 151 405
525 1567 37 405
565 1567 37 405
605 1567 37 405
644 1567 37 405
684 1567 139 405
826 1567 133 405
962 1567 454 405
1488 1567 65 405
1556 1567 224 405
1783 1567 150 405
1936 1567 36 405
1975 1567 37 405
2015 1567 37 405
2055 1567 36 405
2094 1567 139 405
2236 1567 133 405
2372 1567 449 405
11 1975 64 813
77 1975 66 405
146 1975 223 405
372 1975 151 405
525 1975 37 405
565 1975 37 405
605 1975 37 405
644 1975 37 405
684 1975 139 405
826 1975 133 405
962 1975 454 405
1422 1975 63 405
1488 1975 65 405
1556 1975 224 405
1783 1975 150 405
1936 1975 36 405
1975 1975 37 405
2015 1975 37 405
2055 1975 36 405
2094 1975 139 405
2236 1975 133 405
2372 1975 449 405
77 2383 66 405
146 2383 223 405
372 2383 151 405
525 2383 37 405
565 2383 37 405
605 2383 37 405
644 2383 37 405
684 2383 139 405
826 2383 133 405
962 2383 454 405
1422 2383 63 405
1488 2383 65 405
1556 2383 224 405
1783 2383 150 405
1936 2383 36 405
1975 2383 37 405
2015 2383 37 405
2055 2383 36 405
2094 2383 139 405
2236 2383 133 405
2372 2383 449 405
11 2791 64 1214
77 2791 66 406
146 2791 223 406
372 2791 151 406
525 2791 37 406
565 2791 37 406
605 2791 37 406
644 2791 37 406
684 2791 139 406
826 2791 133 406
962 2791 454 406
1422 2791 63 814
1488 2791 65 406
1556 2791 224 406
1783 2791 150 406
1936 2791 36 406
1975 2791 37 406
2015 2791 37 406
2055 2791 36 406
2094 2791 139 406
2236 2791 133 406
2372 2791 449 406
77 3200 66 405
146 3200 223 405
372 3200 151 405
525 3200 37 405
565 3200 37 405
605 3200 37 405
644 3200 37 405
684 3200 139 405
826 3200 133 405
962 3200 454 405
1488 3200 65 405
1556 3200 224 405
1783 3200 150 405
1936 3200 36 405
1975 3200 37 405
2015 3200 37 405
2055 3200 36 405
2094 3200 139 405
2236 3200 133 405
2372 3200 449 405
77 3608 66 397
146 3608 223 397
372 3608 151 397
525 3608 37 397
565 3608 37 397
605 3608 37 397
644 3608 37 397
684 3608 139 397
826 3608 133 397
962 3608 454 397
1422 3608 63 397
1488 3608 65 397
1556 3608 224 397
1783 3608 150 397
1936 3608 36 397
1975 3608 37 397
2015 3608 37 397
2055 3608 36 397
2094 3608 139 397
2236 3608 133 397
2372 3608 449 397
