83 1457 1555 179
83 1638 847 34
1065 1640 185 26
1252 1640 142 25
1396 1640 228 25
934 1641 130 25
1252 1667 142 27
1396 1667 228 26
934 1668 130 26
83 1676 848 216
1252 1696 142 26
1396 1696 228 26
934 1697 130 26
1066 1724 184 26
1252 1724 142 26
1396 1724 228 26
934 1725 130 26
1252 1752 142 26
1396 1752 228 26
934 1753 130 26
1066 1753 184 26
1396 1780 228 25
934 1781 130 25
1066 1781 184 25
1252 1781 142 25
934 1808 130 26
1066 1808 184 26
1252 1808 142 26
1396 1808 228 25
1396 1835 228 26
934 1836 130 26
1066 1836 184 26
1252 1836 142 26
1066 1864 184 25
934 1865 130 25
83 2088 848 186
1252 2088 143 26
1397 2088 227 25
934 2089 130 26
1066 2116 185 26
1252 2116 143 26
1397 2116 227 25
934 2117 130 25
1252 2143 143 26
1397 2143 227 26
934 2144 130 26
1066 2144 185 25
1397 2171 227 22
1066 2172 185 26
1252 2172 143 26
1066 2200 185 26
1252 2200 143 26
935 2228 130 26
1066 2228 185 26
1252 2228 143 26
1252 2256 143 26
1397 2256 227 25
1066 2257 185 25
935 2261 129 21
