179 227 2851 227
179 456 2851 134
179 592 2851 83
179 677 87 83
269 677 213 83
485 677 76 83
564 677 99 83
666 677 60 83
729 677 99 83
831 677 99 83
933 677 263 83
1199 677 388 83
1590 677 1440 83
179 763 87 509
269 763 213 509
485 763 76 509
564 763 99 509
666 763 60 509
729 763 99 509
831 763 99 509
933 763 263 509
1199 763 388 509
1590 763 1440 509
179 1274 87 510
269 1274 213 510
485 1274 76 510
564 1274 99 510
666 1274 60 510
729 1274 99 510
831 1274 99 510
933 1274 263 510
1199 1274 388 510
1590 1274 1440 510
179 1786 87 509
269 1786 213 509
485 1786 76 509
564 1786 99 509
666 1786 60 509
729 1786 99 509
831 1786 99 509
933 1786 263 509
1199 1786 388 509
1590 1786 1440 509
179 2298 87 509
269 2298 213 509
485 2298 76 509
564 2298 99 509
666 2298 60 509
729 2298 99 509
831 2298 99 509
933 2298 263 509
1199 2298 388 509
1590 2298 1440 509
179 2810 87 509
269 2810 213 509
485 2810 76 509
564 2810 99 509
666 2810 60 509
729 2810 99 509
831 2810 99 509
933 2810 263 509
1199 2810 388 509
1590 2810 1440 509
179 3322 87 509
269 3322 213 509
485 3322 76 509
564 3322 99 509
666 3322 60 509
729 3322 99 509
831 3322 99 509
933 3322 263 509
1199 3322 388 509
1590 3322 1440 509
179 3834 87 509
269 3834 213 509
485 3834 76 509
564 3834 99 509
666 3834 60 509
729 3834 99 509
831 3834 99 509
933 3834 263 509
1199 3834 388 509
1590 3834 1440 509
