11 11 2846 207
11 224 2846 210
11 439 1406 112
1423 439 22 2041
1451 439 1406 112
11 554 61 77
75 554 179 77
256 554 111 77
409 554 37 77
449 554 37 77
529 554 93 77
625 554 150 77
778 554 639 77
1451 554 64 77
1518 554 178 77
1699 554 111 77
1852 554 37 77
1892 554 37 77
1971 554 94 77
2068 554 150 77
2221 554 636 77
489 580 37 25
1932 580 37 25
370 603 37 28
1813 603 36 28
11 634 61 366
75 634 179 72
256 634 111 366
370 634 37 366
409 634 37 366
449 634 37 366
489 634 37 366
529 634 93 366
625 634 150 366
778 634 639 366
1451 634 64 364
1518 634 178 65
1699 634 111 364
1813 634 36 364
1852 634 37 364
1892 634 37 364
1932 634 37 364
1971 634 94 364
2068 634 150 364
2221 634 636 364
223 798 31 35
1518 811 28 21
75 940 179 60
1518 942 178 56
11 1003 61 366
75 1003 179 76
256 1003 111 366
370 1003 37 366
409 1003 37 366
449 1003 37 366
489 1003 37 366
529 1003 93 366
625 1003 150 366
778 1003 639 366
1451 1004 1406 112
1451 1119 64 77
1518 1119 178 77
1699 1119 111 77
1852 1119 37 77
1892 1119 37 77
1971 1119 94 77
2068 1119 150 77
2221 1119 636 77
1932 1145 37 25
1813 1168 36 28
1451 1199 64 364
1518 1199 178 75
1699 1199 111 364
1813 1199 36 364
1852 1199 37 364
1892 1199 37 364
1932 1199 37 364
1971 1199 94 364
2068 1199 150 364
2221 1199 636 364
75 1301 179 68
11 1372 61 366
75 1372 179 66
256 1372 111 366
370 1372 37 366
409 1372 37 366
449 1372 37 366
489 1372 37 366
529 1372 93 366
625 1372 150 366
778 1372 639 366
1518 1503 178 60
1451 1569 1406 112
75 1680 179 58
1451 1684 64 77
1518 1684 178 77
1699 1684 111 77
1852 1684 37 77
1892 1684 37 77
1971 1684 94 77
2068 1684 150 77
2221 1684 636 77
1932 1710 37 25
1813 1733 36 28
11 1741 61 366
75 1741 179 366
256 1741 111 366
370 1741 37 366
409 1741 37 366
449 1741 37 366
489 1741 37 366
529 1741 93 366
625 1741 150 366
778 1741 639 366
1451 1763 64 355
1518 1763 178 66
1699 1763 111 355
1813 1763 36 355
1852 1763 37 355
1892 1763 37 355
1932 1763 37 355
1971 1763 94 355
2068 1763 150 355
2221 1763 636 355
1518 2063 178 55
11 2110 61 364
75 2110 179 364
256 2110 111 364
370 2110 37 364
409 2110 37 364
449 2110 37 364
489 2110 37 364
529 2110 93 364
625 2110 150 364
778 2110 639 364
1451 2121 64 353
1518 2121 178 255
1699 2121 111 353
1813 2121 36 353
1852 2121 37 353
1892 2121 37 353
1932 2121 37 353
1971 2121 94 353
2068 2121 150 353
2221 2121 636 353
1518 2414 178 60
11 2480 2846 1687
