166 163 3038 196
166 367 3038 153
166 528 1513 63
1687 528 1517 63
166 595 115 61
284 595 167 61
454 595 101 61
558 595 28 61
589 595 27 61
619 595 27 61
649 595 27 61
679 595 151 61
833 595 254 61
1090 595 589 61
1687 595 56 61
1746 595 55 61
1804 595 168 61
1975 595 101 61
2079 595 27 61
2109 595 27 61
2139 595 27 61
2169 595 28 61
2200 595 150 61
2353 595 255 61
2611 595 593 61
166 660 115 536
284 660 167 168
454 660 101 536
558 660 28 536
589 660 27 536
619 660 27 295
649 660 27 536
679 660 151 536
833 660 254 536
1090 660 589 536
1687 660 56 903
1746 660 55 299
1804 660 168 51
1975 660 101 299
2079 660 27 299
2109 660 27 299
2139 660 27 299
2169 660 28 299
2200 660 150 299
2353 660 255 299
2611 660 593 299
1804 924 168 35
1746 963 55 299
1804 963 168 50
1975 963 101 299
2079 963 27 299
2109 963 27 299
2139 963 27 299
2169 963 28 299
2200 963 150 299
2353 963 255 299
2611 963 593 299
619 974 27 222
284 1044 167 152
166 1200 115 534
284 1200 167 166
454 1200 101 534
558 1200 28 534
589 1200 27 534
619 1200 27 534
649 1200 27 534
679 1200 151 533
833 1200 254 533
1090 1200 589 534
1804 1228 168 34
1746 1266 55 297
1804 1266 168 47
1975 1266 101 297
2079 1266 27 297
2109 1266 27 142
2139 1266 27 297
2169 1266 28 297
2200 1266 150 297
2353 1266 255 297
2611 1266 593 297
2109 1428 27 135
1804 1527 168 36
1687 1571 56 901
1746 1571 55 297
1804 1571 168 297
1975 1571 101 297
2079 1571 27 297
2109 1571 27 297
2139 1571 27 297
2169 1571 28 297
2200 1571 150 297
2353 1571 255 297
2611 1571 593 297
284 1582 167 152
166 1742 1513 62
166 1808 113 61
282 1808 168 61
453 1808 101 61
557 1808 27 61
587 1808 27 61
617 1808 27 61
647 1808 28 61
678 1808 150 61
831 1808 255 61
1089 1808 590 61
1746 1872 55 299
1804 1872 168 42
1975 1872 101 299
2079 1872 27 299
2109 1872 27 299
2139 1872 27 299
2169 1872 28 299
2200 1872 150 299
2353 1872 255 299
2611 1872 593 299
166 1873 113 298
282 1873 168 219
453 1873 101 298
557 1873 27 298
587 1873 27 298
617 1873 27 298
647 1873 28 298
678 1873 150 298
831 1873 255 298
1089 1873 590 298
1804 2133 168 38
282 2136 168 35
166 2175 113 299
282 2175 168 299
453 2175 101 299
557 2175 27 299
587 2175 27 299
617 2175 27 299
647 2175 28 299
678 2175 150 299
831 2175 255 299
1089 2175 590 299
1746 2175 55 297
1804 2175 168 47
1975 2175 101 297
2079 2175 27 297
2109 2175 27 297
2139 2175 27 297
2169 2175 28 297
2200 2175 150 297
2353 2175 255 297
2611 2175 593 297
1804 2437 168 35
166 2478 113 299
282 2478 168 299
453 2478 101 299
557 2478 27 299
587 2478 27 299
617 2478 27 299
647 2478 28 299
678 2478 150 299
831 2478 255 299
1089 2478 590 299
1687 2480 56 599
1746 2480 55 297
1804 2480 168 42
1975 2480 101 297
2079 2480 27 297
2109 2480 27 297
2139 2480 27 297
2169 2480 28 297
2200 2480 150 297
2353 2480 255 297
2611 2480 593 297
1804 2739 168 38
166 2781 113 300
282 2781 168 51
453 2781 101 300
557 2781 27 300
587 2781 27 300
617 2781 27 300
647 2781 28 300
678 2781 150 300
831 2781 255 300
1089 2781 590 300
1746 2781 55 298
1804 2781 168 211
1975 2781 101 298
2079 2781 27 298
2109 2781 27 298
2139 2781 27 298
2169 2781 28 298
2200 2781 150 298
2353 2781 255 298
2611 2781 593 298
282 3044 168 37
1804 3047 168 32
166 3085 113 299
282 3085 168 46
453 3085 101 299
557 3085 27 299
587 3085 27 299
617 3085 27 299
647 3085 28 299
678 3085 150 299
831 3085 255 299
1089 3085 590 299
1687 3087 56 295
1746 3087 55 295
1804 3087 168 47
1975 3087 101 295
2079 3087 27 295
2109 3087 27 295
2139 3087 27 295
2169 3087 28 295
2200 3087 150 295
2353 3087 255 295
2611 3087 593 295
1946 3173 26 24
282 3345 168 39
1804 3350 168 32
166 3388 113 299
282 3388 168 299
453 3388 101 299
557 3388 27 299
587 3388 27 299
617 3388 27 299
647 3388 28 299
678 3388 150 299
831 3388 255 299
1089 3388 590 299
1687 3390 56 295
1746 3390 55 295
1804 3390 168 48
1975 3390 101 295
2079 3390 27 295
2109 3390 27 295
2139 3390 27 295
2169 3390 28 295
2200 3390 150 295
2353 3390 255 295
2611 3390 593 295
1804 3650 168 35
166 3691 113 299
282 3691 168 220
453 3691 101 299
557 3691 27 299
587 3691 27 299
617 3691 27 299
647 3691 28 299
678 3691 150 299
831 3691 255 299
1089 3691 590 299
1687 3693 56 295
1746 3693 55 295
1804 3693 168 52
1975 3693 101 295
2079 3693 27 295
2109 3693 27 295
2139 3693 27 295
2169 3693 28 295
2200 3693 150 295
2353 3693 255 295
2611 3693 593 295
1804 3952 168 36
282 3956 168 34
166 3994 113 299
282 3994 168 299
453 3994 101 299
557 3994 27 299
587 3994 27 299
617 3994 27 299
647 3994 28 299
678 3994 150 299
831 3994 255 299
1089 3994 590 299
1687 3996 56 598
1746 3996 55 297
1804 3996 168 297
1975 3996 101 297
2079 3996 27 297
2109 3996 27 134
2139 3996 27 297
2169 3996 28 297
2200 3996 150 297
2353 3996 255 297
2611 3996 593 297
2109 4149 27 144
166 4297 113 297
282 4297 168 217
453 4297 101 297
557 4297 27 297
587 4297 27 297
617 4297 27 297
647 4297 28 297
678 4297 150 296
831 4297 255 296
1089 4297 590 297
1746 4297 55 297
1804 4297 168 45
1975 4297 101 297
2079 4297 27 297
2109 4297 27 297
2139 4297 27 297
2169 4297 28 297
2200 4297 150 297
2353 4297 255 297
2611 4297 593 297
282 4556 168 38
1804 4557 168 37
