1925 190 916 57
1925 248 123 30
2050 248 469 30
2520 248 321 30
1925 279 123 30
2050 279 469 30
2520 279 321 30
1925 311 123 30
2050 311 469 30
2520 311 321 30
1925 342 123 30
2050 342 469 30
2520 342 321 30
1925 373 123 30
2050 373 469 30
2520 373 321 30
1925 405 123 30
2050 405 469 30
2520 405 321 30
1925 436 123 30
2050 436 469 30
2520 436 321 30
1925 467 123 30
2050 467 469 30
2520 467 321 30
1925 499 123 30
2050 499 469 30
2520 499 321 29
1925 530 123 30
2050 530 469 30
2520 530 321 30
1925 561 123 30
2050 561 469 30
2520 561 321 30
1925 593 123 29
2050 593 469 29
2520 593 321 29
1925 624 123 30
2050 624 469 30
2520 624 321 30
1925 655 123 30
2050 655 469 30
2520 655 321 30
1925 687 123 29
2050 687 469 29
2520 687 321 29
1925 718 123 30
2050 718 469 30
2520 718 321 30
1925 749 123 30
2050 749 469 30
2520 749 321 30
1925 781 123 29
2050 781 469 29
2520 781 321 29
1925 812 123 30
2050 812 469 30
2520 812 321 30
1925 843 123 30
2050 843 469 30
2520 843 321 30
1925 875 123 29
2050 875 469 29
2520 875 321 29
1925 906 123 30
2050 906 469 30
2520 906 321 30
1925 937 123 30
2050 937 469 30
2520 937 321 30
1925 969 123 29
2050 969 469 29
2520 969 321 29
1925 1000 123 30
2050 1000 469 30
2520 1000 321 30
1925 1031 123 30
2050 1031 469 30
2520 1031 321 30
1925 1063 123 29
2050 1063 469 29
2520 1063 321 29
1925 1094 123 30
2050 1094 469 30
2520 1094 321 30
1925 1125 123 30
2050 1125 469 30
2520 1125 321 30
1925 1157 123 29
2050 1157 469 29
2520 1157 321 29
1925 1188 123 30
2050 1188 469 30
2520 1188 321 30
1925 1219 123 30
2050 1219 469 30
2520 1219 321 30
1925 1251 123 29
2050 1251 469 29
2520 1251 321 29
1925 1282 123 30
2050 1282 469 30
2520 1282 321 30
1925 1313 123 30
2050 1313 469 30
2520 1313 321 30
1925 1345 123 29
2050 1345 469 29
2520 1345 321 29
1925 1376 123 30
2050 1376 469 30
2520 1376 321 30
1925 1407 123 30
2050 1407 469 30
2520 1407 321 30
1925 1439 123 29
2050 1439 469 29
2520 1439 321 29
1925 1470 123 30
2050 1470 469 30
2520 1470 321 30
1925 1501 123 30
2050 1501 469 30
2520 1501 321 30
1925 1533 123 29
2050 1533 469 29
2520 1533 321 29
1925 1564 123 30
2050 1564 469 30
2520 1564 321 30
1925 1595 123 30
2050 1595 469 30
2520 1595 321 30
1925 1627 123 29
2050 1627 469 29
2520 1627 321 29
1925 1658 123 30
2050 1658 469 30
2520 1658 321 30
1925 1689 123 30
2050 1689 469 30
2520 1689 321 30
1925 1721 123 29
2050 1721 469 29
2520 1721 321 29
1925 1752 123 30
2050 1752 469 30
2520 1752 321 30
1925 1783 123 30
2050 1783 469 30
2520 1783 321 30
1925 1815 123 29
2050 1815 469 29
2520 1815 321 29
1925 1846 123 30
2050 1846 469 30
2520 1846 321 30
1925 1877 123 30
2050 1877 469 30
2520 1877 321 30
1925 1909 123 29
2050 1909 469 29
2520 1909 321 29
1925 1940 123 30
2050 1940 469 30
2520 1940 321 30
1925 1971 123 30
2050 1971 469 30
2520 1971 321 30
1925 2003 123 29
2050 2003 469 29
2520 2003 321 29
1925 2034 123 30
2050 2034 469 30
2520 2034 321 30
1925 2065 123 30
2050 2065 469 30
2520 2065 321 30
1925 2097 123 29
2050 2097 469 29
2520 2097 321 29
1925 2128 123 30
2050 2128 469 30
2520 2128 321 30
1925 2159 123 30
2050 2159 469 30
2520 2159 321 30
1925 2190 123 30
2050 2190 469 30
2520 2190 321 30
1925 2222 123 30
2050 2222 469 30
2520 2222 321 30
1925 2253 123 30
2050 2253 469 30
2520 2253 321 30
1925 2284 123 30
2050 2284 469 30
2520 2284 321 30
1925 2316 123 30
2050 2316 469 30
2520 2316 321 30
1925 2347 123 30
2050 2347 469 30
2520 2347 321 30
1925 2378 123 30
2050 2378 469 30
2520 2378 321 30
1925 2410 123 30
2050 2410 469 30
2520 2410 321 30
1925 2441 123 30
2050 2441 469 30
2520 2441 321 30
1925 2472 123 30
2050 2472 469 30
2520 2472 321 30
1925 2504 123 30
2050 2504 469 30
2520 2504 321 30
1925 2535 123 30
2050 2535 469 30
2520 2535 321 30
1925 2566 123 30
2050 2566 469 30
2520 2566 321 30
1925 2598 123 30
2050 2598 469 30
2520 2598 321 30
1925 2629 123 30
2050 2629 469 30
2520 2629 321 30
1925 2660 123 30
2050 2660 469 30
2520 2660 321 30
1925 2692 123 30
2050 2692 469 30
2520 2692 321 30
1925 2723 123 30
2050 2723 469 30
2520 2723 321 30
1925 2754 123 30
2050 2754 469 30
2520 2754 321 30
1925 2786 123 29
2050 2786 469 29
2520 2786 321 29
1925 2889 916 56
1925 2947 123 30
2050 2947 469 30
2520 2947 321 30
1925 2978 123 30
2050 2978 469 30
2520 2978 321 30
1925 3009 123 30
2050 3009 469 30
2520 3009 321 30
1925 3041 123 30
2050 3041 469 30
2520 3041 321 30
1925 3072 123 30
2050 3072 469 30
2520 3072 321 30
1925 3103 123 30
2050 3103 469 30
2520 3103 321 30
1925 3135 123 30
2050 3135 469 30
2520 3135 321 30
1925 3166 123 30
2050 3166 469 30
2520 3166 321 30
1925 3197 123 30
2050 3197 469 30
2520 3197 321 30
1925 3229 123 30
2050 3229 469 30
2520 3229 321 30
1925 3260 123 30
2050 3260 469 30
2520 3260 321 30
1925 3291 123 30
2050 3291 469 30
2520 3291 321 30
1925 3323 123 30
2050 3323 469 30
2520 3323 321 30
1925 3354 123 30
2050 3354 469 30
2520 3354 321 30
1925 3385 123 30
2050 3385 469 30
2520 3385 321 30
1925 3417 123 30
2050 3417 469 30
2520 3417 321 30
1925 3448 123 30
2050 3448 469 30
2520 3448 321 30
1925 3479 123 30
2050 3479 469 30
2520 3479 321 30
1925 3511 123 30
2050 3511 469 30
2520 3511 321 30
1925 3542 123 30
2050 3542 469 30
2520 3542 321 30
1925 3573 123 30
2050 3573 469 30
2520 3573 321 30
1925 3605 123 30
2050 3605 469 30
2520 3605 321 30
1925 3636 123 30
2050 3636 469 30
2520 3636 321 30
1925 3667 123 30
2050 3667 469 30
2520 3667 321 30
1925 3699 123 30
2050 3699 469 30
2520 3699 321 30
1925 3730 123 30
2050 3730 469 30
2520 3730 321 30
1925 3761 123 30
2050 3761 469 30
2520 3761 321 30
1925 3793 123 30
2050 3793 469 30
2520 3793 321 30
1925 3824 123 30
2050 3824 469 30
2520 3824 321 30
1925 3855 123 30
2050 3855 469 30
2520 3855 321 30
1925 3887 123 30
2050 3887 469 30
2520 3887 321 30
1925 3918 123 30
2050 3918 469 30
2520 3918 321 30
1925 3949 123 30
2050 3949 469 30
2520 3949 321 30
1925 3981 123 30
2050 3981 469 30
2520 3981 321 30
1925 4012 123 30
2050 4012 469 30
2520 4012 321 30
1925 4043 123 30
2050 4043 469 30
2520 4043 321 30
1925 4075 123 30
2050 4075 469 30
2520 4075 321 30
1925 4106 123 29
2050 4106 469 29
2520 4106 321 29
