129 133 2844 186
129 327 2844 136
129 471 1417 77
1554 471 1419 77
129 550 128 79
259 550 208 79
469 550 81 79
552 550 33 79
587 550 32 79
621 550 32 79
655 550 34 79
691 550 113 79
806 550 178 79
986 550 560 79
1554 550 56 79
1612 550 68 79
1682 550 209 79
1893 550 80 79
1975 550 34 79
2011 550 33 79
2046 550 32 79
2080 550 34 79
2116 550 112 79
2230 550 178 79
2410 550 563 79
129 631 128 567
259 631 208 567
469 631 81 567
552 631 33 567
587 631 32 567
621 631 32 567
655 631 34 567
691 631 113 567
806 631 178 567
986 631 560 567
1554 631 56 563
1612 631 68 563
1682 631 209 146
1893 631 80 563
1975 631 34 563
2011 631 33 563
2046 631 32 563
2080 631 34 563
2116 631 112 563
2230 631 178 563
2410 631 563 563
1682 819 44 32
1858 859 33 97
1682 864 41 100
1682 1074 209 120
129 1200 1417 79
1554 1202 56 2251
1612 1202 68 562
1682 1202 209 155
1893 1202 80 562
1975 1202 34 562
2011 1202 33 562
2046 1202 32 562
2080 1202 34 562
2116 1202 112 562
2230 1202 178 562
2410 1202 563 562
129 1281 128 80
259 1281 208 80
469 1281 81 80
552 1281 33 80
587 1281 32 80
621 1281 32 80
655 1281 34 80
691 1281 113 80
806 1281 178 80
986 1281 560 80
129 1363 128 561
259 1363 208 126
469 1363 81 561
552 1363 33 561
587 1363 32 561
621 1363 32 561
655 1363 34 561
691 1363 113 561
806 1363 178 561
986 1363 560 561
1863 1445 28 42
439 1545 28 154
259 1565 35 22
259 1594 30 95
1682 1656 98 108
1792 1656 50 108
1843 1656 48 108
1612 1766 68 565
1682 1766 209 367
1893 1766 80 565
1975 1766 34 565
2011 1766 33 565
2046 1766 32 565
2080 1766 34 565
2116 1766 112 565
2230 1766 178 565
2410 1766 563 565
259 1811 81 113
354 1811 42 113
412 1811 55 113
129 1926 128 566
259 1926 208 121
469 1926 81 566
552 1926 33 566
587 1926 32 566
621 1926 32 566
655 1926 34 566
691 1926 113 566
806 1926 178 566
986 1926 560 566
259 2103 27 28
431 2103 36 141
259 2131 26 110
1682 2133 207 198
1612 2333 68 556
1682 2333 209 137
1893 2333 80 556
1975 2333 34 556
2011 2333 33 556
2046 2333 32 556
2080 2333 34 556
2116 2333 112 556
2230 2333 178 556
2410 2333 563 556
259 2369 62 123
329 2369 48 123
398 2369 69 123
129 2494 128 568
259 2494 208 145
469 2494 81 568
552 2494 33 568
587 2494 32 568
621 2494 32 568
655 2494 34 568
691 2494 113 568
806 2494 178 568
986 2494 560 568
1682 2511 37 22
1682 2545 32 25
1862 2558 29 106
1682 2570 31 319
1612 2891 68 562
1682 2891 209 132
1893 2891 80 562
1975 2891 34 562
2011 2891 33 562
2046 2891 32 562
2080 2891 34 562
2116 2891 112 562
2230 2891 178 562
2410 2891 563 562
259 2947 24 115
285 2947 72 115
360 2947 21 115
129 3070 1417 75
1682 3083 34 46
1861 3084 30 168
1682 3141 27 111
129 3147 58 72
189 3147 68 72
259 3147 208 72
469 3147 81 72
552 3147 32 72
586 3147 32 72
620 3147 34 72
656 3147 33 72
691 3147 111 72
804 3147 180 72
986 3147 560 72
129 3221 58 1126
189 3221 68 567
259 3221 208 108
469 3221 81 567
552 3221 32 567
586 3221 32 567
620 3221 34 567
656 3221 33 567
691 3221 111 567
804 3221 180 567
986 3221 560 567
1718 3338 97 115
443 3387 24 132
259 3395 29 126
1554 3461 56 557
1612 3461 68 557
1682 3461 209 108
1893 3461 80 557
1975 3461 34 557
2011 3461 33 557
2046 3461 32 557
2080 3461 34 557
2116 3461 112 557
2230 3461 178 557
2410 3461 563 557
1867 3635 24 33
1682 3642 31 24
259 3646 104 142
367 3646 100 142
1682 3670 27 46
1682 3716 26 86
189 3790 68 557
259 3790 208 123
469 3790 81 557
552 3790 32 557
586 3790 32 557
620 3790 34 557
656 3790 33 557
691 3790 111 557
804 3790 180 557
986 3790 560 557
1682 3884 209 134
259 3992 24 110
434 3993 33 94
1554 4020 1419 327
259 4233 208 114
