119 119 2852 122
119 249 2852 121
119 378 1420 62
1547 378 1424 62
119 444 115 64
237 444 168 64
408 444 67 64
478 444 27 64
538 444 27 64
568 444 28 64
599 444 150 64
752 444 264 64
1019 444 520 64
1547 444 60 64
1610 444 56 64
1669 444 167 64
1839 444 67 64
1909 444 27 64
1939 444 27 64
1969 444 27 64
1999 444 28 64
2030 444 150 64
2183 444 266 64
2452 444 519 64
508 467 27 41
119 512 115 669
237 512 168 237
408 512 67 669
478 512 27 669
508 512 27 669
538 512 27 669
568 512 28 669
599 512 150 669
752 512 264 669
1019 512 520 669
1547 512 60 754
1610 512 56 375
1669 512 167 93
1839 512 67 375
1909 512 27 375
1939 512 27 375
1969 512 27 375
1999 512 28 375
2030 512 150 375
2183 512 266 375
2452 512 519 375
237 794 24 22
1669 818 167 69
1610 891 56 375
1669 891 167 88
1839 891 67 375
1909 891 27 375
1939 891 27 375
1969 891 27 375
1999 891 28 375
2030 891 150 375
2183 891 266 375
2452 891 519 375
237 954 168 227
119 1185 115 669
237 1185 168 239
408 1185 67 669
478 1185 27 669
508 1185 27 669
538 1185 27 669
568 1185 28 669
599 1185 150 669
752 1185 264 669
1019 1185 520 669
1669 1196 167 70
1547 1270 60 1133
1610 1270 56 375
1669 1270 167 75
1839 1270 67 375
1909 1270 27 375
1939 1270 27 375
1969 1270 27 375
1999 1270 28 375
2030 1270 150 375
2183 1270 266 375
2452 1270 519 375
1669 1561 167 84
237 1627 168 227
1610 1649 56 375
1669 1649 167 100
1839 1649 67 375
1909 1649 27 375
1939 1649 27 375
1969 1649 27 375
1999 1649 28 375
2030 1649 150 375
2183 1649 266 375
2452 1649 519 375
119 1858 115 667
237 1858 168 231
408 1858 67 667
478 1858 27 667
508 1858 27 667
538 1858 27 667
568 1858 28 667
599 1858 150 667
752 1858 264 667
1019 1858 520 667
1669 1962 167 62
1610 2028 56 375
1669 2028 167 375
1839 2028 67 375
1909 2028 27 375
1939 2028 27 375
1969 2028 27 375
1999 2028 28 375
2030 2028 150 375
2183 2028 266 375
2452 2028 519 375
237 2291 168 234
1547 2407 60 754
1610 2407 56 375
1669 2407 167 79
1839 2407 67 375
1909 2407 27 375
1939 2407 27 375
1969 2407 27 375
1999 2407 28 375
2030 2407 150 375
2183 2407 266 375
2452 2407 519 375
1809 2526 27 22
119 2533 1420 63
119 2600 113 60
235 2600 168 60
406 2600 67 60
476 2600 27 60
506 2600 27 35
536 2600 27 60
566 2600 28 49
597 2600 150 60
750 2600 266 60
1019 2600 520 60
119 2664 113 376
235 2664 168 376
406 2664 67 376
476 2664 27 376
506 2664 27 376
536 2664 27 376
566 2664 28 376
597 2664 150 376
750 2664 266 376
1019 2664 520 376
1669 2702 167 80
1610 2786 56 375
1669 2786 167 81
1839 2786 67 375
1909 2786 27 375
1939 2786 27 375
1969 2786 27 375
1999 2786 28 375
2030 2786 150 375
2183 2786 266 375
2452 2786 519 375
119 3044 113 372
235 3044 168 372
406 3044 67 372
476 3044 27 372
506 3044 27 372
536 3044 27 372
566 3044 28 372
597 3044 150 372
750 3044 266 372
1019 3044 520 372
1669 3083 167 78
1547 3165 1424 1139
119 3424 1420 62
119 3490 55 61
177 3490 55 61
235 3490 168 61
406 3490 67 61
476 3490 27 61
506 3490 27 61
536 3490 27 61
566 3490 28 61
597 3490 150 61
750 3490 266 61
1019 3490 520 61
119 3555 55 749
177 3555 55 373
235 3555 168 101
406 3555 67 373
476 3555 27 373
506 3555 27 373
536 3555 27 373
566 3555 28 373
597 3555 150 373
750 3555 266 373
1019 3555 520 373
235 3867 168 61
177 3932 55 372
235 3932 168 372
406 3932 67 372
476 3932 27 372
506 3932 27 372
536 3932 27 372
566 3932 28 372
597 3932 150 372
750 3932 266 372
1019 3932 520 372
