4 5 1062 46
4 55 1062 41
4 120 36 21
41 120 68 21
110 120 24 21
196 120 33 21
230 120 87 21
318 120 215 21
573 120 69 21
643 120 24 21
729 120 33 21
763 120 87 21
851 120 215 21
4 145 36 117
41 145 68 117
110 145 24 117
196 145 33 117
230 145 87 117
318 145 215 117
573 145 69 117
643 145 24 85
729 145 33 117
763 145 87 117
851 145 215 117
4 263 36 116
41 263 68 116
110 263 24 116
196 263 33 116
230 263 87 116
318 263 215 116
573 263 69 115
643 263 24 115
729 263 33 115
763 263 87 115
851 263 215 115
4 380 36 116
41 380 68 116
110 380 24 116
196 380 33 116
230 380 87 116
318 380 215 116
573 382 69 114
643 382 24 114
729 382 33 114
763 382 87 114
851 382 215 114
4 497 36 117
41 497 68 117
110 497 24 117
196 497 33 117
230 497 87 117
318 497 215 117
573 497 69 115
643 497 24 115
729 497 33 115
763 497 87 115
851 497 215 115
4 615 36 116
41 615 68 116
196 615 33 26
230 615 87 108
318 615 215 116
573 616 69 115
643 616 24 115
729 616 33 115
763 616 87 115
851 616 215 115
196 645 33 86
110 647 24 65
4 732 36 116
41 732 68 116
110 732 24 116
196 732 33 116
230 732 87 116
318 732 215 116
573 732 69 116
643 732 24 116
729 732 33 116
763 732 87 41
851 732 215 116
763 800 87 48
4 849 36 117
41 849 68 117
110 849 24 117
196 849 33 117
230 849 87 117
318 849 215 117
573 849 69 117
643 849 24 117
729 849 33 117
763 849 87 117
851 849 215 117
4 967 36 116
41 967 68 116
110 967 24 116
196 967 33 116
230 967 87 116
318 967 215 116
573 967 69 114
643 967 24 114
729 967 33 114
763 967 87 114
851 967 215 114
4 1084 36 116
41 1084 68 116
196 1084 33 116
230 1084 87 42
318 1084 215 116
573 1086 69 114
643 1086 24 94
729 1086 33 114
763 1086 87 114
851 1086 215 114
110 1121 24 58
230 1133 87 67
4 1201 36 115
110 1201 24 115
196 1201 33 115
230 1201 87 115
318 1201 215 115
573 1201 69 115
643 1201 24 115
729 1201 33 115
763 1201 87 115
851 1201 215 115
4 1320 529 233
573 1320 69 115
643 1320 24 115
729 1320 33 115
763 1320 87 115
851 1320 215 115
573 1436 69 117
643 1436 24 117
729 1436 33 117
763 1436 87 117
851 1436 215 117
