17 17 2858 254
17 272 2858 254
17 527 60 122
78 527 57 122
136 527 211 122
348 527 65 122
414 527 82 122
497 527 41 122
540 527 44 122
585 527 84 122
670 527 171 122
842 527 171 122
1014 527 429 122
1449 527 57 122
1508 527 57 122
1566 527 211 122
1778 527 65 122
1844 527 82 122
1927 527 41 122
1969 527 45 122
2015 527 84 122
2100 527 171 122
2272 527 171 122
2444 527 431 122
17 650 60 616
78 650 57 309
136 650 211 309
348 650 65 309
414 650 82 309
497 650 41 309
540 650 44 309
585 650 84 309
670 650 171 309
842 650 171 309
1014 650 429 309
1449 650 57 616
1508 650 57 309
1566 650 211 309
1778 650 65 309
1844 650 82 309
1927 650 41 309
1969 650 45 309
2015 650 84 309
2100 650 171 309
2272 650 171 309
2444 650 431 309
78 960 57 306
136 960 211 306
348 960 65 306
414 960 82 306
497 960 41 306
540 960 44 306
585 960 84 306
670 960 171 306
842 960 171 306
1014 960 429 306
1508 960 57 306
1566 960 211 306
1778 960 65 306
1844 960 82 306
1927 960 41 306
1969 960 45 306
2015 960 84 306
2100 960 171 306
2272 960 171 306
2444 960 431 306
17 1272 60 614
78 1272 57 307
136 1272 211 307
348 1272 65 307
414 1272 82 307
497 1272 41 307
540 1272 44 307
585 1272 84 307
670 1272 171 307
842 1272 171 307
1014 1272 429 307
1449 1272 57 614
1508 1272 57 307
1566 1272 211 307
1778 1272 65 307
1844 1272 82 307
1927 1272 41 307
1969 1272 45 307
2015 1272 84 307
2100 1272 171 307
2272 1272 171 307
2444 1272 431 307
78 1580 57 306
136 1580 211 306
348 1580 65 306
414 1580 82 306
497 1580 41 306
540 1580 44 306
585 1580 84 306
670 1580 171 306
842 1580 171 306
1014 1580 429 306
1508 1580 57 306
1566 1580 211 306
1778 1580 65 306
1844 1580 82 306
1927 1580 41 306
1969 1580 45 306
2015 1580 84 306
2100 1580 171 306
2272 1580 171 306
2444 1580 431 306
17 1892 60 614
78 1892 57 306
136 1892 211 306
348 1892 65 306
414 1892 82 306
497 1892 41 306
540 1892 44 306
585 1892 84 306
670 1892 171 306
842 1892 171 306
1014 1892 429 306
1449 1892 57 924
1508 1892 57 306
1566 1892 211 306
1778 1892 65 306
1844 1892 82 306
1927 1892 41 306
1969 1892 45 306
2015 1892 84 306
2100 1892 171 306
2272 1892 171 306
2444 1892 431 306
78 2199 57 307
136 2199 211 307
348 2199 65 307
414 2199 82 307
497 2199 41 307
540 2199 44 307
585 2199 84 307
670 2199 171 307
842 2199 171 307
1014 2199 429 307
1508 2199 57 309
1566 2199 211 309
1778 2199 65 309
1844 2199 82 309
1927 2199 41 309
1969 2199 45 309
2015 2199 84 309
2100 2199 171 309
2272 2199 171 309
2444 2199 431 309
1508 2509 57 307
1566 2509 211 307
1778 2509 65 307
1844 2509 82 307
1927 2509 41 307
1969 2509 45 307
2015 2509 84 307
2100 2509 171 307
2272 2509 171 307
2444 2509 431 307
17 2512 60 613
78 2512 57 306
136 2512 211 306
348 2512 65 306
414 2512 82 306
497 2512 41 306
540 2512 44 306
585 2512 84 306
670 2512 171 306
842 2512 171 306
1014 2512 429 306
78 2819 57 306
136 2819 211 306
348 2819 65 306
414 2819 82 306
497 2819 41 306
540 2819 44 306
585 2819 84 306
670 2819 171 306
842 2819 171 306
1014 2819 429 306
1449 2821 57 614
1508 2821 57 307
1566 2821 211 307
1778 2821 65 307
1844 2821 82 307
1927 2821 41 307
1969 2821 45 307
2015 2821 84 307
2100 2821 171 307
2272 2821 171 307
2444 2821 431 307
1508 3129 57 306
1566 3129 211 306
1778 3129 65 306
1844 3129 82 306
1927 3129 41 306
1969 3129 45 306
2015 3129 84 306
2100 3129 171 306
2272 3129 171 306
2444 3129 431 306
17 3131 60 926
78 3131 57 306
136 3131 211 306
348 3131 65 306
414 3131 82 306
497 3131 41 306
540 3131 44 306
585 3131 84 306
670 3131 171 306
842 3131 171 306
1014 3131 429 306
78 3439 57 308
136 3439 211 308
348 3439 65 308
414 3439 82 308
497 3439 41 308
540 3439 44 308
585 3439 84 308
670 3439 171 308
842 3439 171 308
1014 3439 429 308
1449 3441 57 616
1508 3441 57 306
1566 3441 211 306
1778 3441 65 306
1844 3441 82 306
1927 3441 41 306
1969 3441 45 306
2015 3441 84 306
2100 3441 171 306
2272 3441 171 306
2444 3441 431 306
78 3748 57 309
136 3748 211 309
348 3748 65 309
414 3748 82 309
497 3748 41 309
540 3748 44 309
585 3748 84 309
670 3748 171 309
842 3748 171 309
1014 3748 429 309
1508 3748 57 309
1566 3748 211 309
1778 3748 65 309
1844 3748 82 309
1927 3748 41 309
1969 3748 45 309
2015 3748 84 309
2100 3748 171 309
2272 3748 171 309
2444 3748 431 309
