179 227 2851 227
179 456 2851 134
179 592 2851 83
179 677 87 83
269 677 213 83
485 677 76 83
564 677 99 83
666 677 60 83
729 677 99 83
831 677 99 83
933 677 263 83
1199 677 388 83
1590 677 1440 83
179 763 87 343
269 763 213 343
485 763 76 343
564 763 99 343
666 763 60 343
729 763 99 343
831 763 99 343
933 763 263 343
1199 763 388 343
1590 763 1440 343
179 1108 87 343
269 1108 213 343
485 1108 76 343
564 1108 99 343
666 1108 60 343
729 1108 99 343
831 1108 99 343
933 1108 263 343
1199 1108 388 343
1590 1108 1440 343
179 1454 87 342
269 1454 213 342
485 1454 76 342
564 1454 99 342
666 1454 60 342
729 1454 99 342
831 1454 99 342
933 1454 263 342
1199 1454 388 342
1590 1454 1440 342
179 1801 2851 2542
