11 11 2856 285
11 307 2856 227
11 546 2856 58
11 615 56 68
68 615 157 68
226 615 56 68
283 615 75 68
360 615 56 68
418 615 72 68
492 615 74 68
568 615 168 68
738 615 361 68
1101 615 1766 68
11 685 56 232
68 685 157 232
226 685 56 232
283 685 75 232
360 685 56 232
418 685 72 232
492 685 74 232
568 685 168 232
738 685 361 232
1101 685 1766 232
11 919 56 231
68 919 157 231
226 919 56 231
283 919 75 231
360 919 56 231
418 919 72 231
492 919 74 231
568 919 168 231
738 919 361 231
1101 919 1766 231
11 1162 2856 63
11 1236 55 65
68 1236 156 65
226 1236 55 65
283 1236 74 65
359 1236 56 65
417 1236 73 65
492 1236 73 65
567 1236 123 65
692 1236 203 65
897 1236 531 65
1439 1236 56 65
1496 1236 157 65
1654 1236 56 65
1711 1236 75 65
1788 1236 56 65
1846 1236 72 65
1920 1236 74 65
1996 1236 121 65
2119 1236 204 65
2325 1236 542 65
11 1303 55 211
68 1303 156 211
226 1303 55 211
283 1303 74 211
359 1303 56 211
417 1303 73 211
492 1303 73 211
567 1303 123 211
692 1303 203 211
897 1303 531 211
1439 1303 56 210
1496 1303 157 210
1654 1303 56 210
1711 1303 75 210
1788 1303 56 210
1846 1303 72 210
1920 1303 74 210
1996 1303 121 210
2119 1303 204 210
2325 1303 542 210
1439 1515 56 212
1496 1515 157 212
1654 1515 56 212
1711 1515 75 212
1788 1515 56 212
1846 1515 72 212
1920 1515 74 212
1996 1515 121 212
2119 1515 204 212
2325 1515 542 212
11 1516 55 211
68 1516 156 211
226 1516 55 211
283 1516 74 211
359 1516 56 211
417 1516 73 211
492 1516 73 211
567 1516 123 211
692 1516 203 211
897 1516 531 211
11 1739 2856 58
11 1808 74 26
87 1808 54 71
143 1808 156 71
301 1808 55 71
358 1808 74 71
434 1808 56 71
492 1808 73 71
566 1808 74 71
642 1808 111 71
754 1808 204 71
959 1808 469 71
1439 1808 77 71
1518 1808 54 71
1574 1808 156 71
1732 1808 55 71
1789 1808 74 71
1865 1808 56 71
1923 1808 73 71
1997 1808 74 71
2073 1808 111 71
2185 1808 208 71
2394 1808 473 71
11 1855 74 24
11 1881 74 437
87 1881 54 214
143 1881 156 214
301 1881 55 214
358 1881 74 214
434 1881 56 214
492 1881 73 214
566 1881 74 214
642 1881 111 214
754 1881 204 214
959 1881 469 214
1439 1881 77 437
1518 1881 54 214
1574 1881 156 214
1732 1881 55 214
1789 1881 74 214
1865 1881 56 214
1923 1881 73 214
1997 1881 74 214
2073 1881 111 214
2185 1881 208 214
2394 1881 473 214
87 2097 54 221
143 2097 156 221
301 2097 55 221
358 2097 74 221
434 2097 56 221
492 2097 73 221
566 2097 74 221
642 2097 111 221
754 2097 204 221
959 2097 469 221
1518 2097 54 221
1574 2097 156 221
1732 2097 55 221
1789 2097 74 221
1865 2097 56 221
1923 2097 73 221
1997 2097 74 221
2073 2097 111 221
2185 2097 208 221
2394 2097 473 221
11 2329 74 638
87 2329 54 212
143 2329 156 212
301 2329 55 212
358 2329 74 212
434 2329 56 212
492 2329 73 212
566 2329 74 212
642 2329 111 212
754 2329 204 212
959 2329 469 212
1439 2329 77 208
1518 2329 54 208
1574 2329 156 208
1732 2329 55 208
1789 2329 74 208
1865 2329 56 208
1923 2329 73 208
1997 2329 74 208
2073 2329 111 208
2185 2329 208 208
2394 2329 473 208
87 2543 54 212
143 2543 156 212
301 2543 55 212
358 2543 74 212
434 2543 56 212
492 2543 73 212
566 2543 74 212
642 2543 111 212
754 2543 204 212
959 2543 469 212
1439 2548 77 202
1518 2548 54 202
1574 2548 156 202
1732 2548 55 202
1789 2548 74 202
1865 2548 56 202
1923 2548 73 202
1997 2548 74 202
2073 2548 111 202
2185 2548 208 202
2394 2548 473 202
87 2757 54 210
143 2757 156 210
301 2757 55 210
358 2757 74 210
434 2757 56 210
492 2757 73 210
566 2757 74 210
642 2757 111 210
754 2757 204 210
959 2757 469 210
1439 2761 77 420
1518 2761 54 211
1574 2761 156 211
1732 2761 55 211
1789 2761 74 211
1865 2761 56 211
1923 2761 73 211
1997 2761 74 211
2073 2761 111 211
2185 2761 208 211
2394 2761 473 211
1518 2974 54 207
1574 2974 156 207
1732 2974 55 207
1789 2974 74 207
1865 2974 56 207
1923 2974 73 207
1997 2974 74 207
2073 2974 111 207
2185 2974 208 207
2394 2974 473 207
11 2979 74 202
87 2979 54 202
143 2979 156 202
301 2979 55 202
358 2979 74 202
434 2979 56 202
492 2979 73 202
566 2979 74 202
642 2979 111 202
754 2979 204 202
959 2979 469 202
11 3193 74 414
87 3193 54 208
143 3193 156 208
301 3193 55 208
358 3193 74 208
434 3193 56 208
492 3193 73 208
566 3193 74 208
642 3193 111 208
754 3193 204 208
959 3193 469 208
1439 3193 77 204
1518 3193 54 204
1574 3193 156 204
1732 3193 55 204
1789 3193 74 204
1865 3193 56 204
1923 3193 73 204
1997 3193 74 204
2073 3193 111 204
2185 3193 208 204
2394 3193 473 204
87 3403 54 204
143 3403 156 204
301 3403 55 204
358 3403 74 204
434 3403 56 204
492 3403 73 204
566 3403 74 204
642 3403 111 204
754 3403 204 204
959 3403 469 204
1439 3409 77 629
1518 3409 54 202
1574 3409 156 202
1732 3409 55 202
1789 3409 74 202
1865 3409 56 202
1923 3409 73 202
1997 3409 74 202
2073 3409 111 202
2185 3409 208 202
2394 3409 473 202
1518 3613 54 215
1574 3613 156 215
1732 3613 55 215
1789 3613 74 215
1865 3613 56 215
1923 3613 73 215
1997 3613 74 215
2073 3613 111 215
2185 3613 208 215
2394 3613 473 215
11 3618 74 420
87 3618 54 210
143 3618 156 210
301 3618 55 210
358 3618 74 210
434 3618 56 210
492 3618 73 210
566 3618 74 210
642 3618 111 210
754 3618 204 210
959 3618 469 210
87 3830 54 208
143 3830 156 208
301 3830 55 208
358 3830 74 208
434 3830 56 208
492 3830 73 208
566 3830 74 208
642 3830 111 208
754 3830 204 208
959 3830 469 208
1518 3830 54 208
1574 3830 156 208
1732 3830 55 208
1789 3830 74 208
1865 3830 56 208
1923 3830 73 208
1997 3830 74 208
2073 3830 111 208
2185 3830 208 208
2394 3830 473 208
