91 165 2851 237
91 413 2851 195
91 620 2851 67
91 698 67 61
159 698 174 61
334 698 109 61
445 698 98 61
545 698 85 61
631 698 107 61
739 698 120 61
861 698 228 61
1091 698 468 61
1561 698 1381 61
91 770 67 170
159 770 174 170
334 770 109 170
445 770 98 170
545 770 85 170
631 770 107 170
739 770 120 170
861 770 228 170
1091 770 468 170
1561 770 1381 170
91 952 2851 70
91 1033 67 60
160 1033 172 60
334 1033 109 60
445 1033 99 36
545 1033 85 60
632 1033 106 60
739 1033 120 56
861 1033 228 60
1091 1033 468 60
1560 1033 1382 60
91 1105 67 177
160 1105 172 177
334 1105 109 177
445 1105 99 177
545 1105 85 177
632 1105 106 177
739 1105 120 177
861 1105 228 177
1091 1105 468 177
1560 1105 1382 177
91 1284 67 182
160 1284 172 182
334 1284 109 182
445 1284 99 182
545 1284 85 182
632 1284 106 182
739 1284 120 182
861 1284 228 182
1091 1284 468 182
1560 1284 1382 182
91 1468 67 183
160 1468 172 183
334 1468 109 183
445 1468 99 183
545 1468 85 183
632 1468 106 183
739 1468 120 183
861 1468 228 183
1091 1468 468 183
1560 1468 1382 183
91 1652 67 183
160 1652 172 183
334 1652 109 183
445 1652 99 183
545 1652 85 183
632 1652 106 183
739 1652 120 183
861 1652 228 183
1091 1652 468 183
1560 1652 1382 183
91 1836 67 183
160 1836 172 183
334 1836 109 183
445 1836 99 183
545 1836 85 183
632 1836 106 183
739 1836 120 183
861 1836 228 183
1091 1836 468 183
1560 1836 1382 183
91 2020 67 183
160 2020 172 183
334 2020 109 183
445 2020 99 183
545 2020 85 183
632 2020 106 183
739 2020 120 183
861 2020 228 183
1091 2020 468 183
1560 2020 1382 183
91 2204 67 175
334 2204 109 175
445 2204 99 175
545 2204 85 175
632 2204 106 175
739 2204 120 175
861 2204 228 175
1091 2204 468 175
1560 2204 1382 175
310 2324 22 55
160 2327 33 52
91 2391 2851 69
91 2471 94 59
187 2471 77 59
266 2471 173 59
440 2471 110 59
551 2471 94 35
647 2471 84 59
733 2471 111 59
846 2471 115 54
962 2471 225 59
1189 2471 469 59
1660 2471 1282 59
91 2541 94 191
187 2541 77 191
266 2541 173 191
440 2541 110 191
551 2541 94 191
647 2541 84 191
733 2541 111 191
846 2541 115 191
962 2541 225 191
1189 2541 469 191
1660 2541 1282 171
91 2743 94 193
187 2743 77 193
266 2743 173 193
440 2743 110 193
551 2743 94 193
647 2743 84 193
733 2743 111 193
846 2743 115 193
962 2743 225 193
1189 2743 469 193
1660 2743 1282 193
91 2948 94 195
187 2948 77 195
266 2948 173 195
440 2948 110 195
551 2948 94 195
647 2948 84 195
733 2948 111 195
846 2948 115 195
962 2948 225 195
1189 2948 469 195
1660 2948 1282 195
91 3155 94 398
187 3155 77 198
266 3155 173 198
440 3155 110 198
551 3155 94 198
647 3155 84 198
733 3155 111 198
846 3155 115 198
962 3155 225 198
1189 3155 469 198
1660 3155 1282 198
187 3355 77 198
266 3355 173 198
440 3355 110 198
551 3355 94 198
647 3355 84 198
733 3355 111 198
846 3355 115 198
962 3355 225 198
1189 3355 469 198
1660 3355 1282 198
91 3564 94 603
187 3564 77 198
266 3564 173 198
440 3564 110 198
551 3564 94 198
647 3564 84 198
733 3564 111 198
846 3564 115 198
962 3564 225 198
1189 3564 469 198
1660 3564 1282 198
187 3764 77 202
266 3764 173 202
440 3764 110 202
551 3764 94 202
647 3764 84 202
733 3764 111 202
846 3764 115 202
962 3764 225 202
1189 3764 469 202
1660 3764 1282 202
187 3968 77 199
266 3968 173 199
440 3968 110 199
551 3968 94 199
647 3968 84 199
733 3968 111 199
846 3968 115 199
962 3968 225 199
1189 3968 469 199
1660 3968 1282 199
