770 125 61 65
721 155 36 28
94 205 2822 87
94 295 2822 221
94 519 2822 85
94 607 84 121
181 607 220 121
404 607 81 121
488 607 109 121
600 607 64 121
666 607 98 121
767 607 109 121
879 607 276 121
1158 607 402 121
1562 607 1354 121
94 730 84 468
181 730 220 468
404 730 81 468
488 730 109 468
600 730 64 468
666 730 98 468
767 730 109 468
879 730 276 468
1158 730 402 468
1562 730 1354 468
94 1201 84 469
181 1201 220 469
404 1201 81 469
488 1201 109 469
600 1201 64 469
666 1201 98 469
767 1201 109 469
879 1201 276 469
1158 1201 402 469
1562 1201 1354 469
94 1672 2822 2522
