80 380 62 73
144 380 105 25
250 380 39 77
291 380 21 89
313 380 21 81
335 380 21 88
357 380 21 92
380 380 66 89
539 380 318 78
863 380 60 34
924 380 106 21
1031 380 40 74
1072 380 21 87
1094 380 21 92
1116 380 21 87
1138 380 21 92
1160 380 67 87
1229 380 90 92
1320 380 319 92
447 385 91 62
862 414 61 38
313 475 21 79
357 475 21 79
1094 475 21 79
1138 475 21 79
539 476 317 78
1160 476 67 78
447 477 90 77
1072 477 21 77
380 478 66 64
1031 478 40 76
1116 478 21 76
291 479 21 63
250 480 39 74
335 480 21 73
862 481 61 73
80 482 62 72
1229 483 90 71
1320 483 319 71
80 559 776 30
862 560 777 29
80 590 62 30
143 590 105 31
250 590 39 31
313 590 21 31
357 590 21 31
379 590 67 31
447 590 90 31
539 590 317 31
924 590 105 31
1031 590 39 30
1094 590 21 31
1116 590 21 31
1138 590 21 31
1160 590 67 31
1229 590 90 22
1320 590 319 31
80 622 62 150
143 622 105 27
250 622 39 151
313 622 21 52
335 622 21 146
357 622 21 178
379 622 67 178
447 622 90 178
539 622 317 148
924 622 105 136
1116 622 21 73
1138 622 21 178
1160 622 67 178
1228 623 91 31
861 628 30 172
892 628 31 172
1320 630 318 48
1094 631 21 22
290 641 21 31
1031 646 39 154
290 673 21 127
1228 676 91 23
1228 714 90 87
1320 720 318 81
924 760 105 40
143 802 105 176
249 802 40 22
290 802 21 176
357 802 21 176
379 802 67 161
447 802 90 176
861 802 30 204
924 802 105 176
1031 802 39 120
1138 802 21 39
1160 802 67 176
1228 802 90 176
79 803 62 175
1320 803 318 176
892 830 30 148
249 854 40 46
538 864 317 114
1093 871 21 28
312 900 21 78
1093 900 21 78
1071 901 21 77
249 918 39 60
1030 932 40 46
79 979 62 27
143 980 105 26
290 980 21 26
312 980 21 26
356 980 21 26
538 980 317 26
892 980 30 26
924 980 105 26
1030 980 40 26
1071 980 21 26
1093 980 21 26
1160 980 67 26
1228 980 90 26
1320 980 318 26
249 985 39 21
79 1007 62 96
249 1007 39 23
290 1007 21 96
312 1007 21 96
356 1007 21 84
379 1007 66 33
538 1007 317 90
861 1007 30 96
892 1007 30 96
1030 1007 40 94
1071 1007 21 96
1093 1007 21 96
1160 1007 67 96
1228 1007 90 96
1320 1007 318 88
447 1009 90 94
249 1073 39 21
79 1188 62 50
249 1188 39 53
290 1188 21 65
312 1188 21 58
334 1188 21 65
356 1188 21 59
379 1188 66 65
538 1188 317 65
861 1188 30 54
892 1188 30 48
1030 1188 40 63
1071 1188 21 65
1093 1188 21 57
1115 1188 21 64
1137 1188 21 57
1159 1188 68 58
1228 1188 90 58
446 1194 91 53
1319 1200 319 47
79 1340 62 179
249 1340 39 179
290 1340 21 89
312 1340 21 149
334 1340 21 71
356 1340 21 178
379 1340 66 88
538 1340 317 178
923 1340 106 27
1030 1340 40 178
1071 1340 21 149
1093 1340 21 178
892 1341 30 177
1115 1341 21 177
1137 1341 21 177
1159 1341 68 130
1228 1341 90 38
1319 1365 319 153
446 1387 90 131
1228 1388 90 22
861 1405 29 84
1228 1419 90 99
289 1429 22 32
378 1431 67 87
289 1468 21 51
1159 1487 67 31
860 1511 30 366
79 1520 62 32
142 1520 105 177
249 1520 39 129
289 1520 21 177
378 1520 67 177
446 1520 90 177
538 1520 317 71
892 1520 30 129
923 1520 105 177
1030 1520 40 24
1093 1520 21 106
1115 1520 21 128
1137 1520 21 163
1159 1520 67 177
1228 1520 90 117
1319 1520 319 136
79 1553 62 37
538 1592 317 42
1030 1620 39 77
537 1649 318 47
78 1652 62 45
248 1653 40 44
1228 1653 89 44
891 1654 30 43
355 1673 21 24
78 1698 62 176
142 1698 105 176
248 1698 40 176
289 1698 21 176
311 1698 21 176
355 1698 21 176
378 1698 67 176
446 1698 90 176
537 1698 318 60
891 1698 30 179
923 1698 105 29
1030 1698 39 59
1159 1698 67 179
1228 1698 89 86
1319 1699 318 178
333 1744 21 22
1092 1762 21 115
1029 1764 40 113
1070 1809 21 68
537 1816 317 26
333 1820 21 54
1227 1840 90 37
537 1843 317 31
923 1854 105 23
78 1879 776 30
860 1879 777 30
289 1942 21 43
311 1942 21 46
333 1942 21 46
355 1942 21 46
377 1942 68 46
446 1942 90 34
537 1942 317 46
860 1942 28 37
889 1942 32 46
923 1942 105 30
78 1943 29 36
108 1943 32 45
1029 1943 40 35
1070 1943 21 40
1092 1943 21 45
1114 1943 21 45
1136 1943 21 45
1158 1943 68 45
1227 1943 90 45
1318 1943 319 45
78 2018 28 44
248 2018 39 43
311 2018 21 44
355 2018 21 44
860 2018 28 24
1029 2018 40 43
1092 2018 21 44
1136 2018 21 44
289 2024 21 27
537 2025 317 37
1158 2026 68 36
1318 2026 319 27
446 2027 89 35
377 2028 67 34
78 2074 28 127
108 2074 32 45
311 2074 21 31
355 2074 21 45
377 2074 67 45
446 2074 89 45
537 2074 317 45
889 2074 32 45
1092 2074 21 45
1136 2074 21 45
1158 2074 68 31
1227 2074 90 26
1318 2074 319 46
248 2085 39 34
1029 2085 40 32
108 2120 32 56
889 2120 32 120
141 2121 105 175
248 2121 39 53
355 2121 21 25
377 2121 67 175
446 2121 89 61
537 2121 317 95
922 2121 105 28
1092 2121 21 26
1136 2121 21 52
1227 2121 90 25
1318 2122 319 121
1158 2127 67 170
859 2139 28 158
1029 2139 39 126
1227 2146 89 137
247 2179 40 117
445 2199 90 97
77 2201 29 95
107 2201 32 95
354 2201 21 95
536 2216 318 80
288 2217 21 79
310 2229 21 67
332 2239 21 23
889 2240 31 24
1091 2243 21 54
1318 2243 318 54
1028 2265 40 32
1069 2271 21 26
1135 2275 21 22
