11 11 2852 227
11 241 2852 133
11 377 2852 82
11 462 88 82
102 462 212 82
317 462 77 82
396 462 100 82
498 462 60 82
561 462 99 82
663 462 99 82
765 462 264 82
1031 462 389 82
1423 462 1440 82
11 547 88 355
102 547 212 355
317 547 77 355
396 547 100 355
498 547 60 355
561 547 99 355
663 547 99 355
765 547 264 355
1031 547 389 355
1423 547 1440 355
11 905 88 356
102 905 212 356
317 905 77 356
396 905 100 356
498 905 60 356
561 905 99 356
663 905 99 356
765 905 264 356
1031 905 389 356
1423 905 1440 356
11 1263 88 356
102 1263 212 356
317 1263 77 356
396 1263 100 356
498 1263 60 356
561 1263 99 356
663 1263 99 356
765 1263 264 356
1031 1263 389 356
1423 1263 1440 356
11 1622 88 355
102 1622 212 355
317 1622 77 355
396 1622 100 355
498 1622 60 355
561 1622 99 355
663 1622 99 355
765 1622 264 355
1031 1622 389 355
1423 1622 1440 355
11 1980 88 355
102 1980 212 355
317 1980 77 355
396 1980 100 355
498 1980 60 355
561 1980 99 355
663 1980 99 355
765 1980 264 355
1031 1980 389 355
1423 1980 1440 355
11 2338 88 356
102 2338 212 356
317 2338 77 356
396 2338 100 356
498 2338 60 356
561 2338 99 356
663 2338 99 356
765 2338 264 356
1031 2338 389 356
1423 2338 1440 356
11 2697 88 355
102 2697 212 355
317 2697 77 355
396 2697 100 355
498 2697 60 355
561 2697 99 355
663 2697 99 355
765 2697 264 355
1031 2697 389 355
1423 2697 1440 355
11 3055 88 355
102 3055 212 355
317 3055 77 355
396 3055 100 355
498 3055 60 355
561 3055 99 355
663 3055 99 355
765 3055 264 355
1031 3055 389 355
1423 3055 1440 355
11 3413 88 356
102 3413 212 356
317 3413 77 356
396 3413 100 356
498 3413 60 356
561 3413 99 356
663 3413 99 356
765 3413 264 356
1031 3413 389 356
1423 3413 1440 356
11 3772 88 355
102 3772 212 355
317 3772 77 355
396 3772 100 355
498 3772 60 355
561 3772 99 355
663 3772 99 355
765 3772 264 355
1031 3772 389 355
1423 3772 1440 355
