37 138 916 33
37 172 123 22
161 172 469 22
632 172 321 22
632 196 321 21
632 265 321 22
632 288 321 22
632 311 321 22
632 334 321 22
37 357 123 22
161 357 469 22
632 357 321 22
37 380 123 22
161 380 469 22
632 380 321 22
37 403 123 22
161 403 469 22
632 403 321 22
37 426 123 22
161 426 469 22
632 426 321 22
632 450 321 21
632 473 321 21
632 496 321 21
632 519 321 21
161 542 469 22
161 565 469 22
632 565 321 22
632 588 321 22
37 611 123 22
161 611 469 22
632 611 321 22
37 634 123 22
161 634 469 22
632 634 321 22
37 657 123 22
161 657 469 22
37 680 123 22
161 680 469 22
632 680 321 22
161 704 469 21
632 704 321 21
161 727 469 21
632 727 321 21
161 750 469 21
632 750 321 21
161 773 469 21
632 773 321 21
161 796 469 22
632 796 321 22
632 819 321 22
632 842 321 22
37 865 123 22
632 865 321 22
37 888 123 22
632 888 321 22
37 911 123 22
632 911 321 22
37 934 123 22
161 934 469 22
632 934 321 22
632 958 321 21
632 981 321 21
632 1027 321 21
161 1050 469 22
632 1050 321 22
632 1073 321 22
632 1096 321 22
37 1119 123 22
632 1119 321 22
37 1142 123 22
632 1142 321 22
37 1165 123 22
161 1165 469 22
632 1165 321 22
37 1188 123 22
161 1188 469 22
632 1188 321 22
632 1212 321 21
632 1235 321 21
632 1258 321 21
161 1281 469 21
632 1281 321 21
632 1304 321 22
632 1327 321 22
632 1350 321 22
632 1373 321 22
37 1396 123 22
161 1396 469 22
632 1396 321 22
37 1419 123 22
161 1419 469 22
632 1419 321 22
37 1442 123 22
161 1442 469 22
632 1442 321 22
161 1604 469 22
632 1604 321 22
632 1627 321 22
37 1650 123 22
161 1650 469 22
632 1650 321 22
37 1673 123 22
632 1673 321 22
37 1696 123 22
161 1696 469 22
632 1696 321 22
37 1719 123 22
632 1719 321 22
632 1743 321 21
632 1766 321 21
632 1789 321 21
632 1812 321 21
632 1835 321 22
632 1858 321 22
632 1881 321 22
37 1904 123 22
161 1904 469 22
632 1904 321 22
37 1927 123 22
632 1927 321 22
37 1950 123 22
161 1950 469 22
632 1950 321 22
37 1973 123 22
161 1973 469 22
632 1973 321 22
632 2020 321 21
161 2043 469 21
632 2043 321 21
978 230 122 22
978 253 122 22
1572 253 322 22
978 276 122 22
1102 276 469 22
1572 276 322 22
978 299 122 22
1102 299 469 22
1572 299 322 22
978 484 122 22
978 507 122 22
1572 507 322 22
978 530 122 22
1572 530 322 22
978 553 122 22
1572 553 322 22
1102 738 469 22
978 761 122 22
978 784 122 22
1572 784 322 22
978 807 122 22
1572 807 322 22
978 1015 122 22
978 1038 122 22
978 1061 122 22
978 1269 122 22
978 1292 122 22
1572 1292 322 22
978 1315 122 22
1572 1315 322 22
2513 138 322 22
2513 207 322 22
2513 230 322 22
2513 253 322 22
2043 276 469 22
2513 276 322 22
2043 299 469 22
2513 299 322 22
2513 438 322 22
2513 461 322 22
2513 507 322 22
2043 530 469 21
1919 583 916 33
1919 617 122 22
2043 617 469 22
2513 617 322 22
1919 640 122 22
1919 663 122 22
2513 663 322 22
1919 686 122 22
2513 686 322 22
1919 709 122 22
2043 709 469 22
2513 709 322 22
1919 732 122 22
2043 732 469 22
2513 732 322 22
2513 756 322 21
2513 779 322 21
2513 802 322 21
2513 825 322 21
2513 848 322 22
1919 871 122 22
2513 871 322 22
1919 894 122 22
2513 894 322 22
1919 917 122 22
1919 940 122 22
2513 940 322 22
1919 963 122 22
2513 963 322 22
1919 986 122 22
2513 1056 322 21
2513 1079 322 21
2513 1102 322 22
2513 1125 322 22
1919 1148 122 22
2513 1148 322 22
1919 1224 916 32
1919 1258 122 21
2043 1258 469 21
2513 1258 322 21
2513 1281 322 22
2513 1304 322 22
2043 1327 469 22
2043 1350 469 22
2043 1373 469 22
2513 1373 322 22
2513 1396 322 22
2043 1419 469 22
2513 1419 322 22
2043 1442 469 22
2513 1442 322 22
2513 1512 322 21
2513 1535 322 21
2513 1558 322 22
2513 1581 322 22
2513 1604 322 22
2043 1627 469 22
2513 1627 322 22
2513 1650 322 22
2513 1673 322 22
2043 1696 469 22
2513 1696 322 22
2043 1766 469 21
2513 1789 322 21
2513 1812 322 22
978 1457 916 33
978 1492 122 21
1102 1492 469 21
1572 1492 322 21
1102 1631 469 21
978 1676 122 22
978 1699 122 22
1572 1699 322 22
1102 1700 469 21
978 1722 122 22
1572 1722 322 22
1102 1723 469 21
978 1953 122 22
978 1976 122 22
978 1999 122 22
1572 1999 322 22
1102 2000 469 21
978 2207 122 22
978 2230 122 22
1102 2230 469 22
1572 2230 322 22
978 2253 122 22
1572 2253 322 22
978 2461 122 22
978 2484 122 22
1572 2484 322 22
978 2507 122 22
1572 2507 322 22
1572 2669 322 22
1919 1888 916 32
1919 1922 122 21
2043 1922 469 21
2513 1922 322 21
2043 1968 469 21
2043 1991 469 22
2513 1991 322 22
2043 2014 469 22
2513 2014 322 22
2043 2037 469 22
2513 2037 322 22
2043 2060 469 22
2513 2060 322 22
1919 2083 122 22
2043 2083 469 22
2513 2083 322 22
1919 2106 122 22
2043 2106 469 22
2513 2106 322 22
1919 2129 122 22
2043 2129 469 22
2513 2129 322 22
2513 2153 322 21
2513 2176 322 21
2513 2245 322 22
2043 2268 469 22
2513 2268 322 22
2043 2291 469 22
2513 2291 322 22
2043 2314 469 22
2513 2314 322 22
2043 2337 469 22
2513 2337 322 22
1919 2360 122 22
2043 2360 469 22
2513 2360 322 22
1919 2383 122 22
2043 2383 469 22
2513 2383 322 22
37 2090 916 32
37 2124 123 21
161 2124 469 21
632 2124 321 21
161 2147 469 21
161 2170 469 21
161 2193 469 22
632 2193 321 22
161 2216 469 22
632 2216 321 22
161 2239 469 22
632 2239 321 22
37 2262 123 22
161 2262 469 22
632 2262 321 22
37 2285 123 22
161 2285 469 22
632 2285 321 22
37 2308 123 22
632 2308 321 22
37 2331 123 22
632 2331 321 22
632 2355 321 21
632 2378 321 21
632 2401 321 21
632 2424 321 21
161 2447 469 22
632 2447 321 22
161 2470 469 22
632 2470 321 22
161 2493 469 22
632 2493 321 22
37 2516 123 22
161 2516 469 22
632 2516 321 22
37 2539 123 22
161 2539 469 22
632 2539 321 22
37 2562 123 22
161 2562 469 22
632 2562 321 22
37 2585 123 22
161 2585 469 22
632 2585 321 22
632 2609 321 21
632 2632 321 21
161 2655 469 21
632 2655 321 21
632 2701 321 22
632 2724 321 22
161 2747 469 22
632 2747 321 22
161 2770 469 22
632 2770 321 22
37 2793 123 22
632 2793 321 22
37 2816 123 22
37 2839 123 22
632 2909 321 21
632 2932 321 21
161 2955 469 22
632 2955 321 22
632 2978 321 22
161 3001 469 22
632 3001 321 22
161 3024 469 22
632 3024 321 22
37 3047 123 22
161 3047 469 22
632 3047 321 22
37 3070 123 22
161 3070 469 22
632 3070 321 22
37 3093 123 22
161 3093 469 22
632 3093 321 22
632 3117 321 21
632 3140 321 21
632 3163 321 21
161 3186 469 21
632 3186 321 21
161 3209 469 22
632 3209 321 22
161 3232 469 22
632 3232 321 22
161 3255 469 22
632 3255 321 22
161 3278 469 22
632 3278 321 22
37 3301 123 22
161 3301 469 22
632 3301 321 22
37 3324 123 22
161 3324 469 22
632 3324 321 22
37 3347 123 22
161 3347 469 22
632 3347 321 22
37 3370 123 22
632 3394 321 21
161 3417 469 21
632 3417 321 21
632 3486 321 22
161 3509 469 22
632 3509 321 22
161 3532 469 22
632 3532 321 22
37 3555 123 22
161 3555 469 22
632 3555 321 22
37 3578 123 22
161 3578 469 22
632 3578 321 22
37 3601 123 22
161 3601 469 22
632 3601 321 22
37 3624 123 22
161 3624 469 22
632 3624 321 22
632 3648 321 21
632 3671 321 21
632 3694 321 21
1919 2436 916 33
1919 2470 122 22
2043 2470 469 22
2513 2470 322 22
2513 2493 322 22
2513 2516 322 22
2043 2539 469 22
2513 2539 322 22
2513 2562 322 22
2513 2585 322 22
2513 2655 322 21
2513 2678 322 21
2513 2701 322 22
2513 2724 322 22
2513 2747 322 22
2513 2770 322 22
2513 2793 322 22
2043 2816 469 22
2513 2816 322 22
2043 2839 469 22
2513 2839 322 22
2513 2886 322 21
2513 2909 322 21
2513 2932 322 21
2513 2955 322 22
978 2765 916 33
978 2799 122 22
1102 2799 469 22
1572 2799 322 22
1572 2822 322 22
1572 2845 322 22
978 2868 122 22
1572 2868 322 22
978 2891 122 22
1102 2891 469 22
1572 2891 322 22
978 2914 122 22
1102 2914 469 22
1572 2914 322 22
1572 2938 322 21
1572 2961 322 21
1572 2984 322 21
1572 3007 322 21
1572 3030 322 22
1102 3076 469 22
1919 3031 916 32
1919 3065 122 21
2043 3065 469 21
2513 3065 322 21
2513 3088 322 21
2513 3111 322 21
2513 3134 322 22
2513 3157 322 22
2513 3180 322 22
2513 3203 322 22
2513 3226 322 22
2043 3249 469 22
2513 3249 322 22
2513 3272 322 22
2513 3296 322 21
2513 3388 322 22
2513 3411 322 22
2043 3434 469 22
2513 3434 322 22
2513 3457 322 22
2513 3480 322 22
2513 3503 322 22
2513 3526 322 22
978 3149 916 33
978 3183 122 22
1102 3183 469 22
1572 3183 322 22
1572 3206 322 22
1572 3252 322 22
1572 3275 322 22
1102 3298 469 22
1572 3298 322 22
1102 3321 469 22
1572 3321 322 22
1572 3414 322 21
1572 3460 322 22
1572 3483 322 22
1102 3484 469 21
1102 3506 469 22
1572 3506 322 22
1572 3529 322 22
1102 3530 469 21
1572 3552 322 22
1102 3575 469 22
1572 3575 322 22
1572 3668 322 21
1572 3691 322 22
1102 3714 469 22
1572 3714 322 22
1572 3737 322 22
1572 3760 322 22
1572 3783 322 22
1572 3806 322 22
1102 3829 469 22
1572 3829 322 22
1572 3922 322 21
1572 3945 322 22
1572 3991 322 22
1572 4014 322 22
1919 3579 916 33
1919 3613 122 22
2043 3613 469 22
2513 3613 322 22
2513 3636 322 22
2513 3659 322 22
2513 3682 322 22
1919 3705 122 22
2513 3705 322 22
1919 3728 122 22
2513 3728 322 22
2513 3821 322 21
2513 3844 322 22
2513 3867 322 22
2513 3890 322 22
2513 3913 322 22
2043 3936 469 22
2513 3936 322 22
1919 3959 122 22
2513 3959 322 22
1919 3982 122 22
2513 3982 322 22
2513 4098 322 22
2513 4121 322 22
2513 4144 322 22
2513 4167 322 22
37 3741 916 32
37 3775 123 21
161 3775 469 21
632 3775 321 21
161 3844 469 22
632 3844 321 22
161 3867 469 22
632 3867 321 22
161 3890 469 22
632 3890 321 22
37 3913 123 22
161 3913 469 22
632 3913 321 22
37 3936 123 22
161 3936 469 22
632 3936 321 22
37 3959 123 22
632 3959 321 22
37 3982 123 22
632 3982 321 22
632 4052 321 21
632 4075 321 21
632 4098 321 22
161 4099 469 21
161 4121 469 22
632 4121 321 22
161 4144 469 22
632 4144 321 22
37 4167 123 22
161 4167 469 22
632 4167 321 22
37 4190 123 22
161 4190 469 22
632 4190 321 22
