105 138 2743 275
105 416 2743 172
105 593 2743 84
105 684 92 95
200 684 105 96
308 684 213 96
524 684 245 95
772 684 99 96
874 684 51 96
928 684 100 96
1030 684 105 95
1138 684 202 96
1343 684 445 95
1791 684 1057 96
106 786 91 871
201 786 104 215
309 786 212 215
524 786 244 215
772 786 99 215
875 786 49 215
928 786 100 215
1031 786 104 215
1138 786 202 215
1344 786 443 215
1791 786 1057 215
200 1004 105 217
308 1004 213 217
524 1004 245 217
772 1004 99 217
874 1004 51 217
928 1004 100 217
1030 1004 106 216
1138 1004 202 217
1343 1004 445 217
1790 1004 1058 217
200 1223 105 217
308 1223 213 217
524 1223 244 217
772 1223 99 217
874 1223 51 217
928 1223 100 217
1031 1223 104 217
1138 1223 202 217
1343 1223 444 217
1791 1223 1057 217
200 1443 105 214
308 1443 213 214
524 1443 245 214
772 1443 99 214
874 1443 51 214
928 1443 100 214
1030 1443 105 214
1138 1443 202 214
1343 1443 445 214
1790 1443 1058 214
105 1664 92 432
200 1664 105 215
308 1664 213 215
524 1664 244 215
772 1664 99 215
874 1664 51 215
928 1664 100 215
1031 1664 104 215
1138 1664 202 215
1343 1664 445 215
1791 1664 1057 215
201 1881 104 215
309 1881 212 215
524 1881 244 215
772 1881 99 215
875 1881 49 215
928 1881 100 215
1031 1881 104 215
1138 1881 202 215
1344 1881 443 215
1791 1881 1057 215
105 2103 92 432
200 2103 105 215
308 2103 213 215
524 2103 245 215
772 2103 99 215
874 2103 51 215
928 2103 100 215
1030 2103 106 214
1138 2103 202 215
1343 2103 445 215
1790 2103 1058 214
200 2321 105 214
308 2321 213 214
524 2321 245 214
772 2321 99 215
874 2321 51 214
928 2321 100 215
1030 2321 106 213
1138 2321 202 215
1343 2321 445 214
1790 2321 1058 214
105 2542 92 432
200 2542 105 215
308 2542 213 214
524 2542 245 214
772 2542 99 215
874 2542 51 214
928 2542 100 215
1030 2542 105 214
1138 2542 202 215
1343 2542 445 214
1791 2542 1057 215
200 2760 105 214
308 2760 213 214
524 2760 245 214
772 2760 99 214
874 2760 51 214
928 2760 100 214
1030 2760 106 214
1138 2760 202 214
1343 2760 445 214
1790 2760 1058 214
105 2981 92 651
200 2981 105 215
308 2981 213 214
524 2981 245 214
772 2981 99 215
874 2981 51 214
928 2981 100 215
1031 2981 104 215
1138 2981 202 215
1343 2981 445 214
1791 2981 1057 215
204 3198 98 217
309 3198 211 217
528 3198 233 217
772 3198 98 217
875 3198 49 217
929 3198 98 217
1032 3198 102 217
1138 3198 202 217
1344 3198 443 217
1795 3198 1053 217
200 3418 105 214
308 3418 213 214
524 3418 245 214
772 3418 99 214
874 3418 51 214
928 3418 100 214
1030 3418 106 214
1138 3418 202 214
1343 3418 445 214
1790 3418 1058 214
106 3639 91 432
200 3639 105 215
309 3639 212 215
524 3639 244 215
772 3639 99 215
875 3639 49 215
928 3639 100 215
1031 3639 104 215
1138 3639 202 215
1343 3639 444 215
1791 3639 1057 215
200 3857 105 214
308 3857 213 214
524 3857 245 214
772 3857 99 214
874 3857 51 214
928 3857 100 214
1030 3857 106 214
1138 3857 202 214
1343 3857 445 214
1790 3857 1058 214
