12 12 3203 197
12 211 3203 112
12 325 112 83
126 325 304 83
432 325 112 83
546 325 83 83
631 325 83 83
716 325 111 83
829 325 112 83
943 325 281 83
1226 325 423 83
1651 325 1564 83
12 410 112 622
126 410 304 622
432 410 112 622
546 410 83 622
631 410 83 622
716 410 111 622
829 410 112 622
943 410 281 622
1226 410 423 622
1651 410 1564 622
12 1034 112 621
126 1034 304 621
432 1034 112 621
546 1034 83 621
631 1034 83 621
716 1034 111 621
829 1034 112 621
943 1034 281 621
1226 1034 423 621
1651 1034 1564 621
12 1657 1598 2782
1612 1657 1603 2782
