179 227 2851 226
179 457 2851 123
179 585 74 82
257 585 41 82
303 585 177 82
484 585 189 82
677 585 35 82
717 585 35 82
756 585 75 82
836 585 75 82
915 585 109 82
1029 585 148 82
1182 585 417 82
1610 585 80 82
1694 585 42 82
1740 585 177 82
1921 585 189 82
2114 585 36 82
2154 585 35 82
2194 585 75 82
2273 585 75 82
2352 585 109 82
2466 585 148 82
2619 585 411 82
179 672 74 362
257 672 41 362
303 672 177 84
484 672 189 362
677 672 35 362
717 672 35 362
756 672 75 362
836 672 75 362
915 672 109 362
1029 672 148 362
1182 672 417 362
1610 672 80 1097
1694 672 42 363
1740 672 177 363
1921 672 189 363
2114 672 36 363
2154 672 35 363
2194 672 75 363
2273 672 75 363
2352 672 109 363
2466 672 148 363
2619 672 411 363
303 980 177 54
1694 1039 42 363
1740 1039 177 77
1921 1039 189 363
2114 1039 36 363
2154 1039 35 363
2194 1039 75 363
2273 1039 75 363
2352 1039 109 363
2466 1039 148 363
2619 1039 411 363
179 1040 74 729
257 1040 41 362
303 1040 177 66
484 1040 189 362
677 1040 35 362
717 1040 35 362
756 1040 75 362
836 1040 75 362
915 1040 109 362
1029 1040 148 362
1182 1040 417 362
1740 1149 39 27
1740 1347 177 55
303 1348 177 54
257 1406 41 363
303 1406 177 64
484 1406 189 363
677 1406 35 363
717 1406 35 363
756 1406 75 363
836 1406 75 363
915 1406 109 363
1029 1406 148 363
1182 1406 417 363
1694 1406 42 363
1740 1406 177 55
1921 1406 189 363
2114 1406 36 363
2154 1406 35 363
2194 1406 75 363
2273 1406 75 363
2352 1406 109 363
2466 1406 148 363
2619 1406 411 363
303 1714 177 55
1740 1714 177 55
179 1774 74 1097
257 1774 41 363
303 1774 177 363
484 1774 189 363
677 1774 35 363
717 1774 35 363
756 1774 75 363
836 1774 75 363
915 1774 109 363
1029 1774 148 363
1182 1774 417 363
1610 1774 80 362
1694 1774 42 362
1740 1774 177 77
1921 1774 189 362
2114 1774 36 362
2154 1774 35 362
2194 1774 75 362
2273 1774 75 362
2352 1774 109 362
2466 1774 148 362
2619 1774 411 362
1740 2081 177 55
257 2141 41 363
303 2141 177 280
484 2141 189 363
677 2141 35 363
717 2141 35 363
756 2141 75 363
836 2141 75 363
915 2141 109 363
1029 2141 148 363
1182 2141 417 363
1610 2142 80 729
1694 2142 42 362
1740 2142 177 362
1921 2142 189 362
2114 2142 36 362
2154 2142 35 362
2194 2142 75 362
2273 2142 75 362
2352 2142 109 362
2466 2142 148 362
2619 2142 411 362
303 2449 177 55
257 2509 41 362
303 2509 177 70
484 2509 189 362
677 2509 35 362
717 2509 35 362
756 2509 75 362
836 2509 75 362
915 2509 109 362
1029 2509 148 362
1182 2509 417 362
1694 2509 42 362
1740 2509 177 90
1921 2509 189 362
2114 2509 36 362
2154 2509 35 362
2194 2509 75 362
2273 2509 75 362
2352 2509 109 362
2466 2509 148 362
2619 2509 411 362
303 2641 28 21
1740 2815 177 56
303 2816 177 55
179 2877 74 729
257 2877 41 362
303 2877 177 70
484 2877 189 362
677 2877 35 362
717 2877 35 362
756 2877 75 362
836 2877 75 362
915 2877 109 362
1029 2877 148 362
1182 2877 417 362
1610 2877 80 361
1694 2877 42 361
1740 2877 177 65
1921 2877 189 361
2114 2877 36 361
2154 2877 35 361
2194 2877 75 361
2273 2877 75 361
2352 2877 109 361
2466 2877 148 361
2619 2877 411 361
303 3184 177 55
1740 3184 177 54
257 3243 41 363
303 3243 177 70
484 3243 189 363
677 3243 35 363
717 3243 35 363
756 3243 75 363
836 3243 75 363
915 3243 109 363
1029 3243 148 363
1182 3243 417 363
1610 3244 80 1099
1694 3244 42 362
1740 3244 177 82
1921 3244 189 362
2114 3244 36 362
2154 3244 35 362
2194 3244 75 362
2273 3244 75 362
2352 3244 109 362
2466 3244 148 362
2619 3244 411 362
1875 3358 42 30
303 3551 177 55
1740 3552 177 54
179 3611 74 732
257 3611 41 363
303 3611 177 55
484 3611 189 363
677 3611 35 363
717 3611 35 363
756 3611 75 363
836 3611 75 363
915 3611 109 363
1029 3611 148 363
1182 3611 417 363
1694 3611 42 363
1740 3611 177 363
1921 3611 189 363
2114 3611 36 363
2154 3611 35 363
2194 3611 75 363
2273 3611 75 363
2352 3611 109 363
2466 3611 148 363
2619 3611 411 363
303 3919 177 55
257 3978 41 365
303 3978 177 365
484 3978 189 365
677 3978 35 365
717 3978 35 365
756 3978 75 365
836 3978 75 365
915 3978 109 365
1029 3978 148 365
1182 3978 417 365
1694 3978 42 365
1740 3978 177 365
1921 3978 189 365
2114 3978 36 365
2154 3978 35 365
2194 3978 75 365
2273 3978 75 365
2352 3978 109 365
2466 3978 148 365
2619 3978 411 365
