95 93 2818 214
95 312 2818 218
95 535 2818 83
95 623 88 118
189 623 217 118
412 623 78 118
496 623 106 118
607 623 61 118
674 623 95 118
775 623 106 118
886 623 273 118
1165 623 399 118
1570 623 1343 118
95 746 88 464
189 746 217 464
412 746 78 464
496 746 106 464
607 746 61 464
674 746 95 464
775 746 106 464
886 746 273 464
1165 746 399 464
1570 746 1343 464
95 1215 88 464
189 1215 217 464
412 1215 78 464
496 1215 106 464
607 1215 61 464
674 1215 95 464
775 1215 106 464
886 1215 273 464
1165 1215 399 464
1570 1215 1343 464
95 1685 2818 2493
