11 11 2279 277
11 291 2279 248
11 550 1134 107
1156 550 1134 107
11 658 67 89
80 658 215 89
296 658 73 89
370 658 51 89
422 658 51 89
474 658 50 89
526 658 50 89
578 658 50 89
630 658 177 89
809 658 336 89
1156 658 70 89
1227 658 64 89
1293 658 188 89
1482 658 64 89
1547 658 45 89
1593 658 44 89
1639 658 44 89
1684 658 44 89
1730 658 44 89
1775 658 178 89
1954 658 336 89
11 749 67 505
80 749 215 505
296 749 73 505
370 749 51 505
422 749 51 505
474 749 50 505
526 749 50 505
578 749 50 505
630 749 177 505
809 749 336 505
1156 749 70 355
1227 749 64 355
1293 749 188 65
1482 749 64 355
1547 749 45 355
1593 749 44 355
1639 749 44 355
1684 749 44 355
1730 749 44 355
1775 749 178 355
1954 749 336 355
1293 850 42 31
1436 861 45 95
1293 881 41 80
1293 1049 72 55
1375 1049 106 55
1156 1115 70 713
1227 1115 64 356
1293 1115 188 218
1482 1115 64 356
1547 1115 45 356
1593 1115 44 356
1639 1115 44 356
1684 1115 44 356
1730 1115 44 356
1775 1115 178 356
1954 1115 336 356
11 1256 67 505
80 1256 215 505
296 1256 73 505
370 1256 51 505
422 1256 51 505
474 1256 50 505
526 1256 50 505
578 1256 50 505
630 1256 177 505
809 1256 336 505
1331 1351 118 41
1227 1473 64 355
1293 1473 188 65
1482 1473 64 355
1547 1473 45 355
1593 1473 44 355
1639 1473 44 355
1684 1473 44 355
1730 1473 44 355
1775 1473 178 355
1954 1473 336 308
1293 1585 41 92
1450 1599 31 84
11 1763 67 505
80 1763 215 505
296 1763 73 505
370 1763 51 505
422 1763 51 505
474 1763 50 505
526 1763 50 505
578 1763 50 505
630 1763 177 505
809 1763 336 505
1293 1771 113 57
1423 1771 58 57
1957 1782 333 46
1156 1839 70 713
1227 1839 64 356
1293 1839 188 233
1482 1839 64 356
1547 1839 45 356
1593 1839 44 356
1639 1839 44 356
1684 1839 44 356
1730 1839 44 356
1775 1839 178 356
1954 1839 336 356
1323 2083 155 112
1227 2197 64 355
1293 2197 188 64
1482 2197 64 355
1547 2197 45 355
1593 2197 44 355
1639 2197 44 355
1684 2197 44 355
1730 2197 44 355
1775 2197 178 355
1954 2197 336 355
11 2269 67 506
80 2269 215 506
296 2269 73 506
370 2269 51 506
422 2269 51 506
474 2269 50 506
526 2269 50 506
578 2269 50 506
630 2269 177 298
809 2269 336 506
1441 2302 40 114
1293 2306 38 103
1448 2449 21 35
1293 2451 35 36
1431 2497 39 55
1353 2498 31 54
1156 2563 70 714
1227 2563 64 356
1293 2563 188 213
1482 2563 64 356
1547 2563 45 356
1593 2563 44 356
1639 2563 44 356
1684 2563 44 356
1730 2563 44 356
1775 2563 178 356
1954 2563 336 356
630 2567 176 208
11 2776 67 501
80 2776 215 501
296 2776 73 501
370 2776 51 501
422 2776 51 501
474 2776 50 501
526 2776 50 501
578 2776 50 501
630 2776 177 501
809 2776 336 501
1353 2780 97 139
1227 2920 64 357
1293 2920 188 66
1482 2920 64 357
1547 2920 45 357
1593 2920 44 357
1639 2920 44 357
1684 2920 44 357
1730 2920 44 357
1775 2920 178 357
1954 2920 336 357
1437 3024 44 26
1439 3053 42 80
1293 3057 42 77
1293 3220 188 57
