103 6 2709 254
103 266 2709 167
103 439 1352 56
1461 439 1351 56
103 501 47 171
152 501 49 171
203 501 196 171
401 501 66 171
469 501 67 171
538 501 66 171
606 501 66 171
674 501 66 171
742 501 134 171
878 501 168 171
1048 501 407 171
1461 501 47 171
1510 501 49 171
1561 501 195 171
1758 501 67 171
1827 501 66 171
1895 501 66 171
1963 501 66 171
2031 501 66 171
2099 501 134 171
2235 501 168 171
2405 501 407 171
103 678 47 1312
152 678 49 655
203 678 196 655
401 678 66 655
469 678 67 655
538 678 66 655
606 678 66 655
674 678 66 655
742 678 134 655
878 678 168 655
1048 678 407 655
1461 678 47 514
1510 678 49 256
1561 678 195 256
1758 678 67 256
1827 678 66 256
1895 678 66 256
1963 678 66 256
2031 678 66 256
2099 678 134 256
2235 678 168 256
2405 678 407 256
1510 936 49 256
1561 936 195 256
1758 936 67 256
1827 936 66 256
1895 936 66 256
1963 936 66 256
2031 936 66 256
2099 936 134 256
2235 936 168 256
2405 936 407 256
1461 1198 47 513
1510 1198 49 256
1561 1198 195 256
1758 1198 67 256
1827 1198 66 256
1895 1198 66 256
1963 1198 66 256
2031 1198 66 256
2099 1198 134 256
2235 1198 168 256
2405 1198 407 256
152 1335 49 655
203 1335 196 655
401 1335 66 655
469 1335 67 655
538 1335 66 655
606 1335 66 655
674 1335 66 655
742 1335 134 655
878 1335 168 655
1048 1335 407 655
1510 1456 49 255
1561 1456 195 255
1758 1456 67 255
1827 1456 66 255
1895 1456 66 255
1963 1456 66 255
2031 1456 66 255
2099 1456 134 255
2235 1456 168 255
2405 1456 407 255
1461 1717 47 774
1510 1717 49 256
1561 1717 195 256
1758 1717 67 256
1827 1717 66 256
1895 1717 66 256
1963 1717 66 256
2031 1717 66 256
2099 1717 134 256
2235 1717 168 256
2405 1717 407 256
1510 1975 49 258
1561 1975 195 258
1758 1975 67 258
1827 1975 66 258
1895 1975 66 258
1963 1975 66 258
2031 1975 66 258
2099 1975 134 258
2235 1975 168 258
2405 1975 407 258
103 1996 1352 58
103 2060 47 171
152 2060 49 171
203 2060 196 171
401 2060 66 171
469 2060 67 171
538 2060 66 171
606 2060 66 171
674 2060 66 171
742 2060 134 171
878 2060 168 171
1048 2060 407 171
1510 2235 49 256
1561 2235 195 256
1758 2235 67 256
1827 2235 66 256
1895 2235 66 256
1963 2235 66 256
2031 2235 66 256
2099 2235 134 256
2235 2235 168 256
2405 2235 407 256
103 2237 47 1812
152 2237 49 256
203 2237 196 256
401 2237 66 256
469 2237 67 256
538 2237 66 256
606 2237 66 256
674 2237 66 256
742 2237 134 256
878 2237 168 256
1048 2237 407 256
152 2495 49 257
203 2495 196 257
401 2495 66 257
469 2495 67 257
538 2495 66 257
606 2495 66 257
674 2495 66 257
742 2495 134 257
878 2495 168 257
1048 2495 407 257
1461 2497 47 253
1510 2497 49 253
1561 2497 195 253
1758 2497 67 253
1827 2497 66 253
1895 2497 66 253
1963 2497 66 253
2031 2497 66 253
2099 2497 134 253
2235 2497 168 253
2405 2497 407 253
152 2754 49 258
203 2754 196 258
401 2754 66 258
469 2754 67 258
538 2754 66 258
606 2754 66 258
674 2754 66 258
742 2754 134 258
878 2754 168 258
1048 2754 407 258
1461 2756 47 514
1510 2756 49 256
1561 2756 195 256
1758 2756 67 256
1827 2756 66 256
1895 2756 66 256
1963 2756 66 256
2031 2756 66 256
2099 2756 134 256
2235 2756 168 256
2405 2756 407 256
152 3014 49 258
203 3014 196 258
401 3014 66 258
469 3014 67 258
538 3014 66 258
606 3014 66 258
674 3014 66 258
742 3014 134 258
878 3014 168 258
1048 3014 407 258
1510 3014 49 256
1561 3014 195 256
1758 3014 67 256
1827 3014 66 256
1895 3014 66 256
1963 3014 66 256
2031 3014 66 256
2099 3014 134 256
2235 3014 168 256
2405 3014 407 256
152 3274 49 258
203 3274 196 258
401 3274 66 258
469 3274 67 258
538 3274 66 258
606 3274 66 258
674 3274 66 258
742 3274 134 258
878 3274 168 258
1048 3274 407 258
1461 3276 47 513
1510 3276 49 256
1561 3276 195 256
1758 3276 67 256
1827 3276 66 256
1895 3276 66 256
1963 3276 66 256
2031 3276 66 256
2099 3276 134 256
2235 3276 168 256
2405 3276 407 256
152 3534 49 257
203 3534 196 257
401 3534 66 257
469 3534 67 257
538 3534 66 257
606 3534 66 257
674 3534 66 257
742 3534 134 257
878 3534 168 257
1048 3534 407 257
1510 3534 49 255
1561 3534 195 255
1758 3534 67 255
1827 3534 66 255
1895 3534 66 255
1963 3534 66 255
2031 3534 66 255
2099 3534 134 255
2235 3534 168 255
2405 3534 407 255
152 3793 49 256
203 3793 196 256
401 3793 66 256
469 3793 67 256
538 3793 66 256
606 3793 66 256
674 3793 66 256
742 3793 134 256
878 3793 168 256
1048 3793 407 256
1461 3795 47 254
1510 3795 49 254
1561 3795 195 254
1758 3795 67 254
1827 3795 66 254
1895 3795 66 254
1963 3795 66 254
2031 3795 66 254
2099 3795 134 254
2235 3795 168 254
2405 3795 407 254
