129 133 2844 186
129 327 2844 136
129 471 1417 77
1554 471 1419 77
129 550 128 79
259 550 208 79
469 550 81 79
552 550 33 79
587 550 32 79
621 550 32 79
655 550 34 79
691 550 113 79
806 550 178 79
986 550 560 79
1554 550 56 79
1612 550 68 79
1682 550 209 79
1893 550 80 79
1975 550 34 79
2011 550 33 79
2046 550 32 79
2080 550 34 79
2116 550 112 79
2230 550 178 79
2410 550 563 79
129 631 128 567
259 631 208 567
469 631 81 567
552 631 33 567
587 631 32 567
621 631 32 567
655 631 34 567
691 631 113 567
806 631 178 567
986 631 560 567
1554 631 56 2255
1612 631 68 566
1682 631 209 566
1893 631 80 566
1975 631 34 566
2011 631 33 566
2046 631 32 566
2080 631 34 566
2116 631 112 566
2230 631 178 566
2410 631 563 566
1612 1199 68 565
1682 1199 209 565
1893 1199 80 565
1975 1199 34 565
2011 1199 33 565
2046 1199 32 565
2080 1199 34 565
2116 1199 112 565
2230 1199 178 565
2410 1199 563 565
129 1200 1417 79
129 1281 128 80
259 1281 208 80
469 1281 81 80
552 1281 33 80
587 1281 32 80
621 1281 32 80
655 1281 34 80
691 1281 113 80
806 1281 178 80
986 1281 560 80
129 1363 128 561
259 1363 208 147
469 1363 81 376
552 1363 33 561
587 1363 32 561
621 1363 32 561
655 1363 34 561
691 1363 113 561
806 1363 178 561
986 1363 560 561
435 1544 32 179
259 1572 26 159
470 1739 80 185
1612 1766 68 565
1682 1766 209 565
1893 1766 80 565
1975 1766 34 565
2011 1766 33 565
2046 1766 32 565
2080 1766 34 565
2116 1766 112 565
2230 1766 178 565
2410 1766 563 565
362 1820 22 104
385 1820 24 104
129 1926 128 566
259 1926 208 138
469 1926 81 566
552 1926 33 566
587 1926 32 566
621 1926 32 566
655 1926 34 566
691 1926 113 566
806 1926 178 566
986 1926 560 566
1612 2333 68 553
1682 2333 209 553
1893 2333 80 553
1975 2333 34 553
2011 2333 33 553
2046 2333 32 553
2080 2333 34 553
2116 2333 112 553
2230 2333 178 553
2410 2333 563 553
266 2370 94 122
363 2370 104 122
129 2494 128 568
259 2494 208 143
469 2494 81 568
552 2494 33 568
587 2494 32 568
621 2494 32 568
655 2494 34 568
691 2494 113 568
806 2494 178 568
986 2494 560 568
430 2683 37 39
259 2688 39 37
435 2724 32 101
259 2731 34 103
1554 2894 56 563
1612 2894 68 563
1682 2894 209 563
1893 2894 80 563
1975 2894 34 563
2011 2894 33 563
2046 2894 32 563
2080 2894 34 563
2116 2894 112 563
2230 2894 178 563
2410 2894 563 563
259 2942 208 120
129 3070 1417 75
129 3147 58 72
189 3147 68 72
259 3147 208 72
469 3147 81 72
552 3147 32 72
586 3147 32 72
620 3147 34 72
656 3147 33 72
691 3147 111 72
804 3147 180 72
986 3147 560 72
129 3221 58 1126
189 3221 68 567
259 3221 208 145
469 3221 81 414
552 3221 32 567
586 3221 32 567
620 3221 34 567
656 3221 33 567
691 3221 111 567
804 3221 180 567
986 3221 560 567
259 3440 23 42
1554 3459 1419 888
470 3635 80 153
261 3671 206 117
189 3790 68 557
259 3790 208 141
469 3790 81 382
552 3790 32 557
586 3790 32 557
620 3790 34 557
656 3790 33 557
691 3790 111 557
804 3790 180 557
986 3790 560 557
259 4006 22 159
470 4172 80 175
261 4244 196 103
