179 227 2851 226
179 457 2851 123
179 585 74 82
257 585 41 82
303 585 177 82
484 585 189 82
677 585 35 82
717 585 35 82
756 585 75 82
836 585 75 82
915 585 109 82
1029 585 148 82
1182 585 417 82
1610 585 80 82
1694 585 42 82
1740 585 177 82
1921 585 189 82
2114 585 36 82
2154 585 35 82
2194 585 75 82
2273 585 75 82
2352 585 109 82
2466 585 148 82
2619 585 411 82
179 672 74 729
257 672 41 363
303 672 177 363
484 672 189 363
677 672 35 363
717 672 35 363
756 672 75 363
836 672 75 363
915 672 109 363
1029 672 148 363
1182 672 417 363
1610 672 80 729
1694 672 42 363
1740 672 177 363
1921 672 189 363
2114 672 36 363
2154 672 35 363
2194 672 75 363
2273 672 75 363
2352 672 109 363
2466 672 148 363
2619 672 411 363
257 1039 41 362
303 1039 177 64
484 1039 189 362
677 1039 35 362
717 1039 35 362
756 1039 75 362
836 1039 75 362
915 1039 109 362
1029 1039 148 362
1182 1039 417 362
1694 1039 42 362
1740 1039 177 362
1921 1039 189 362
2114 1039 36 362
2154 1039 35 362
2194 1039 75 362
2273 1039 75 362
2352 1039 109 362
2466 1039 148 362
2619 1039 411 362
447 1155 33 108
303 1160 30 106
303 1347 72 54
384 1347 33 54
419 1347 60 54
179 1407 2851 2936
