4 5 1062 46
4 55 1062 41
4 120 36 21
41 120 68 21
110 120 24 21
196 120 33 21
230 120 87 21
318 120 215 21
573 120 69 21
643 120 24 21
729 120 33 21
763 120 87 21
851 120 215 21
4 145 36 103
110 145 24 103
196 145 33 103
230 145 87 103
318 145 215 103
573 145 69 103
643 145 24 103
729 145 33 103
763 145 87 103
851 145 215 103
4 249 36 105
41 249 68 80
110 249 24 105
196 249 33 105
230 249 87 105
318 249 215 105
573 249 69 103
643 249 24 42
729 249 33 103
763 249 87 103
851 249 215 103
43 329 66 25
4 355 36 104
41 355 68 104
110 355 24 104
196 355 33 104
230 355 87 104
318 355 215 104
573 356 69 103
643 356 24 103
729 356 33 103
763 356 87 103
851 356 215 103
4 460 36 104
41 460 68 104
196 460 33 104
230 460 87 104
318 460 215 104
573 460 69 102
643 460 24 102
729 460 33 102
763 460 87 102
851 460 215 102
4 565 36 104
41 565 68 104
196 565 33 104
230 565 87 104
318 565 215 104
573 566 69 103
643 566 24 103
729 566 33 103
763 566 87 103
851 566 215 103
4 670 36 104
41 670 68 104
110 670 24 104
196 670 33 104
230 670 87 104
318 670 215 104
573 670 69 102
643 670 24 102
729 670 33 102
763 670 87 102
851 670 215 102
4 775 36 104
41 775 68 104
110 775 24 42
196 775 33 104
230 775 87 104
318 775 215 104
573 776 69 103
729 776 33 103
763 776 87 103
851 776 215 103
4 880 36 104
41 880 68 104
110 880 24 74
196 880 33 104
230 880 87 104
318 880 215 104
573 880 69 102
729 880 33 102
763 880 87 102
851 880 215 102
4 985 36 103
41 985 68 103
110 985 24 73
196 985 33 103
230 985 87 103
318 985 215 103
573 987 69 102
643 987 24 102
729 987 33 102
763 987 87 102
851 987 215 102
573 1090 69 103
643 1090 24 103
729 1090 33 103
763 1090 87 103
851 1090 215 103
41 1137 68 102
196 1137 33 102
230 1137 87 102
318 1137 215 102
573 1197 69 101
643 1197 24 101
729 1197 33 101
763 1197 87 101
851 1197 215 101
41 1240 68 102
110 1240 24 102
196 1240 33 102
230 1240 87 102
318 1240 215 102
573 1302 69 103
643 1302 24 103
729 1302 33 103
763 1302 87 103
851 1302 215 103
110 1346 24 103
196 1346 33 103
230 1346 87 103
318 1346 215 103
573 1406 69 104
643 1406 24 104
729 1406 33 104
763 1406 87 104
851 1406 215 104
41 1450 68 103
110 1450 24 45
196 1450 33 103
230 1450 87 103
318 1450 215 103
537 1514 529 39
