74 160 2856 276
74 447 2856 199
74 657 2856 59
74 727 55 68
131 727 156 68
289 727 55 68
346 727 74 68
422 727 56 68
480 727 73 68
555 727 73 68
630 727 169 68
801 727 361 68
1164 727 1766 68
74 797 55 219
131 797 156 219
289 797 55 219
346 797 74 219
422 797 56 219
480 797 73 219
555 797 73 219
630 797 169 219
801 797 361 219
1164 797 1766 219
74 1018 55 220
131 1018 156 220
289 1018 55 220
346 1018 74 220
422 1018 56 220
480 1018 73 220
555 1018 73 220
630 1018 169 220
801 1018 361 220
1164 1018 1766 220
74 1249 2856 59
480 1319 73 68
960 1319 531 68
1502 1319 55 68
1559 1319 156 68
1717 1319 55 68
1774 1319 75 68
1850 1319 57 68
1908 1319 73 68
1983 1319 74 68
2059 1319 121 68
2182 1319 204 68
2388 1319 542 68
74 1320 55 67
131 1320 156 67
289 1320 55 67
346 1320 75 67
422 1320 56 67
555 1320 74 67
630 1320 123 67
755 1320 203 67
74 1389 55 203
131 1389 156 203
289 1389 55 203
346 1389 75 203
422 1389 56 203
480 1389 73 203
555 1389 74 203
630 1389 123 203
755 1389 203 203
960 1389 531 203
1502 1389 55 203
1559 1389 156 203
1717 1389 55 203
1774 1389 75 203
1850 1389 57 203
1908 1389 73 203
1983 1389 74 203
2059 1389 121 203
2182 1389 204 203
2388 1389 542 203
74 1594 55 203
131 1594 156 203
289 1594 55 203
346 1594 75 203
422 1594 56 203
480 1594 73 203
555 1594 74 203
630 1594 123 203
755 1594 203 203
960 1594 531 203
1502 1594 55 203
1559 1594 156 203
1717 1594 55 203
1774 1594 75 203
1850 1594 57 203
1908 1594 73 203
1983 1594 74 203
2059 1594 121 203
2182 1594 204 203
2388 1594 542 203
74 1799 55 204
131 1799 156 204
289 1799 55 204
346 1799 75 204
422 1799 56 204
480 1799 73 204
555 1799 74 204
630 1799 123 204
755 1799 203 204
960 1799 531 204
1502 1799 55 204
1559 1799 156 204
1717 1799 55 204
1774 1799 75 204
1850 1799 57 204
1908 1799 73 204
1983 1799 74 204
2059 1799 121 204
2182 1799 204 204
2388 1799 542 204
74 2005 55 203
131 2005 156 203
289 2005 55 203
346 2005 75 203
422 2005 56 203
480 2005 73 203
555 2005 74 203
630 2005 123 203
755 2005 203 203
960 2005 531 203
1502 2005 55 203
1559 2005 156 203
1717 2005 55 203
1774 2005 75 203
1850 2005 57 203
1908 2005 73 203
1983 2005 74 203
2059 2005 121 203
2182 2005 204 203
2388 2005 542 203
74 2210 55 204
131 2210 156 204
289 2210 55 204
346 2210 75 204
422 2210 56 204
480 2210 73 204
555 2210 74 204
630 2210 123 204
755 2210 203 204
960 2210 531 204
1502 2210 55 204
1559 2210 156 204
1717 2210 55 204
1774 2210 75 204
1850 2210 57 204
1908 2210 73 204
1983 2210 74 204
2059 2210 121 204
2182 2210 204 204
2388 2210 542 204
74 2426 2856 61
74 2499 74 23
150 2499 54 67
206 2499 156 67
364 2499 55 67
421 2499 74 67
497 2499 56 67
555 2499 73 67
629 2499 74 67
705 2499 111 67
817 2499 204 67
1022 2499 469 67
1502 2499 77 67
1581 2499 54 67
1637 2499 156 67
1795 2499 55 67
1852 2499 74 67
1928 2499 56 67
1986 2499 73 67
2060 2499 74 67
2136 2499 111 67
2248 2499 208 67
2457 2499 473 67
74 2543 74 23
74 2568 74 405
150 2568 54 204
206 2568 156 204
364 2568 55 204
421 2568 74 204
497 2568 56 204
555 2568 73 204
629 2568 74 204
705 2568 111 204
817 2568 204 204
1022 2568 469 204
1502 2568 77 612
1581 2568 54 206
1637 2568 156 206
1795 2568 55 206
1852 2568 74 206
1928 2568 56 206
1986 2568 73 206
2060 2568 74 206
2136 2568 111 206
2248 2568 208 206
2457 2568 473 206
150 2774 54 199
206 2774 156 199
364 2774 55 199
421 2774 74 199
497 2774 56 199
555 2774 73 199
629 2774 74 199
705 2774 111 199
817 2774 204 199
1022 2774 469 199
1581 2776 54 203
1637 2776 156 203
1795 2776 55 203
1852 2776 74 203
1928 2776 56 203
1986 2776 73 203
2060 2776 74 203
2136 2776 111 203
2248 2776 208 203
2457 2776 473 203
1581 2981 54 199
1637 2981 156 199
1795 2981 55 199
1852 2981 74 199
1928 2981 56 199
1986 2981 73 199
2060 2981 74 199
2136 2981 111 199
2248 2981 208 199
2457 2981 473 199
74 2985 74 811
150 2985 54 199
206 2985 156 199
364 2985 55 199
421 2985 74 199
497 2985 56 199
555 2985 73 199
629 2985 74 199
705 2985 111 199
817 2985 204 199
1022 2985 469 199
150 3186 54 203
206 3186 156 203
364 3186 55 203
421 3186 74 203
497 3186 56 203
555 3186 73 203
629 3186 74 203
705 3186 111 203
817 3186 204 203
1022 3186 469 203
1502 3191 77 400
1581 3191 54 199
1637 3191 156 199
1795 3191 55 199
1852 3191 74 199
1928 3191 56 199
1986 3191 73 199
2060 3191 74 199
2136 3191 111 199
2248 3191 208 199
2457 3191 473 199
150 3391 54 204
206 3391 156 204
364 3391 55 204
421 3391 74 204
497 3391 56 204
555 3391 73 204
629 3391 74 204
705 3391 111 204
817 3391 204 204
1022 3391 469 204
1581 3392 54 199
1637 3392 156 199
1795 3392 55 199
1852 3392 74 199
1928 3392 56 199
1986 3392 73 199
2060 3392 74 199
2136 3392 111 199
2248 3392 208 199
2457 3392 473 199
150 3597 54 199
206 3597 156 199
364 3597 55 199
421 3597 74 199
497 3597 56 199
555 3597 73 199
629 3597 74 199
705 3597 111 199
817 3597 204 199
1022 3597 469 199
1502 3602 77 195
1581 3602 54 195
1637 3602 156 195
1795 3602 55 152
1852 3602 74 195
1928 3602 56 195
1986 3602 73 195
2060 3602 74 195
2136 3602 111 195
2248 3602 208 195
2457 3602 473 195
74 3808 74 399
150 3808 54 199
206 3808 156 199
364 3808 55 199
421 3808 74 199
497 3808 56 199
555 3808 73 199
629 3808 74 199
705 3808 111 199
817 3808 204 199
1022 3808 469 199
1502 3808 77 400
1581 3808 54 199
1637 3808 156 199
1795 3808 55 199
1852 3808 74 199
1928 3808 56 199
1986 3808 73 199
2060 3808 74 199
2136 3808 111 199
2248 3808 208 199
2457 3808 473 199
150 4009 54 198
206 4009 156 198
364 4009 55 198
421 4009 74 199
497 4009 56 198
555 4009 73 198
629 4009 74 198
705 4009 111 198
817 4009 204 198
1022 4009 469 198
1581 4009 54 199
1637 4009 156 199
1795 4009 55 199
1852 4009 74 199
1928 4009 56 199
1986 4009 73 199
2060 4009 74 199
2136 4009 111 199
2248 4009 208 199
2457 4009 473 199
