106 17 2761 240
106 268 2761 126
106 411 2761 76
106 492 73 57
182 492 224 57
409 492 165 57
577 492 83 57
662 492 57 57
721 492 81 57
804 492 144 57
951 492 246 57
1200 492 484 57
1687 492 1180 57
106 552 73 255
182 552 224 255
409 552 165 255
577 552 83 255
662 552 57 255
721 552 81 255
804 552 144 255
951 552 246 255
1200 552 484 255
1687 552 1180 255
106 810 73 254
182 810 224 254
409 810 165 254
577 810 83 254
662 810 57 254
721 810 81 254
804 810 144 254
951 810 246 254
1200 810 484 254
1687 810 1180 254
106 1081 2761 2318
106 3416 2761 842
