17 17 2858 254
17 272 2858 254
17 527 60 122
78 527 57 122
136 527 211 122
348 527 65 122
414 527 82 122
497 527 41 122
540 527 44 122
585 527 84 122
670 527 115 122
786 527 155 122
942 527 501 122
1449 527 57 122
1508 527 57 122
1566 527 211 122
1778 527 65 122
1844 527 82 122
1927 527 41 122
1969 527 45 122
2015 527 84 122
2100 527 115 122
2216 527 154 122
2372 527 503 122
17 650 60 849
78 650 57 425
136 650 211 425
348 650 65 425
414 650 82 425
497 650 41 425
540 650 44 425
585 650 84 425
670 650 115 425
786 650 155 425
942 650 501 425
1449 650 57 849
1508 650 57 425
1566 650 211 425
1778 650 65 425
1844 650 82 425
1927 650 41 425
1969 650 45 425
2015 650 84 425
2100 650 115 425
2216 650 154 425
2372 650 503 425
78 1076 57 423
136 1076 211 423
348 1076 65 423
414 1076 82 423
497 1076 41 423
540 1076 44 423
585 1076 84 423
670 1076 115 423
786 1076 155 423
942 1076 501 423
1508 1076 57 423
1566 1076 211 423
1778 1076 65 423
1844 1076 82 423
1927 1076 41 423
1969 1076 45 423
2015 1076 84 423
2100 1076 115 423
2216 1076 154 423
2372 1076 503 423
17 1505 60 846
78 1505 57 422
136 1505 211 422
348 1505 65 422
414 1505 82 422
497 1505 41 422
540 1505 44 422
585 1505 84 422
670 1505 115 422
786 1505 155 422
942 1505 501 422
1449 1505 57 846
1508 1505 57 422
1566 1505 211 422
1778 1505 65 422
1844 1505 82 422
1927 1505 41 422
1969 1505 45 422
2015 1505 84 422
2100 1505 115 422
2216 1505 154 422
2372 1505 503 422
78 1928 57 423
136 1928 211 423
348 1928 65 423
414 1928 82 423
497 1928 41 423
540 1928 44 423
585 1928 84 423
670 1928 115 423
786 1928 155 423
942 1928 501 423
1508 1928 57 423
1566 1928 211 423
1778 1928 65 423
1844 1928 82 423
1927 1928 41 423
1969 1928 45 423
2015 1928 84 423
2100 1928 115 423
2216 1928 154 423
2372 1928 503 423
17 2357 60 846
78 2357 57 422
136 2357 211 422
348 2357 65 422
414 2357 82 422
497 2357 41 422
540 2357 44 422
585 2357 84 422
670 2357 115 422
786 2357 155 422
942 2357 501 422
1449 2357 57 846
1508 2357 57 422
1566 2357 211 422
1778 2357 65 422
1844 2357 82 422
1927 2357 41 422
1969 2357 45 422
2015 2357 84 422
2100 2357 115 422
2216 2357 154 422
2372 2357 503 422
78 2781 57 422
136 2781 211 422
348 2781 65 422
414 2781 82 422
497 2781 41 422
540 2781 44 422
585 2781 84 422
670 2781 115 422
786 2781 155 422
942 2781 501 422
1508 2781 57 422
1566 2781 211 422
1778 2781 65 422
1844 2781 82 422
1927 2781 41 422
1969 2781 45 422
2015 2781 84 422
2100 2781 115 422
2216 2781 154 422
2372 2781 503 422
17 3209 60 849
78 3209 57 422
136 3209 211 422
348 3209 65 422
414 3209 82 422
497 3209 41 422
540 3209 44 422
585 3209 84 422
670 3209 115 422
786 3209 155 422
942 3209 501 422
1449 3209 57 849
1508 3209 57 422
1566 3209 211 422
1778 3209 65 422
1844 3209 82 422
1927 3209 41 422
1969 3209 45 422
2015 3209 84 422
2100 3209 115 422
2216 3209 154 422
2372 3209 503 422
78 3633 57 425
136 3633 211 425
348 3633 65 425
414 3633 82 425
497 3633 41 425
540 3633 44 425
585 3633 84 425
670 3633 115 425
786 3633 155 425
942 3633 501 425
1508 3633 57 425
1566 3633 211 425
1778 3633 65 425
1844 3633 82 425
1927 3633 41 425
1969 3633 45 425
2015 3633 84 425
2100 3633 115 425
2216 3633 154 425
2372 3633 503 425
