88 164 2857 238
88 413 2857 196
88 620 2857 67
88 699 67 60
157 699 174 60
332 699 109 60
443 699 99 60
544 699 84 60
630 699 107 60
738 699 120 60
860 699 229 60
1090 699 469 60
1561 699 1384 60
88 771 67 170
157 771 33 170
307 771 24 170
332 771 109 170
443 771 99 170
544 771 84 170
630 771 107 170
738 771 120 170
860 771 229 170
1090 771 469 170
1561 771 1384 170
88 952 2857 71
88 1034 68 60
157 1034 173 60
332 1034 109 60
443 1034 99 36
544 1034 85 60
630 1034 106 60
738 1034 120 37
860 1034 228 60
1090 1034 469 60
1561 1034 1384 60
88 1106 68 255
157 1106 173 255
332 1106 109 255
443 1106 99 255
544 1106 85 255
630 1106 106 255
738 1106 120 255
860 1106 228 255
1090 1106 469 255
1561 1106 1384 255
88 1363 68 264
157 1363 173 264
332 1363 109 264
443 1363 99 264
544 1363 85 264
630 1363 106 264
738 1363 120 264
860 1363 228 264
1090 1363 469 264
1561 1363 1384 264
88 1629 68 259
157 1629 173 259
332 1629 109 259
443 1629 99 259
544 1629 85 259
630 1629 106 259
738 1629 120 259
860 1629 228 259
1090 1629 469 259
1561 1629 1384 259
88 1900 2857 69
88 1980 96 59
186 1980 75 59
263 1980 173 59
438 1980 109 59
549 1980 94 35
644 1980 85 59
731 1980 111 59
844 1980 115 59
961 1980 225 59
1188 1980 470 59
1660 1980 1285 59
88 2050 96 520
186 2050 75 259
263 2050 173 259
438 2050 109 259
549 2050 94 259
644 2050 85 259
731 2050 111 259
844 2050 115 259
961 2050 225 259
1188 2050 470 259
1660 2050 1285 259
186 2311 75 259
263 2311 173 259
438 2311 109 259
549 2311 94 259
644 2311 85 259
731 2311 111 259
844 2311 115 259
961 2311 225 259
1188 2311 470 259
1660 2311 1285 259
88 2581 96 789
186 2581 75 261
263 2581 173 261
438 2581 109 261
549 2581 94 261
644 2581 85 261
731 2581 111 261
844 2581 115 261
961 2581 225 261
1188 2581 470 261
1660 2581 1285 261
186 2844 75 264
263 2844 173 264
438 2844 109 264
549 2844 94 264
644 2844 85 264
731 2844 111 264
844 2844 115 264
961 2844 225 264
1188 2844 470 264
1660 2844 1285 264
186 3110 75 260
263 3110 173 260
438 3110 109 260
549 3110 94 260
644 3110 85 260
731 3110 111 260
844 3110 115 260
961 3110 225 260
1188 3110 470 260
1660 3110 1285 260
88 3382 96 254
186 3382 75 254
263 3382 173 254
438 3382 109 254
549 3382 94 254
644 3382 85 254
731 3382 111 254
844 3382 115 254
961 3382 225 254
1188 3382 470 254
1660 3382 1285 254
88 3648 96 526
186 3648 75 259
263 3648 173 259
438 3648 109 259
549 3648 94 259
644 3648 85 259
731 3648 111 259
844 3648 115 259
961 3648 225 259
1188 3648 470 259
1660 3648 1285 259
186 3908 75 266
263 3908 173 266
438 3908 109 266
549 3908 94 266
644 3908 85 266
731 3908 111 266
844 3908 115 266
961 3908 225 266
1188 3908 470 266
1660 3908 1285 266
