95 94 2817 213
95 312 2817 218
95 536 2817 82
95 624 108 117
208 624 218 117
431 624 78 117
515 624 106 117
627 624 61 117
693 624 95 117
794 624 106 117
906 624 273 117
1184 624 399 117
1589 624 1323 117
95 747 108 463
208 747 218 463
431 747 78 463
515 747 106 463
627 747 61 463
693 747 95 463
794 747 106 463
906 747 273 463
1184 747 399 463
1589 747 1323 463
95 1215 108 464
208 1215 218 464
431 1215 78 464
515 1215 106 464
627 1215 61 464
693 1215 95 464
794 1215 106 464
906 1215 273 464
1184 1215 399 464
1589 1215 1323 464
95 1685 2817 125
95 1810 1916 2205
2013 1813 44 26
2060 1813 71 26
2134 1813 262 26
2398 1813 266 26
2667 1813 245 26
2013 1842 44 27
2060 1842 71 2171
2134 1842 262 27
2398 1842 266 27
2667 1842 245 27
2013 1872 44 27
2134 1872 262 27
2398 1872 266 27
2667 1872 245 27
2013 1901 44 27
2134 1901 262 27
2398 1901 266 27
2667 1901 245 27
2013 1931 44 26
2134 1931 262 26
2398 1931 266 26
2667 1931 245 26
2013 1960 44 26
2134 1960 262 26
2398 1960 266 26
2667 1960 245 26
2013 1989 44 26
2134 1989 262 26
2398 1989 266 26
2667 1989 245 26
2013 2018 44 28
2134 2018 262 28
2398 2018 266 28
2667 2018 245 28
2013 2049 44 25
2134 2049 262 25
2398 2049 266 25
2667 2049 245 25
2013 2077 44 27
2134 2077 262 27
2398 2077 266 27
2667 2077 245 27
2013 2107 44 27
2134 2107 262 27
2398 2107 266 27
2667 2107 245 27
2013 2137 44 26
2134 2137 262 26
2398 2137 266 26
2667 2137 245 26
2013 2166 44 26
2134 2166 262 26
2398 2166 266 26
2667 2166 245 26
2013 2195 44 26
2134 2195 262 26
2398 2195 266 26
2667 2195 245 26
2013 2224 44 27
2134 2224 262 27
2398 2224 266 27
2667 2224 245 27
2013 2254 44 26
2134 2254 262 26
2398 2254 266 26
2667 2254 245 26
2013 2283 44 26
2134 2283 262 26
2398 2283 266 26
2667 2283 245 26
2013 2312 44 27
2134 2312 262 27
2398 2312 266 27
2667 2312 245 27
2013 2342 44 26
2134 2342 262 26
2398 2342 266 26
2667 2342 245 26
2013 2371 44 27
2134 2371 262 27
2398 2371 266 27
2667 2371 245 27
2013 2401 44 26
2134 2401 262 26
2398 2401 266 26
2667 2401 245 26
2013 2430 44 27
2134 2430 262 27
2398 2430 266 27
2667 2430 245 27
2013 2460 44 26
2134 2460 262 26
2398 2460 266 26
2667 2460 245 26
2013 2489 44 26
2134 2489 262 26
2398 2489 266 26
2667 2489 245 26
2013 2518 44 26
2134 2518 262 26
2398 2518 266 26
2667 2518 245 26
2013 2547 44 27
2134 2547 262 27
2398 2547 266 27
2667 2547 245 27
2013 2577 44 27
2134 2577 262 27
2398 2577 266 27
2667 2577 245 27
2013 2607 44 26
2134 2607 262 26
2398 2607 266 26
2667 2607 245 26
2013 2636 44 26
2134 2636 262 26
2398 2636 266 26
2667 2636 245 26
2013 2665 44 27
2134 2665 262 27
2398 2665 266 27
2667 2665 245 27
2013 2694 44 27
2134 2694 262 27
2398 2694 266 27
2667 2694 245 27
2013 2724 44 26
2134 2724 262 26
2398 2724 266 26
2667 2724 245 26
2013 2753 44 27
2134 2753 262 27
2398 2753 266 27
2667 2753 245 27
2013 2783 44 26
2134 2783 262 26
2398 2783 266 26
2667 2783 245 26
2013 2812 44 26
2134 2812 262 26
2398 2812 266 26
2667 2812 245 26
2013 2841 44 26
2134 2841 262 26
2398 2841 266 26
2667 2841 245 26
2013 2870 44 27
2134 2870 262 27
2398 2870 266 27
2667 2870 245 27
2013 2900 44 26
2134 2900 262 26
2398 2900 266 26
2667 2900 245 26
2013 2929 44 28
2134 2929 262 28
2398 2929 266 28
2667 2929 245 28
2013 2960 44 26
2013 2989 44 26
2013 3018 44 26
2134 3018 262 26
2398 3018 266 26
2667 3018 245 26
2013 3047 44 27
2134 3047 262 27
2398 3047 266 27
2667 3047 245 27
2013 3077 44 26
2013 3106 44 27
2134 3106 262 27
2398 3106 266 27
2667 3106 245 27
2013 3136 44 26
2013 3165 44 26
2013 3194 44 27
2134 3194 262 27
2398 3194 266 27
2667 3194 245 27
2013 3224 44 26
2013 3253 44 26
2398 3253 266 26
2013 3282 44 27
2134 3282 262 27
2398 3282 266 27
2667 3282 245 27
2013 3312 44 27
2013 3342 44 26
2013 3371 44 26
2013 3400 44 27
2013 3430 44 26
2013 3459 44 26
2013 3488 44 27
2013 3518 44 26
2013 3547 44 26
2013 3576 44 27
2013 3606 44 26
2013 3635 44 27
2013 3665 44 25
2013 3693 44 27
2134 3693 262 27
2398 3693 266 27
2667 3693 245 27
2013 3723 44 26
2013 3752 44 27
2398 3752 266 27
2013 3781 44 27
2134 3781 262 27
2398 3781 266 27
2667 3781 245 27
2013 3811 44 27
2013 3840 44 27
2134 3840 262 27
2398 3840 266 27
2667 3840 245 27
2013 3870 44 27
2013 3899 44 26
2013 3928 44 27
2134 3928 262 27
2398 3928 266 27
2667 3928 245 27
2013 3958 44 26
2013 3987 44 26
95 4015 2817 163
