103 6 2709 254
103 266 2709 167
103 439 1352 56
1461 439 1351 56
103 501 47 171
152 501 49 171
203 501 196 171
401 501 66 171
469 501 67 171
538 501 66 171
606 501 66 171
674 501 66 171
742 501 134 171
878 501 168 171
1048 501 407 171
1462 501 46 171
1510 501 49 171
1561 501 195 171
1758 501 67 171
1827 501 66 171
1895 501 66 171
1963 501 66 171
2031 501 66 171
2099 501 134 171
2235 501 168 171
2405 501 407 171
103 678 47 1254
152 678 49 626
203 678 196 626
401 678 66 626
469 678 67 626
538 678 66 626
606 678 66 626
674 678 66 626
742 678 134 626
878 678 168 626
1048 678 407 626
1461 678 47 370
1510 678 49 370
1561 678 195 370
1758 678 67 370
1827 678 66 370
1895 678 66 370
1963 678 66 370
2031 678 66 370
2099 678 134 370
2235 678 168 370
2405 678 407 370
1461 1054 47 744
1510 1054 49 371
1561 1054 195 371
1758 1054 67 371
1827 1054 66 371
1895 1054 66 371
1963 1054 66 371
2031 1054 66 371
2099 1054 134 371
2235 1054 168 371
2405 1054 407 371
152 1306 49 626
203 1306 196 626
401 1306 66 626
469 1306 67 626
538 1306 66 626
606 1306 66 626
674 1306 66 626
742 1306 134 626
878 1306 168 626
1048 1306 407 626
1510 1427 49 371
1561 1427 195 371
1758 1427 67 371
1827 1427 66 371
1895 1427 66 371
1963 1427 66 371
2031 1427 66 371
2099 1427 134 371
2235 1427 168 371
2405 1427 407 371
1461 1804 47 369
1510 1804 49 369
1561 1804 195 369
1758 1804 67 369
1827 1804 66 369
1895 1804 66 369
1963 1804 66 369
2031 1804 66 369
2099 1804 134 369
2235 1804 168 369
2405 1804 407 369
103 1938 1352 57
103 2002 47 171
152 2002 49 171
203 2002 196 171
401 2002 66 171
469 2002 67 171
538 2002 66 171
606 2002 66 171
674 2002 66 171
742 2002 134 171
878 2002 168 171
1048 2002 407 171
103 2179 47 1870
152 2179 49 371
203 2179 196 371
401 2179 66 371
469 2179 67 371
538 2179 66 371
606 2179 66 371
674 2179 66 371
742 2179 134 371
878 2179 168 371
1048 2179 407 371
1461 2179 47 745
1510 2179 49 371
1561 2179 195 371
1758 2179 67 371
1827 2179 66 371
1895 2179 66 371
1963 2179 66 371
2031 2179 66 371
2099 2179 134 371
2235 2179 168 371
2405 2179 407 371
152 2552 49 373
203 2552 196 373
401 2552 66 373
469 2552 67 373
538 2552 66 373
606 2552 66 373
674 2552 66 373
742 2552 134 373
878 2552 168 373
1048 2552 407 373
1510 2552 49 372
1561 2552 195 372
1758 2552 67 372
1827 2552 66 372
1895 2552 66 372
1963 2552 66 372
2031 2552 66 372
2099 2552 134 372
2235 2552 168 372
2405 2552 407 372
152 2927 49 374
203 2927 196 374
401 2927 66 374
469 2927 67 374
538 2927 66 374
606 2927 66 374
674 2927 66 374
742 2927 134 374
878 2927 168 374
1048 2927 407 374
1461 2930 47 369
1510 2930 49 369
1561 2930 195 369
1758 2930 67 369
1827 2930 66 369
1895 2930 66 369
1963 2930 66 369
2031 2930 66 369
2099 2930 134 369
2235 2930 168 369
2405 2930 407 369
152 3303 49 373
203 3303 196 373
401 3303 66 373
469 3303 67 373
538 3303 66 373
606 3303 66 373
674 3303 66 373
742 3303 134 373
878 3303 168 373
1048 3303 407 373
1461 3305 47 744
1510 3305 49 371
1561 3305 195 371
1758 3305 67 371
1827 3305 66 371
1895 3305 66 371
1963 3305 66 371
2031 3305 66 371
2099 3305 134 371
2235 3305 168 371
2405 3305 407 371
152 3678 49 371
203 3678 196 371
401 3678 66 371
469 3678 67 371
538 3678 66 371
606 3678 66 371
674 3678 66 371
742 3678 134 371
878 3678 168 371
1048 3678 407 371
1510 3678 49 371
1561 3678 195 371
1758 3678 67 371
1827 3678 66 371
1895 3678 66 371
1963 3678 66 371
2031 3678 66 371
2099 3678 134 371
2235 3678 168 371
2405 3678 407 371
