11 364 2810 238
11 608 59 138
73 608 65 138
141 608 224 138
368 608 150 138
521 608 37 138
561 608 37 138
600 608 37 138
640 608 37 138
680 608 139 138
822 608 133 138
958 608 454 138
1417 608 64 138
1483 608 66 138
1551 608 224 138
1778 608 151 138
1931 608 37 138
1971 608 37 138
2011 608 37 138
2050 608 37 138
2090 608 139 138
2232 608 133 138
2368 608 453 138
11 749 59 405
73 749 65 405
141 749 224 405
368 749 150 405
521 749 37 405
561 749 37 405
600 749 37 405
640 749 37 405
680 749 139 405
822 749 133 405
958 749 454 405
1417 749 64 405
1483 749 66 405
1551 749 224 405
1778 749 151 405
1931 749 37 405
1971 749 37 405
2011 749 37 405
2050 749 37 405
2090 749 139 405
2232 749 133 405
2368 749 453 405
11 1157 59 814
73 1157 65 406
141 1157 224 406
368 1157 150 406
521 1157 37 406
561 1157 37 406
600 1157 37 406
640 1157 37 406
680 1157 139 406
822 1157 133 406
958 1157 454 406
1417 1157 64 406
1483 1157 66 406
1551 1157 224 406
1778 1157 151 406
1931 1157 37 406
1971 1157 37 406
2011 1157 37 406
2050 1157 37 406
2090 1157 139 406
2232 1157 133 406
2368 1157 453 406
73 1565 65 406
141 1565 224 406
368 1565 150 406
521 1565 37 406
561 1565 37 406
600 1565 37 406
640 1565 37 406
680 1565 139 406
822 1565 133 406
958 1565 454 406
1417 1565 64 406
1483 1565 66 406
1551 1565 224 406
1778 1565 151 406
1931 1565 37 406
1971 1565 37 406
2011 1565 37 406
2050 1565 37 406
2090 1565 139 406
2232 1565 133 406
2368 1565 453 406
11 1974 59 813
73 1974 65 405
141 1974 224 405
368 1974 150 405
521 1974 37 405
561 1974 37 405
600 1974 37 405
640 1974 37 405
680 1974 139 405
822 1974 133 405
958 1974 454 405
1417 1974 64 405
1483 1974 66 405
1551 1974 224 405
1778 1974 151 405
1931 1974 37 405
1971 1974 37 405
2011 1974 37 405
2050 1974 37 405
2090 1974 139 405
2232 1974 133 405
2368 1974 453 405
73 2382 65 405
141 2382 224 405
368 2382 150 405
521 2382 37 405
561 2382 37 405
600 2382 37 405
640 2382 37 405
680 2382 139 405
822 2382 133 405
958 2382 454 405
1417 2382 64 1221
1483 2382 66 405
1551 2382 224 405
1778 2382 151 405
1931 2382 37 405
1971 2382 37 405
2011 2382 37 405
2050 2382 37 405
2090 2382 139 405
2232 2382 133 405
2368 2382 453 405
11 2790 59 813
73 2790 65 405
141 2790 224 405
368 2790 150 405
521 2790 37 405
561 2790 37 405
600 2790 37 405
640 2790 37 405
680 2790 139 405
822 2790 133 405
958 2790 454 405
1483 2790 66 405
1551 2790 224 405
1778 2790 151 405
1931 2790 37 405
1971 2790 37 405
2011 2790 37 405
2050 2790 37 405
2090 2790 139 405
2232 2790 133 405
2368 2790 453 405
73 3198 65 405
141 3198 224 405
368 3198 150 405
521 3198 37 405
561 3198 37 405
600 3198 37 405
640 3198 37 405
680 3198 139 405
822 3198 133 405
958 3198 454 405
1483 3198 66 405
1551 3198 224 405
1778 3198 151 405
1931 3198 37 405
1971 3198 37 405
2011 3198 37 405
2050 3198 37 405
2090 3198 139 405
2232 3198 133 405
2368 3198 453 405
11 3606 59 399
73 3606 65 399
141 3606 224 399
368 3606 150 399
521 3606 37 399
561 3606 37 399
600 3606 37 399
640 3606 37 399
680 3606 139 399
822 3606 133 399
958 3606 454 399
1417 3606 64 399
1483 3606 66 399
1551 3606 224 399
1778 3606 151 399
1931 3606 37 399
1971 3606 37 399
2011 3606 37 399
2050 3606 37 399
2090 3606 139 399
2232 3606 133 399
2368 3606 453 399
