103 6 2709 254
103 266 2709 167
103 439 1352 56
1461 439 1351 56
103 501 47 171
152 501 49 171
203 501 196 171
401 501 66 171
469 501 67 171
538 501 66 171
606 501 66 171
674 501 66 171
742 501 134 171
878 501 168 171
1048 501 407 171
1461 501 47 171
1510 501 49 171
1561 501 195 171
1758 501 67 171
1827 501 66 171
1895 501 66 171
1963 501 66 171
2031 501 66 171
2099 501 134 171
2235 501 168 171
2405 501 407 171
103 678 47 960
152 678 49 480
203 678 196 480
401 678 66 480
469 678 67 480
538 678 66 480
606 678 66 480
674 678 66 480
742 678 134 480
878 678 168 480
1048 678 407 480
1461 678 47 478
1510 678 49 239
1561 678 195 239
1758 678 67 239
1827 678 66 239
1895 678 66 239
1963 678 66 239
2031 678 66 239
2099 678 134 239
2235 678 168 239
2405 678 407 239
1510 919 49 237
1561 919 195 237
1758 919 67 237
1827 919 66 237
1895 919 66 237
1963 919 66 237
2031 919 66 237
2099 919 134 237
2235 919 168 237
2405 919 407 237
152 1160 49 478
203 1160 196 478
401 1160 66 478
469 1160 67 478
538 1160 66 478
606 1160 66 478
674 1160 66 478
742 1160 134 478
878 1160 168 478
1048 1160 407 478
1461 1162 47 476
1510 1162 49 237
1561 1162 195 237
1758 1162 67 237
1827 1162 66 237
1895 1162 66 237
1963 1162 66 237
2031 1162 66 237
2099 1162 134 237
2235 1162 168 237
2405 1162 407 237
1510 1401 49 237
1561 1401 195 237
1758 1401 67 237
1827 1401 66 237
1895 1401 66 237
1963 1401 66 237
2031 1401 66 237
2099 1401 134 237
2235 1401 168 237
2405 1401 407 237
103 1644 1352 58
1461 1644 47 476
1510 1644 49 237
1561 1644 195 237
1758 1644 67 237
1827 1644 66 237
1895 1644 66 237
1963 1644 66 237
2031 1644 66 237
2099 1644 134 237
2235 1644 168 237
2405 1644 407 237
103 1708 47 171
152 1708 49 171
203 1708 196 171
401 1708 66 171
674 1708 66 171
742 1708 134 171
878 1708 168 171
1048 1708 407 171
469 1709 67 170
538 1709 66 170
606 1709 66 170
1510 1883 49 237
1561 1883 195 237
1758 1883 67 237
1827 1883 66 237
1895 1883 66 237
1963 1883 66 237
2031 1883 66 237
2099 1883 134 237
2235 1883 168 237
2405 1883 407 237
103 1885 47 2164
152 1885 49 237
203 1885 196 237
401 1885 66 237
469 1885 67 237
538 1885 66 237
606 1885 66 237
674 1885 66 237
742 1885 134 237
878 1885 168 237
1048 1885 407 237
152 2124 49 239
203 2124 196 239
401 2124 66 239
469 2124 67 239
538 2124 66 239
606 2124 66 239
674 2124 66 239
742 2124 134 239
878 2124 168 239
1048 2124 407 239
1461 2126 47 717
1510 2126 49 237
1561 2126 195 237
1758 2126 67 237
1827 2126 66 237
1895 2126 66 237
1963 2126 66 237
2031 2126 66 237
2099 2126 134 237
2405 2126 407 237
152 2365 49 239
203 2365 196 239
401 2365 66 239
469 2365 67 239
538 2365 66 239
606 2365 66 239
674 2365 66 239
742 2365 134 239
878 2365 168 239
1048 2365 407 239
1510 2365 49 239
1561 2365 195 239
1758 2365 67 239
1827 2365 66 239
1895 2365 66 239
1963 2365 66 239
2031 2365 66 239
2099 2365 134 239
2235 2365 168 239
2405 2365 407 239
152 2606 49 239
203 2606 196 239
401 2606 66 239
469 2606 67 239
538 2606 66 239
606 2606 66 239
674 2606 66 239
742 2606 134 239
878 2606 168 239
1048 2606 407 239
1510 2606 49 237
1561 2606 195 237
1758 2606 67 237
1827 2606 66 237
1895 2606 66 237
1963 2606 66 237
2031 2606 66 237
2099 2606 134 237
2235 2606 168 237
2405 2606 407 237
152 2847 49 239
203 2847 196 239
401 2847 66 239
469 2847 67 239
538 2847 66 239
606 2847 66 239
674 2847 66 239
742 2847 134 239
878 2847 168 239
1048 2847 407 239
1461 2849 47 476
1510 2849 49 237
1561 2849 195 237
1758 2849 67 237
1827 2849 66 237
1895 2849 66 237
1963 2849 66 237
2031 2849 66 237
2099 2849 134 237
2235 2849 168 237
2405 2849 407 237
152 3088 49 239
203 3088 196 239
401 3088 66 239
469 3088 67 239
538 3088 66 239
606 3088 66 239
674 3088 66 239
742 3088 134 239
878 3088 168 239
1048 3088 407 239
1510 3088 49 237
1561 3088 195 237
1758 3088 67 237
1827 3088 66 237
1895 3088 66 237
1963 3088 66 237
2031 3088 66 237
2099 3088 134 237
2235 3088 168 237
2405 3088 407 237
152 3329 49 239
203 3329 196 239
401 3329 66 239
469 3329 67 239
538 3329 66 239
606 3329 66 239
674 3329 66 239
742 3329 134 239
878 3329 168 239
1048 3329 407 239
1461 3331 47 476
1510 3331 49 237
1561 3331 195 237
1758 3331 67 237
1827 3331 66 237
1895 3331 66 237
1963 3331 66 237
2031 3331 66 237
2099 3331 134 237
2235 3331 168 237
2405 3331 407 237
152 3570 49 239
203 3570 196 239
401 3570 66 239
469 3570 67 239
538 3570 66 239
606 3570 66 239
674 3570 66 239
742 3570 134 239
878 3570 168 239
1048 3570 407 239
1510 3570 49 237
1561 3570 195 237
1758 3570 67 237
1827 3570 66 237
1895 3570 66 237
1963 3570 66 237
2031 3570 66 237
2099 3570 134 237
2235 3570 168 237
2405 3570 407 237
152 3811 49 238
203 3811 196 238
401 3811 66 238
469 3811 67 238
538 3811 66 238
606 3811 66 238
674 3811 66 238
742 3811 134 238
878 3811 168 238
1048 3811 407 238
1461 3813 47 236
1510 3813 49 236
1561 3813 195 236
1758 3813 67 236
1827 3813 66 236
1895 3813 66 236
1963 3813 66 236
2031 3813 66 236
2099 3813 134 236
2235 3813 168 236
2405 3813 407 236
