179 224 2909 236
179 466 2909 109
179 580 2909 78
179 664 66 108
251 664 51 108
307 664 176 108
489 664 153 108
647 664 46 108
698 664 46 108
750 664 73 108
829 664 74 108
908 664 108 108
1022 664 170 108
1197 664 432 108
1640 664 63 108
1709 664 51 108
1765 664 176 108
1947 664 153 108
2105 664 46 108
2156 664 46 108
2207 664 74 108
2287 664 74 108
2366 664 108 108
2480 664 170 108
2655 664 433 108
179 778 66 343
251 778 51 343
307 778 176 69
489 778 153 343
647 778 46 343
698 778 46 343
750 778 73 343
829 778 74 343
908 778 108 343
1022 778 170 343
1197 778 432 343
1640 778 63 343
1709 778 51 343
1765 778 176 343
1947 778 153 343
2105 778 46 343
2156 778 46 343
2207 778 74 343
2287 778 74 343
2366 778 108 343
2480 778 170 343
2655 778 433 343
307 890 29 127
451 895 32 32
452 927 31 89
307 1084 176 37
179 1144 2909 98
179 1247 968 1420
1152 1247 963 1420
2121 1247 967 1420
179 2679 2909 1793
