166 163 3038 196
166 367 3038 153
166 528 1513 63
1687 528 1517 63
166 595 115 61
284 595 167 61
454 595 67 61
524 595 28 61
555 595 27 61
585 595 27 61
615 595 27 61
645 595 151 61
799 595 288 61
1090 595 589 61
1687 595 56 61
1746 595 55 61
1804 595 168 61
1975 595 67 61
2045 595 27 61
2075 595 27 61
2105 595 27 61
2135 595 28 61
2166 595 150 61
2319 595 289 61
2611 595 593 61
166 660 115 717
284 660 167 260
454 660 67 717
524 660 28 717
555 660 27 717
585 660 27 390
615 660 27 717
645 660 151 717
799 660 288 717
1090 660 589 717
1687 660 56 1569
1746 660 55 390
1804 660 168 93
1975 660 67 390
2045 660 27 390
2075 660 27 390
2105 660 27 390
2135 660 28 390
2166 660 150 390
2319 660 289 390
2611 660 593 390
421 957 30 39
284 970 28 30
1804 970 71 80
1889 970 83 80
423 997 28 82
284 1001 26 86
1746 1054 55 390
1804 1054 168 94
1975 1054 67 390
2045 1054 27 390
2075 1054 27 185
2105 1054 27 390
2135 1054 28 390
2166 1054 150 390
2319 1054 289 390
2611 1054 593 390
284 1136 78 241
405 1136 46 241
1804 1364 168 80
166 1381 115 715
284 1381 167 261
454 1381 67 715
524 1381 28 715
555 1381 27 715
585 1381 27 715
615 1381 27 715
645 1381 151 715
799 1381 288 715
1090 1381 589 715
1746 1448 55 390
1804 1448 168 390
1975 1448 67 390
2045 1448 27 390
2075 1448 27 390
2105 1448 27 390
2135 1448 28 390
2166 1448 150 390
2319 1448 289 390
2611 1448 593 390
284 1683 28 31
430 1683 21 113
284 1715 26 78
1746 1842 55 387
1804 1842 168 95
1975 1842 67 387
2045 1842 27 387
2075 1842 27 387
2105 1842 27 387
2135 1842 28 387
2166 1842 150 387
2319 1842 289 387
2611 1842 593 387
284 1857 167 239
1804 1988 23 123
166 2104 1513 62
1804 2150 71 79
1881 2150 91 79
166 2170 113 61
282 2170 168 61
453 2170 67 61
523 2170 27 61
553 2170 27 61
583 2170 27 61
613 2170 28 61
644 2170 150 61
797 2170 289 61
1089 2170 590 61
166 2235 113 389
282 2235 168 294
453 2235 67 389
523 2235 27 389
553 2235 27 389
583 2235 27 389
613 2235 28 389
644 2235 150 389
797 2235 289 389
1089 2235 590 389
1687 2237 56 1568
1746 2237 55 388
1804 2237 168 388
1975 2237 67 388
2045 2237 27 388
2075 2237 27 187
2105 2237 27 388
2135 2237 28 388
2166 2237 150 388
2319 2237 289 388
2611 2237 593 388
287 2531 163 93
166 2628 113 389
282 2628 168 94
453 2628 67 389
523 2628 27 389
553 2628 27 389
583 2628 27 389
613 2628 28 389
644 2628 150 389
797 2628 289 389
1089 2628 590 389
1746 2629 55 390
1804 2629 168 102
1975 2629 67 390
2045 2629 27 390
2075 2629 27 390
2105 2629 27 390
2135 2629 28 390
2166 2629 150 390
2319 2629 289 390
2611 2629 593 390
1804 2942 50 77
1881 2942 91 77
166 3021 113 390
282 3021 168 247
453 3021 67 390
523 3021 27 390
553 3021 27 390
583 3021 27 390
613 3021 28 390
644 3021 150 390
797 3021 289 390
1089 3021 590 390
1746 3023 55 390
1804 3023 168 88
1975 3023 67 390
2045 3023 27 390
2075 3023 27 185
2105 3023 27 390
2135 3023 28 390
2166 3023 150 390
2319 3023 289 390
2611 3023 593 390
326 3273 83 22
339 3327 50 84
282 3329 56 82
392 3329 58 82
1804 3333 86 80
1902 3333 70 80
166 3415 113 390
282 3415 168 390
453 3415 67 390
523 3415 27 390
553 3415 27 390
583 3415 27 390
613 3415 28 390
644 3415 150 390
797 3415 289 390
1089 3415 590 390
1746 3417 55 388
1804 3417 168 282
1975 3417 67 388
2045 3417 27 388
2075 3417 27 388
2105 3417 27 388
2135 3417 28 388
2166 3417 150 388
2319 3417 289 388
2611 3417 593 388
1807 3699 165 106
166 3809 113 390
282 3809 168 99
453 3809 67 390
523 3809 27 390
553 3809 27 390
583 3809 27 390
613 3809 28 390
644 3809 150 390
797 3809 289 390
1089 3809 590 390
1687 3813 56 781
1746 3813 55 388
1804 3813 168 104
1975 3813 67 388
2045 3813 27 388
2075 3813 27 388
2105 3813 27 388
2135 3813 28 388
2166 3813 150 388
2319 3813 289 388
2611 3813 593 388
426 3953 24 36
282 3963 30 26
1804 3980 29 87
1943 3983 29 86
282 3993 27 87
429 3995 21 83
282 4121 168 78
1804 4126 168 75
166 4203 113 391
282 4203 168 391
453 4203 67 391
523 4203 27 391
553 4203 27 391
583 4203 27 391
613 4203 28 391
644 4203 150 391
797 4203 289 391
1089 4203 590 391
1746 4205 55 389
1804 4205 168 87
1975 4205 67 389
2045 4205 27 389
2075 4205 27 389
2105 4205 27 389
2135 4205 28 389
2166 4205 150 389
2319 4205 289 389
2611 4205 593 389
1881 4510 44 84
