17 17 60 121
78 17 57 121
136 17 211 121
348 17 65 121
414 17 82 121
497 17 41 121
540 17 44 121
585 17 84 121
670 17 171 121
842 17 171 121
1014 17 429 121
1449 17 57 121
1508 17 57 121
1566 17 211 121
1778 17 65 121
1844 17 82 121
1927 17 41 121
1969 17 45 121
2015 17 84 121
2100 17 171 121
2272 17 171 121
2444 17 431 121
17 139 60 926
78 139 57 309
136 139 211 309
348 139 65 309
414 139 82 309
497 139 41 309
540 139 44 309
585 139 84 309
670 139 171 309
842 139 171 309
1014 139 429 309
1449 139 57 1237
1508 139 57 309
1566 139 211 309
1778 139 65 309
1844 139 82 309
1927 139 41 309
1969 139 45 309
2015 139 84 309
2100 139 171 309
2272 139 171 309
2444 139 431 309
78 449 57 309
136 449 211 309
348 449 65 309
414 449 82 309
497 449 41 309
540 449 44 309
585 449 84 309
670 449 171 309
842 449 171 309
1014 449 429 309
1508 449 57 309
1566 449 211 309
1778 449 65 309
1844 449 82 309
1927 449 41 309
1969 449 45 309
2015 449 84 309
2100 449 171 309
2272 449 171 309
2444 449 431 309
78 759 57 306
136 759 211 306
348 759 65 306
414 759 82 306
497 759 41 306
540 759 44 306
585 759 84 306
670 759 171 306
842 759 171 306
1014 759 429 306
1508 759 57 309
1566 759 211 309
1778 759 65 309
1844 759 82 309
1927 759 41 309
1969 759 45 309
2015 759 84 309
2100 759 171 309
2272 759 171 309
2444 759 431 309
1508 1069 57 307
1566 1069 211 307
1778 1069 65 307
1844 1069 82 307
1927 1069 41 307
1969 1069 45 307
2015 1069 84 307
2100 1069 171 307
2272 1069 171 307
2444 1069 431 307
17 1071 60 305
78 1071 57 305
136 1071 211 305
348 1071 65 305
414 1071 82 305
497 1071 41 305
540 1071 44 305
585 1071 84 305
670 1071 171 305
842 1071 171 305
1014 1071 429 305
17 1381 60 304
78 1381 57 304
136 1381 211 304
348 1381 65 304
414 1381 82 304
497 1381 41 304
540 1381 44 304
585 1381 84 304
670 1381 171 304
842 1381 171 304
1014 1381 429 304
1449 1381 57 304
1508 1381 57 304
1566 1381 211 304
1778 1381 65 304
1844 1381 82 304
1927 1381 41 304
1969 1381 45 304
2015 1381 84 304
2100 1381 171 304
2272 1381 171 304
2444 1381 431 304
17 1691 2858 2367
