13 13 2844 161
13 179 2844 182
13 366 2844 97
13 468 150 63
165 468 100 63
267 468 305 63
574 468 127 63
704 468 109 63
815 468 109 63
927 468 109 63
1038 468 109 63
1149 468 141 63
1292 468 531 63
1826 468 1031 63
13 536 150 1242
165 536 100 204
267 536 305 204
574 536 127 204
704 536 109 204
815 536 109 204
927 536 109 204
1038 536 109 204
1149 536 141 204
1292 536 531 204
1826 536 1031 204
165 742 100 206
267 742 305 206
574 742 127 206
704 742 109 206
815 742 109 206
927 742 109 206
1038 742 109 206
1149 742 141 206
1292 742 531 206
1826 742 1031 206
165 950 100 206
267 950 305 206
574 950 127 206
704 950 109 206
815 950 109 206
927 950 109 206
1038 950 109 206
1149 950 141 206
1292 950 531 206
1826 950 1031 206
165 1158 100 205
574 1158 127 205
704 1158 109 205
815 1158 109 205
927 1158 109 205
1038 1158 109 205
1149 1158 141 205
1292 1158 531 205
1826 1158 1031 205
501 1301 71 62
267 1305 71 58
165 1366 100 205
574 1366 127 205
704 1366 109 205
815 1366 109 205
927 1366 109 205
1038 1366 109 205
1149 1366 141 205
1292 1366 531 205
1826 1366 1031 205
267 1432 105 28
498 1509 74 62
267 1511 74 60
165 1574 100 204
267 1574 66 52
574 1574 127 204
704 1574 109 204
815 1574 109 204
927 1574 109 204
1038 1574 109 204
1149 1574 141 204
1292 1574 531 204
1826 1574 1031 204
506 1590 66 110
267 1626 67 88
13 1783 2844 97
13 1885 150 63
165 1885 100 63
267 1885 305 63
574 1885 127 63
704 1885 109 63
815 1885 109 63
927 1885 109 63
1038 1885 109 63
1149 1885 141 63
1292 1885 531 63
1826 1885 1031 63
13 1953 150 618
165 1953 100 204
267 1953 305 204
574 1953 127 204
704 1953 109 204
815 1953 109 204
927 1953 109 204
1038 1953 109 204
1149 1953 141 204
1292 1953 531 204
1826 1953 1031 204
165 2159 100 206
267 2159 305 206
574 2159 127 206
704 2159 109 206
815 2159 109 206
927 2159 109 206
1038 2159 109 206
1149 2159 141 206
1292 2159 531 206
1826 2159 1031 206
165 2367 100 204
574 2367 127 204
704 2367 109 204
815 2367 109 204
927 2367 109 204
1038 2367 109 204
1149 2367 141 204
1292 2367 531 204
1826 2367 1031 204
498 2368 74 72
267 2372 73 199
499 2443 73 128
13 2576 150 411
165 2576 100 204
267 2576 305 204
574 2576 127 204
704 2576 109 204
815 2576 109 204
927 2576 109 204
1038 2576 109 204
1149 2576 141 204
1292 2576 531 204
1826 2576 1031 204
165 2783 100 204
574 2783 127 204
704 2783 109 204
815 2783 109 204
927 2783 109 204
1038 2783 109 204
1149 2783 141 204
1292 2783 531 204
1826 2783 1031 204
267 2955 66 32
506 2955 66 32
13 2991 150 203
165 2991 100 203
267 2991 305 203
574 2991 127 203
704 2991 109 203
815 2991 109 203
927 2991 109 203
1038 2991 109 203
1149 2991 141 203
1292 2991 531 203
1826 2991 1031 203
13 3199 150 410
165 3199 100 204
574 3199 127 204
704 3199 109 204
815 3199 109 204
927 3199 109 204
1038 3199 109 204
1149 3199 141 204
1292 3199 531 204
1826 3199 1031 204
267 3366 62 37
510 3368 62 35
165 3406 100 203
574 3406 127 203
704 3406 109 203
815 3406 109 203
927 3406 109 203
1038 3406 109 203
1149 3406 141 203
1292 3406 531 203
1826 3406 1031 203
498 3576 74 33
267 3584 74 25
13 3614 150 203
165 3614 100 203
574 3614 127 203
704 3614 109 203
815 3614 109 203
927 3614 109 203
1038 3614 109 203
1149 3614 141 203
1292 3614 531 203
1826 3614 1031 203
13 3822 150 407
165 3822 100 205
574 3822 127 205
704 3822 109 205
815 3822 109 205
927 3822 109 205
1038 3822 109 205
1149 3822 141 205
1292 3822 531 205
1826 3822 1031 205
267 3889 98 42
482 3910 90 22
267 3982 58 45
514 3987 58 40
165 4029 100 200
574 4029 127 200
704 4029 109 200
815 4029 109 200
927 4029 109 200
1038 4029 109 200
1149 4029 141 200
1292 4029 531 200
1826 4029 1031 200
