179 227 2851 226
179 457 2851 123
179 585 74 82
257 585 41 82
303 585 177 82
484 585 189 82
677 585 35 82
717 585 35 82
756 585 75 82
836 585 75 82
915 585 109 82
1029 585 148 82
1182 585 417 82
1610 585 80 82
1694 585 42 82
1740 585 177 82
1921 585 189 82
2114 585 36 82
2154 585 35 82
2194 585 75 82
2273 585 75 82
2352 585 109 82
2466 585 148 82
2619 585 411 82
179 672 74 1097
257 672 41 363
303 672 177 70
484 672 189 363
677 672 35 363
717 672 35 363
756 672 75 363
836 672 75 363
915 672 109 363
1029 672 148 363
1182 672 417 363
1610 672 80 729
1694 672 42 363
1740 672 177 86
1921 672 189 363
2114 672 36 363
2154 672 35 363
2194 672 75 363
2273 672 75 363
2352 672 109 363
2466 672 148 363
2619 672 411 363
441 787 39 22
1740 792 41 21
303 980 177 55
1740 980 177 55
257 1039 41 363
303 1039 177 66
484 1039 189 363
677 1039 35 363
717 1039 35 363
756 1039 75 363
836 1039 75 363
915 1039 109 363
1029 1039 148 363
1182 1039 417 363
1694 1039 42 362
1740 1039 177 74
1921 1039 189 362
2114 1039 36 362
2154 1039 35 362
2194 1039 75 362
2273 1039 75 362
2352 1039 109 362
2466 1039 148 362
2619 1039 411 362
1740 1155 36 23
1886 1156 31 23
303 1347 177 55
1740 1347 177 54
257 1406 41 363
303 1406 177 80
484 1406 189 363
677 1406 35 363
717 1406 35 363
756 1406 75 363
836 1406 75 363
915 1406 109 363
1029 1406 148 363
1182 1406 417 363
1610 1407 80 729
1694 1407 42 363
1740 1407 177 67
1921 1407 189 363
2114 1407 36 363
2154 1407 35 363
2194 1407 75 363
2273 1407 75 363
2352 1407 109 363
2466 1407 148 363
2619 1407 411 363
303 1525 26 24
303 1714 177 55
1740 1714 177 56
179 1774 74 362
257 1774 41 362
303 1774 177 68
484 1774 189 362
677 1774 35 362
717 1774 35 362
756 1774 75 362
836 1774 75 362
915 1774 109 362
1029 1774 148 362
1182 1774 417 362
1694 1774 42 362
1740 1774 177 83
1921 1774 189 362
2114 1774 36 362
2154 1774 35 362
2194 1774 75 362
2273 1774 75 362
2352 1774 109 362
2466 1774 148 362
2619 1774 411 362
1740 1903 38 21
1740 2080 177 56
303 2082 177 54
179 2142 74 362
257 2142 41 362
303 2142 177 362
484 2142 189 362
677 2142 35 362
717 2142 35 362
756 2142 75 362
836 2142 75 362
915 2142 109 362
1029 2142 148 362
1182 2142 417 362
1610 2142 80 362
1694 2142 42 362
1740 2142 177 76
1921 2142 189 362
2114 2142 36 362
2154 2142 35 362
2194 2142 75 362
2273 2142 75 362
2352 2142 109 362
2466 2142 148 362
2619 2142 411 362
1740 2255 41 21
1740 2449 177 55
179 2509 74 729
257 2509 41 363
303 2509 177 55
484 2509 189 363
677 2509 35 363
717 2509 35 363
756 2509 75 363
836 2509 75 363
915 2509 109 363
1029 2509 148 363
1182 2509 417 363
1610 2509 80 729
1694 2509 42 363
1740 2509 177 75
1921 2509 189 363
2114 2509 36 363
2154 2509 35 363
2194 2509 75 363
2273 2509 75 363
2352 2509 109 363
2466 2509 148 363
2619 2509 411 363
1880 2650 37 25
303 2788 74 24
303 2817 177 55
1740 2817 177 55
257 2876 41 362
303 2876 177 69
484 2876 189 362
677 2876 35 362
717 2876 35 362
756 2876 75 362
836 2876 75 362
915 2876 109 362
1029 2876 148 362
1182 2876 417 362
1694 2876 42 362
1740 2876 177 81
1921 2876 189 362
2114 2876 36 362
2154 2876 35 362
2194 2876 75 362
2273 2876 75 362
2352 2876 109 362
2466 2876 148 362
2619 2876 411 362
303 3184 177 54
1740 3184 177 54
179 3244 74 1099
257 3244 41 362
303 3244 177 362
484 3244 189 362
677 3244 35 362
717 3244 35 362
756 3244 75 362
836 3244 75 362
915 3244 109 362
1029 3244 148 362
1182 3244 417 362
1610 3244 80 729
1694 3244 42 362
1740 3244 177 362
1921 3244 189 362
2114 3244 36 362
2154 3244 35 362
2194 3244 75 362
2273 3244 75 362
2352 3244 109 362
2466 3244 148 362
2619 3244 411 362
257 3611 41 363
303 3611 177 67
484 3611 189 363
677 3611 35 363
717 3611 35 363
756 3611 75 363
836 3611 75 363
915 3611 109 363
1029 3611 148 363
1182 3611 417 363
1694 3611 42 362
1740 3611 177 65
1921 3611 189 362
2114 3611 36 362
2154 3611 35 362
2194 3611 75 362
2273 3611 75 362
2352 3611 109 362
2466 3611 148 362
2619 3611 411 362
1740 3918 177 55
303 3919 177 55
257 3978 41 363
303 3978 177 73
484 3978 189 363
677 3978 35 363
717 3978 35 363
756 3978 75 363
836 3978 75 363
915 3978 109 363
1029 3978 148 363
1182 3978 417 363
1610 3979 80 364
1694 3979 42 364
1740 3979 177 364
1921 3979 189 364
2114 3979 36 364
2154 3979 35 364
2194 3979 75 364
2273 3979 75 364
2352 3979 109 364
2466 3979 148 364
2619 3979 411 364
303 4286 177 55
