17 17 2858 254
17 272 2858 254
17 527 60 122
78 527 57 122
136 527 211 122
348 527 65 122
414 527 82 122
497 527 41 122
540 527 44 122
585 527 84 122
670 527 171 122
842 527 171 122
1014 527 429 122
1449 527 57 122
1508 527 57 122
1566 527 211 122
1778 527 65 122
1844 527 82 122
1927 527 41 122
1969 527 45 122
2015 527 84 122
2100 527 171 122
2272 527 171 122
2444 527 431 122
17 650 60 617
78 650 57 309
136 650 211 309
348 650 65 309
414 650 82 309
497 650 41 309
540 650 44 309
585 650 84 309
670 650 171 309
842 650 171 309
1014 650 429 309
1449 650 57 617
1508 650 57 309
1566 650 211 309
1778 650 65 309
1844 650 82 309
1927 650 41 309
1969 650 45 309
2015 650 84 309
2100 650 171 309
2272 650 171 309
2444 650 431 309
78 960 57 307
136 960 211 307
348 960 65 307
414 960 82 307
497 960 41 307
540 960 44 307
585 960 84 307
670 960 171 307
842 960 171 307
1014 960 429 307
1508 960 57 307
1566 960 211 307
1778 960 65 307
1844 960 82 307
1927 960 41 307
1969 960 45 307
2015 960 84 307
2100 960 171 307
2272 960 171 307
2444 960 431 307
17 1272 60 614
78 1272 57 307
136 1272 211 307
348 1272 65 307
414 1272 82 307
497 1272 41 307
540 1272 44 307
585 1272 84 307
670 1272 171 307
842 1272 171 307
1014 1272 429 307
1449 1272 57 924
1508 1272 57 307
1566 1272 211 307
1778 1272 65 307
1844 1272 82 307
1927 1272 41 307
1969 1272 45 307
2015 1272 84 307
2100 1272 171 307
2272 1272 171 307
2444 1272 431 307
78 1580 57 306
136 1580 211 306
348 1580 65 306
414 1580 82 306
497 1580 41 306
540 1580 44 306
585 1580 84 306
670 1580 171 306
842 1580 171 306
1014 1580 429 306
1508 1580 57 308
1566 1580 211 308
1778 1580 65 308
1844 1580 82 308
1927 1580 41 308
1969 1580 45 308
2015 1580 84 308
2100 1580 171 308
2272 1580 171 308
2444 1580 431 308
1508 1890 57 306
1566 1890 211 306
1778 1890 65 306
1844 1890 82 306
1927 1890 41 306
1969 1890 45 306
2015 1890 84 306
2100 1890 171 306
2272 1890 171 306
2444 1890 431 306
17 1892 60 924
78 1892 57 306
136 1892 211 306
348 1892 65 306
414 1892 82 306
497 1892 41 306
540 1892 44 306
585 1892 84 306
670 1892 171 306
842 1892 171 306
1014 1892 429 306
78 2199 57 309
136 2199 211 309
348 2199 65 309
414 2199 82 309
497 2199 41 309
540 2199 44 309
585 2199 84 309
670 2199 171 309
842 2199 171 309
1014 2199 429 309
1449 2202 57 614
1508 2202 57 306
1566 2202 211 306
1778 2202 65 306
1844 2202 82 306
1927 2202 41 306
1969 2202 45 306
2015 2202 84 306
2100 2202 171 306
2272 2202 171 306
2444 2202 431 306
78 2509 57 307
136 2509 211 307
348 2509 65 307
414 2509 82 307
497 2509 41 307
540 2509 44 307
585 2509 84 307
670 2509 171 307
842 2509 171 307
1014 2509 429 307
1508 2509 57 307
1566 2509 211 307
1778 2509 65 307
1844 2509 82 307
1927 2509 41 307
1969 2509 45 307
2015 2509 84 307
2100 2509 171 307
2272 2509 171 307
2444 2509 431 307
17 2821 60 924
78 2821 57 307
136 2821 211 307
348 2821 65 307
414 2821 82 307
497 2821 41 307
540 2821 44 307
585 2821 84 307
670 2821 171 307
842 2821 171 307
1014 2821 429 307
1449 2821 57 1236
1508 2821 57 307
1566 2821 211 307
1778 2821 65 307
1844 2821 82 307
1927 2821 41 307
1969 2821 45 307
2015 2821 84 307
2100 2821 171 307
2272 2821 171 307
2444 2821 431 307
78 3129 57 309
136 3129 211 309
348 3129 65 309
414 3129 82 309
497 3129 41 309
540 3129 44 309
585 3129 84 309
670 3129 171 309
842 3129 171 309
1014 3129 429 309
1508 3129 57 309
1566 3129 211 309
1778 3129 65 309
1844 3129 82 309
1927 3129 41 309
1969 3129 45 309
2015 3129 84 309
2100 3129 171 309
2272 3129 171 309
2444 3129 431 309
78 3439 57 306
136 3439 211 306
348 3439 65 306
414 3439 82 306
497 3439 41 306
540 3439 44 306
585 3439 84 306
670 3439 171 306
842 3439 171 306
1014 3439 429 306
1508 3439 57 308
1566 3439 211 308
1778 3439 65 308
1844 3439 82 308
1927 3439 41 308
1969 3439 45 308
2015 3439 84 308
2100 3439 171 308
2272 3439 171 308
2444 3439 431 308
1508 3749 57 308
1566 3749 211 308
1778 3749 65 308
1844 3749 82 308
1927 3749 41 308
1969 3749 45 308
2015 3749 84 308
2100 3749 171 308
2272 3749 171 308
2444 3749 431 308
17 3751 60 306
78 3751 57 306
136 3751 211 306
348 3751 65 306
414 3751 82 306
497 3751 41 306
540 3751 44 306
585 3751 84 306
670 3751 171 306
842 3751 171 306
1014 3751 429 306
