180 238 2908 222
180 466 2908 109
180 580 2908 80
181 666 68 108
255 666 51 108
312 666 176 108
493 666 153 108
652 666 45 108
703 666 45 108
754 666 74 108
833 666 74 108
913 666 107 108
1026 666 176 108
1208 666 421 108
1640 666 68 108
1714 666 51 108
1770 666 176 108
1952 666 153 108
2110 666 46 108
2161 666 46 108
2212 666 74 108
2292 666 74 108
2371 666 108 108
2485 666 175 108
2666 666 421 108
181 780 68 720
255 780 51 357
312 780 176 357
493 780 153 357
652 780 45 357
703 780 45 357
754 780 74 357
833 780 74 357
913 780 107 357
1026 780 176 357
1208 780 421 357
1640 780 68 357
1714 780 51 357
1770 780 176 254
1952 780 153 357
2110 780 46 357
2161 780 46 357
2212 780 74 357
2292 780 74 357
2371 780 108 357
2485 780 175 357
2666 780 421 357
1770 1039 97 35
1876 1047 26 27
1914 1050 22 26
1770 1074 90 63
1893 1079 21 58
255 1143 51 357
312 1143 176 357
493 1143 153 357
652 1143 45 357
703 1143 45 357
754 1143 74 357
833 1143 74 357
913 1143 107 357
1026 1143 176 357
1208 1143 421 357
1640 1143 68 357
1714 1143 51 357
1770 1143 176 69
1952 1143 153 357
2110 1143 46 357
2161 1143 46 357
2212 1143 74 357
2292 1143 74 357
2371 1143 108 357
2485 1143 175 357
2666 1143 421 357
1925 1275 21 112
1770 1303 25 88
1770 1463 47 37
1882 1463 64 37
181 1505 68 358
255 1505 51 358
312 1505 176 358
493 1505 153 358
652 1505 45 358
703 1505 45 358
754 1505 74 358
833 1505 74 358
913 1505 107 358
1026 1505 176 358
1208 1505 421 358
1640 1505 68 720
1714 1505 51 358
1770 1505 176 358
1952 1505 153 358
2110 1505 46 358
2161 1505 46 358
2212 1505 74 358
2292 1505 74 358
2371 1505 108 358
2485 1505 175 358
2666 1505 421 358
181 1868 68 720
255 1868 51 357
312 1868 176 357
493 1868 153 357
652 1868 45 357
703 1868 45 357
754 1868 74 357
833 1868 74 357
913 1868 107 357
1026 1868 176 357
1208 1868 421 357
1714 1868 51 357
1770 1868 176 80
1952 1868 153 357
2110 1868 46 357
2161 1868 46 357
2212 1868 74 357
2292 1868 74 357
2371 1868 108 357
2485 1868 175 357
2666 1868 421 357
1770 2011 25 39
1923 2024 23 46
1770 2182 69 43
1873 2182 73 43
255 2231 51 357
312 2231 176 357
493 2231 153 357
652 2231 45 357
703 2231 45 357
754 2231 74 357
833 2231 74 357
913 2231 107 357
1026 2231 176 357
1208 2231 421 357
1640 2231 68 720
1714 2231 51 357
1770 2231 176 357
1952 2231 153 357
2110 2231 46 357
2161 2231 46 357
2212 2231 74 357
2292 2231 74 357
2371 2231 108 357
2485 2231 175 357
2666 2231 421 357
181 2594 68 357
255 2594 51 357
312 2594 176 357
493 2594 153 357
652 2594 45 357
703 2594 45 357
754 2594 74 357
833 2594 74 357
913 2594 107 357
1026 2594 176 357
1208 2594 421 357
1714 2594 51 357
1770 2594 176 357
1952 2594 153 357
2110 2594 46 357
2161 2594 46 357
2212 2594 74 357
2292 2594 74 357
2371 2594 108 357
2485 2594 175 357
2666 2594 421 357
181 2957 68 1438
255 2957 51 357
312 2957 176 357
493 2957 153 357
652 2957 45 357
703 2957 45 357
754 2957 74 357
833 2957 74 357
913 2957 107 357
1026 2957 176 357
1208 2957 421 357
1640 2957 68 1083
1714 2957 51 357
1770 2957 176 357
1952 2957 153 357
2110 2957 46 357
2161 2957 46 357
2212 2957 74 357
2292 2957 74 357
2371 2957 108 357
2485 2957 175 357
2666 2957 421 357
255 3320 51 357
312 3320 176 357
493 3320 153 357
652 3320 45 357
703 3320 45 357
754 3320 74 357
833 3320 74 357
913 3320 107 357
1026 3320 176 357
1208 3320 421 357
1714 3320 51 357
1770 3320 176 64
1952 3320 153 357
2110 3320 46 357
2161 3320 46 357
2212 3320 74 357
2292 3320 74 357
2371 3320 108 357
2485 3320 175 357
2666 3320 421 357
1770 3432 25 105
1916 3432 30 245
1770 3630 26 47
1826 3630 29 47
255 3682 51 358
312 3682 176 358
493 3682 153 358
652 3682 45 358
703 3682 45 358
754 3682 74 358
833 3682 74 358
913 3682 107 358
1026 3682 176 358
1208 3682 421 358
1714 3682 51 358
1770 3682 176 358
1952 3682 153 358
2110 3682 46 358
2161 3682 46 358
2212 3682 74 358
2292 3682 74 358
2371 3682 108 358
2485 3682 175 358
2666 3682 421 358
255 4045 51 350
312 4045 176 76
493 4045 153 350
652 4045 45 350
703 4045 45 350
754 4045 74 350
833 4045 74 350
913 4045 107 350
1026 4045 176 350
1208 4045 421 350
1640 4045 68 350
1714 4045 51 350
1770 4045 176 350
1952 4045 153 350
2110 4045 46 350
2161 4045 46 350
2212 4045 74 350
2292 4045 74 350
2371 4045 108 350
2485 4045 175 350
2666 4045 421 350
312 4365 86 30
404 4365 83 30
