97 93 2806 211
100 309 2803 215
97 530 2806 81
97 617 81 116
184 617 216 116
406 617 77 116
489 617 106 116
600 617 61 116
667 617 94 116
767 617 105 116
878 617 272 116
1156 617 397 116
1559 617 1344 116
97 738 81 458
184 738 216 458
406 738 77 458
489 738 106 458
600 738 61 458
667 738 94 458
767 738 105 458
878 738 272 458
1156 738 397 458
1559 738 1344 458
97 1201 81 458
184 1201 216 458
406 1201 77 458
489 1201 106 458
600 1201 61 458
667 1201 94 458
767 1201 105 458
878 1201 272 458
1156 1201 397 458
1559 1201 1344 458
97 1665 2806 2462
