6 5 2736 59
6 66 88 60
96 66 90 60
188 66 244 60
434 66 181 60
617 66 123 60
742 66 64 60
808 66 123 60
933 66 123 60
1057 66 241 60
1300 66 328 60
1630 66 1112 60
6 128 88 497
96 128 90 248
188 128 244 248
434 128 181 248
617 128 123 248
742 128 64 248
808 128 123 248
933 128 123 248
1057 128 241 248
1300 128 328 248
1630 128 1112 248
96 378 90 247
188 378 244 247
434 378 181 247
617 378 123 247
742 378 64 247
808 378 123 247
933 378 123 247
1057 378 241 247
1300 378 328 247
1630 378 1112 247
6 627 88 498
96 627 90 248
188 627 244 248
434 627 181 248
617 627 123 248
742 627 64 248
808 627 123 248
933 627 123 248
1057 627 241 248
1300 627 328 248
1630 627 1112 248
96 877 90 248
188 877 244 248
434 877 181 248
617 877 123 248
742 877 64 248
808 877 123 248
933 877 123 248
1057 877 241 248
1300 877 328 248
1630 877 1112 248
6 1126 88 248
96 1126 90 248
188 1126 244 248
434 1126 181 248
617 1126 123 248
742 1126 64 248
808 1126 123 248
933 1126 123 248
1057 1126 241 248
1300 1126 328 248
1630 1126 1112 248
6 1376 88 248
96 1376 90 248
188 1376 244 248
434 1376 181 248
617 1376 123 248
742 1376 64 248
808 1376 123 248
933 1376 123 248
1057 1376 241 248
1300 1376 328 248
1630 1376 1112 248
6 1625 2736 2273
