17 17 2761 253
17 271 2761 221
17 493 2761 80
17 578 57 100
75 578 267 100
344 578 72 100
418 578 87 100
506 578 44 100
552 578 44 100
597 578 64 100
662 578 169 100
832 578 226 100
1059 578 339 100
1399 578 1379 1024
17 679 57 460
75 679 267 460
344 679 72 460
418 679 87 460
506 679 44 460
552 679 44 460
597 679 64 460
662 679 169 460
832 679 226 460
1059 679 339 460
17 1141 57 460
75 1141 267 460
344 1141 72 460
418 1141 87 460
506 1141 44 460
552 1141 44 460
597 1141 64 460
662 1141 169 460
832 1141 226 460
1059 1141 339 460
17 1602 2761 930
912 2532 39 1504
1828 2532 40 1504
2745 2532 33 1504
36 2534 53 23
90 2534 298 23
389 2534 213 23
603 2534 77 23
682 2534 228 23
953 2534 52 23
1007 2534 297 23
1306 2534 212 23
1520 2534 77 23
1598 2534 229 23
1869 2534 53 23
1923 2534 298 23
2222 2534 213 23
2436 2534 77 23
2515 2534 228 23
36 2558 53 21
90 2558 298 21
389 2558 213 21
603 2558 77 21
682 2558 228 21
953 2558 52 21
1007 2558 297 21
1306 2558 212 21
1520 2558 77 21
1598 2558 229 21
1869 2558 53 21
1923 2558 298 21
2222 2558 213 21
2436 2558 77 21
2515 2558 228 21
36 2623 53 21
90 2623 298 21
389 2623 213 21
603 2623 77 21
682 2623 228 21
953 2623 52 21
1007 2623 297 21
1306 2623 212 21
1520 2623 77 21
1598 2623 229 21
1869 2623 53 21
1923 2623 298 21
2222 2623 213 21
2436 2623 77 21
2515 2623 228 21
36 2688 53 21
90 2688 298 21
389 2688 213 21
603 2688 77 21
682 2688 228 21
953 2688 52 21
1007 2688 297 21
1306 2688 212 21
1520 2688 77 21
1598 2688 229 21
1869 2688 53 21
1923 2688 298 21
2222 2688 213 21
2436 2688 77 21
2515 2688 228 21
953 2710 52 39
1007 2710 297 39
1306 2710 212 39
1520 2710 77 39
1598 2710 229 39
36 2753 53 21
90 2753 298 21
389 2753 213 21
603 2753 77 21
682 2753 228 21
1869 2753 53 21
1923 2753 298 21
2222 2753 213 21
2436 2753 77 21
2515 2753 228 21
36 2818 53 21
90 2818 298 21
389 2818 213 21
603 2818 77 21
682 2818 228 21
1869 2818 53 21
1923 2818 298 21
2222 2818 213 21
2436 2818 77 21
2515 2818 228 21
36 2862 53 24
90 2862 298 24
389 2862 213 24
603 2862 77 24
682 2862 228 24
1869 2883 53 21
1923 2883 298 21
2222 2883 213 21
2436 2883 77 21
2515 2883 228 21
36 2887 53 21
90 2887 298 21
389 2887 213 21
603 2887 77 21
682 2887 228 21
953 2924 52 21
1007 2924 297 21
1306 2924 212 21
1520 2924 77 21
1598 2924 229 21
1869 2948 53 21
1923 2948 298 21
2222 2948 213 21
2436 2948 77 21
2515 2948 228 21
36 2952 53 21
90 2952 298 21
389 2952 213 21
603 2952 77 21
682 2952 228 21
953 2989 52 21
1007 2989 297 21
1306 2989 212 21
1520 2989 77 21
1598 2989 229 21
1869 3013 53 21
1923 3013 298 21
2222 3013 213 21
2436 3013 77 21
2515 3013 228 21
36 3017 53 21
90 3017 298 21
389 3017 213 21
603 3017 77 21
682 3017 228 21
953 3054 52 21
1007 3054 297 21
1306 3054 212 21
1520 3054 77 21
1598 3054 229 21
1869 3078 53 21
1923 3078 298 21
2222 3078 213 21
2436 3078 77 21
2515 3078 228 21
36 3082 53 21
90 3082 298 21
389 3082 213 21
603 3082 77 21
682 3082 228 21
953 3119 52 21
1007 3119 297 21
1306 3119 212 21
1520 3119 77 21
1598 3119 229 21
1869 3143 53 21
1923 3143 298 21
2222 3143 213 21
2436 3143 77 21
2515 3143 228 21
36 3147 53 21
90 3147 298 21
389 3147 213 21
603 3147 77 21
682 3147 228 21
953 3184 52 21
1007 3184 297 21
1306 3184 212 21
1520 3184 77 21
1598 3184 229 21
1869 3208 53 21
1923 3208 298 21
2222 3208 213 21
2436 3208 77 21
2515 3208 228 21
36 3212 53 21
90 3212 298 21
389 3212 213 21
603 3212 77 21
682 3212 228 21
953 3249 52 21
1007 3249 297 21
1306 3249 212 21
1520 3249 77 21
1598 3249 229 21
1869 3273 53 21
1923 3273 298 21
2222 3273 213 21
2436 3273 77 21
2515 3273 228 21
36 3277 53 21
90 3277 298 21
389 3277 213 21
603 3277 77 21
682 3277 228 21
953 3314 52 21
1007 3314 297 21
1306 3314 212 21
1520 3314 77 21
1598 3314 229 21
1869 3338 53 21
1923 3338 298 21
2222 3338 213 21
2436 3338 77 21
2515 3338 228 21
36 3342 53 21
90 3342 298 21
389 3342 213 21
603 3342 77 21
682 3342 228 21
953 3379 52 21
1007 3379 297 21
1306 3379 212 21
1520 3379 77 21
1598 3379 229 21
1869 3403 53 21
1923 3403 298 21
2222 3403 213 21
2436 3403 77 21
2515 3403 228 21
36 3407 53 21
90 3407 298 21
389 3407 213 21
603 3407 77 21
682 3407 228 21
953 3444 52 21
1007 3444 297 21
1306 3444 212 21
1520 3444 77 21
1598 3444 229 21
1869 3468 53 21
1923 3468 298 21
2222 3468 213 21
2436 3468 77 21
2515 3468 228 21
36 3472 53 21
90 3472 298 21
389 3472 213 21
603 3472 77 21
682 3472 228 21
953 3509 52 21
1007 3509 297 21
1306 3509 212 21
1520 3509 77 21
1598 3509 229 21
1869 3533 53 21
1923 3533 298 21
2222 3533 213 21
2436 3533 77 21
2515 3533 228 21
36 3537 53 21
90 3537 298 21
389 3537 213 21
603 3537 77 21
682 3537 228 21
953 3574 52 21
1007 3574 297 21
1306 3574 212 21
1520 3574 77 21
1598 3574 229 21
1869 3598 53 21
1923 3598 298 21
2222 3598 213 21
2436 3598 77 21
2515 3598 228 21
36 3602 53 21
90 3602 298 21
389 3602 213 21
603 3602 77 21
682 3602 228 21
953 3639 52 21
1007 3639 297 21
1306 3639 212 21
1520 3639 77 21
1598 3639 229 21
1869 3663 53 21
1923 3663 298 21
2222 3663 213 21
2436 3663 77 21
2515 3663 228 21
36 3667 53 21
90 3667 298 21
389 3667 213 21
603 3667 77 21
682 3667 228 21
953 3704 52 21
1007 3704 297 21
1306 3704 212 21
1520 3704 77 21
1598 3704 229 21
1869 3728 53 21
1923 3728 298 21
2222 3728 213 21
2436 3728 77 21
2515 3728 228 21
36 3732 53 21
90 3732 298 21
389 3732 213 21
603 3732 77 21
682 3732 228 21
953 3769 52 21
1007 3769 297 21
1306 3769 212 21
1520 3769 77 21
1598 3769 229 21
1869 3793 53 21
1923 3793 298 21
2222 3793 213 21
2436 3793 77 21
2515 3793 228 21
36 3797 53 21
90 3797 298 21
389 3797 213 21
603 3797 77 21
682 3797 228 21
953 3834 52 21
1007 3834 297 21
1306 3834 212 21
1520 3834 77 21
1598 3834 229 21
1869 3858 53 21
1923 3858 298 21
2222 3858 213 21
2436 3858 77 21
2515 3858 228 21
36 3862 53 21
90 3862 298 21
389 3862 213 21
603 3862 77 21
682 3862 228 21
953 3899 52 21
1007 3899 297 21
1306 3899 212 21
1520 3899 77 21
1598 3899 229 21
953 3964 52 21
1007 3964 297 21
1306 3964 212 21
1520 3964 77 21
1598 3964 229 21
