17 17 2858 254
17 272 2858 254
17 527 60 122
78 527 57 122
136 527 211 122
348 527 65 122
414 527 82 122
497 527 41 122
540 527 44 122
585 527 84 122
670 527 171 122
842 527 171 122
1014 527 429 122
1449 527 57 122
1508 527 57 122
1566 527 211 122
1778 527 65 122
1844 527 82 122
1927 527 41 122
1969 527 45 122
2015 527 84 122
2100 527 171 122
2272 527 171 122
2444 527 431 122
17 650 60 1274
78 650 57 425
136 650 211 425
348 650 65 425
414 650 82 425
497 650 41 425
540 650 44 425
585 650 84 425
670 650 171 425
842 650 171 425
1014 650 429 425
1449 650 57 423
1508 650 57 423
1566 650 211 423
1778 650 65 423
1844 650 82 423
1927 650 41 423
1969 650 45 423
2015 650 84 423
2100 650 171 423
2272 650 171 423
2444 650 431 423
78 1076 57 425
136 1076 211 425
348 1076 65 425
414 1076 82 425
497 1076 41 425
540 1076 44 425
585 1076 84 425
670 1076 171 425
842 1076 171 425
1014 1076 429 425
1449 1079 57 845
1508 1079 57 422
1566 1079 211 422
1778 1079 65 422
1844 1079 82 422
1927 1079 41 422
1969 1079 45 422
2015 1079 84 422
2100 1079 171 422
2272 1079 171 422
2444 1079 431 422
78 1502 57 422
136 1502 211 422
348 1502 65 422
414 1502 82 422
497 1502 41 422
540 1502 44 422
585 1502 84 422
670 1502 171 422
842 1502 171 422
1014 1502 429 422
1508 1502 57 422
1566 1502 211 422
1778 1502 65 422
1844 1502 82 422
1927 1502 41 422
1969 1502 45 422
2015 1502 84 422
2100 1502 171 422
2272 1502 171 422
2444 1502 431 422
17 1930 60 1273
78 1930 57 423
136 1930 211 423
348 1930 65 423
414 1930 82 423
497 1930 41 423
540 1930 44 423
585 1930 84 423
670 1930 171 423
842 1930 171 423
1014 1930 429 423
1449 1930 57 846
1508 1930 57 423
1566 1930 211 423
1778 1930 65 423
1844 1930 82 423
1927 1930 41 423
1969 1930 45 423
2015 1930 84 423
2100 1930 171 423
2272 1930 171 423
2444 1930 431 423
78 2354 57 425
136 2354 211 425
348 2354 65 425
414 2354 82 425
497 2354 41 425
540 2354 44 425
585 2354 84 425
670 2354 171 425
842 2354 171 425
1014 2354 429 425
1508 2354 57 422
1566 2354 211 422
1778 2354 65 422
1844 2354 82 422
1927 2354 41 422
1969 2354 45 422
2015 2354 84 422
2100 2354 171 422
2272 2354 171 422
2444 2354 431 422
78 2780 57 423
136 2780 211 423
348 2780 65 423
414 2780 82 423
497 2780 41 423
540 2780 44 423
585 2780 84 423
670 2780 171 423
842 2780 171 423
1014 2780 429 423
1449 2782 57 846
1508 2782 57 422
1566 2782 211 422
1778 2782 65 422
1844 2782 82 422
1927 2782 41 422
1969 2782 45 422
2015 2782 84 422
2100 2782 171 422
2272 2782 171 422
2444 2782 431 422
1508 3206 57 422
1566 3206 211 422
1778 3206 65 422
1844 3206 82 422
1927 3206 41 422
1969 3206 45 422
2015 3206 84 422
2100 3206 171 422
2272 3206 171 422
2444 3206 431 422
17 3208 60 848
78 3208 57 422
136 3208 211 422
348 3208 65 422
414 3208 82 422
497 3208 41 422
540 3208 44 422
585 3208 84 422
670 3208 171 422
842 3208 171 422
1014 3208 429 422
78 3631 57 425
136 3631 211 425
348 3631 65 425
414 3631 82 425
497 3631 41 425
540 3631 44 425
585 3631 84 425
670 3631 171 425
842 3631 171 425
1014 3631 429 425
1449 3634 1426 424
