94 90 2822 440
94 533 2822 85
94 621 85 121
181 621 221 121
405 621 81 121
488 621 109 121
600 621 64 121
667 621 98 121
768 621 108 121
879 621 276 121
1158 621 402 121
1563 621 1353 121
94 745 85 466
181 745 221 466
405 745 81 466
488 745 109 466
600 745 64 466
667 745 98 466
768 745 108 466
879 745 276 466
1158 745 402 466
1563 745 1353 466
94 1214 85 468
181 1214 221 468
405 1214 81 468
488 1214 109 468
600 1214 64 468
667 1214 98 468
768 1214 108 468
879 1214 276 468
1158 1214 402 468
1563 1214 1353 468
94 1685 2822 2500
