17 77 2689 281
17 364 2689 215
17 585 109 112
128 585 213 112
344 585 184 112
530 585 216 112
748 585 60 112
810 585 142 112
955 585 140 112
1097 585 193 112
1293 585 347 112
1642 585 1064 112
17 699 109 445
128 699 213 445
344 699 184 445
530 699 216 445
748 699 60 445
810 699 142 445
955 699 140 445
1097 699 193 445
1293 699 347 445
1642 699 1064 445
17 1146 109 446
128 1146 213 446
344 1146 184 446
530 1146 216 446
748 1146 60 446
810 1146 142 446
955 1146 140 446
1097 1146 193 446
1293 1146 347 446
1642 1146 1064 446
17 1610 2689 2541
