17 17 60 121
78 17 57 121
136 17 211 121
348 17 65 121
414 17 82 121
497 17 41 121
540 17 44 121
585 17 84 121
670 17 82 121
753 17 133 121
887 17 556 121
1449 17 57 121
1508 17 57 121
1566 17 211 121
1778 17 65 121
1844 17 82 121
1927 17 41 121
1969 17 45 121
2015 17 84 121
2100 17 82 121
2183 17 133 121
2317 17 558 121
17 140 60 422
78 140 57 422
136 140 211 422
348 140 65 422
414 140 82 422
497 140 41 422
540 140 44 422
585 140 84 422
670 140 82 422
753 140 133 422
887 140 556 422
1449 140 57 848
1508 140 57 424
1566 140 211 424
1778 140 65 424
1844 140 82 424
1927 140 41 424
1969 140 45 424
2015 140 84 424
2100 140 82 424
2183 140 133 424
2317 140 558 424
1508 566 57 422
1566 566 211 422
1778 566 65 422
1844 566 82 422
1927 566 41 422
1969 566 45 422
2015 566 84 422
2100 566 82 422
2183 566 133 422
2317 566 558 422
17 568 60 420
78 568 57 420
136 568 211 420
348 568 65 420
414 568 82 420
497 568 41 420
540 568 44 420
585 568 84 420
670 568 82 420
753 568 133 420
887 568 556 420
17 994 60 420
78 994 57 420
136 994 211 420
348 994 65 420
414 994 82 420
497 994 41 420
540 994 44 420
585 994 84 420
670 994 82 420
753 994 133 420
887 994 556 420
1449 994 57 1272
1508 994 57 423
1566 994 211 423
1778 994 65 423
1844 994 82 423
1927 994 41 423
1969 994 45 423
2015 994 84 423
2100 994 82 423
2183 994 133 423
2317 994 558 423
1508 1418 57 425
1566 1418 211 425
1778 1418 65 425
1844 1418 82 425
1927 1418 41 425
1969 1418 45 425
2015 1418 84 425
2100 1418 82 425
2183 1418 133 425
2317 1418 558 425
17 1420 60 1272
78 1420 57 423
136 1420 211 423
348 1420 65 423
414 1420 82 423
497 1420 41 423
540 1420 44 423
585 1420 84 423
670 1420 82 423
753 1420 133 423
887 1420 556 423
78 1844 57 425
136 1844 211 425
348 1844 65 425
414 1844 82 425
497 1844 41 425
540 1844 44 425
585 1844 84 425
670 1844 82 425
753 1844 133 425
887 1844 556 425
1508 1844 57 422
1566 1844 211 422
1778 1844 65 422
1844 1844 82 422
1927 1844 41 422
1969 1844 45 422
2015 1844 84 422
2100 1844 82 422
2183 1844 133 422
2317 1844 558 422
78 2270 57 422
136 2270 211 422
348 2270 65 422
414 2270 82 422
497 2270 41 422
540 2270 44 422
585 2270 84 422
670 2270 82 422
753 2270 133 422
887 2270 556 422
1449 2272 1426 420
17 2698 2858 1360
