17 17 60 121
78 17 57 121
136 17 211 121
348 17 65 121
414 17 82 121
497 17 41 121
540 17 44 121
585 17 84 121
670 17 131 121
802 17 199 121
1002 17 441 121
1449 17 57 121
1508 17 57 121
1566 17 211 121
1778 17 65 121
1844 17 82 121
1927 17 41 121
1969 17 45 121
2015 17 84 121
2100 17 131 121
2232 17 199 121
2432 17 443 121
17 140 60 1274
78 140 57 424
136 140 211 424
348 140 65 424
414 140 82 424
497 140 41 424
540 140 44 424
585 140 84 424
670 140 131 424
802 140 199 424
1002 140 441 424
1449 140 57 422
1508 140 57 422
1566 140 211 422
1778 140 65 422
1844 140 82 422
1927 140 41 422
1969 140 45 422
2015 140 84 422
2100 140 131 422
2232 140 199 422
2432 140 443 422
78 566 57 425
136 566 211 425
348 566 65 425
414 566 82 425
497 566 41 425
540 566 44 425
585 566 84 425
670 566 131 425
802 566 199 425
1002 566 441 425
1449 568 57 1272
1508 568 57 423
1566 568 211 423
1778 568 65 423
1844 568 82 423
1927 568 41 423
1969 568 45 423
2015 568 84 423
2100 568 131 423
2232 568 199 423
2432 568 443 423
78 992 57 422
136 992 211 422
348 992 65 422
414 992 82 422
497 992 41 422
540 992 44 422
585 992 84 422
670 992 131 422
802 992 199 422
1002 992 441 422
1508 992 57 425
1566 992 211 425
1778 992 65 425
1844 992 82 425
1927 992 41 425
1969 992 45 425
2015 992 84 425
2100 992 131 425
2232 992 199 425
2432 992 443 425
1508 1418 57 422
1566 1418 211 422
1778 1418 65 422
1844 1418 82 422
1927 1418 41 422
1969 1418 45 422
2015 1418 84 422
2100 1418 131 422
2232 1418 199 422
2432 1418 443 422
17 1420 60 846
78 1420 57 423
136 1420 211 423
348 1420 65 423
414 1420 82 423
497 1420 41 423
540 1420 44 423
585 1420 84 423
670 1420 131 423
802 1420 199 423
1002 1420 441 423
78 1844 57 422
136 1844 211 422
348 1844 65 422
414 1844 82 422
497 1844 41 422
540 1844 44 422
585 1844 84 422
670 1844 131 422
802 1844 199 422
1002 1844 441 422
1449 1846 1426 420
17 2272 2858 1786
