178 234 2908 226
178 466 2908 109
178 580 2908 75
180 660 68 108
254 660 51 108
310 660 176 108
492 660 153 108
651 660 45 108
702 660 45 108
753 660 73 108
832 660 74 108
911 660 108 108
1025 660 170 108
1200 660 426 108
1638 660 68 108
1712 660 51 108
1769 660 176 108
1950 660 153 108
2109 660 45 108
2160 660 45 108
2211 660 74 108
2290 660 74 108
2370 660 107 108
2483 660 170 108
2659 660 426 108
180 774 68 599
254 774 51 297
310 774 176 297
492 774 153 297
651 774 45 297
702 774 45 297
753 774 73 297
832 774 74 297
911 774 108 297
1025 774 170 297
1200 774 426 297
1638 774 68 1203
1712 774 51 297
1769 774 176 297
1950 774 153 297
2109 774 45 297
2160 774 45 297
2211 774 74 297
2290 774 74 297
2370 774 107 297
2483 774 170 297
2659 774 426 297
254 1076 51 297
310 1076 176 297
492 1076 153 297
651 1076 45 297
702 1076 45 297
753 1076 73 297
832 1076 74 297
911 1076 108 297
1025 1076 170 297
1200 1076 426 297
1712 1076 51 297
1769 1076 176 297
1950 1076 153 297
2109 1076 45 297
2160 1076 45 297
2211 1076 74 297
2290 1076 74 297
2370 1076 107 297
2483 1076 170 297
2659 1076 426 297
180 1378 68 599
254 1378 51 297
310 1378 176 297
492 1378 153 297
651 1378 45 297
702 1378 45 297
753 1378 73 297
832 1378 74 297
911 1378 108 297
1025 1378 170 297
1200 1378 426 297
1712 1378 51 297
1769 1378 176 28
1950 1378 153 297
2109 1378 45 297
2160 1378 45 297
2211 1378 74 297
2290 1378 74 297
2370 1378 107 297
2483 1378 170 297
2659 1378 426 297
1769 1653 176 22
254 1681 51 296
310 1681 176 296
492 1681 153 296
651 1681 45 296
702 1681 45 296
753 1681 73 296
832 1681 74 296
911 1681 108 296
1025 1681 170 296
1200 1681 426 296
1712 1681 51 296
1769 1681 176 296
1950 1681 153 296
2109 1681 45 296
2160 1681 45 296
2211 1681 74 296
2290 1681 74 296
2370 1681 107 296
2483 1681 170 296
2659 1681 426 296
180 1983 68 901
254 1983 51 296
310 1983 176 296
492 1983 153 296
651 1983 45 296
702 1983 45 296
753 1983 73 296
832 1983 74 296
911 1983 108 296
1025 1983 170 296
1200 1983 426 296
1638 1983 68 901
1712 1983 51 296
1769 1983 176 23
1950 1983 153 296
2109 1983 45 296
2160 1983 45 296
2211 1983 74 296
2290 1983 74 296
2370 1983 107 296
2483 1983 170 296
2659 1983 426 296
1769 2256 176 23
254 2285 51 297
310 2285 176 56
492 2285 153 297
651 2285 45 297
702 2285 45 297
753 2285 73 297
832 2285 74 297
911 2285 108 297
1025 2285 170 297
1200 2285 426 297
1712 2285 51 297
1769 2285 176 297
1950 2285 153 297
2109 2285 45 297
2160 2285 45 297
2211 2285 74 297
2290 2285 74 297
2370 2285 107 297
2483 2285 170 297
2659 2285 426 297
310 2545 176 37
254 2587 51 297
310 2587 176 212
492 2587 153 297
651 2587 45 297
702 2587 45 297
753 2587 73 297
832 2587 74 297
911 2587 108 297
1025 2587 170 297
1200 2587 426 297
1712 2587 51 297
1769 2587 176 297
1950 2587 153 297
2109 2587 45 297
2160 2587 45 297
2211 2587 74 297
2290 2587 74 297
2370 2587 107 297
2483 2587 170 297
2659 2587 426 297
310 2862 176 22
180 2889 68 901
254 2889 51 297
310 2889 176 208
492 2889 153 297
651 2889 45 297
702 2889 45 297
753 2889 73 297
832 2889 74 297
911 2889 108 297
1025 2889 170 297
1200 2889 426 297
1638 2889 68 1203
1712 2889 51 297
1769 2889 176 297
1950 2889 153 297
2109 2889 45 297
2160 2889 45 297
2211 2889 74 297
2290 2889 74 297
2370 2889 107 297
2483 2889 170 297
2659 2889 426 297
310 3131 176 25
310 3157 176 29
254 3192 51 296
310 3192 176 44
492 3192 153 296
651 3192 45 296
702 3192 45 296
753 3192 73 296
832 3192 74 296
911 3192 108 296
1025 3192 170 296
1200 3192 426 296
1712 3192 51 296
1769 3192 176 296
1950 3192 153 296
2109 3192 45 296
2160 3192 45 296
2211 3192 74 296
2290 3192 74 296
2370 3192 107 296
2483 3192 170 296
2659 3192 426 296
310 3465 176 23
254 3494 51 296
310 3494 176 226
492 3494 153 296
651 3494 45 296
702 3494 45 296
753 3494 73 296
832 3494 74 296
911 3494 108 296
1025 3494 170 296
1200 3494 426 296
1712 3494 51 296
1769 3494 176 31
1950 3494 153 296
2109 3494 45 296
2160 3494 45 296
2211 3494 74 296
2290 3494 74 296
2370 3494 107 296
2483 3494 170 296
2659 3494 426 296
310 3727 176 24
310 3762 176 28
1769 3769 176 21
180 3796 68 595
254 3796 51 296
310 3796 176 21
492 3796 153 296
651 3796 45 296
702 3796 45 296
753 3796 73 296
832 3796 74 296
911 3796 108 296
1025 3796 170 296
1200 3796 426 296
1712 3796 51 296
1769 3796 176 178
1950 3796 153 296
2109 3796 45 296
2160 3796 45 296
2211 3796 74 296
2290 3796 74 296
2370 3796 107 296
2483 3796 170 296
2659 3796 426 296
1769 4069 176 23
310 4071 176 21
254 4098 51 293
310 4098 176 293
492 4098 153 293
651 4098 45 293
702 4098 45 293
753 4098 73 293
832 4098 74 293
911 4098 108 293
1025 4098 170 293
1200 4098 426 293
1638 4098 68 293
1712 4098 51 293
1769 4098 176 293
1950 4098 153 293
2109 4098 45 293
2160 4098 45 293
2211 4098 74 293
2290 4098 74 293
2370 4098 107 293
2483 4098 170 293
2659 4098 426 293
