179 227 2851 226
179 457 2851 123
179 585 74 82
257 585 41 82
303 585 177 82
484 585 189 82
677 585 35 82
717 585 35 82
756 585 75 82
836 585 75 82
915 585 109 82
1029 585 148 82
1182 585 417 82
1610 585 82 82
1696 585 41 82
1741 585 177 82
1923 585 188 82
2116 585 35 82
2155 585 36 82
2195 585 75 82
2274 585 75 82
2354 585 109 82
2467 585 149 82
2620 585 410 82
179 672 74 329
257 672 41 329
303 672 177 329
484 672 189 329
677 672 35 329
717 672 35 329
756 672 75 329
836 672 75 329
915 672 109 329
1029 672 148 329
1182 672 417 329
1610 672 82 329
1696 672 41 329
1741 672 177 55
1923 672 188 329
2116 672 35 329
2155 672 36 329
2195 672 75 329
2274 672 75 329
2354 672 109 329
2467 672 149 329
2620 672 410 329
1888 797 30 74
1741 813 26 63
1779 963 96 38
179 1006 74 662
257 1006 41 329
303 1006 177 329
484 1006 189 329
677 1006 35 329
717 1006 35 329
756 1006 75 329
836 1006 75 329
915 1006 109 329
1029 1006 148 329
1182 1006 417 329
1610 1006 82 329
1696 1006 41 329
1741 1006 177 38
1923 1006 188 329
2116 1006 35 329
2155 1006 36 329
2195 1006 75 329
2274 1006 75 329
2354 1006 109 329
2467 1006 149 329
2620 1006 410 329
1893 1064 25 59
1897 1153 21 54
1742 1297 176 38
257 1340 41 328
303 1340 177 54
484 1340 189 328
677 1340 35 328
717 1340 35 328
756 1340 75 328
836 1340 75 328
915 1340 109 328
1029 1340 148 328
1182 1340 415 328
1610 1340 82 662
1696 1340 41 329
1741 1340 177 59
1923 1340 188 329
2116 1340 35 329
2155 1340 36 329
2195 1340 75 329
2274 1340 75 329
2354 1340 109 329
2467 1340 149 329
2620 1340 410 329
1741 1439 37 35
1882 1441 36 26
303 1442 29 21
449 1474 31 76
1741 1474 36 67
303 1477 23 87
1884 1480 34 45
1742 1630 176 39
303 1631 66 37
371 1631 108 37
1696 1673 41 329
1741 1673 177 329
1923 1673 188 329
2116 1673 35 329
2155 1673 36 329
2195 1673 75 329
2274 1673 75 329
2354 1673 109 329
2467 1673 149 329
2620 1673 410 329
179 1674 74 662
257 1674 41 329
303 1674 177 61
484 1674 189 329
677 1674 35 329
717 1674 35 329
756 1674 75 329
836 1674 75 329
915 1674 109 329
1029 1674 148 329
1182 1674 417 329
303 1796 24 23
456 1822 24 86
303 1965 59 38
417 1965 62 38
257 2007 41 329
303 2007 177 55
484 2007 189 329
677 2007 35 329
717 2007 35 329
756 2007 75 329
836 2007 75 329
915 2007 109 329
1029 2007 148 329
1182 2007 417 329
1610 2008 82 662
1696 2008 41 329
1741 2008 177 57
1923 2008 188 329
2116 2008 35 329
2155 2008 36 329
2195 2008 75 329
2274 2008 75 329
2354 2008 109 329
2467 2008 149 329
2620 2008 410 329
303 2117 31 148
1892 2124 26 94
1741 2130 29 125
459 2136 21 103
303 2298 176 38
1742 2298 69 39
1818 2298 100 39
1696 2341 41 329
1741 2341 177 61
1923 2341 188 329
2116 2341 35 329
2155 2341 36 329
2195 2341 75 329
2274 2341 75 329
2354 2341 109 329
2467 2341 149 329
2620 2341 410 329
179 2342 74 1330
257 2342 41 329
303 2342 177 240
484 2342 189 329
677 2342 35 329
717 2342 35 329
756 2342 75 329
836 2342 75 329
915 2342 109 329
1029 2342 148 329
1182 2342 417 329
1741 2447 34 105
1884 2471 34 72
339 2583 141 29
349 2630 131 41
1742 2631 176 39
303 2633 46 38
257 2675 41 330
303 2675 177 57
484 2675 189 330
677 2675 35 330
717 2675 35 330
756 2675 75 330
836 2675 75 330
915 2675 109 330
1029 2675 148 330
1182 2675 417 330
1610 2676 82 662
1696 2676 41 329
1741 2676 177 329
1923 2676 188 329
2116 2676 35 329
2155 2676 36 329
2195 2676 75 329
2274 2676 75 329
2354 2676 109 329
2467 2676 149 329
2620 2676 410 329
447 2783 33 116
303 2798 28 103
303 2967 176 38
257 3009 41 330
303 3009 177 44
484 3009 189 330
677 3009 35 330
717 3009 35 330
756 3009 75 330
836 3009 75 330
915 3009 109 330
1029 3009 148 330
1182 3009 417 330
1696 3009 41 329
1741 3009 177 38
1923 3009 188 329
2116 3009 35 329
2155 3009 36 329
2195 3009 75 329
2274 3009 75 329
2354 3009 109 329
2467 3009 149 329
2620 3009 410 329
457 3109 23 106
1742 3300 176 38
303 3301 33 38
393 3301 86 38
257 3343 41 329
303 3343 177 329
484 3343 189 329
677 3343 35 329
717 3343 35 329
756 3343 75 329
836 3343 75 329
915 3343 109 329
1029 3343 148 329
1182 3343 417 329
1610 3344 82 999
1696 3344 41 329
1741 3344 177 38
1923 3344 188 329
2116 3344 35 329
2155 3344 36 329
2195 3344 75 329
2274 3344 75 329
2354 3344 109 329
2467 3344 149 329
2620 3344 410 329
1751 3635 152 38
1696 3677 41 330
1741 3677 177 330
1923 3677 188 330
2116 3677 35 330
2155 3677 36 330
2195 3677 75 330
2274 3677 75 330
2354 3677 109 330
2467 3677 149 330
2620 3677 410 330
179 3678 74 665
257 3678 41 329
303 3678 177 54
484 3678 189 329
677 3678 35 329
717 3678 35 329
756 3678 75 329
836 3678 75 329
915 3678 109 329
1029 3678 148 329
1182 3678 417 329
303 3799 21 102
362 3969 61 38
257 4011 41 332
303 4011 177 59
484 4011 189 332
677 4011 35 332
717 4011 35 332
756 4011 75 332
836 4011 75 332
915 4011 109 332
1029 4011 148 332
1182 4011 417 332
1696 4011 41 330
1741 4011 177 57
1923 4011 188 330
2116 4011 35 330
2155 4011 36 330
2195 4011 75 330
2274 4011 75 330
2354 4011 109 330
2467 4011 149 330
2620 4011 410 330
303 4106 35 31
1741 4114 34 98
1887 4124 31 87
303 4147 33 72
446 4156 34 62
1742 4303 78 38
1822 4303 95 38
