17 17 2761 253
17 271 2761 221
17 493 2761 80
1399 574 1379 3624
17 575 57 103
75 575 267 103
344 575 72 103
418 575 87 103
506 575 44 103
552 575 44 103
597 575 64 103
662 575 169 103
832 575 226 103
1059 575 339 103
17 680 57 371
75 680 267 371
344 680 72 371
418 680 87 371
506 680 44 371
552 680 44 371
597 680 64 371
662 680 169 371
832 680 226 371
1059 680 339 371
17 1053 57 371
75 1053 267 371
344 1053 72 371
418 1053 87 371
506 1053 44 371
552 1053 44 371
597 1053 64 371
662 1053 169 371
832 1053 226 371
1059 1053 339 371
17 1425 57 372
75 1425 267 372
344 1425 72 372
418 1425 87 372
506 1425 44 372
552 1425 44 372
597 1425 64 372
662 1425 169 372
832 1425 226 372
1059 1425 339 372
17 1798 1382 2400
