17 17 2761 253
17 271 2761 221
17 493 2761 80
1399 574 1379 888
17 575 57 103
75 575 267 103
344 575 72 103
418 575 87 103
506 575 44 103
552 575 44 103
597 575 64 103
662 575 169 103
832 575 226 103
1059 575 339 103
17 679 57 390
75 679 267 390
344 679 72 390
418 679 87 390
506 679 44 390
552 679 44 390
597 679 64 390
662 679 169 390
832 679 226 390
1059 679 339 390
17 1070 57 390
75 1070 267 390
344 1070 72 390
418 1070 87 390
506 1070 44 390
552 1070 44 390
597 1070 64 390
662 1070 169 390
832 1070 226 390
1059 1070 339 390
17 1462 2761 2606
