17 17 2761 253
17 271 2761 221
17 493 2761 79
17 574 57 103
75 574 267 103
344 574 72 103
418 574 87 103
506 574 44 103
552 574 44 103
597 574 64 103
662 574 169 103
832 574 226 103
1059 574 339 103
1399 574 1379 857
17 678 57 375
75 678 267 375
344 678 72 375
418 678 87 375
506 678 44 375
552 678 44 375
597 678 64 375
662 678 169 375
832 678 226 375
1059 678 339 375
17 1054 57 375
75 1054 267 375
344 1054 72 375
418 1054 87 375
506 1054 44 375
552 1054 44 375
597 1054 64 375
662 1054 169 375
832 1054 226 375
1059 1054 339 375
17 1431 2761 2620
