17 17 2761 253
17 271 2761 198
17 471 2761 79
1399 551 1379 1396
17 552 57 103
75 552 267 103
344 552 72 103
418 552 87 103
506 552 44 103
552 552 44 103
597 552 64 103
662 552 169 103
832 552 226 103
1059 552 339 103
17 656 57 644
75 656 267 644
344 656 72 644
418 656 87 644
506 656 44 644
552 656 44 644
597 656 64 644
662 656 169 644
832 656 226 644
1059 656 339 644
17 1302 57 644
75 1302 267 644
344 1302 72 644
418 1302 87 644
506 1302 44 644
552 1302 44 644
597 1302 64 644
662 1302 169 644
832 1302 226 644
1059 1302 339 644
17 1947 2761 2247
