17 17 2761 253
17 271 2761 221
17 493 2761 80
1399 574 1379 1029
17 575 57 103
75 575 267 103
344 575 72 103
418 575 87 103
506 575 44 103
552 575 44 103
597 575 64 103
662 575 169 103
832 575 226 103
1059 575 339 103
17 679 57 461
75 679 267 461
344 679 72 461
418 679 87 461
506 679 44 461
552 679 44 461
597 679 64 461
662 679 169 461
832 679 226 461
1059 679 339 461
17 1141 57 461
75 1141 267 461
344 1141 72 461
418 1141 87 461
506 1141 44 461
552 1141 44 461
597 1141 64 461
662 1141 169 461
832 1141 226 461
1059 1141 339 461
17 1603 2761 2592
