17 17 60 121
78 17 57 121
136 17 211 121
348 17 65 121
414 17 82 121
497 17 41 121
540 17 44 121
585 17 84 121
670 17 114 121
785 17 166 121
952 17 491 121
1449 17 57 121
1508 17 57 121
1566 17 211 121
1778 17 65 121
1844 17 82 121
1927 17 41 121
1969 17 45 121
2015 17 84 121
2100 17 113 121
2214 17 167 121
2382 17 493 121
17 140 60 677
78 140 57 339
136 140 211 339
348 140 65 339
414 140 82 339
497 140 41 339
540 140 44 339
585 140 84 339
670 140 114 339
785 140 166 339
952 140 491 339
1449 140 57 1019
1508 140 57 339
1566 140 211 339
1778 140 65 339
1844 140 82 339
1927 140 41 339
1969 140 45 339
2015 140 84 339
2100 140 113 339
2214 140 167 339
2382 140 493 339
78 480 57 337
136 480 211 337
348 480 65 337
414 480 82 337
497 480 41 337
540 480 44 337
585 480 84 337
670 480 114 337
785 480 166 337
952 480 491 337
1508 480 57 340
1566 480 211 340
1778 480 65 340
1844 480 82 340
1927 480 41 340
1969 480 45 340
2015 480 84 340
2100 480 113 340
2214 480 167 340
2382 480 493 340
1508 821 57 338
1566 821 211 338
1778 821 65 338
1844 821 82 338
1927 821 41 338
1969 821 45 338
2015 821 84 338
2100 821 113 338
2214 821 167 338
2382 821 493 338
17 823 60 677
78 823 57 338
136 823 211 338
348 823 65 338
414 823 82 338
497 823 41 338
540 823 44 338
585 823 84 338
670 823 114 338
785 823 166 338
952 823 491 338
78 1162 57 338
136 1162 211 338
348 1162 65 338
414 1162 82 338
497 1162 41 338
540 1162 44 338
585 1162 84 338
670 1162 114 338
785 1162 166 338
952 1162 491 338
1449 1164 57 336
1508 1164 57 336
1566 1164 211 336
1778 1164 65 336
1844 1164 82 336
1927 1164 41 336
1969 1164 45 336
2015 1164 84 336
2100 1164 113 336
2214 1164 167 336
2382 1164 493 336
17 1505 60 676
78 1505 57 338
136 1505 211 338
348 1505 65 338
414 1505 82 338
497 1505 41 338
540 1505 44 338
585 1505 84 338
670 1505 114 338
785 1505 166 338
952 1505 491 338
1449 1505 57 676
1508 1505 57 338
1566 1505 211 338
1778 1505 65 338
1844 1505 82 338
1927 1505 41 338
1969 1505 45 338
2015 1505 84 338
2100 1505 113 338
2214 1505 167 338
2382 1505 493 338
78 1844 57 337
136 1844 211 337
348 1844 65 337
414 1844 82 337
497 1844 41 337
540 1844 44 337
585 1844 84 337
670 1844 114 337
785 1844 166 337
952 1844 491 337
1508 1844 57 337
1566 1844 211 337
1778 1844 65 337
1844 1844 82 337
1927 1844 41 337
1969 1844 45 337
2015 1844 84 337
2100 1844 113 337
2214 1844 167 337
2382 1844 493 337
17 2187 2858 1871
