17 17 2858 254
17 272 2858 254
17 527 60 122
78 527 57 122
136 527 211 122
348 527 65 122
414 527 82 122
497 527 41 122
540 527 44 122
585 527 84 122
670 527 171 122
842 527 171 122
1014 527 429 122
1449 527 57 122
1508 527 57 122
1566 527 211 122
1778 527 65 122
1844 527 82 122
1927 527 41 122
1969 527 45 122
2015 527 84 122
2100 527 171 122
2272 527 171 122
2444 527 431 122
17 650 60 618
78 650 57 309
136 650 211 309
348 650 65 309
414 650 82 309
497 650 41 309
540 650 44 309
585 650 84 309
670 650 171 309
842 650 171 309
1014 650 429 309
1449 650 57 618
1508 650 57 309
1566 650 211 309
1778 650 65 309
1844 650 82 309
1927 650 41 309
1969 650 45 309
2015 650 84 309
2100 650 171 309
2272 650 171 309
2444 650 431 309
78 960 57 308
136 960 211 308
348 960 65 308
414 960 82 308
497 960 41 308
540 960 44 308
585 960 84 308
670 960 171 308
842 960 171 308
1014 960 429 308
1508 960 57 308
1566 960 211 308
1778 960 65 308
1844 960 82 308
1927 960 41 308
1969 960 45 308
2015 960 84 308
2100 960 171 308
2272 960 171 308
2444 960 431 308
17 1273 60 924
78 1273 57 306
136 1273 211 306
348 1273 65 306
414 1273 82 306
497 1273 41 306
540 1273 44 306
585 1273 84 306
670 1273 171 306
842 1273 171 306
1014 1273 429 306
1449 1273 57 304
1508 1273 57 304
1566 1273 211 304
1778 1273 65 304
1844 1273 82 304
1927 1273 41 304
1969 1273 45 304
2015 1273 84 304
2100 1273 171 304
2272 1273 171 304
2444 1273 431 304
78 1580 57 309
136 1580 211 309
348 1580 65 309
414 1580 82 309
497 1580 41 309
540 1580 44 309
585 1580 84 309
670 1580 171 309
842 1580 171 309
1014 1580 429 309
1449 1582 57 304
1508 1582 57 304
1566 1582 211 304
1778 1582 65 304
1844 1582 82 304
1927 1582 41 304
1969 1582 45 304
2015 1582 84 304
2100 1582 171 304
2272 1582 171 304
2444 1582 431 304
78 1890 57 307
136 1890 211 307
348 1890 65 307
414 1890 82 307
497 1890 41 307
540 1890 44 307
585 1890 84 307
670 1890 171 307
842 1890 171 307
1014 1890 429 307
1449 1892 57 614
1508 1892 57 307
1566 1892 211 307
1778 1892 65 307
1844 1892 82 307
1927 1892 41 307
1969 1892 45 307
2015 1892 84 307
2100 1892 171 307
2272 1892 171 307
2444 1892 431 307
1508 2200 57 306
1566 2200 211 306
1778 2200 65 306
1844 2200 82 306
1927 2200 41 306
1969 2200 45 306
2015 2200 84 306
2100 2200 171 306
2272 2200 171 306
2444 2200 431 306
17 2203 60 303
78 2203 57 303
136 2203 211 303
348 2203 65 303
414 2203 82 303
497 2203 41 303
540 2203 44 303
585 2203 84 303
670 2203 171 303
842 2203 171 303
1014 2203 429 303
17 2512 60 1235
78 2512 57 307
136 2512 211 307
348 2512 65 307
414 2512 82 307
497 2512 41 307
540 2512 44 307
585 2512 84 307
670 2512 171 307
842 2512 171 307
1014 2512 429 307
1449 2512 57 615
1508 2512 57 307
1566 2512 211 307
1778 2512 65 307
1844 2512 82 307
1927 2512 41 307
1969 2512 45 307
2015 2512 84 307
2100 2512 171 307
2272 2512 171 307
2444 2512 431 307
78 2820 57 309
136 2820 211 309
348 2820 65 309
414 2820 82 309
497 2820 41 309
540 2820 44 309
585 2820 84 309
670 2820 171 309
842 2820 171 309
1014 2820 429 309
1508 2820 57 307
1566 2820 211 307
1778 2820 65 307
1844 2820 82 307
1927 2820 41 307
1969 2820 45 307
2015 2820 84 307
2100 2820 171 307
2272 2820 171 307
2444 2820 431 307
78 3130 57 309
136 3130 211 309
348 3130 65 309
414 3130 82 309
497 3130 41 309
540 3130 44 309
585 3130 84 309
670 3130 171 309
842 3130 171 309
1014 3130 429 309
1449 3133 57 614
1508 3133 57 306
1566 3133 211 306
1778 3133 65 306
1844 3133 82 306
1927 3133 41 306
1969 3133 45 306
2015 3133 84 306
2100 3133 171 306
2272 3133 171 306
2444 3133 431 306
78 3440 57 307
136 3440 211 307
348 3440 65 307
414 3440 82 307
497 3440 41 307
540 3440 44 307
585 3440 84 307
670 3440 171 307
842 3440 171 307
1014 3440 429 307
1508 3440 57 307
1566 3440 211 307
1778 3440 65 307
1844 3440 82 307
1927 3440 41 307
1969 3440 45 307
2015 3440 84 307
2100 3440 171 307
2272 3440 171 307
2444 3440 431 307
17 3753 60 305
78 3753 57 305
136 3753 211 305
348 3753 65 305
414 3753 82 305
497 3753 41 305
540 3753 44 305
585 3753 84 305
670 3753 171 305
842 3753 171 305
1014 3753 429 305
1449 3753 1426 305
