17 17 2761 253
17 271 2761 221
17 493 2761 79
17 574 57 103
75 574 267 103
344 574 72 103
418 574 87 103
506 574 44 103
552 574 44 103
597 574 64 103
662 574 169 103
832 574 226 103
1059 574 339 103
1399 574 1379 3630
17 678 57 362
75 678 267 362
344 678 72 362
418 678 87 362
506 678 44 362
552 678 44 362
597 678 64 362
662 678 169 362
832 678 226 362
1059 678 339 362
17 1042 57 361
75 1042 267 361
344 1042 72 361
418 1042 87 361
506 1042 44 361
552 1042 44 361
597 1042 64 361
662 1042 169 361
832 1042 226 361
1059 1042 339 361
17 1405 57 362
75 1405 267 362
344 1405 72 362
418 1405 87 362
506 1405 44 362
552 1405 44 362
597 1405 64 362
662 1405 169 362
832 1405 226 362
1059 1405 339 362
17 1768 57 362
75 1768 267 362
344 1768 72 362
418 1768 87 362
506 1768 44 362
552 1768 44 362
597 1768 64 362
662 1768 169 362
832 1768 226 362
1059 1768 339 362
17 2132 1382 2072
