6 5 2736 200
6 207 2736 200
6 408 2736 63
6 473 88 63
96 473 90 63
188 473 244 63
434 473 181 63
617 473 123 63
742 473 64 63
808 473 123 63
933 473 123 63
1057 473 241 63
1300 473 328 63
1630 473 1112 63
6 538 88 1033
96 538 90 257
188 538 244 257
434 538 181 257
617 538 123 257
742 538 64 257
808 538 123 257
933 538 123 257
1057 538 241 257
1300 538 328 257
1630 538 1112 257
96 796 90 257
188 796 244 257
434 796 181 257
617 796 123 257
742 796 64 257
808 796 123 257
933 796 123 257
1057 796 241 257
1300 796 328 257
1630 796 1112 257
96 1055 90 257
188 1055 244 257
434 1055 181 257
617 1055 123 257
742 1055 64 257
808 1055 123 257
933 1055 123 257
1057 1055 241 257
1300 1055 328 257
1630 1055 1112 257
96 1314 90 257
188 1314 244 257
434 1314 181 257
617 1314 123 257
742 1314 64 257
808 1314 123 257
933 1314 123 257
1057 1314 241 257
1300 1314 328 257
1630 1314 1112 257
6 1573 2736 63
6 1637 88 63
96 1637 90 63
188 1637 244 63
434 1637 181 63
617 1637 123 63
742 1637 64 63
808 1637 123 63
933 1637 123 63
1057 1637 241 63
1300 1637 328 63
1630 1637 1112 63
6 1702 88 1551
96 1702 90 257
188 1702 244 257
434 1702 181 257
617 1702 123 257
742 1702 64 257
808 1702 123 257
933 1702 123 257
1057 1702 241 257
1300 1702 328 257
1630 1702 1112 257
96 1961 90 257
188 1961 244 257
434 1961 181 257
617 1961 123 257
742 1961 64 257
808 1961 123 257
933 1961 123 257
1057 1961 241 257
1300 1961 328 257
1630 1961 1112 257
96 2220 90 257
188 2220 244 257
434 2220 181 257
617 2220 123 257
742 2220 64 257
808 2220 123 257
933 2220 123 257
1057 2220 241 257
1300 2220 328 257
1630 2220 1112 257
96 2478 90 257
188 2478 244 257
434 2478 181 257
617 2478 123 257
742 2478 64 257
808 2478 123 257
933 2478 123 257
1057 2478 241 257
1300 2478 328 257
1630 2478 1112 257
96 2737 90 257
188 2737 244 257
434 2737 181 257
617 2737 123 257
742 2737 64 257
808 2737 123 257
933 2737 123 257
1057 2737 241 257
1300 2737 328 257
1630 2737 1112 257
96 2996 90 257
188 2996 244 257
434 2996 181 257
617 2996 123 257
742 2996 64 257
808 2996 123 257
933 2996 123 257
1057 2996 241 257
1300 2996 328 257
1630 2996 1112 257
6 3255 2736 63
6 3319 88 63
96 3319 90 63
188 3319 244 63
434 3319 181 63
617 3319 123 63
742 3319 64 63
808 3319 123 63
933 3319 123 63
1057 3319 241 63
1300 3319 328 63
1630 3319 1112 63
6 3384 88 514
96 3384 90 257
188 3384 244 257
434 3384 181 257
617 3384 123 257
742 3384 64 257
808 3384 123 257
933 3384 123 257
1057 3384 241 257
1300 3384 328 257
1630 3384 1112 257
96 3643 90 255
188 3643 244 255
434 3643 181 255
617 3643 123 255
742 3643 64 255
808 3643 123 255
933 3643 123 255
1057 3643 241 255
1300 3643 328 255
1630 3643 1112 255
