17 17 2761 253
17 271 2761 221
17 493 2761 81
1399 575 1379 3484
17 576 57 103
75 576 267 103
344 576 72 103
418 576 87 103
506 576 44 103
552 576 44 103
597 576 64 103
662 576 169 103
832 576 226 103
1059 576 339 103
17 681 57 395
75 681 267 395
344 681 72 395
418 681 87 395
506 681 44 395
552 681 44 395
597 681 64 395
662 681 169 395
832 681 226 395
1059 681 339 395
17 1077 57 395
75 1077 267 395
344 1077 72 395
418 1077 87 395
506 1077 44 395
552 1077 44 395
597 1077 64 395
662 1077 169 395
832 1077 226 395
1059 1077 339 395
17 1474 1382 2585
