17 17 60 121
78 17 57 121
136 17 211 121
348 17 65 121
414 17 82 121
497 17 41 121
540 17 44 121
585 17 84 121
670 17 115 121
786 17 155 121
942 17 501 121
1449 17 57 121
1508 17 57 121
1566 17 211 121
1778 17 65 121
1844 17 82 121
1927 17 41 121
1969 17 45 121
2015 17 84 121
2100 17 115 121
2216 17 154 121
2372 17 503 121
17 140 60 848
78 140 57 424
136 140 211 424
348 140 65 424
414 140 82 424
497 140 41 424
540 140 44 424
585 140 84 424
670 140 115 424
786 140 155 424
942 140 501 424
1449 140 57 1700
1508 140 57 424
1566 140 211 424
1778 140 65 424
1844 140 82 424
1927 140 41 424
1969 140 45 424
2015 140 84 424
2100 140 115 424
2216 140 154 424
2372 140 503 424
78 566 57 422
136 566 211 422
348 566 65 422
414 566 82 422
497 566 41 422
540 566 44 422
585 566 84 422
670 566 115 422
786 566 155 422
942 566 501 422
1508 566 57 425
1566 566 211 425
1778 566 65 425
1844 566 82 425
1927 566 41 425
1969 566 45 425
2015 566 84 425
2100 566 115 425
2216 566 154 425
2372 566 503 425
1508 992 57 425
1566 992 211 425
1778 992 65 425
1844 992 82 425
1927 992 41 425
1969 992 45 425
2015 992 84 425
2100 992 115 425
2216 992 154 425
2372 992 503 425
17 994 60 1272
78 994 57 423
136 994 211 423
348 994 65 423
414 994 82 423
497 994 41 423
540 994 44 423
585 994 84 423
670 994 115 423
786 994 155 423
942 994 501 423
78 1418 57 425
136 1418 211 425
348 1418 65 425
414 1418 82 425
497 1418 41 425
540 1418 44 425
585 1418 84 425
670 1418 115 425
786 1418 155 425
942 1418 501 425
1508 1418 57 422
1566 1418 211 422
1778 1418 65 422
1844 1418 82 422
1927 1418 41 422
1969 1418 45 422
2015 1418 84 422
2100 1418 115 422
2216 1418 154 422
2372 1418 503 422
78 1844 57 422
136 1844 211 422
348 1844 65 422
414 1844 82 422
497 1844 41 422
540 1844 44 422
585 1844 84 422
670 1844 115 422
786 1844 155 422
942 1844 501 422
1449 1846 57 420
1508 1846 57 420
1566 1846 211 420
1778 1846 65 420
1844 1846 82 420
1927 1846 41 420
1969 1846 45 420
2015 1846 84 420
2100 1846 115 420
2216 1846 154 420
2372 1846 503 420
17 2272 2858 1786
