17 17 2761 253
17 271 2761 221
17 493 2761 79
17 574 57 103
75 574 267 103
344 574 72 103
418 574 87 103
506 574 44 103
552 574 44 103
597 574 64 103
662 574 169 103
832 574 226 103
1059 574 339 103
1399 574 1379 3510
17 678 57 486
75 678 267 486
344 678 72 486
418 678 87 486
506 678 44 486
552 678 44 486
597 678 64 486
662 678 169 486
832 678 226 486
1059 678 339 486
17 1166 57 485
75 1166 267 485
344 1166 72 485
418 1166 87 485
506 1166 44 485
552 1166 44 485
597 1166 64 485
662 1166 169 485
832 1166 226 485
1059 1166 339 485
17 1653 1382 2431
