17 17 2761 253
17 271 2761 221
17 493 2761 79
17 574 57 103
75 574 267 103
344 574 72 103
418 574 87 103
506 574 44 103
552 574 44 103
597 574 64 103
662 574 169 103
832 574 226 103
1059 574 339 103
1399 574 1379 887
17 678 57 390
75 678 267 390
344 678 72 390
418 678 87 390
506 678 44 390
552 678 44 390
597 678 64 390
662 678 169 390
832 678 226 390
1059 678 339 390
17 1070 57 389
75 1070 267 389
344 1070 72 389
418 1070 87 389
506 1070 44 389
552 1070 44 389
597 1070 64 389
662 1070 169 389
832 1070 226 389
1059 1070 339 389
17 1461 2761 2612
