179 227 2851 226
179 457 2851 123
179 585 74 82
257 585 41 82
303 585 177 82
484 585 189 82
677 585 35 82
717 585 35 82
756 585 75 82
836 585 75 82
915 585 109 82
1029 585 148 82
1182 585 417 82
1610 585 80 82
1694 585 42 82
1740 585 177 82
1921 585 189 82
2114 585 36 82
2154 585 35 82
2194 585 75 82
2273 585 75 82
2352 585 109 82
2466 585 148 82
2619 585 411 82
179 672 74 362
257 672 41 362
303 672 177 54
484 672 189 362
677 672 35 362
717 672 35 362
756 672 75 362
836 672 75 362
915 672 109 362
1029 672 148 362
1182 672 417 362
1610 672 80 729
1694 672 42 363
1740 672 177 82
1921 672 189 363
2114 672 36 363
2154 672 35 363
2194 672 75 363
2273 672 75 363
2352 672 109 363
2466 672 148 363
2619 672 411 363
1880 813 37 75
1740 818 31 67
349 980 36 54
1740 980 176 55
1694 1039 42 362
1740 1039 177 70
1921 1039 189 362
2114 1039 36 362
2154 1039 35 362
2194 1039 75 362
2273 1039 75 362
2352 1039 109 362
2466 1039 148 362
2619 1039 411 362
179 1040 74 729
257 1040 41 362
303 1040 177 240
484 1040 189 362
677 1040 35 362
717 1040 35 362
756 1040 75 362
836 1040 75 362
915 1040 109 362
1029 1040 148 362
1182 1040 417 362
1740 1148 30 39
1884 1165 33 104
1740 1187 29 82
1740 1347 99 54
1857 1347 59 54
303 1348 176 54
257 1406 41 363
303 1406 177 363
484 1406 189 363
677 1406 35 363
717 1406 35 363
756 1406 75 363
836 1406 75 363
915 1406 109 363
1029 1406 148 363
1182 1406 417 363
1610 1407 80 729
1694 1407 42 363
1740 1407 177 56
1921 1407 189 363
2114 1407 36 363
2154 1407 35 363
2194 1407 75 363
2273 1407 75 363
2352 1407 109 363
2466 1407 148 363
2619 1407 411 363
1740 1714 62 56
1807 1714 109 56
179 1774 74 730
257 1774 41 363
303 1774 177 363
484 1774 189 363
677 1774 35 363
717 1774 35 363
756 1774 75 363
836 1774 75 363
915 1774 109 363
1029 1774 148 363
1182 1774 417 363
1694 1774 42 362
1740 1774 177 72
1921 1774 189 362
2114 1774 36 362
2154 1774 35 362
2194 1774 75 362
2273 1774 75 362
2352 1774 109 362
2466 1774 148 362
2619 1774 411 362
1740 1888 27 107
1879 1893 38 94
257 2141 41 363
303 2141 177 363
484 2141 189 363
677 2141 35 363
717 2141 35 363
756 2141 75 363
836 2141 75 363
915 2141 109 363
1029 2141 148 363
1182 2141 417 363
1610 2142 80 362
1694 2142 42 362
1740 2142 177 72
1921 2142 189 362
2114 2142 36 362
2154 2142 35 362
2194 2142 75 362
2273 2142 75 362
2352 2142 109 362
2466 2142 148 362
2619 2142 411 362
1879 2258 38 91
1740 2261 38 97
1740 2448 176 56
179 2509 74 729
257 2509 41 363
303 2509 177 363
484 2509 189 363
677 2509 35 363
717 2509 35 363
756 2509 75 363
836 2509 75 363
915 2509 109 363
1029 2509 148 363
1182 2509 417 363
1610 2509 80 729
1694 2509 42 363
1740 2509 177 222
1921 2509 189 363
2114 2509 36 363
2154 2509 35 363
2194 2509 75 363
2273 2509 75 363
2352 2509 109 363
2466 2509 148 363
2619 2509 411 363
1772 2731 145 39
1817 2814 100 58
1740 2817 77 55
257 2876 41 362
303 2876 177 362
484 2876 189 362
677 2876 35 362
717 2876 35 362
756 2876 75 362
836 2876 75 362
915 2876 109 362
1029 2876 148 362
1182 2876 417 362
1694 2876 42 362
1740 2876 177 72
1921 2876 189 362
2114 2876 36 362
2154 2876 35 362
2194 2876 75 362
2273 2876 75 362
2352 2876 109 362
2466 2876 148 362
2619 2876 411 362
1880 2991 37 23
1740 2993 38 23
1883 3016 34 77
1740 3019 34 72
1740 3184 176 54
179 3244 74 729
257 3244 41 362
303 3244 177 362
484 3244 189 362
677 3244 35 362
717 3244 35 362
756 3244 75 362
836 3244 75 362
915 3244 109 362
1029 3244 148 362
1182 3244 417 362
1610 3244 80 1099
1694 3244 42 362
1740 3244 177 71
1921 3244 189 362
2114 3244 36 362
2154 3244 35 362
2194 3244 75 362
2273 3244 75 362
2352 3244 109 362
2466 3244 148 362
2619 3244 411 362
1740 3358 30 111
1883 3364 34 97
1740 3552 176 54
257 3611 41 362
303 3611 177 362
484 3611 189 362
677 3611 35 362
717 3611 35 362
756 3611 75 362
836 3611 75 362
915 3611 109 362
1029 3611 148 362
1182 3611 417 362
1694 3611 42 363
1740 3611 177 72
1921 3611 189 363
2114 3611 36 363
2154 3611 35 363
2194 3611 75 363
2273 3611 75 363
2352 3611 109 363
2466 3611 148 363
2619 3611 411 363
1740 3715 37 27
1740 3744 35 74
1881 3748 36 71
1740 3919 90 55
1840 3919 76 55
1694 3978 42 365
1740 3978 177 76
1921 3978 189 365
2114 3978 36 365
2154 3978 35 365
2194 3978 75 365
2273 3978 75 365
2352 3978 109 365
2466 3978 148 365
2619 3978 411 365
179 3979 74 364
257 3979 41 364
303 3979 177 77
484 3979 189 364
677 3979 35 364
717 3979 35 364
756 3979 75 364
836 3979 75 364
915 3979 109 364
1029 3979 148 364
1182 3979 417 364
303 4096 29 115
448 4101 32 110
1740 4108 35 108
1887 4109 30 108
1815 4287 32 56
303 4288 90 55
394 4288 85 55
