179 227 2851 226
179 457 2851 123
179 585 74 82
257 585 41 82
303 585 177 82
484 585 189 82
677 585 35 82
717 585 35 82
756 585 75 82
836 585 75 82
915 585 109 82
1029 585 148 82
1182 585 417 82
1610 585 80 82
1694 585 42 82
1740 585 177 82
1921 585 189 82
2114 585 36 82
2154 585 35 82
2194 585 75 82
2273 585 75 82
2352 585 109 82
2466 585 148 82
2619 585 411 82
179 672 74 663
257 672 41 329
303 672 177 54
484 672 189 329
677 672 35 329
717 672 35 329
756 672 75 329
836 672 75 329
915 672 109 329
1029 672 148 329
1182 672 417 329
1610 672 80 329
1694 672 42 329
1740 672 177 54
1921 672 189 329
2114 672 36 329
2154 672 35 329
2194 672 75 329
2273 672 75 329
2352 672 109 329
2466 672 148 329
2619 672 411 329
303 756 35 124
1881 771 36 23
1740 774 36 22
441 779 39 72
1886 795 31 89
1740 799 28 75
303 963 176 38
1740 963 99 38
1845 963 71 38
257 1006 41 329
303 1006 177 55
484 1006 189 329
677 1006 35 329
717 1006 35 329
756 1006 75 329
836 1006 75 329
915 1006 109 329
1029 1006 148 329
1182 1006 417 329
1610 1006 80 662
1694 1006 42 329
1740 1006 177 64
1921 1006 189 329
2114 1006 36 329
2154 1006 35 329
2194 1006 75 329
2273 1006 75 329
2352 1006 109 329
2466 1006 148 329
2619 1006 411 329
1740 1112 38 23
458 1117 22 26
1888 1144 29 78
1740 1152 34 75
303 1297 68 38
418 1297 61 38
1740 1297 176 38
179 1340 74 662
257 1340 41 329
303 1340 177 329
484 1340 189 329
677 1340 35 329
717 1340 35 329
756 1340 75 329
836 1340 75 329
915 1340 109 329
1029 1340 148 329
1182 1340 417 329
1694 1340 42 328
1740 1340 177 59
1921 1340 189 328
2114 1340 36 328
2154 1340 35 328
2194 1340 75 328
2273 1340 75 328
2352 1340 109 328
2466 1340 148 328
2619 1340 411 328
1740 1435 36 113
1878 1441 39 144
1832 1605 28 24
1815 1631 27 37
257 1673 41 329
303 1673 177 38
484 1673 189 329
677 1673 35 329
717 1673 35 329
756 1673 75 329
836 1673 75 329
915 1673 109 329
1029 1673 148 329
1182 1673 417 329
1610 1674 80 996
1694 1674 42 329
1740 1674 177 60
1921 1674 189 329
2114 1674 36 329
2154 1674 35 329
2194 1674 75 329
2273 1674 75 329
2352 1674 109 329
2466 1674 148 329
2619 1674 411 329
303 1965 123 37
448 1965 27 37
1694 2007 42 330
1740 2007 177 330
1921 2007 189 330
2114 2007 36 330
2154 2007 35 330
2194 2007 75 330
2273 2007 75 330
2352 2007 109 330
2466 2007 148 330
2619 2007 411 330
179 2008 74 662
257 2008 41 329
303 2008 177 329
484 2008 189 329
677 2008 35 329
717 2008 35 329
756 2008 75 329
836 2008 75 329
915 2008 109 329
1029 2008 148 329
1182 2008 417 329
257 2341 41 329
303 2341 177 52
484 2341 189 329
677 2341 35 329
717 2341 35 329
756 2341 75 329
836 2341 75 329
915 2341 109 329
1029 2341 148 329
1182 2341 417 329
1694 2341 42 329
1740 2341 177 259
1921 2341 189 329
2114 2341 36 329
2154 2341 35 329
2194 2341 75 329
2273 2341 75 329
2352 2341 109 329
2466 2341 148 329
2619 2341 411 329
1760 2631 157 39
179 2676 74 1330
257 2676 41 329
303 2676 177 57
484 2676 189 329
677 2676 35 329
717 2676 35 329
756 2676 75 329
836 2676 75 329
915 2676 109 329
1029 2676 148 329
1182 2676 417 329
1610 2676 80 1330
1694 2676 42 329
1740 2676 177 40
1921 2676 189 329
2114 2676 36 329
2154 2676 35 329
2194 2676 75 329
2273 2676 75 329
2352 2676 109 329
2466 2676 148 329
2619 2676 411 329
1740 2966 176 39
303 2967 54 38
442 2967 37 38
257 3009 41 330
303 3009 177 61
484 3009 189 330
677 3009 35 330
717 3009 35 330
756 3009 75 330
836 3009 75 330
915 3009 109 330
1029 3009 148 330
1182 3009 417 330
1694 3009 42 330
1740 3009 177 63
1921 3009 189 330
2114 3009 36 330
2154 3009 35 330
2194 3009 75 330
2273 3009 75 330
2352 3009 109 330
2466 3009 148 330
2619 3009 410 330
1740 3109 43 30
1874 3118 43 21
1740 3140 38 66
1878 3142 39 59
1740 3299 176 40
303 3301 69 38
407 3301 72 38
257 3343 41 330
303 3343 177 55
484 3343 189 330
677 3343 35 330
717 3343 35 330
756 3343 75 330
836 3343 75 330
915 3343 109 330
1029 3343 148 330
1182 3343 417 330
1694 3343 42 330
1740 3343 177 330
1921 3343 189 330
2114 3343 36 330
2154 3343 35 330
2194 3343 75 330
2273 3343 75 330
2352 3343 109 330
2466 3343 148 330
2619 3343 411 330
449 3444 31 101
303 3451 23 101
303 3635 85 38
396 3635 59 38
257 3677 41 329
303 3677 177 57
484 3677 189 329
677 3677 35 329
717 3677 35 329
756 3677 75 329
836 3677 75 329
915 3677 109 329
1029 3677 148 329
1182 3677 417 329
1694 3677 42 329
1740 3677 177 58
1921 3677 189 329
2114 3677 36 329
2154 3677 35 329
2194 3677 75 329
2273 3677 75 329
2352 3677 109 329
2466 3677 148 329
2619 3677 411 329
303 3767 36 31
1740 3775 35 95
1887 3778 30 96
448 3796 32 94
303 3800 32 96
1740 3967 176 39
303 3968 72 38
410 3968 69 38
179 4012 74 331
257 4012 41 331
303 4012 177 62
484 4012 189 331
677 4012 35 331
717 4012 35 331
756 4012 75 331
836 4012 75 331
915 4012 109 331
1029 4012 148 331
1182 4012 417 331
1610 4012 80 331
1694 4012 42 331
1740 4012 177 65
1921 4012 189 331
2114 4012 36 331
2154 4012 35 331
2194 4012 75 331
2273 4012 75 331
2352 4012 109 331
2466 4012 148 331
2619 4012 411 331
1740 4114 35 28
303 4118 30 30
458 4120 22 116
1876 4138 41 69
1740 4143 33 71
303 4151 28 76
303 4304 176 39
1740 4304 89 39
1833 4304 83 39
