17 17 2761 253
17 271 2761 221
17 493 2761 79
17 574 57 103
75 574 265 103
342 574 72 103
416 574 87 103
504 574 44 103
549 574 45 103
595 574 64 103
660 574 169 103
830 574 225 103
1057 574 339 103
1397 574 1381 3433
17 678 57 337
75 678 265 337
342 678 72 337
416 678 87 337
504 678 44 337
549 678 45 337
595 678 64 337
660 678 169 337
830 678 225 337
1057 678 339 337
17 1016 57 336
75 1016 265 336
342 1016 72 336
416 1016 87 336
504 1016 44 336
549 1016 45 336
595 1016 64 336
660 1016 169 336
830 1016 225 336
1057 1016 339 336
17 1354 1380 2653
