11 69 2030 207
11 282 2030 175
11 463 78 52
92 463 212 52
307 463 247 52
557 463 150 52
710 463 65 52
778 463 93 52
874 463 82 52
959 463 139 52
1101 463 286 52
1390 463 651 52
11 518 78 366
92 518 212 366
307 518 247 366
557 518 150 366
710 518 65 366
778 518 93 366
874 518 82 366
959 518 139 366
1101 518 286 366
1390 518 651 366
11 887 78 365
92 887 212 365
307 887 247 365
557 887 150 365
710 887 65 365
778 887 93 365
874 887 82 365
959 887 139 365
1101 887 286 365
1390 887 651 365
11 1255 78 366
92 1255 212 366
307 1255 247 366
557 1255 150 366
710 1255 65 366
778 1255 93 366
874 1255 82 366
959 1255 139 366
1101 1255 286 366
1390 1255 651 366
11 1624 78 364
92 1624 212 364
307 1624 247 364
557 1624 150 364
710 1624 65 364
778 1624 93 364
874 1624 82 364
959 1624 139 364
1101 1624 286 364
1390 1624 651 364
11 1994 673 870
687 1994 678 870
1367 1994 674 870
