17 17 2761 253
17 271 2761 221
17 493 2761 79
17 574 57 103
75 574 267 103
344 574 72 103
418 574 87 103
506 574 44 103
552 574 44 103
597 574 64 103
662 574 169 103
832 574 226 103
1059 574 337 103
1397 574 1381 3494
17 678 57 314
75 678 267 314
344 678 72 314
418 678 87 314
506 678 44 314
552 678 44 314
597 678 64 314
662 678 169 314
832 678 226 314
1059 678 337 314
17 994 57 313
75 994 267 313
344 994 72 313
418 994 87 313
506 994 44 313
552 994 44 313
597 994 64 313
662 994 169 313
832 994 226 313
1059 994 337 313
17 1309 1380 2759
