88 108 2821 268
88 382 2821 214
88 601 2821 55
88 661 75 78
169 661 219 78
393 661 79 78
478 661 106 78
590 661 61 78
657 661 96 78
758 661 107 78
870 661 275 78
1151 661 401 78
1558 661 1351 78
88 745 75 312
169 745 219 312
393 745 79 312
478 745 106 312
590 745 61 312
657 745 96 312
758 745 107 312
870 745 275 312
1151 745 401 312
1558 745 1351 312
88 1063 75 313
169 1063 219 313
393 1063 79 313
478 1063 106 313
590 1063 61 313
657 1063 96 313
758 1063 107 313
870 1063 275 313
1151 1063 401 313
1558 1063 1351 313
88 1381 75 313
169 1381 219 313
393 1381 79 313
478 1381 106 313
590 1381 61 313
657 1381 96 313
758 1381 107 313
870 1381 275 94
1151 1381 401 313
1558 1381 1351 313
870 1479 254 215
88 1699 75 313
169 1699 219 313
393 1699 79 313
478 1699 106 313
590 1699 61 313
657 1699 96 313
758 1699 107 313
870 1699 275 313
1151 1699 401 313
1558 1699 1351 313
88 2017 2821 2138
