17 17 2858 254
17 272 2858 254
17 527 60 122
78 527 57 122
136 527 211 122
348 527 65 122
414 527 82 122
497 527 41 122
540 527 44 122
585 527 84 122
670 527 148 122
819 527 194 122
1014 527 429 122
1449 527 57 122
1508 527 57 122
1566 527 211 122
1778 527 65 122
1844 527 82 122
1927 527 41 122
1969 527 45 122
2015 527 84 122
2100 527 148 122
2249 527 194 122
2444 527 431 122
17 650 60 849
78 650 57 425
136 650 211 425
348 650 65 425
414 650 82 425
497 650 41 425
540 650 44 425
585 650 84 425
670 650 148 425
819 650 194 425
1014 650 429 425
1449 650 57 849
1508 650 57 425
1566 650 211 425
1778 650 65 425
1844 650 82 425
1927 650 41 425
1969 650 45 425
2015 650 84 425
2100 650 148 425
2249 650 194 425
2444 650 431 425
78 1076 57 423
136 1076 211 423
348 1076 65 423
414 1076 82 423
497 1076 41 423
540 1076 44 423
585 1076 84 423
670 1076 148 423
819 1076 194 423
1014 1076 429 423
1508 1076 57 423
1566 1076 211 423
1778 1076 65 423
1844 1076 82 423
1927 1076 41 423
1969 1076 45 423
2015 1076 84 423
2100 1076 148 423
2249 1076 194 423
2444 1076 431 423
17 1505 60 846
78 1505 57 422
136 1505 211 422
348 1505 65 422
414 1505 82 422
497 1505 41 422
540 1505 44 422
585 1505 84 422
670 1505 148 422
819 1505 194 422
1014 1505 429 422
1449 1505 57 1272
1508 1505 57 422
1566 1505 211 422
1778 1505 65 422
1844 1505 82 422
1927 1505 41 422
1969 1505 45 422
2015 1505 84 422
2100 1505 148 422
2249 1505 194 422
2444 1505 431 422
78 1928 57 423
136 1928 211 423
348 1928 65 423
414 1928 82 423
497 1928 41 423
540 1928 44 423
585 1928 84 423
670 1928 148 423
819 1928 194 423
1014 1928 429 423
1508 1928 57 425
1566 1928 211 425
1778 1928 65 425
1844 1928 82 425
1927 1928 41 425
1969 1928 45 425
2015 1928 84 425
2100 1928 148 425
2249 1928 194 425
2444 1928 431 425
1508 2354 57 423
1566 2354 211 423
1778 2354 65 423
1844 2354 82 423
1927 2354 41 423
1969 2354 45 423
2015 2354 84 423
2100 2354 148 423
2249 2354 194 423
2444 2354 431 423
17 2357 60 846
78 2357 57 422
136 2357 211 422
348 2357 65 422
414 2357 82 422
497 2357 41 422
540 2357 44 422
585 2357 84 422
670 2357 148 422
819 2357 194 422
1014 2357 429 422
78 2781 57 422
136 2781 211 422
348 2781 65 422
414 2781 82 422
497 2781 41 422
540 2781 44 422
585 2781 84 422
670 2781 148 422
819 2781 194 422
1014 2781 429 422
1449 2783 57 846
1508 2783 57 422
1566 2783 211 422
1778 2783 65 422
1844 2783 82 422
1927 2783 41 422
1969 2783 45 422
2015 2783 84 422
2100 2783 148 422
2249 2783 194 422
2444 2783 431 422
1508 3207 57 422
1566 3207 211 422
1778 3207 65 422
1844 3207 82 422
1927 3207 41 422
1969 3207 45 422
2015 3207 84 422
2100 3207 148 422
2249 3207 194 422
2444 3207 431 422
17 3209 60 849
78 3209 57 422
136 3209 211 422
348 3209 65 422
414 3209 82 422
497 3209 41 422
540 3209 44 422
585 3209 84 422
670 3209 148 422
819 3209 194 422
1014 3209 429 422
78 3633 57 425
136 3633 211 425
348 3633 65 425
414 3633 82 425
497 3633 41 425
540 3633 44 425
585 3633 84 425
670 3633 148 425
819 3633 194 425
1014 3633 429 425
1449 3635 57 423
1508 3635 57 423
1566 3635 211 423
1778 3635 65 423
1844 3635 82 423
1927 3635 41 423
1969 3635 45 423
2015 3635 84 423
2100 3635 148 423
2249 3635 194 423
2444 3635 431 423
