105 138 2743 275
105 416 2743 172
105 593 2743 84
105 684 92 95
200 684 105 96
308 684 213 96
524 684 245 95
772 684 99 96
874 684 51 96
928 684 100 96
1138 684 202 96
1343 684 445 95
1030 685 106 94
1790 685 1058 94
772 786 99 249
928 786 100 249
1138 786 202 249
105 787 92 248
200 787 105 248
308 787 213 248
524 787 245 248
874 787 51 248
1030 787 106 248
1343 787 445 248
1790 787 1058 248
105 1042 92 500
200 1042 105 248
308 1042 213 248
524 1042 245 248
772 1042 99 248
874 1042 51 248
928 1042 100 248
1030 1042 106 248
1138 1042 202 249
1343 1042 445 248
1790 1042 1058 248
200 1293 105 249
772 1293 99 249
928 1293 100 249
1138 1293 202 249
308 1294 213 248
524 1294 245 248
874 1294 51 248
1030 1294 106 248
1343 1294 445 248
1790 1294 1058 248
105 1549 92 500
200 1549 105 248
308 1549 213 248
524 1549 245 248
772 1549 99 248
874 1549 51 248
928 1549 100 248
1030 1549 106 248
1138 1549 202 249
1343 1549 445 248
1790 1549 1058 248
200 1800 105 249
772 1800 99 249
928 1800 100 249
1138 1800 202 249
308 1801 213 248
524 1801 245 248
874 1801 51 248
1030 1801 106 248
1343 1801 445 248
1790 1801 1058 248
105 2056 92 1260
200 2056 105 248
308 2056 213 248
524 2056 245 248
772 2056 99 248
874 2056 51 248
928 2056 100 248
1030 2056 106 248
1138 2056 202 249
1343 2056 445 248
1790 2056 1058 248
200 2307 105 251
308 2307 213 251
772 2307 99 251
928 2307 100 251
1138 2307 202 251
524 2308 245 250
874 2308 51 250
1030 2308 106 249
1343 2308 445 250
1790 2308 1058 249
200 2561 105 250
308 2561 213 250
524 2561 245 250
772 2561 99 250
874 2561 51 250
928 2561 100 250
1030 2561 106 250
1138 2561 202 250
1343 2561 445 250
1790 2561 1058 250
200 2814 105 250
308 2814 213 250
524 2814 245 250
772 2814 99 251
874 2814 51 250
928 2814 100 250
1138 2814 202 251
1343 2814 445 250
1030 2815 106 249
1790 2815 1058 249
772 3067 99 249
1138 3067 202 249
200 3068 105 248
308 3068 213 248
524 3068 245 248
874 3068 51 248
928 3068 100 248
1030 3068 106 248
1343 3068 445 248
1790 3068 1058 248
105 3323 92 247
200 3323 105 247
308 3323 213 247
524 3323 245 247
772 3323 99 247
874 3323 51 247
928 3323 100 247
1030 3323 106 247
1138 3323 202 247
1343 3323 445 247
1790 3323 1058 247
1138 3576 202 249
105 3577 92 494
200 3577 105 248
308 3577 213 248
524 3577 245 248
772 3577 99 248
874 3577 51 248
928 3577 100 248
1030 3577 106 248
1343 3577 445 248
1790 3577 1058 248
200 3828 105 243
308 3828 213 243
524 3828 245 243
772 3828 99 243
874 3828 51 243
928 3828 100 243
1138 3828 202 243
1343 3828 445 243
1030 3829 106 242
1790 3829 1058 224
