17 17 2761 253
17 271 2761 221
17 493 2761 80
1399 574 1379 3494
17 575 57 103
75 575 267 103
344 575 72 103
418 575 87 103
506 575 44 103
552 575 44 103
597 575 64 103
662 575 169 103
832 575 226 103
1059 575 339 103
17 679 57 374
75 679 267 374
344 679 72 374
418 679 87 374
506 679 44 374
552 679 44 374
597 679 64 374
662 679 169 374
832 679 226 374
1059 679 339 374
17 1054 57 374
75 1054 267 374
344 1054 72 374
418 1054 87 374
506 1054 44 374
552 1054 44 374
597 1054 64 374
662 1054 169 374
832 1054 226 374
1059 1054 339 374
17 1429 1382 2639
