17 17 2761 253
17 271 2761 221
17 493 2761 79
17 574 57 103
75 574 268 103
344 574 72 103
418 574 87 103
506 574 44 103
552 574 44 103
597 574 64 103
662 574 169 103
832 574 226 103
1059 574 339 103
1399 574 1379 1105
17 678 57 499
75 678 268 499
344 678 72 499
418 678 87 499
506 678 44 499
552 678 44 499
597 678 64 499
662 678 169 499
832 678 226 499
1059 678 339 499
17 1179 57 498
75 1179 268 498
344 1179 72 498
418 1179 87 498
506 1179 44 498
552 1179 44 498
597 1179 64 498
662 1179 169 498
832 1179 226 498
1059 1179 339 498
17 1679 2761 2394
