17 17 60 121
78 17 57 121
136 17 211 121
348 17 65 121
414 17 82 121
497 17 41 121
540 17 44 121
585 17 84 121
670 17 118 121
789 17 190 121
981 17 462 121
1449 17 57 121
1508 17 57 121
1566 17 211 121
1778 17 65 121
1844 17 82 121
1927 17 41 121
1969 17 45 121
2015 17 84 121
2100 17 117 121
2219 17 190 121
2410 17 465 121
17 140 60 754
78 140 57 377
136 140 211 377
348 140 65 377
414 140 82 377
497 140 41 377
540 140 44 377
585 140 84 377
670 140 118 377
789 140 190 377
981 140 462 377
1449 140 57 1132
1508 140 57 377
1566 140 211 377
1778 140 65 377
1844 140 82 377
1927 140 41 377
1969 140 45 377
2015 140 84 377
2100 140 117 377
2219 140 190 377
2410 140 465 377
78 518 57 376
136 518 211 376
348 518 65 376
414 518 82 376
497 518 41 376
540 518 44 376
585 518 84 376
670 518 118 376
789 518 190 376
981 518 462 376
1508 518 57 378
1566 518 211 378
1778 518 65 378
1844 518 82 378
1927 518 41 378
1969 518 45 378
2015 518 84 378
2100 518 117 378
2219 518 190 378
2410 518 465 378
1508 897 57 375
1566 897 211 375
1778 897 65 375
1844 897 82 375
1927 897 41 375
1969 897 45 375
2015 897 84 375
2100 897 117 375
2219 897 190 375
2410 897 465 375
17 899 60 1131
78 899 57 376
136 899 211 376
348 899 65 376
414 899 82 376
497 899 41 376
540 899 44 376
585 899 84 376
670 899 118 376
789 899 190 376
981 899 462 376
78 1276 57 377
136 1276 211 377
348 1276 65 377
414 1276 82 377
497 1276 41 377
540 1276 44 377
585 1276 84 377
670 1276 118 377
789 1276 190 377
981 1276 462 377
1449 1278 57 1131
1508 1278 57 375
1566 1278 211 375
1778 1278 65 375
1844 1278 82 375
1927 1278 41 375
1969 1278 45 375
2015 1278 84 375
2100 1278 117 375
2219 1278 190 375
2410 1278 465 375
78 1654 57 376
136 1654 211 376
348 1654 65 376
414 1654 82 376
497 1654 41 376
540 1654 44 376
585 1654 84 376
670 1654 118 376
789 1654 190 376
981 1654 462 376
1508 1654 57 378
1566 1654 211 378
1778 1654 65 378
1844 1654 82 378
1927 1654 41 378
1969 1654 45 378
2015 1654 84 378
2100 1654 117 378
2219 1654 190 378
2410 1654 465 378
1508 2033 57 376
1566 2033 211 376
1778 2033 65 376
1844 2033 82 376
1927 2033 41 376
1969 2033 45 376
2015 2033 84 376
2100 2033 117 376
2219 2033 190 376
2410 2033 465 376
17 2035 60 374
78 2035 57 374
136 2035 211 374
348 2035 65 374
414 2035 82 374
497 2035 41 374
540 2035 44 374
585 2035 84 374
670 2035 118 374
789 2035 190 374
981 2035 462 374
17 2414 2858 1644
