17 17 2761 253
17 271 2761 221
17 493 2761 80
1399 574 1379 1295
17 575 57 103
75 575 267 103
344 575 72 103
418 575 87 103
506 575 44 103
552 575 44 103
597 575 64 103
662 575 169 103
832 575 226 103
1059 575 339 103
17 680 57 395
75 680 267 395
344 680 72 395
418 680 87 395
506 680 44 395
552 680 44 395
597 680 64 395
662 680 169 395
832 680 226 395
1059 680 339 395
17 1076 57 395
75 1076 267 395
344 1076 72 395
418 1076 87 395
506 1076 44 395
552 1076 44 395
597 1076 64 395
662 1076 169 395
832 1076 226 395
1059 1076 339 395
17 1473 57 395
75 1473 267 395
344 1473 72 395
418 1473 87 395
506 1473 44 395
552 1473 44 395
597 1473 64 395
662 1473 169 395
832 1473 226 395
1059 1473 339 395
17 1869 2761 2313
