105 138 2743 275
105 416 2743 172
105 593 2743 84
105 684 92 95
200 684 105 96
308 684 213 96
524 684 245 95
772 684 99 96
874 684 51 96
928 684 100 96
1138 684 202 96
1343 684 445 95
1030 685 106 94
1790 685 1058 94
772 786 99 295
928 786 100 295
1138 786 202 295
105 787 92 891
200 787 105 294
308 787 213 294
524 787 245 294
874 787 51 294
1030 787 106 294
1343 787 445 294
1790 787 1058 294
200 1084 105 297
308 1084 213 297
524 1084 245 296
772 1084 99 297
874 1084 51 297
928 1084 100 297
1138 1084 202 297
1343 1084 445 296
1790 1084 1058 296
1030 1085 106 295
200 1383 105 295
308 1383 213 295
772 1383 99 295
874 1383 51 295
928 1383 100 295
1138 1383 202 295
524 1384 245 294
1030 1384 106 293
1343 1384 445 294
1790 1384 1058 293
105 1685 92 592
200 1685 105 295
308 1685 213 295
524 1685 245 294
772 1685 99 295
874 1685 51 294
928 1685 100 295
1030 1685 106 293
1138 1685 202 295
1343 1685 445 294
1790 1685 1058 294
200 1982 105 295
308 1982 213 295
524 1982 245 294
772 1982 99 295
874 1982 51 295
928 1982 100 295
1030 1982 106 294
1138 1982 202 295
1343 1982 445 295
1790 1982 1058 294
200 2283 105 293
772 2283 99 293
928 2283 100 293
1138 2283 202 293
105 2284 92 292
308 2284 213 292
524 2284 245 292
874 2284 51 292
1343 2284 445 292
1030 2285 106 291
1790 2285 1058 291
105 2583 92 592
200 2583 105 294
308 2583 213 294
524 2583 245 294
772 2583 99 294
874 2583 51 294
928 2583 100 294
1030 2583 106 294
1138 2583 202 294
1343 2583 445 294
1790 2583 1058 294
200 2880 105 295
308 2880 213 295
772 2880 99 295
874 2880 51 295
928 2880 100 295
1138 2880 202 295
524 2881 245 293
1030 2881 106 293
1343 2881 445 294
1790 2881 1058 293
105 3182 92 889
200 3182 105 294
308 3182 213 294
524 3182 245 294
772 3182 99 294
874 3182 51 294
928 3182 100 294
1030 3182 106 294
1138 3182 202 294
1343 3182 445 294
1790 3182 1058 294
200 3479 105 297
308 3479 213 297
524 3479 245 297
772 3479 99 297
874 3479 51 297
928 3479 100 297
1138 3479 202 297
1343 3479 445 297
1790 3479 1058 297
1030 3480 106 296
200 3778 105 293
772 3778 99 293
928 3778 100 293
1138 3778 202 293
308 3779 213 292
524 3779 245 292
874 3779 51 292
1343 3779 445 292
1030 3780 106 291
1790 3780 1058 291
