17 17 2761 253
17 271 2761 221
17 493 2761 79
17 574 57 103
75 574 267 103
344 574 72 103
418 574 87 103
506 574 44 103
552 574 44 103
597 574 64 103
662 574 169 103
832 574 226 103
1059 574 339 103
1399 574 1379 3632
17 678 57 583
75 678 267 583
344 678 72 583
418 678 87 583
506 678 44 583
552 678 44 583
597 678 64 583
662 678 169 583
832 678 226 583
1059 678 339 583
17 1262 57 583
75 1262 267 583
344 1262 72 583
418 1262 87 583
506 1262 44 583
552 1262 44 583
597 1262 64 583
662 1262 169 583
832 1262 226 583
1059 1262 339 583
17 1846 1382 2360
