17 17 2761 253
17 271 2761 198
17 471 2761 79
1399 551 1379 3656
17 553 57 103
75 553 267 103
344 553 72 103
418 553 87 103
506 553 44 103
552 553 44 103
597 553 64 103
662 553 169 103
832 553 226 103
1059 553 339 103
17 657 57 427
75 657 267 427
344 657 72 427
418 657 87 427
506 657 44 427
552 657 44 427
597 657 64 427
662 657 169 427
832 657 226 427
1059 657 339 427
17 1085 57 428
75 1085 267 428
344 1085 72 428
418 1085 87 428
506 1085 44 428
552 1085 44 428
597 1085 64 428
662 1085 169 428
832 1085 226 428
1059 1085 339 428
17 1514 57 427
75 1514 267 427
344 1514 72 427
418 1514 87 427
506 1514 44 427
552 1514 44 427
597 1514 64 427
662 1514 169 427
832 1514 226 427
1059 1514 339 427
17 1943 1382 2264
