6 5 2736 61
6 68 88 63
96 68 90 63
188 68 244 63
434 68 181 63
617 68 123 63
742 68 64 63
808 68 123 63
933 68 123 63
1057 68 241 63
1300 68 328 63
1630 68 1112 63
6 133 88 774
96 133 90 257
188 133 244 257
434 133 181 257
617 133 123 257
742 133 64 257
808 133 123 257
933 133 123 257
1057 133 241 257
1300 133 328 257
1630 133 1112 257
96 392 90 257
188 392 244 257
434 392 181 257
617 392 123 257
742 392 64 257
808 392 123 257
933 392 123 257
1057 392 241 257
1300 392 328 257
1630 392 1112 257
96 650 90 257
188 650 244 257
434 650 181 257
617 650 123 257
742 650 64 257
808 650 123 257
933 650 123 257
1057 650 241 257
1300 650 328 257
1630 650 1112 257
6 909 88 516
96 909 90 257
188 909 244 257
434 909 181 257
617 909 123 257
742 909 64 257
808 909 123 257
933 909 123 257
1057 909 241 257
1300 909 328 257
1630 909 1112 257
96 1168 90 257
188 1168 244 257
434 1168 181 257
617 1168 123 257
742 1168 64 257
808 1168 123 257
933 1168 123 257
1057 1168 241 257
1300 1168 328 257
1630 1168 1112 257
6 1427 2736 2471
