179 227 2851 109
179 344 384 59
565 344 727 59
1294 344 993 59
2288 344 228 59
2517 344 513 59
179 405 384 61
565 405 727 61
1294 405 993 61
2288 405 228 61
2517 405 513 61
179 467 384 62
565 467 727 62
1294 467 993 62
2288 467 228 62
2517 467 513 62
179 530 384 61
565 530 727 61
1294 530 993 61
2288 530 228 61
2517 530 513 61
179 593 384 61
565 593 727 61
1294 593 993 61
2288 593 228 61
2517 593 513 61
179 655 384 61
565 655 727 61
1294 655 993 61
2288 655 228 61
2517 655 513 61
179 718 384 61
565 718 727 61
1294 718 993 61
2288 718 228 61
2517 718 513 61
179 780 384 61
565 780 727 61
1294 780 993 61
2288 780 228 61
2517 780 513 61
179 843 384 61
565 843 727 61
1294 843 993 61
2288 843 228 61
2517 843 513 61
179 906 384 61
565 906 727 61
1294 906 993 61
2288 906 228 61
2517 906 513 61
179 968 384 61
565 968 727 61
1294 968 993 61
2288 968 228 61
2517 968 513 61
179 1031 384 61
565 1031 727 61
1294 1031 993 61
2288 1031 228 61
2517 1031 513 61
179 1093 384 61
565 1093 727 61
1294 1093 993 61
2288 1093 228 61
2517 1093 513 61
179 1156 384 61
565 1156 727 61
1294 1156 993 61
2288 1156 228 61
2517 1156 513 61
179 1218 384 62
565 1218 727 62
1294 1218 993 62
2288 1218 228 62
2517 1218 513 62
179 1281 384 61
565 1281 727 61
1294 1281 993 61
2288 1281 228 61
2517 1281 513 61
179 1344 384 61
565 1344 727 61
1294 1344 993 61
2288 1344 228 61
2517 1344 513 61
179 1406 384 61
565 1406 727 61
1294 1406 993 61
2288 1406 228 61
2517 1406 513 61
179 1469 384 61
565 1469 727 61
1294 1469 993 61
2288 1469 228 61
2517 1469 513 61
179 1531 384 62
565 1531 727 62
1294 1531 993 62
2288 1531 228 62
2517 1531 513 62
179 1594 384 61
565 1594 727 61
1294 1594 993 61
2288 1594 228 61
2517 1594 513 61
179 1657 384 61
565 1657 727 61
1294 1657 993 61
2288 1657 228 61
2517 1657 513 61
179 1719 384 61
565 1719 727 61
1294 1719 993 61
2288 1719 228 61
2517 1719 513 61
179 1782 384 61
565 1782 727 61
1294 1782 993 61
2288 1782 228 61
2517 1782 513 61
179 1844 384 62
565 1844 727 62
1294 1844 993 62
2288 1844 228 62
2517 1844 513 62
179 1907 384 61
565 1907 727 61
1294 1907 993 61
2288 1907 228 61
2517 1907 513 61
179 1970 384 61
565 1970 727 61
1294 1970 993 61
2288 1970 228 61
2517 1970 513 61
179 2032 384 61
565 2032 727 61
1294 2032 993 61
2288 2032 228 61
2517 2032 513 61
179 2095 384 61
565 2095 727 61
1294 2095 993 61
2288 2095 228 61
2517 2095 513 61
179 2157 384 62
565 2157 727 62
1294 2157 993 62
2288 2157 228 62
2517 2157 513 62
179 2220 384 61
565 2220 727 61
1294 2220 993 61
2288 2220 228 61
2517 2220 513 61
179 2283 384 61
565 2283 727 61
1294 2283 993 61
2288 2283 228 61
2517 2283 513 61
179 2345 384 61
565 2345 727 61
1294 2345 993 61
2288 2345 228 61
2517 2345 513 61
179 2408 384 61
565 2408 727 61
1294 2408 993 61
2288 2408 228 61
2517 2408 513 61
179 2470 384 61
565 2470 727 61
1294 2470 993 61
2288 2470 228 61
2517 2470 513 61
179 2533 384 61
565 2533 727 61
1294 2533 993 61
2288 2533 228 61
2517 2533 513 61
179 2595 384 62
565 2595 727 62
1294 2595 993 62
2288 2595 228 62
2517 2595 513 62
179 2658 384 61
565 2658 727 61
1294 2658 993 61
2288 2658 228 61
2517 2658 513 61
179 2721 384 61
565 2721 727 61
1294 2721 993 61
2288 2721 228 61
2517 2721 513 61
179 2783 384 61
565 2783 727 61
1294 2783 993 61
2288 2783 228 61
2517 2783 513 61
179 2846 384 61
565 2846 727 61
1294 2846 993 61
2288 2846 228 61
2517 2846 513 61
179 2908 384 62
565 2908 727 62
1294 2908 993 62
2288 2908 228 62
2517 2908 513 62
179 2971 384 61
565 2971 727 61
1294 2971 993 61
2288 2971 228 61
2517 2971 513 61
179 3034 384 61
565 3034 727 61
1294 3034 993 61
2288 3034 228 61
2517 3034 513 61
179 3096 384 61
565 3096 727 61
1294 3096 993 61
2288 3096 228 61
2517 3096 513 61
179 3159 384 61
565 3159 727 61
1294 3159 993 61
2288 3159 228 61
2517 3159 513 61
179 3221 384 62
565 3221 727 62
1294 3221 993 62
2288 3221 228 62
2517 3221 513 62
179 3284 384 61
565 3284 727 61
1294 3284 993 61
2288 3284 228 61
2517 3284 513 61
179 3347 384 61
565 3347 727 61
1294 3347 993 61
2288 3347 228 61
2517 3347 513 61
179 3409 384 61
565 3409 727 61
1294 3409 993 61
2288 3409 228 61
2517 3409 513 61
179 3472 384 61
565 3472 727 61
1294 3472 993 61
2288 3472 228 61
2517 3472 513 61
179 3534 384 62
565 3534 727 62
1294 3534 993 62
2288 3534 228 62
2517 3534 513 62
179 3597 384 61
565 3597 727 61
1294 3597 993 61
2288 3597 228 61
2517 3597 513 61
179 3660 384 61
565 3660 727 61
1294 3660 993 61
2288 3660 228 61
2517 3660 513 61
179 3722 384 61
565 3722 727 61
1294 3722 993 61
2288 3722 228 61
2517 3722 513 61
179 3785 384 61
565 3785 727 61
1294 3785 993 61
2288 3785 228 61
2517 3785 513 61
179 3847 384 61
565 3847 727 61
1294 3847 993 61
2288 3847 228 61
2517 3847 513 61
179 3910 384 61
565 3910 727 61
1294 3910 993 61
2288 3910 228 61
2517 3910 513 61
179 3972 384 62
565 3972 727 62
1294 3972 993 62
2288 3972 228 62
2517 3972 513 62
179 4035 384 61
565 4035 727 61
1294 4035 993 61
2288 4035 228 61
2517 4035 513 61
179 4098 384 61
565 4098 727 61
1294 4098 993 61
2288 4098 228 61
2517 4098 513 61
179 4160 384 61
565 4160 727 61
1294 4160 993 61
2288 4160 228 61
2517 4160 513 61
179 4223 384 61
565 4223 727 61
1294 4223 993 61
2288 4223 228 61
2517 4223 513 61
179 4285 384 58
565 4285 727 58
1294 4285 993 58
2288 4285 228 58
2517 4285 513 58
