95 94 2819 213
95 313 2819 217
95 536 2819 82
95 624 81 117
182 624 217 117
405 624 78 117
489 624 106 117
600 624 62 117
667 624 95 117
768 624 106 117
879 624 274 117
1158 624 400 117
1563 624 1351 117
95 747 81 463
182 747 217 463
405 747 78 463
489 747 106 463
600 747 62 463
667 747 95 463
768 747 106 463
879 747 274 463
1158 747 400 463
1563 747 1351 113
1563 865 1351 345
95 1215 81 464
182 1215 217 464
405 1215 78 464
489 1215 106 464
600 1215 62 464
667 1215 95 464
768 1215 106 464
879 1215 274 464
1158 1215 400 464
1563 1215 1351 464
95 1685 2819 2493
