17 19 2761 243
17 263 2761 221
17 485 2761 84
1399 570 1379 825
17 571 57 103
75 571 267 103
344 571 72 103
418 571 87 103
506 571 44 103
552 571 44 103
597 571 64 103
662 571 169 103
832 571 226 103
1059 571 339 103
17 675 57 359
75 675 267 359
344 675 72 359
418 675 87 359
506 675 44 359
552 675 44 359
597 675 64 359
662 675 169 359
832 675 226 359
1059 675 339 359
17 1035 57 358
75 1035 267 358
344 1035 72 358
418 1035 87 358
506 1035 44 358
552 1035 44 358
597 1035 64 358
662 1035 169 358
832 1035 226 358
1059 1035 339 358
17 1395 2761 2681
