1461 2453 139 26
1601 2453 313 26
1916 2453 139 26
2056 2453 535 26
2592 2453 102 26
2695 2453 145 26
1461 2480 139 25
1601 2480 313 25
1916 2480 139 25
2056 2480 535 25
2592 2480 102 25
2695 2480 145 25
1461 2507 139 25
1601 2507 313 25
1916 2507 139 25
2056 2507 535 25
2592 2507 102 25
2695 2507 145 25
1461 2533 139 26
1601 2533 313 26
1916 2533 139 26
2056 2533 535 26
2592 2533 102 26
2695 2533 145 26
1461 2560 139 25
1601 2560 313 25
1916 2560 139 25
2056 2560 535 25
2592 2560 102 25
2695 2560 145 25
1461 2587 139 25
1601 2587 313 25
1916 2587 139 25
2056 2587 535 25
2592 2587 102 25
2695 2587 145 25
1461 2613 139 26
1601 2613 313 26
1916 2613 139 26
2056 2613 535 26
2592 2613 102 26
2695 2613 145 26
1461 2640 139 25
1601 2640 313 25
1916 2640 139 25
2056 2640 535 25
2592 2640 102 25
2695 2640 145 25
1461 2667 139 25
1601 2667 313 25
1916 2667 139 25
2056 2667 535 25
2592 2667 102 25
2695 2667 145 25
1461 2693 139 26
1601 2693 313 26
1916 2693 139 26
2056 2693 535 26
2592 2693 102 26
2695 2693 145 26
1461 2720 139 25
1601 2720 313 25
1916 2720 139 25
2056 2720 535 25
2592 2720 102 25
2695 2720 145 25
1461 2747 139 25
1601 2747 313 25
1916 2747 139 25
2056 2747 535 25
2592 2747 102 25
2695 2747 145 25
1461 2773 139 25
1601 2773 313 25
1916 2773 139 25
2056 2773 535 25
2592 2773 102 25
2695 2773 145 25
1461 2800 139 25
1601 2800 313 25
1916 2800 139 25
2056 2800 535 25
2592 2800 102 25
2695 2800 145 25
1461 2827 139 25
1601 2827 313 25
1916 2827 139 25
2056 2827 535 25
2592 2827 102 25
2695 2827 145 25
1461 2853 139 25
1601 2853 313 25
1916 2853 139 25
2056 2853 535 25
2592 2853 102 25
2695 2853 145 25
1461 2880 139 25
1601 2880 313 25
1916 2880 139 25
2056 2880 535 25
2592 2880 102 25
2695 2880 145 25
1461 2906 139 26
1601 2906 313 26
1916 2906 139 26
2056 2906 535 26
2592 2906 102 26
2695 2906 145 26
1461 2933 139 25
1601 2933 313 25
1916 2933 139 25
2056 2933 535 25
2592 2933 102 25
2695 2933 145 25
1461 2960 139 25
1601 2960 313 25
1916 2960 139 25
2056 2960 535 25
2592 2960 102 25
2695 2960 145 25
1461 2986 139 26
1601 2986 313 26
1916 2986 139 26
2056 2986 535 26
2592 2986 102 26
2695 2986 145 26
1461 3013 139 25
1601 3013 313 25
1916 3013 139 25
2056 3013 535 25
2592 3013 102 25
2695 3013 145 25
1461 3040 139 25
1601 3040 313 25
1916 3040 139 25
2056 3040 535 25
2592 3040 102 25
2695 3040 145 25
1461 3066 139 26
1601 3066 313 26
1916 3066 139 26
2056 3066 535 26
2592 3066 102 26
2695 3066 145 26
1461 3093 139 25
1601 3093 313 25
1916 3093 139 25
2056 3093 535 25
2592 3093 102 25
2695 3093 145 25
1461 3120 139 25
1601 3120 313 25
1916 3120 139 25
2056 3120 535 25
2592 3120 102 25
2695 3120 145 25
1461 3146 139 26
1601 3146 313 26
1916 3146 139 26
2056 3146 535 26
2592 3146 102 26
2695 3146 145 26
1461 3173 139 25
1601 3173 313 25
1916 3173 139 25
2056 3173 535 25
2592 3173 102 25
2695 3173 145 25
1461 3200 139 25
1601 3200 313 25
1916 3200 139 25
2056 3200 535 25
2592 3200 102 25
2695 3200 145 25
1461 3226 139 26
1601 3226 313 26
1916 3226 139 26
2056 3226 535 26
2592 3226 102 26
2695 3226 145 26
1461 3253 139 25
1601 3253 313 25
1916 3253 139 25
2056 3253 535 25
2592 3253 102 25
2695 3253 145 25
1461 3280 139 25
1601 3280 313 25
1916 3280 139 25
2056 3280 535 25
2592 3280 102 25
2695 3280 145 25
1461 3306 139 25
1601 3306 313 25
1916 3306 139 25
2056 3306 535 25
2592 3306 102 25
2695 3306 145 25
1461 3333 139 25
1601 3333 313 25
1916 3333 139 25
2056 3333 535 25
2592 3333 102 25
2695 3333 145 25
1461 3360 139 25
1601 3360 313 25
1916 3360 139 25
2056 3360 535 25
2592 3360 102 25
2695 3360 145 25
1461 3386 139 25
1601 3386 313 25
1916 3386 139 25
2056 3386 535 25
2592 3386 102 25
2695 3386 145 25
1461 3413 139 25
1601 3413 313 25
1916 3413 139 25
2056 3413 535 25
2592 3413 102 25
2695 3413 145 25
1461 3440 139 25
1601 3440 313 25
1916 3440 139 25
2056 3440 535 25
2592 3440 102 25
2695 3440 145 25
1461 3466 139 25
1601 3466 313 25
1916 3466 139 25
2056 3466 535 25
2592 3466 102 25
2695 3466 145 25
1461 3493 139 25
1601 3493 313 25
1916 3493 139 25
2056 3493 535 25
2592 3493 102 25
2695 3493 145 25
1461 3519 139 26
1601 3519 313 26
1916 3519 139 26
2056 3519 535 26
2592 3519 102 26
2695 3519 145 26
1461 3546 139 25
1601 3546 313 25
1916 3546 139 25
2056 3546 535 25
2592 3546 102 25
2695 3546 145 25
1461 3573 139 25
1601 3573 313 25
1916 3573 139 25
2056 3573 535 25
2592 3573 102 25
2695 3573 145 25
1461 3599 139 26
1601 3599 313 26
1916 3599 139 26
2056 3599 535 26
2592 3599 102 26
2695 3599 145 26
1461 3626 139 25
1601 3626 313 25
1916 3626 139 25
2056 3626 535 25
2592 3626 102 25
2695 3626 145 25
1461 3653 139 25
1601 3653 313 25
1916 3653 139 25
2056 3653 535 25
2592 3653 102 25
2695 3653 145 25
1461 3679 139 26
1601 3679 313 26
1916 3679 139 26
2056 3679 535 26
2592 3679 102 26
2695 3679 145 26
1461 3706 139 25
1601 3706 313 25
1916 3706 139 25
2056 3706 535 25
2592 3706 102 25
2695 3706 145 25
1461 3733 139 25
1601 3733 313 25
1916 3733 139 25
2056 3733 535 25
2592 3733 102 25
2695 3733 145 25
1461 3759 139 26
1601 3759 313 26
1916 3759 139 26
2056 3759 535 26
2592 3759 102 26
2695 3759 145 26
1461 3786 139 25
1601 3786 313 25
1916 3786 139 25
2056 3786 535 25
2592 3786 102 25
2695 3786 145 25
1461 3813 139 25
1601 3813 313 25
1916 3813 139 25
2056 3813 535 25
2592 3813 102 25
2695 3813 145 25
1461 3839 139 26
1601 3839 313 26
1916 3839 139 26
2056 3839 535 26
2592 3839 102 26
2695 3839 145 26
1461 3866 139 25
1601 3866 313 25
1916 3866 139 25
2056 3866 535 25
2592 3866 102 25
2695 3866 145 25
1461 3893 139 25
1601 3893 313 25
1916 3893 139 25
2056 3893 535 25
2592 3893 102 25
2695 3893 145 25
1461 3919 139 25
1601 3919 313 25
1916 3919 139 25
2056 3919 535 25
2592 3919 102 25
2695 3919 145 25
1461 3946 139 25
1601 3946 313 25
1916 3946 139 25
2056 3946 535 25
2592 3946 102 25
2695 3946 145 25
1461 3973 139 25
1601 3973 313 25
1916 3973 139 25
2056 3973 535 25
2592 3973 102 25
2695 3973 145 25
1461 3999 139 25
1601 3999 313 25
1916 3999 139 25
2056 3999 535 25
2592 3999 102 25
2695 3999 145 25
