106 17 2761 240
106 268 2761 126
106 411 2761 76
106 492 73 57
182 492 224 57
409 492 165 57
577 492 83 57
662 492 57 57
721 492 81 57
804 492 144 57
951 492 246 57
1200 492 484 57
1687 492 1180 57
106 552 73 255
182 552 224 254
409 552 165 255
577 552 83 255
662 552 57 255
721 552 81 255
804 552 144 255
951 552 246 255
1200 552 484 255
1687 552 1180 255
106 810 73 246
182 810 224 246
409 810 165 246
577 810 83 246
662 810 57 246
721 810 81 246
804 810 144 246
951 810 246 246
1200 810 484 246
1687 810 1180 246
106 1073 2761 2326
106 3416 2761 842
