17 17 2761 253
17 271 2761 221
17 493 2761 79
17 574 57 103
75 574 267 103
344 574 72 103
418 574 87 103
506 574 44 103
552 574 44 103
597 574 64 103
662 574 169 103
832 574 226 103
1059 574 339 103
1399 574 1379 1294
17 678 57 395
75 678 267 395
344 678 72 395
418 678 87 395
506 678 44 395
552 678 44 395
597 678 64 395
662 678 169 395
832 678 226 395
1059 678 339 395
17 1075 57 395
75 1075 267 395
344 1075 72 395
418 1075 87 395
506 1075 44 395
552 1075 44 395
597 1075 64 395
662 1075 169 395
832 1075 226 395
1059 1075 339 395
17 1471 57 395
75 1471 267 395
344 1471 72 395
418 1471 87 395
506 1471 44 395
552 1471 44 395
597 1471 64 395
662 1471 169 395
832 1471 226 395
1059 1471 339 395
17 1868 2761 2347
