17 17 2761 253
17 271 2761 221
17 493 2761 79
17 574 57 103
75 574 265 103
342 574 72 103
416 574 87 103
504 574 44 103
549 574 45 103
595 574 64 103
660 574 169 103
830 574 225 103
1057 574 339 103
1397 574 1381 1196
17 678 57 545
75 678 265 545
342 678 72 545
416 678 87 545
504 678 44 545
549 678 45 545
595 678 64 545
660 678 169 545
830 678 225 545
1057 678 339 545
17 1224 57 544
75 1224 265 544
342 1224 72 544
416 1224 87 544
504 1224 44 544
549 1224 45 544
595 1224 64 544
660 1224 169 544
830 1224 225 544
1057 1224 339 544
17 1770 2761 2428
