112 112 3336 85
112 200 126 138
241 200 127 138
370 200 342 138
715 200 126 138
844 200 83 138
930 200 84 138
1016 200 84 138
1102 200 84 138
1189 200 368 138
1560 200 471 138
2033 200 1415 138
112 341 126 636
241 341 127 316
370 341 342 316
715 341 126 316
844 341 83 316
930 341 84 316
1016 341 84 316
1102 341 84 316
1189 341 368 316
1560 341 471 316
2033 341 1415 316
241 660 127 317
370 660 342 317
715 660 126 317
844 660 83 317
930 660 84 317
1016 660 84 317
1102 660 84 317
1189 660 368 317
1560 660 471 317
2033 660 1415 317
112 979 126 636
241 979 127 317
370 979 342 317
715 979 126 317
844 979 83 317
930 979 84 317
1016 979 84 317
1102 979 84 317
1189 979 368 317
1560 979 471 317
2033 979 1415 317
241 1299 127 316
370 1299 342 316
715 1299 126 316
844 1299 83 316
930 1299 84 316
1016 1299 84 316
1102 1299 84 316
1189 1299 368 316
1560 1299 471 316
2033 1299 1415 316
112 1618 126 636
241 1618 127 317
370 1618 342 317
715 1618 126 317
844 1618 83 317
930 1618 84 317
1016 1618 84 317
1102 1618 84 317
1189 1618 368 317
1560 1618 471 317
2033 1618 1415 317
241 1938 127 316
370 1938 342 316
715 1938 126 316
844 1938 83 316
930 1938 84 316
1016 1938 84 316
1102 1938 84 316
1189 1938 368 316
1560 1938 471 316
2033 1938 1415 316
112 2257 126 636
241 2257 127 316
370 2257 342 316
715 2257 126 316
844 2257 83 316
930 2257 84 316
1016 2257 84 316
1102 2257 84 316
1189 2257 368 316
1560 2257 471 316
2033 2257 1415 316
241 2576 127 317
370 2576 342 317
715 2576 126 317
844 2576 83 317
930 2576 84 317
1016 2576 84 317
1102 2576 84 317
1189 2576 368 317
1560 2576 471 317
2033 2576 1415 317
112 2896 126 1274
241 2896 127 316
370 2896 342 316
715 2896 126 316
844 2896 83 316
930 2896 84 316
1016 2896 84 316
1102 2896 84 316
1189 2896 368 316
1560 2896 471 316
2033 2896 1415 316
241 3215 127 317
370 3215 342 317
715 3215 126 317
844 3215 83 317
930 3215 84 317
1016 3215 84 317
1102 3215 84 317
1189 3215 368 317
1560 3215 471 317
2033 3215 1415 317
241 3534 127 317
370 3534 342 317
715 3534 126 317
844 3534 83 317
930 3534 84 317
1016 3534 84 317
1102 3534 84 317
1189 3534 368 317
1560 3534 471 317
2033 3534 1415 317
241 3854 127 316
370 3854 342 316
715 3854 126 316
844 3854 83 316
930 3854 84 316
1016 3854 84 316
1102 3854 84 316
1189 3854 368 316
1560 3854 471 316
2033 3854 1415 316
112 4173 126 636
241 4173 127 317
370 4173 342 317
715 4173 126 317
844 4173 83 317
930 4173 84 317
1016 4173 84 317
1102 4173 84 317
1189 4173 368 317
1560 4173 471 317
2033 4173 1415 317
241 4492 127 317
370 4492 342 317
715 4492 126 317
844 4492 83 317
930 4492 84 317
1016 4492 84 317
1102 4492 84 317
1189 4492 368 317
1560 4492 471 317
2033 4492 1415 317
