2465 322 34 23
12 374 2794 198
12 583 1391 64
1414 583 1392 64
12 650 42 69
57 650 184 69
244 650 129 69
442 650 47 69
492 650 63 24
558 650 63 69
624 650 112 69
739 650 151 69
893 650 510 69
1414 650 43 69
1460 650 184 69
1647 650 129 69
1845 650 46 24
1894 650 63 24
1960 650 63 69
2026 650 113 69
2142 650 151 69
2296 650 510 69
1779 667 43 21
376 668 43 51
492 680 42 39
1894 680 43 39
1845 692 39 27
12 722 42 348
56 722 186 348
244 722 129 348
376 722 64 348
442 722 47 348
491 722 64 348
557 722 64 348
624 722 113 348
739 722 152 348
893 722 510 348
1414 722 43 349
1460 722 184 349
1647 722 129 349
1779 722 63 349
1845 722 46 349
1894 722 63 349
1960 722 63 349
2026 722 113 349
2142 722 151 349
2296 722 510 349
12 1073 42 338
56 1073 186 338
244 1073 129 338
376 1073 64 338
442 1073 47 338
491 1073 64 338
557 1073 64 338
624 1073 113 338
739 1073 152 338
893 1073 510 338
1414 1074 1392 92
1414 1169 47 68
1464 1169 184 68
1651 1169 129 68
1849 1169 46 24
1898 1169 63 24
2030 1169 113 68
2146 1169 151 68
2300 1169 506 68
1964 1197 42 40
1898 1198 43 39
1849 1211 39 26
1414 1240 47 349
1464 1240 184 349
1651 1240 129 349
1783 1240 63 349
1849 1240 46 349
1898 1240 63 349
1964 1240 63 349
2030 1240 113 349
2146 1240 151 349
2300 1240 506 349
12 1414 1391 69
12 1485 45 62
59 1485 183 62
245 1485 128 62
376 1485 64 62
442 1485 47 62
558 1485 65 62
626 1485 111 62
739 1485 152 62
894 1485 509 62
492 1522 42 25
12 1550 45 342
59 1550 183 342
245 1550 128 342
376 1550 64 342
442 1550 47 342
492 1550 63 342
558 1550 65 342
626 1550 111 342
739 1550 152 342
894 1550 509 342
1414 1593 1392 68
1414 1664 44 71
1461 1664 184 71
1648 1664 129 71
1846 1664 47 71
1896 1664 63 26
1962 1664 63 71
2028 1664 112 71
2143 1664 151 71
2297 1664 509 71
1780 1684 43 51
1896 1709 42 26
1414 1738 44 349
1461 1738 184 349
1648 1738 129 349
1780 1738 63 349
1846 1738 47 349
1896 1738 63 349
1962 1738 63 349
2028 1738 112 349
2143 1738 151 349
2297 1738 509 349
12 1894 45 346
59 1894 183 346
245 1894 128 346
376 1894 64 346
442 1894 47 346
492 1894 63 346
558 1894 65 346
626 1894 111 346
739 1894 152 346
894 1894 509 346
1414 2090 1392 71
1414 2164 43 23
1460 2164 184 69
1647 2164 130 69
1779 2164 64 69
1845 2164 47 24
1895 2164 63 24
1961 2164 63 69
2027 2164 113 69
2142 2164 152 69
2296 2164 510 69
1414 2191 24 42
1895 2196 22 37
1845 2207 39 26
1414 2235 43 345
1460 2235 185 345
1648 2235 128 345
1779 2235 64 345
1845 2235 47 345
1895 2235 63 345
1961 2235 63 345
2027 2235 113 345
2142 2235 152 345
2297 2235 509 345
12 2243 45 341
59 2243 183 341
245 2243 128 341
376 2243 64 341
442 2243 47 341
492 2243 63 341
558 2243 65 341
626 2243 111 341
739 2243 152 341
894 2243 509 341
1414 2583 43 345
1460 2583 185 345
1648 2583 128 345
1779 2583 64 345
1845 2583 47 345
1895 2583 63 345
1961 2583 63 345
2027 2583 113 345
2142 2583 152 345
2297 2583 509 345
12 2587 1391 67
12 2658 42 68
57 2658 184 68
244 2658 129 68
442 2658 47 68
492 2658 63 23
558 2658 63 68
624 2658 112 68
739 2658 151 68
893 2658 510 68
376 2675 43 51
492 2700 42 26
12 2729 42 346
57 2729 185 346
244 2729 130 346
376 2729 63 346
442 2729 47 346
492 2729 63 346
557 2729 64 346
623 2729 113 346
739 2729 151 346
893 2729 510 346
1414 2931 1392 66
1414 3000 43 68
1459 3000 185 68
1646 3000 130 68
1778 3000 64 68
1844 3000 47 23
1894 3000 63 23
1960 3000 63 68
2026 3000 113 68
2141 3000 152 68
2295 3000 511 68
1894 3029 43 39
1844 3042 40 26
1414 3071 42 342
1459 3071 184 342
1646 3071 129 342
1778 3071 64 342
1844 3071 47 342
1894 3071 63 342
1960 3071 63 342
2026 3071 113 342
2142 3071 151 342
2296 3071 510 342
12 3078 42 343
57 3078 185 343
244 3078 130 343
376 3078 63 343
442 3078 47 343
492 3078 63 343
557 3078 64 343
623 3078 113 343
739 3078 151 343
893 3078 510 343
1414 3416 1392 68
12 3424 42 344
57 3424 185 344
244 3424 130 344
376 3424 63 344
442 3424 47 344
492 3424 63 344
557 3424 64 344
623 3424 113 344
739 3424 151 344
893 3424 510 344
1414 3487 41 68
1457 3487 185 68
1644 3487 130 68
1842 3487 47 23
1892 3487 63 24
1958 3487 63 68
2024 3487 113 68
2139 3487 152 68
2294 3487 512 68
1776 3503 44 52
1892 3516 43 39
1842 3529 40 26
1414 3558 41 342
1457 3558 185 342
1645 3558 129 342
1776 3558 64 342
1843 3558 46 342
1892 3558 64 342
1958 3558 64 342
2024 3558 113 342
2140 3558 152 342
2294 3558 512 342
12 3771 1391 189
1414 3902 1392 58
