162 162 2825 258
162 422 2825 193
162 617 2825 83
162 703 82 150
247 703 281 150
531 703 111 150
645 703 54 150
702 703 53 150
758 703 54 150
815 703 54 150
872 703 337 150
1212 703 677 150
1892 703 1095 150
162 856 82 248
247 856 281 248
531 856 111 248
645 856 54 248
702 856 53 248
758 856 54 248
815 856 54 248
872 856 337 248
1212 856 677 248
1892 856 1095 248
162 1107 82 249
247 1107 281 249
531 1107 111 249
645 1107 54 249
702 1107 53 249
758 1107 54 249
815 1107 54 249
872 1107 337 249
1212 1107 677 249
1892 1107 1095 249
162 1358 82 249
247 1358 281 249
531 1358 111 249
645 1358 54 249
702 1358 53 249
758 1358 54 249
815 1358 54 249
872 1358 337 249
1212 1358 677 249
1892 1358 1095 249
162 1610 82 248
247 1610 281 248
531 1610 111 248
645 1610 54 248
702 1610 53 248
758 1610 54 248
815 1610 54 248
872 1610 337 248
1212 1610 677 248
1892 1610 1095 248
162 1861 82 248
247 1861 281 248
531 1861 111 248
645 1861 54 248
702 1861 53 248
758 1861 54 248
815 1861 54 248
872 1861 337 248
1212 1861 677 248
1892 1861 1095 248
162 2112 2825 83
162 2198 82 150
247 2198 281 150
531 2198 111 150
645 2198 54 150
702 2198 53 150
758 2198 54 150
815 2198 54 150
872 2198 337 150
1212 2198 677 150
1892 2198 1095 150
162 2351 82 248
247 2351 281 248
531 2351 111 248
645 2351 54 248
702 2351 53 248
758 2351 54 248
815 2351 54 248
872 2351 337 248
1212 2351 677 248
1892 2351 1095 248
162 2602 82 248
247 2602 281 248
531 2602 111 248
645 2602 54 248
702 2602 53 248
758 2602 54 248
815 2602 54 248
872 2602 337 248
1212 2602 677 248
1892 2602 1095 248
162 2853 82 248
247 2853 281 248
531 2853 111 248
645 2853 54 248
702 2853 53 248
758 2853 54 248
815 2853 54 248
872 2853 337 248
1212 2853 677 248
1892 2853 1095 248
162 3104 82 248
247 3104 281 248
531 3104 111 248
645 3104 54 248
702 3104 53 248
758 3104 54 248
815 3104 54 248
872 3104 337 248
1212 3104 677 248
1892 3104 1095 248
162 3355 82 249
247 3355 281 249
531 3355 111 249
645 3355 54 249
702 3355 53 249
758 3355 54 249
815 3355 54 249
872 3355 337 249
1212 3355 677 249
1892 3355 1095 249
162 3606 2825 83
162 3692 82 150
247 3692 281 150
531 3692 111 150
645 3692 54 150
702 3692 53 150
758 3692 54 150
815 3692 54 150
872 3692 337 150
1212 3692 677 150
1892 3692 1095 150
162 3845 82 248
247 3845 281 248
531 3845 111 248
645 3845 54 248
702 3845 53 248
758 3845 54 248
815 3845 54 248
872 3845 337 248
1212 3845 677 248
1892 3845 1095 248
162 4096 82 249
247 4096 281 249
531 4096 111 249
645 4096 54 249
702 4096 53 249
758 4096 54 249
815 4096 54 249
872 4096 337 249
1212 4096 677 249
1892 4096 1095 249
