112 112 2032 177
112 292 2032 142
112 436 2032 71
112 510 76 115
191 510 76 115
269 510 208 115
479 510 76 115
558 510 50 115
611 510 49 115
663 510 50 115
716 510 49 115
768 510 223 115
994 510 286 115
1283 510 861 115
112 627 76 1087
191 627 76 270
269 627 208 270
479 627 76 270
558 627 50 270
611 627 49 270
663 627 50 270
716 627 49 270
768 627 223 270
994 627 286 270
1283 627 861 270
191 900 76 269
269 900 208 269
479 900 76 269
558 900 50 269
611 900 49 269
663 900 50 269
716 900 49 269
768 900 223 269
994 900 286 269
1283 900 861 269
191 1172 76 270
269 1172 208 270
479 1172 76 270
558 1172 50 270
611 1172 49 270
663 1172 50 270
716 1172 49 270
768 1172 223 270
994 1172 286 270
1283 1172 861 270
191 1445 76 269
269 1445 208 269
479 1445 76 269
558 1445 50 269
611 1445 49 269
663 1445 50 269
716 1445 49 269
768 1445 223 269
994 1445 286 269
1283 1445 861 269
112 1717 2032 71
112 1791 76 114
191 1791 76 114
269 1791 208 114
479 1791 76 114
558 1791 50 114
611 1791 49 114
663 1791 50 114
716 1791 49 114
768 1791 223 114
994 1791 286 114
1283 1791 861 114
112 1908 76 1087
191 1908 76 270
269 1908 208 270
479 1908 76 270
558 1908 50 270
611 1908 49 270
663 1908 50 270
716 1908 49 270
768 1908 223 270
994 1908 286 270
1283 1908 861 270
191 2180 76 270
269 2180 208 270
479 2180 76 270
558 2180 50 270
611 2180 49 270
663 2180 50 270
716 2180 49 270
768 2180 223 270
994 2180 286 270
1283 2180 861 270
191 2453 76 269
269 2453 208 269
479 2453 76 269
558 2453 50 269
611 2453 49 269
663 2453 50 269
716 2453 49 269
768 2453 223 269
994 2453 286 269
1283 2453 861 269
191 2725 76 270
269 2725 208 270
479 2725 76 270
558 2725 50 270
611 2725 49 270
663 2725 50 270
716 2725 49 270
768 2725 223 270
994 2725 286 270
1283 2725 861 270
