176 205 2740 285
176 493 2740 265
176 761 2740 82
176 846 104 132
282 846 104 132
388 846 246 132
637 846 125 132
765 846 68 132
836 846 68 132
907 846 68 132
977 846 68 132
1048 846 302 132
1353 846 386 132
1742 846 1174 132
176 981 104 626
282 981 104 311
388 981 246 311
637 981 125 311
765 981 68 311
836 981 68 311
907 981 68 311
977 981 68 311
1048 981 302 311
1353 981 386 311
1742 981 1174 311
282 1295 104 312
388 1295 246 312
637 1295 125 312
765 1295 68 312
836 1295 68 312
907 1295 68 312
977 1295 68 312
1048 1295 302 312
1353 1295 386 312
1742 1295 1174 312
176 1610 2740 82
176 1695 104 132
282 1695 104 132
388 1695 246 132
637 1695 125 132
765 1695 68 132
836 1695 68 132
907 1695 68 132
977 1695 68 132
1048 1695 302 132
1353 1695 386 132
1742 1695 1174 132
176 1830 104 1569
282 1830 104 311
388 1830 246 311
637 1830 125 311
765 1830 68 311
836 1830 68 311
907 1830 68 311
977 1830 68 311
1048 1830 302 311
1353 1830 386 311
1742 1830 1174 311
282 2144 104 312
388 2144 246 312
637 2144 125 312
765 2144 68 312
836 2144 68 312
907 2144 68 312
977 2144 68 312
1048 2144 302 312
1353 2144 386 312
1742 2144 1174 312
282 2458 104 312
388 2458 246 312
637 2458 125 312
765 2458 68 312
836 2458 68 312
907 2458 68 312
977 2458 68 312
1048 2458 302 312
1353 2458 386 312
1742 2458 1174 312
282 2773 104 311
388 2773 246 311
637 2773 125 311
765 2773 68 311
836 2773 68 311
907 2773 68 311
977 2773 68 311
1048 2773 302 311
1353 2773 386 311
1742 2773 1174 311
282 3087 104 312
388 3087 246 312
637 3087 125 312
765 3087 68 312
836 3087 68 312
907 3087 68 312
977 3087 68 312
1048 3087 302 312
1353 3087 386 312
1742 3087 1174 312
176 3401 2740 82
176 3486 104 133
282 3486 104 133
388 3486 246 133
637 3486 125 133
765 3486 68 133
836 3486 68 133
907 3486 68 133
977 3486 68 133
1048 3486 302 133
1353 3486 386 133
1742 3486 1174 133
176 3622 104 625
282 3622 104 311
388 3622 246 311
637 3622 125 311
765 3622 68 311
836 3622 68 311
907 3622 68 311
977 3622 68 311
1048 3622 302 311
1353 3622 386 311
1742 3622 1174 311
282 3936 104 311
388 3936 246 311
637 3936 125 311
765 3936 68 311
836 3936 68 311
907 3936 68 311
977 3936 68 311
1048 3936 302 311
1353 3936 386 311
1742 3936 1174 311
