15 14 2140 558
15 574 109 61
126 574 198 61
326 574 171 61
498 574 118 61
618 574 65 61
685 574 93 61
780 574 93 61
875 574 216 61
1093 574 314 61
1408 574 747 61
15 637 109 237
326 637 171 237
498 637 118 237
618 637 65 237
685 637 93 237
780 637 93 237
875 637 216 237
1093 637 314 237
1408 637 747 237
278 705 46 23
15 876 109 238
126 876 198 28
326 876 171 238
498 876 118 238
618 876 65 238
685 876 93 238
780 876 93 238
875 876 216 238
1093 876 314 238
1408 876 747 238
15 1116 2140 99
15 1217 2140 61
15 1280 109 237
126 1280 198 26
326 1280 171 237
498 1280 118 237
618 1280 65 237
685 1280 93 237
780 1280 93 237
875 1280 216 237
1093 1280 314 237
1408 1280 747 237
15 1519 109 237
126 1519 198 173
326 1519 171 237
498 1519 118 237
618 1519 65 237
685 1519 93 237
780 1519 93 237
875 1519 216 237
1093 1519 314 237
1408 1519 747 237
15 1758 109 238
126 1758 198 31
326 1758 171 238
498 1758 118 238
618 1758 65 238
685 1758 93 238
780 1758 93 238
875 1758 216 238
1093 1758 314 238
1408 1758 747 238
15 1997 109 238
126 1997 198 24
326 1997 171 238
498 1997 118 238
618 1997 65 238
685 1997 93 238
780 1997 93 238
875 1997 216 238
1093 1997 314 238
1408 1997 747 238
15 2236 109 238
126 2236 198 196
326 2236 171 238
498 2236 118 238
618 2236 65 238
685 2236 93 238
780 2236 93 238
875 2236 216 238
1093 2236 314 238
1408 2236 747 238
15 2475 2140 101
15 2578 2140 61
15 2641 109 237
126 2641 198 24
326 2641 171 237
498 2641 118 237
618 2641 65 237
685 2641 93 237
780 2641 93 237
875 2641 216 237
1093 2641 314 237
1408 2641 747 237
15 2880 109 237
326 2880 171 237
498 2880 118 237
618 2880 65 237
685 2880 93 237
780 2880 93 237
875 2880 216 237
1093 2880 314 237
1408 2880 747 237
2339 14 2140 69
2339 84 118 238
2458 84 199 26
2659 84 170 238
2831 84 118 238
2951 84 65 238
3017 84 94 238
3112 84 94 238
3207 84 217 238
3425 84 314 238
3741 84 738 238
2339 323 118 238
2458 323 199 22
2659 323 170 238
2831 323 118 238
2951 323 65 238
3017 323 94 238
3112 323 94 238
3207 323 217 238
3425 323 314 238
3741 323 738 238
2339 562 118 238
2458 562 199 23
2659 562 170 238
2831 562 118 238
2951 562 65 238
3017 562 94 238
3112 562 94 238
3207 562 217 238
3425 562 314 238
3741 562 738 238
2339 802 2140 60
2339 864 118 237
2458 864 199 21
2659 864 170 237
2831 864 118 237
2951 864 65 237
3017 864 94 237
3112 864 94 237
3207 864 217 237
3425 864 314 237
3741 864 738 237
2339 1104 118 237
2458 1104 199 21
2659 1104 170 237
2831 1104 118 237
2951 1104 65 237
3017 1104 94 237
3112 1104 94 237
3207 1104 217 237
3425 1104 314 237
3741 1104 738 237
2339 1343 2140 61
2339 1405 118 238
2659 1405 170 238
2831 1405 118 238
2951 1405 65 238
3017 1405 94 238
3112 1405 94 238
3207 1405 217 238
3425 1405 314 238
3741 1405 738 238
2339 1645 2140 61
2339 1707 118 238
2659 1707 170 238
2831 1707 118 238
2951 1707 65 238
3017 1707 94 238
3112 1707 94 238
3207 1707 217 238
3425 1707 314 238
3741 1707 738 238
2339 1947 118 237
2659 1947 170 237
2831 1947 118 237
2951 1947 65 237
3017 1947 94 237
3112 1947 94 237
3207 1947 217 237
3425 1947 314 237
3741 1947 738 237
2339 2186 2140 932
