11 12 2966 234
11 252 2966 228
11 486 2966 98
11 586 86 65
99 586 208 65
309 586 151 65
462 586 89 65
553 586 88 65
643 586 180 65
825 586 179 65
1006 586 282 65
1290 586 338 65
1630 586 1347 65
11 653 86 453
99 653 208 453
309 653 151 453
462 653 89 453
553 653 88 453
643 653 180 453
825 653 179 453
1006 653 282 453
1290 653 338 453
1630 653 1347 453
11 1108 86 428
99 1108 208 428
309 1108 151 428
462 1108 89 428
553 1108 88 428
643 1108 180 428
825 1108 179 428
1006 1108 282 428
1290 1108 338 428
1630 1108 1347 428
11 1538 86 431
99 1538 208 431
309 1538 151 431
462 1538 89 431
553 1538 88 431
643 1538 180 431
825 1538 179 431
1006 1538 282 431
1290 1538 338 431
1630 1538 1347 431
11 1971 86 431
99 1971 208 431
309 1971 151 431
462 1971 89 431
553 1971 88 431
643 1971 180 431
825 1971 179 431
1006 1971 282 431
1290 1971 338 431
1630 1971 1347 431
11 2403 86 434
99 2403 208 434
309 2403 151 434
462 2403 89 434
553 2403 88 434
643 2403 180 434
825 2403 179 434
1006 2403 282 434
1290 2403 338 434
1630 2403 1347 434
11 2838 86 426
99 2838 208 426
309 2838 151 426
462 2838 89 426
553 2838 88 426
643 2838 180 426
825 2838 179 426
1006 2838 282 426
1290 2838 338 426
1630 2838 1347 426
11 3266 86 434
99 3266 208 434
309 3266 151 434
462 3266 89 434
553 3266 88 434
643 3266 180 434
825 3266 179 434
1006 3266 282 434
1290 3266 338 434
1630 3266 1347 434
11 3702 86 415
99 3702 208 415
309 3702 151 415
462 3702 89 415
553 3702 88 415
643 3702 180 415
825 3702 179 415
1006 3702 282 415
1290 3702 338 415
1630 3702 1347 415
