112 112 2259 91
112 206 85 165
199 206 85 165
287 206 231 165
520 206 85 165
608 206 55 165
666 206 56 165
725 206 55 165
783 206 55 165
841 206 249 165
1093 206 318 165
1414 206 957 165
112 374 85 928
199 374 85 308
287 374 231 308
520 374 85 308
608 374 55 308
666 374 56 308
725 374 55 308
783 374 55 308
841 374 249 308
1093 374 318 308
1414 374 957 308
199 685 85 307
287 685 231 307
520 685 85 307
608 685 55 307
666 685 56 307
725 685 55 307
783 685 55 307
841 685 249 307
1093 685 318 307
1414 685 957 307
199 995 85 307
287 995 231 307
520 995 85 307
608 995 55 307
666 995 56 307
725 995 55 307
783 995 55 307
841 995 249 307
1093 995 318 307
1414 995 957 307
112 1305 2259 2143
