180 265 2860 275
180 545 2860 226
180 776 67 86
249 776 72 86
323 776 179 86
504 776 208 86
714 776 83 86
799 776 66 86
867 776 100 86
969 776 156 86
1127 776 339 86
1468 776 386 86
1856 776 1184 86
180 867 67 692
249 867 72 230
323 867 179 230
504 867 208 230
714 867 83 230
799 867 66 230
867 867 100 230
969 867 156 230
1127 867 339 230
1468 867 386 230
1856 867 1184 230
249 1099 72 230
323 1099 179 230
504 1099 208 230
714 1099 83 230
799 1099 66 230
867 1099 100 230
969 1099 156 230
1127 1099 339 230
1468 1099 386 230
1856 1099 1184 230
249 1331 72 228
323 1331 179 228
504 1331 208 228
714 1331 83 228
799 1331 66 228
867 1331 100 228
969 1331 156 228
1127 1331 339 228
1468 1331 386 228
1856 1331 1184 228
180 1564 67 459
249 1564 72 229
323 1564 179 229
504 1564 208 229
714 1564 83 229
799 1564 66 229
867 1564 100 229
969 1564 156 229
1127 1564 339 229
1468 1564 386 229
1856 1564 1184 229
249 1795 72 228
323 1795 179 228
504 1795 208 228
714 1795 83 228
799 1795 66 228
867 1795 100 228
969 1795 156 228
1127 1795 339 228
1468 1795 386 228
1856 1795 1184 228
180 2028 67 459
249 2028 72 229
323 2028 179 229
504 2028 208 229
714 2028 83 229
799 2028 66 229
867 2028 100 229
969 2028 156 229
1127 2028 339 229
1468 2028 386 229
1856 2028 1184 229
249 2259 72 228
323 2259 179 228
504 2259 208 228
714 2259 83 228
799 2259 66 228
867 2259 100 228
969 2259 156 228
1127 2259 339 228
1468 2259 386 228
1856 2259 1184 228
180 2492 67 459
249 2492 72 229
323 2492 179 229
504 2492 208 229
714 2492 83 229
799 2492 66 229
867 2492 100 229
969 2492 156 229
1127 2492 339 229
1468 2492 386 229
1856 2492 1184 229
249 2723 72 228
323 2723 179 228
504 2723 208 228
714 2723 83 228
799 2723 66 228
867 2723 100 228
969 2723 156 228
1127 2723 339 228
1468 2723 386 228
1856 2723 1184 228
180 2956 67 459
249 2956 72 229
504 2956 208 229
714 2956 83 229
799 2956 66 229
867 2956 100 229
969 2956 156 229
1127 2956 339 229
1468 2956 386 229
1856 2956 1184 229
249 3187 72 228
323 3187 179 228
504 3187 208 228
714 3187 83 228
799 3187 66 228
867 3187 100 228
969 3187 156 228
1127 3187 339 228
1468 3187 386 228
1856 3187 1184 228
180 3420 67 227
249 3420 72 227
323 3420 179 227
504 3420 208 227
714 3420 83 227
799 3420 66 227
867 3420 100 227
969 3420 156 227
1127 3420 339 227
1468 3420 386 227
1856 3420 1184 227
180 3652 67 227
249 3652 72 227
504 3652 208 227
714 3652 83 227
799 3652 66 227
867 3652 100 227
969 3652 156 227
1127 3652 339 227
1468 3652 386 227
1856 3652 1184 227
180 3884 67 227
249 3884 72 227
504 3884 208 227
714 3884 83 227
799 3884 66 227
867 3884 100 227
969 3884 156 227
1127 3884 339 227
1468 3884 386 227
1856 3884 1184 227
180 4116 67 225
249 4116 72 225
504 4116 208 225
714 4116 83 225
799 4116 66 225
867 4116 100 225
969 4116 156 225
1127 4116 339 225
1468 4116 386 225
1856 4116 1184 225
323 4174 37 30
470 4207 32 88
323 4209 30 84
