112 112 2259 68
112 183 85 124
199 183 85 124
287 183 231 124
520 183 85 124
608 183 55 124
666 183 56 124
725 183 55 124
783 183 55 124
841 183 249 124
1093 183 318 124
1414 183 957 124
112 309 85 464
199 309 85 231
287 309 231 231
520 309 85 231
608 309 55 231
666 309 56 231
725 309 55 231
783 309 55 231
841 309 249 231
1093 309 318 231
1414 309 957 231
199 543 85 230
287 543 231 230
520 543 85 230
608 543 55 230
666 543 56 230
725 543 55 230
783 543 55 230
841 543 249 230
1093 543 318 230
1414 543 957 230
112 776 85 464
199 776 85 231
287 776 231 231
520 776 85 231
608 776 55 231
666 776 56 231
725 776 55 231
783 776 55 231
841 776 249 231
1093 776 318 231
1414 776 957 231
199 1010 85 230
287 1010 231 230
520 1010 85 230
608 1010 55 230
666 1010 56 230
725 1010 55 230
783 1010 55 230
841 1010 249 230
1093 1010 318 230
1414 1010 957 230
112 1243 2259 2205
