114 194 2857 328
114 528 2857 219
115 754 55 180
171 754 44 180
217 754 197 180
415 754 67 180
483 754 55 180
540 754 55 180
597 754 55 180
653 754 56 180
710 754 166 180
877 754 214 180
1093 754 447 180
1545 754 54 180
1600 754 44 180
1645 754 197 180
1844 754 66 180
1912 754 55 180
1969 754 55 180
2025 754 55 180
2082 754 55 180
2139 754 165 180
2306 754 214 180
2521 754 450 180
115 935 55 3328
171 935 44 474
217 935 197 474
415 935 67 474
483 935 55 474
540 935 55 474
597 935 55 474
653 935 56 474
710 935 166 474
877 935 214 474
1093 935 447 474
1545 935 54 950
1600 935 44 474
1645 935 197 474
1844 935 66 474
1912 935 55 474
1969 935 55 474
2025 935 55 474
2082 935 55 474
2139 935 165 474
2306 935 214 474
2521 935 450 474
171 1411 44 474
217 1411 197 474
415 1411 67 474
483 1411 55 474
540 1411 55 474
597 1411 55 474
653 1411 56 474
710 1411 166 474
877 1411 214 474
1093 1411 447 474
1600 1411 44 474
1645 1411 197 474
1844 1411 66 474
1912 1411 55 474
1969 1411 55 474
2025 1411 55 474
2082 1411 55 474
2139 1411 165 474
2306 1411 214 474
2521 1411 450 474
171 1886 44 475
217 1886 197 475
415 1886 67 475
483 1886 55 475
540 1886 55 475
597 1886 55 475
653 1886 56 475
710 1886 166 475
877 1886 214 475
1093 1886 447 475
1545 1886 54 1902
1600 1886 44 475
1645 1886 197 475
1844 1886 66 475
1912 1886 55 475
1969 1886 55 475
2025 1886 55 475
2082 1886 55 475
2139 1886 165 475
2306 1886 214 475
2521 1886 450 475
171 2362 44 474
217 2362 197 474
415 2362 67 474
483 2362 55 474
540 2362 55 474
597 2362 55 474
653 2362 56 474
710 2362 166 474
877 2362 214 474
1093 2362 447 474
1600 2362 44 474
1645 2362 197 474
1844 2362 66 474
1912 2362 55 474
1969 2362 55 474
2025 2362 55 474
2082 2362 55 474
2139 2362 165 474
2306 2362 214 474
2521 2362 450 474
171 2838 44 474
217 2838 197 474
415 2838 67 474
483 2838 55 474
540 2838 55 474
597 2838 55 474
653 2838 56 474
710 2838 166 474
877 2838 214 474
1093 2838 447 474
1600 2838 44 474
1645 2838 197 474
1844 2838 66 474
1912 2838 55 474
1969 2838 55 474
2025 2838 55 474
2082 2838 55 474
2139 2838 165 474
2306 2838 214 474
2521 2838 450 474
171 3313 44 475
217 3313 197 475
415 3313 67 475
483 3313 55 475
540 3313 55 475
597 3313 55 475
653 3313 56 475
710 3313 166 475
877 3313 214 475
1093 3313 447 475
1600 3313 44 475
1645 3313 197 475
1844 3313 66 475
1912 3313 55 475
1969 3313 55 475
2025 3313 55 475
2082 3313 55 475
2139 3313 165 475
2306 3313 214 475
2521 3313 450 475
171 3789 44 474
217 3789 197 474
415 3789 67 474
483 3789 55 474
540 3789 55 474
597 3789 55 474
653 3789 56 474
710 3789 166 474
877 3789 214 474
1093 3789 447 474
1545 3789 54 474
1600 3789 44 474
1645 3789 197 474
1844 3789 66 474
1912 3789 55 474
1969 3789 55 474
2025 3789 55 474
2082 3789 55 474
2139 3789 165 474
2306 3789 214 474
2521 3789 450 474
