47 48 3437 284
47 333 3437 487
47 821 1716 84
1769 821 1715 84
47 906 56 84
104 906 224 84
329 906 70 84
400 906 88 84
489 906 70 84
560 906 87 84
648 906 94 84
743 906 226 84
970 906 226 84
1197 906 566 84
1769 906 55 84
1825 906 224 84
2050 906 70 84
2121 906 88 84
2210 906 70 84
2281 906 87 84
2369 906 95 84
2465 906 226 84
2692 906 225 84
2918 906 566 84
47 991 56 453
104 991 224 453
329 991 70 453
400 991 88 453
489 991 70 453
560 991 87 453
648 991 94 453
743 991 226 453
970 991 226 453
1197 991 566 453
1769 991 55 453
1825 991 224 453
2050 991 70 453
2121 991 88 453
2210 991 70 453
2281 991 87 453
2369 991 95 453
2465 991 226 453
2692 991 225 453
2918 991 566 453
47 1445 56 452
104 1445 224 452
329 1445 70 452
400 1445 88 452
489 1445 70 452
560 1445 87 452
648 1445 94 452
743 1445 226 452
970 1445 226 452
1197 1445 566 452
1769 1445 55 452
1825 1445 224 452
2050 1445 70 452
2121 1445 88 452
2210 1445 70 452
2281 1445 87 452
2369 1445 95 452
2465 1445 226 452
2692 1445 225 452
2918 1445 566 452
47 1898 56 453
104 1898 224 453
329 1898 70 453
400 1898 88 453
489 1898 70 453
560 1898 87 453
648 1898 94 453
743 1898 226 453
970 1898 226 453
1197 1898 566 453
1769 1898 55 453
1825 1898 224 453
2050 1898 70 453
2121 1898 88 453
2210 1898 70 453
2281 1898 87 453
2369 1898 95 453
2465 1898 226 453
2692 1898 225 453
2918 1898 566 453
47 2352 56 453
104 2352 224 453
329 2352 70 453
400 2352 88 453
489 2352 70 453
560 2352 87 453
648 2352 94 453
743 2352 226 453
970 2352 226 453
1197 2352 566 453
1769 2352 55 453
1825 2352 224 453
2050 2352 70 453
2121 2352 88 453
2210 2352 70 453
2281 2352 87 453
2369 2352 95 453
2465 2352 226 453
2692 2352 225 453
2918 2352 566 453
47 2806 1716 84
1769 2806 1715 84
47 2891 1716 83
1769 2891 55 84
1825 2891 224 84
2050 2891 70 84
2121 2891 88 84
2210 2891 70 84
2281 2891 87 84
2369 2891 95 84
2465 2891 226 84
2692 2891 225 84
2918 2891 566 84
47 2975 56 84
104 2975 224 84
329 2975 70 84
400 2975 88 84
489 2975 70 84
560 2975 87 84
648 2975 94 84
743 2975 226 84
970 2975 226 84
1197 2975 566 84
1769 2976 55 452
1825 2976 224 452
2050 2976 70 452
2121 2976 88 452
2210 2976 70 452
2281 2976 87 452
2369 2976 95 452
2465 2976 226 452
2692 2976 225 452
2918 2976 566 452
47 3060 56 453
104 3060 224 453
329 3060 70 453
400 3060 88 453
489 3060 70 453
560 3060 87 453
648 3060 94 453
743 3060 226 453
970 3060 226 453
1197 3060 566 453
1769 3429 55 453
1825 3429 224 453
2050 3429 70 453
2121 3429 88 453
2210 3429 70 453
2281 3429 87 453
2369 3429 95 453
2465 3429 226 453
2692 3429 225 453
2918 3429 566 453
47 3514 56 452
104 3514 224 452
329 3514 70 452
400 3514 88 452
489 3514 70 452
560 3514 87 452
648 3514 94 452
743 3514 226 452
970 3514 226 452
1197 3514 566 452
1769 3883 55 452
1825 3883 224 452
2050 3883 70 452
2121 3883 88 452
2210 3883 70 452
2281 3883 87 452
2369 3883 95 452
2465 3883 226 452
2692 3883 225 452
2918 3883 566 452
47 3967 56 453
104 3967 224 453
329 3967 70 453
400 3967 88 453
489 3967 70 453
560 3967 87 453
648 3967 94 453
743 3967 226 453
970 3967 226 453
1197 3967 566 453
1769 4336 55 453
1825 4336 224 453
2050 4336 70 453
2121 4336 88 453
2210 4336 70 453
2281 4336 87 453
2369 4336 95 453
2465 4336 226 453
2692 4336 225 453
2918 4336 566 453
47 4421 1716 368
