12 315 2880 272
12 601 1434 55
1457 601 1435 55
12 659 44 60
58 659 190 60
251 659 133 60
387 659 65 60
455 659 49 60
506 659 71 60
580 659 71 60
654 659 82 60
739 659 144 60
886 659 560 60
1457 659 44 60
1504 659 190 60
1697 659 133 60
1833 659 65 60
1901 659 48 60
1952 659 71 60
2026 659 71 60
2099 659 83 60
2184 659 145 60
2332 659 560 60
12 721 44 355
58 721 190 355
251 721 133 355
387 721 65 355
455 721 49 355
506 721 71 355
580 721 71 355
654 721 82 355
739 721 144 355
886 721 560 355
1457 721 44 355
1504 721 190 355
1697 721 133 355
1833 721 65 355
1901 721 48 355
1952 721 71 355
2026 721 71 355
2099 721 83 355
2184 721 145 355
2332 721 560 355
12 1079 44 354
58 1079 190 354
251 1079 133 354
387 1079 65 354
455 1079 49 354
506 1079 71 354
580 1079 71 354
654 1079 82 354
739 1079 144 354
886 1079 560 354
1457 1079 44 354
1504 1079 190 354
1697 1079 133 354
1833 1079 65 354
1901 1079 48 354
1952 1079 71 354
2026 1079 71 354
2099 1079 83 354
2184 1079 145 354
2332 1079 560 354
12 1436 1434 59
1457 1436 1435 59
12 1498 44 60
58 1498 190 60
251 1498 133 60
387 1498 65 60
455 1498 49 60
506 1498 71 60
580 1498 71 60
654 1498 82 60
739 1498 144 60
886 1498 560 60
1457 1498 44 60
1504 1498 190 60
1697 1498 133 60
1833 1498 65 60
1901 1498 48 60
1952 1498 71 60
2026 1498 71 60
2099 1498 83 60
2184 1498 145 60
2332 1498 560 60
12 1561 44 354
58 1561 190 354
251 1561 133 354
387 1561 65 354
455 1561 49 354
506 1561 71 354
580 1561 71 354
654 1561 82 354
739 1561 144 354
886 1561 560 354
1457 1561 44 354
1504 1561 190 354
1697 1561 133 354
1833 1561 65 354
1901 1561 48 354
1952 1561 71 354
2026 1561 71 354
2099 1561 83 354
2184 1561 145 354
2332 1561 560 354
12 1918 1434 59
1457 1918 1435 59
12 1980 44 60
58 1980 190 60
251 1980 133 60
387 1980 65 60
455 1980 49 60
506 1980 71 60
580 1980 71 60
654 1980 82 60
739 1980 144 60
886 1980 560 60
1457 1980 44 60
1504 1980 190 60
1697 1980 133 60
1833 1980 65 60
1901 1980 48 60
1952 1980 71 60
2026 1980 71 60
2099 1980 83 60
2184 1980 145 60
2332 1980 560 60
12 2042 44 355
58 2042 190 355
251 2042 133 355
387 2042 65 355
455 2042 49 355
506 2042 71 355
580 2042 71 355
654 2042 82 355
739 2042 144 355
886 2042 560 355
1457 2042 44 355
1504 2042 190 355
1697 2042 133 355
1833 2042 65 355
1901 2042 48 355
1952 2042 71 355
2026 2042 71 355
2099 2042 83 355
2184 2042 145 355
2332 2042 560 355
12 2400 44 354
58 2400 190 354
251 2400 133 354
387 2400 65 354
455 2400 49 354
506 2400 71 354
580 2400 71 354
654 2400 82 354
739 2400 144 354
886 2400 560 354
1457 2400 44 354
1504 2400 190 354
1697 2400 133 354
1833 2400 65 354
1901 2400 48 354
1952 2400 71 354
2026 2400 71 354
2099 2400 83 354
2184 2400 145 354
2332 2400 560 354
12 2757 44 354
58 2757 190 354
251 2757 133 354
387 2757 65 354
455 2757 49 354
506 2757 71 354
580 2757 71 354
654 2757 82 354
739 2757 144 354
886 2757 560 354
1457 2757 1435 59
1457 2819 44 60
1504 2819 190 60
1697 2819 133 60
1833 2819 65 60
1901 2819 48 60
1952 2819 71 60
2026 2819 71 60
2099 2819 83 60
2184 2819 145 60
2332 2819 560 60
1457 2881 44 355
1504 2881 190 355
1833 2881 65 355
1901 2881 48 355
1952 2881 71 355
2026 2881 71 355
2099 2881 83 355
2184 2881 145 355
2332 2881 560 355
1697 2882 133 354
12 3114 1434 59
12 3176 44 60
58 3176 190 60
251 3176 133 60
387 3176 65 60
455 3176 49 60
506 3176 71 60
580 3176 71 60
654 3176 82 60
739 3176 144 60
886 3176 560 60
12 3239 44 354
58 3239 190 354
251 3239 133 354
387 3239 65 354
455 3239 49 354
506 3239 71 354
580 3239 71 354
654 3239 82 354
739 3239 144 354
886 3239 560 354
1457 3239 44 354
1504 3239 190 354
1697 3239 133 354
1833 3239 65 354
1901 3239 48 354
1952 3239 71 354
2026 3239 71 354
2099 3239 83 354
2184 3239 145 354
2332 3239 560 354
12 3596 1434 59
1457 3596 1435 475
12 3658 44 60
58 3658 190 60
251 3658 133 60
387 3658 65 60
455 3658 49 60
506 3658 71 60
580 3658 71 60
654 3658 82 60
739 3658 144 60
886 3658 560 60
12 3721 44 350
58 3721 190 350
251 3721 133 350
387 3721 65 350
455 3721 49 350
506 3721 71 350
580 3721 71 350
654 3721 82 350
739 3721 144 350
886 3721 560 350
