179 205 2734 82
179 290 103 132
285 290 103 132
391 290 245 132
639 290 118 132
760 290 68 132
831 290 68 132
901 290 68 132
972 290 68 132
1043 290 301 132
1347 290 385 132
1735 290 1178 132
179 425 103 938
285 425 103 311
391 425 245 311
639 425 118 311
760 425 68 311
831 425 68 311
901 425 68 311
972 425 68 311
1043 425 301 311
1347 425 385 311
1735 425 1178 311
285 739 103 310
391 739 245 310
639 739 118 310
760 739 68 310
831 739 68 310
901 739 68 310
972 739 68 310
1043 739 301 310
1347 739 385 310
1735 739 1178 310
285 1052 103 311
391 1052 245 311
639 1052 118 311
760 1052 68 311
831 1052 68 311
901 1052 68 311
972 1052 68 311
1043 1052 301 311
1347 1052 385 311
1735 1052 1178 311
179 1366 103 311
285 1366 103 311
391 1366 245 311
639 1366 118 311
760 1366 68 311
831 1366 68 311
901 1366 68 311
972 1366 68 311
1043 1366 301 311
1347 1366 385 311
1735 1366 1178 311
179 1680 103 310
285 1680 103 310
391 1680 245 310
639 1680 118 310
760 1680 68 310
831 1680 68 310
901 1680 68 310
972 1680 68 310
1043 1680 301 310
1347 1680 385 310
1735 1680 1178 310
179 1993 2734 2254
