112 112 2032 71
112 186 76 114
191 186 76 114
269 186 208 114
479 186 76 114
558 186 50 114
611 186 49 114
663 186 50 114
716 186 49 114
768 186 223 114
994 186 286 114
1283 186 861 114
112 303 76 542
191 303 76 269
269 303 208 269
479 303 76 269
558 303 50 269
611 303 49 269
663 303 50 269
716 303 49 269
768 303 223 269
994 303 286 269
1283 303 861 269
191 575 76 270
269 575 208 270
479 575 76 270
558 575 50 270
611 575 49 270
663 575 50 270
716 575 49 270
768 575 223 270
994 575 286 270
1283 575 861 270
112 848 76 542
191 848 76 269
269 848 208 269
479 848 76 269
558 848 50 269
611 848 49 269
663 848 50 269
716 848 49 269
768 848 223 269
994 848 286 269
1283 848 861 269
191 1120 76 270
269 1120 208 270
479 1120 76 270
558 1120 50 270
611 1120 49 270
663 1120 50 270
716 1120 49 270
768 1120 223 270
994 1120 286 270
1283 1120 861 270
112 1393 76 269
191 1393 76 269
269 1393 208 269
479 1393 76 269
558 1393 50 269
611 1393 49 269
663 1393 50 269
716 1393 49 269
768 1393 223 269
994 1393 286 269
1283 1393 861 269
112 1665 2032 1330
