169 248 3774 121
169 372 3774 235
169 609 64 1195
236 609 102 46
341 609 255 46
598 609 1028 46
1628 609 770 46
2401 609 255 46
2658 609 513 46
3173 609 770 46
236 658 102 45
341 658 255 45
598 658 255 45
856 658 255 45
1113 658 255 45
1371 658 255 45
1628 658 255 45
1886 658 255 45
2143 658 255 45
2401 658 255 45
2658 658 255 45
2916 658 255 45
3173 658 255 45
3431 658 255 45
3688 658 255 45
236 706 102 189
341 706 255 189
598 706 255 189
856 706 255 189
1113 706 255 189
1371 706 255 189
1628 706 255 189
1886 706 255 189
2143 706 255 189
2401 706 255 189
2658 706 255 189
2916 706 255 189
3173 706 255 189
3431 706 255 189
3688 706 255 189
236 898 102 45
341 898 255 45
598 898 255 45
856 898 255 45
1113 898 255 45
1371 898 255 45
1628 898 255 45
1886 898 255 45
2143 898 255 45
2401 898 255 45
2658 898 255 45
2916 898 255 45
3173 898 255 45
3431 898 255 45
3688 898 255 45
236 946 102 36
341 946 255 36
598 946 255 36
856 946 255 36
1113 946 255 36
1371 946 255 36
1628 946 255 36
1886 946 255 36
2143 946 255 36
2401 946 255 36
2658 946 255 36
2916 946 255 36
3173 946 255 36
3431 946 255 36
3688 946 255 36
236 984 102 36
341 984 255 36
598 984 255 36
856 984 255 36
1113 984 255 36
1371 984 255 36
1628 984 255 36
1886 984 255 36
2143 984 255 36
2401 984 255 36
2658 984 255 36
2916 984 255 36
3173 984 255 36
3431 984 255 36
3688 984 255 36
236 1023 102 36
341 1023 255 36
598 1023 255 36
856 1023 255 36
1113 1023 255 36
1371 1023 255 36
1628 1023 255 36
1886 1023 255 36
2143 1023 255 36
2401 1023 255 36
2658 1023 255 36
2916 1023 255 36
3173 1023 255 36
3431 1023 255 36
3688 1023 255 36
236 1061 102 36
341 1061 255 36
598 1061 255 36
856 1061 255 36
1113 1061 255 36
1371 1061 255 36
1628 1061 255 36
1886 1061 255 36
2143 1061 255 36
2401 1061 255 36
2658 1061 255 36
2916 1061 255 36
3173 1061 255 36
3431 1061 255 36
3688 1061 255 36
236 1100 102 127
341 1100 255 127
598 1100 255 127
856 1100 255 127
1113 1100 255 127
1371 1100 255 127
1628 1100 255 127
1886 1100 255 127
2143 1100 255 127
2401 1100 255 127
2658 1100 255 127
2916 1100 255 127
3173 1100 255 127
3431 1100 255 127
3688 1100 255 127
236 1230 102 189
341 1230 255 189
598 1230 255 189
856 1230 255 189
1113 1230 255 189
1371 1230 255 189
1628 1230 255 189
1886 1230 255 189
2143 1230 255 189
2401 1230 255 189
2658 1230 255 189
2916 1230 255 189
3173 1230 255 189
3431 1230 255 189
3688 1230 255 189
236 1422 102 382
341 1422 255 382
598 1422 255 382
856 1422 255 382
1113 1422 255 382
1371 1422 255 382
1628 1422 255 382
1886 1422 255 382
2143 1422 255 382
2401 1422 255 382
2658 1422 255 382
2916 1422 255 382
3173 1422 255 382
3431 1422 255 382
3688 1422 255 382
169 1807 64 1194
236 1807 102 45
341 1807 512 45
856 1807 1027 45
1886 1807 512 45
2401 1807 512 45
2916 1807 255 45
3173 1807 770 45
236 1855 102 45
341 1855 255 45
598 1855 255 45
856 1855 255 45
1113 1855 255 45
1371 1855 255 45
1628 1855 255 45
1886 1855 255 45
2143 1855 255 45
2401 1855 255 45
2658 1855 255 45
2916 1855 255 45
3173 1855 255 45
3431 1855 255 45
3688 1855 255 45
236 1903 102 189
341 1903 255 189
598 1903 255 189
856 1903 255 189
1113 1903 255 189
1371 1903 255 189
1628 1903 255 189
1886 1903 255 189
2143 1903 255 189
2401 1903 255 189
2658 1903 255 189
2916 1903 255 189
3173 1903 255 189
3431 1903 255 189
3688 1903 255 189
236 2095 102 45
341 2095 255 45
598 2095 255 45
856 2095 255 45
1113 2095 255 45
1371 2095 255 45
1628 2095 255 45
1886 2095 255 45
2143 2095 255 45
2401 2095 255 45
2658 2095 255 45
2916 2095 255 45
3173 2095 255 45
3431 2095 255 45
3688 2095 255 45
236 2143 102 36
341 2143 255 36
598 2143 255 36
856 2143 255 36
1113 2143 255 36
1371 2143 255 36
1628 2143 255 36
1886 2143 255 36
2143 2143 255 36
2401 2143 255 36
2658 2143 255 36
2916 2143 255 36
3173 2143 255 36
3431 2143 255 36
3688 2143 255 36
236 2182 102 35
341 2182 255 35
598 2182 255 35
856 2182 255 35
1113 2182 255 35
1371 2182 255 35
1628 2182 255 35
1886 2182 255 35
2143 2182 255 35
2401 2182 255 35
2658 2182 255 35
2916 2182 255 35
3173 2182 255 35
3431 2182 255 35
3688 2182 255 35
236 2220 102 36
341 2220 255 36
598 2220 255 36
856 2220 255 36
1113 2220 255 36
1371 2220 255 36
1628 2220 255 36
1886 2220 255 36
2143 2220 255 36
2401 2220 255 36
2658 2220 255 36
2916 2220 255 36
3173 2220 255 36
3431 2220 255 36
3688 2220 255 36
236 2259 102 35
341 2259 255 35
598 2259 255 35
856 2259 255 35
1113 2259 255 35
1371 2259 255 35
1628 2259 255 35
1886 2259 255 35
2143 2259 255 35
2401 2259 255 35
2658 2259 255 35
2916 2259 255 35
3173 2259 255 35
3431 2259 255 35
3688 2259 255 35
236 2297 102 127
341 2297 255 127
598 2297 255 127
856 2297 255 127
1113 2297 255 127
1371 2297 255 127
1628 2297 255 127
1886 2297 255 127
2143 2297 255 127
2401 2297 255 127
2658 2297 255 127
2916 2297 255 127
3173 2297 255 127
3431 2297 255 127
3688 2297 255 127
236 2427 102 189
341 2427 255 189
598 2427 255 189
856 2427 255 189
1113 2427 255 189
1371 2427 255 189
1628 2427 255 189
1886 2427 255 189
2143 2427 255 189
2401 2427 255 189
2658 2427 255 189
2916 2427 255 189
3173 2427 255 189
3431 2427 255 189
3688 2427 255 189
236 2619 102 382
341 2619 255 382
598 2619 255 382
856 2619 255 382
1113 2619 255 382
1371 2619 255 382
1628 2619 255 382
1886 2619 255 382
2143 2619 255 382
2401 2619 255 382
2658 2619 255 382
2916 2619 255 382
3173 2619 255 382
3431 2619 255 382
3688 2619 255 382
169 3004 64 1194
236 3004 102 45
341 3004 255 45
598 3004 513 45
1113 3004 513 45
1628 3004 513 45
2143 3004 513 45
2658 3004 255 45
2916 3004 512 45
3431 3004 512 45
236 3052 102 45
341 3052 255 45
598 3052 255 45
856 3052 255 45
1113 3052 255 45
1371 3052 255 45
1628 3052 255 45
1886 3052 255 45
2143 3052 255 45
2401 3052 255 45
2658 3052 255 45
2916 3052 255 45
3173 3052 255 45
3431 3052 255 45
3688 3052 255 45
236 3100 102 190
341 3100 255 190
598 3100 255 190
856 3100 255 190
1113 3100 255 190
1371 3100 255 190
1628 3100 255 190
1886 3100 255 190
2143 3100 255 190
2401 3100 255 190
2658 3100 255 190
2916 3100 255 190
3173 3100 255 190
3431 3100 255 190
3688 3100 255 190
236 3292 102 46
341 3292 255 46
598 3292 255 46
856 3292 255 46
1113 3292 255 46
1371 3292 255 46
1628 3292 255 46
1886 3292 255 46
2143 3292 255 46
2401 3292 255 46
2658 3292 255 46
2916 3292 255 46
3173 3292 255 46
3431 3292 255 46
3688 3292 255 46
236 3340 102 36
341 3340 255 36
598 3340 255 36
856 3340 255 36
1113 3340 255 36
1371 3340 255 36
1628 3340 255 36
1886 3340 255 36
2143 3340 255 36
2401 3340 255 36
2658 3340 255 36
2916 3340 255 36
3173 3340 255 36
3431 3340 255 36
3688 3340 255 36
236 3379 102 36
341 3379 255 36
598 3379 255 36
856 3379 255 36
1113 3379 255 36
1371 3379 255 36
1628 3379 255 36
1886 3379 255 36
2143 3379 255 36
2401 3379 255 36
2658 3379 255 36
2916 3379 255 36
3173 3379 255 36
3431 3379 255 36
3688 3379 255 36
236 3417 102 36
341 3417 255 36
598 3417 255 36
856 3417 255 36
1113 3417 255 36
1371 3417 255 36
1628 3417 255 36
1886 3417 255 36
2143 3417 255 36
2401 3417 255 36
2658 3417 255 36
2916 3417 255 36
3173 3417 255 36
3431 3417 255 36
3688 3417 255 36
236 3456 102 35
341 3456 255 35
598 3456 255 35
856 3456 255 35
1113 3456 255 35
1371 3456 255 35
1628 3456 255 35
1886 3456 255 35
2143 3456 255 35
2401 3456 255 35
2658 3456 255 35
2916 3456 255 35
3173 3456 255 35
3431 3456 255 35
3688 3456 255 35
236 3494 102 127
341 3494 255 127
598 3494 255 127
856 3494 255 127
1113 3494 255 127
1371 3494 255 127
1628 3494 255 127
1886 3494 255 127
2143 3494 255 127
2401 3494 255 127
2658 3494 255 127
2916 3494 255 127
3173 3494 255 127
3431 3494 255 127
3688 3494 255 127
236 3624 102 190
341 3624 255 190
598 3624 255 190
856 3624 255 190
1113 3624 255 190
1371 3624 255 190
1628 3624 255 190
1886 3624 255 190
2143 3624 255 190
2401 3624 255 190
2658 3624 255 190
2916 3624 255 190
3173 3624 255 190
3431 3624 255 190
3688 3624 255 190
236 3816 102 382
341 3816 255 382
598 3816 255 382
856 3816 255 382
1113 3816 255 382
1371 3816 255 382
1628 3816 255 382
1886 3816 255 382
2143 3816 255 382
2401 3816 255 382
2658 3816 255 382
2916 3816 255 382
3173 3816 255 382
3431 3816 255 382
3688 3816 255 382
169 4201 64 1194
236 4201 102 45
341 4201 255 45
598 4201 770 45
1371 4201 512 45
1886 4201 255 45
2143 4201 255 45
2401 4201 512 45
2916 4201 255 45
3173 4201 770 45
236 4249 102 45
341 4249 255 45
598 4249 255 45
856 4249 255 45
1113 4249 255 45
1371 4249 255 45
1628 4249 255 45
1886 4249 255 45
2143 4249 255 45
2401 4249 255 45
2658 4249 255 45
2916 4249 255 45
3173 4249 255 45
3431 4249 255 45
3688 4249 255 45
236 4297 102 190
341 4297 255 190
598 4297 255 190
856 4297 255 190
1113 4297 255 190
1371 4297 255 190
1628 4297 255 190
1886 4297 255 190
2143 4297 255 190
2401 4297 255 190
2658 4297 255 190
2916 4297 255 190
3173 4297 255 190
3431 4297 255 190
3688 4297 255 190
236 4490 102 45
341 4490 255 45
598 4490 255 45
856 4490 255 45
1113 4490 255 45
1371 4490 255 45
1628 4490 255 45
1886 4490 255 45
2143 4490 255 45
2401 4490 255 45
2658 4490 255 45
2916 4490 255 45
3173 4490 255 45
3431 4490 255 45
3688 4490 255 45
236 4538 102 35
341 4538 255 35
598 4538 255 35
856 4538 255 35
1113 4538 255 35
1371 4538 255 35
1628 4538 255 35
1886 4538 255 35
2143 4538 255 35
2401 4538 255 35
2658 4538 255 35
2916 4538 255 35
3173 4538 255 35
3431 4538 255 35
3688 4538 255 35
236 4576 102 36
341 4576 255 36
598 4576 255 36
856 4576 255 36
1113 4576 255 36
1371 4576 255 36
1628 4576 255 36
1886 4576 255 36
2143 4576 255 36
2401 4576 255 36
2658 4576 255 36
2916 4576 255 36
3173 4576 255 36
3431 4576 255 36
3688 4576 255 36
236 4615 102 35
341 4615 255 35
598 4615 255 35
856 4615 255 35
1113 4615 255 35
1371 4615 255 35
1628 4615 255 35
1886 4615 255 35
2143 4615 255 35
2401 4615 255 35
2658 4615 255 35
2916 4615 255 35
3173 4615 255 35
3431 4615 255 35
3688 4615 255 35
236 4653 102 36
341 4653 255 36
598 4653 255 36
856 4653 255 36
1113 4653 255 36
1371 4653 255 36
1628 4653 255 36
1886 4653 255 36
2143 4653 255 36
2401 4653 255 36
2658 4653 255 36
2916 4653 255 36
3173 4653 255 36
3431 4653 255 36
3688 4653 255 36
236 4692 102 127
341 4692 255 127
598 4692 255 127
856 4692 255 127
1113 4692 255 127
1371 4692 255 127
1628 4692 255 127
1886 4692 255 127
2143 4692 255 127
2401 4692 255 127
2658 4692 255 127
2916 4692 255 127
3173 4692 255 127
3431 4692 255 127
3688 4692 255 127
236 4821 102 190
341 4821 255 190
598 4821 255 190
856 4821 255 190
1113 4821 255 190
1371 4821 255 190
1628 4821 255 190
1886 4821 255 190
2143 4821 255 190
2401 4821 255 190
2658 4821 255 190
2916 4821 255 190
3173 4821 255 190
3431 4821 255 190
3688 4821 255 190
236 5014 102 381
341 5014 255 381
598 5014 255 381
856 5014 255 381
1113 5014 255 381
1371 5014 255 381
1628 5014 255 381
1886 5014 255 381
2143 5014 255 381
2401 5014 255 381
2658 5014 255 381
2916 5014 255 381
3173 5014 255 381
3431 5014 255 381
3688 5014 255 381
