103 103 2073 241
2178 103 2073 65
2178 171 77 105
2258 171 76 105
2337 171 184 105
2523 171 88 105
2614 171 50 105
2667 171 50 105
2720 171 50 105
2773 171 50 105
2826 171 225 105
3054 171 288 105
3345 171 906 105
2178 278 77 2612
2258 278 76 433
2337 278 184 433
2523 278 88 433
2614 278 50 433
2667 278 50 433
2720 278 50 433
2773 278 50 433
2826 278 225 433
3054 278 288 433
3345 278 906 433
103 347 2073 196
103 546 2073 64
103 613 77 105
183 613 76 105
262 613 184 105
448 613 88 105
539 613 50 105
592 613 50 105
645 613 50 105
698 613 50 105
751 613 225 105
979 613 288 105
1270 613 906 105
2258 714 76 433
2337 714 184 433
2523 714 88 433
2614 714 50 433
2667 714 50 433
2720 714 50 433
2773 714 50 433
2826 714 225 433
3054 714 288 433
3345 714 906 433
103 721 77 2169
183 721 76 540
262 721 184 540
448 721 88 540
539 721 50 540
592 721 50 540
645 721 50 540
698 721 50 540
751 721 225 540
979 721 288 540
1270 721 906 540
2258 1150 76 433
2337 1150 184 433
2523 1150 88 433
2614 1150 50 433
2667 1150 50 433
2720 1150 50 433
2773 1150 50 433
2826 1150 225 433
3054 1150 288 433
3345 1150 906 433
183 1264 76 540
262 1264 184 540
448 1264 88 540
539 1264 50 540
592 1264 50 540
645 1264 50 540
698 1264 50 540
751 1264 225 540
979 1264 288 540
1270 1264 906 540
2258 1586 76 432
2337 1586 184 432
2523 1586 88 432
2614 1586 50 432
2667 1586 50 432
2720 1586 50 432
2773 1586 50 432
2826 1586 225 432
3054 1586 288 432
3345 1586 906 432
183 1807 76 540
262 1807 184 540
448 1807 88 540
539 1807 50 540
592 1807 50 540
645 1807 50 540
698 1807 50 540
751 1807 225 540
979 1807 288 540
1270 1807 906 540
2258 2021 76 433
2337 2021 184 433
2523 2021 88 433
2614 2021 50 433
2667 2021 50 433
2720 2021 50 433
2773 2021 50 433
2826 2021 225 433
3054 2021 288 433
3345 2021 906 433
183 2350 76 540
262 2350 184 540
448 2350 88 540
539 2350 50 540
592 2350 50 540
645 2350 50 540
698 2350 50 540
751 2350 225 540
979 2350 288 540
1270 2350 906 540
2258 2457 76 433
2337 2457 184 433
2523 2457 88 433
2614 2457 50 433
2667 2457 50 433
2720 2457 50 433
2773 2457 50 433
2826 2457 225 433
3054 2457 288 433
3345 2457 906 433
