76 150 2887 248
76 406 2887 184
76 592 2886 60
76 654 61 83
139 654 168 83
309 654 122 83
433 654 95 83
530 654 43 83
575 654 83 83
660 654 61 83
723 654 338 83
1063 654 508 83
1573 654 1389 83
76 739 61 170
309 739 122 170
433 739 95 170
530 739 43 170
575 739 83 170
660 739 61 170
723 739 338 170
1063 739 508 170
1573 739 1389 170
76 911 61 83
139 911 168 83
309 911 122 83
433 911 95 83
530 911 43 83
575 911 83 83
660 911 61 83
723 911 338 83
1063 911 508 83
1573 911 1389 83
76 996 61 170
309 996 122 170
433 996 95 170
530 996 43 170
575 996 83 170
660 996 61 170
723 996 338 170
1063 996 508 170
1573 996 1389 170
139 1041 33 22
76 1168 2886 61
76 1231 61 83
139 1231 168 83
309 1231 122 83
433 1231 95 83
530 1231 43 83
575 1231 83 83
660 1231 61 83
723 1231 338 83
1063 1231 508 83
1573 1231 1389 83
76 1316 61 170
309 1316 122 170
433 1316 95 170
530 1316 43 170
575 1316 83 170
660 1316 61 170
723 1316 338 170
1063 1316 508 170
1573 1316 1389 170
76 1488 2886 60
76 1550 61 83
139 1550 168 83
309 1550 122 83
433 1550 95 83
530 1550 43 83
575 1550 83 83
660 1550 61 83
723 1550 338 83
1063 1550 508 83
1573 1550 1389 83
76 1635 61 170
309 1635 122 170
433 1635 95 170
530 1635 43 170
575 1635 83 170
660 1635 61 170
723 1635 338 170
1063 1635 508 170
1573 1635 1389 170
76 1807 2886 61
76 1870 61 83
139 1870 168 83
309 1870 122 83
433 1870 95 83
530 1870 43 83
575 1870 83 83
660 1870 61 83
723 1870 338 83
1063 1870 508 83
1573 1870 1389 83
76 1955 61 170
309 1955 122 170
433 1955 95 170
530 1955 43 170
575 1955 83 170
660 1955 61 170
723 1955 338 170
1063 1955 508 170
1573 1955 1389 170
76 2127 2886 60
76 2189 61 83
139 2189 168 83
309 2189 122 83
433 2189 95 83
530 2189 43 83
575 2189 83 83
660 2189 61 83
723 2189 338 83
1063 2189 508 83
1573 2189 1389 83
76 2274 61 170
309 2274 122 170
433 2274 95 170
530 2274 43 170
575 2274 83 170
660 2274 61 170
723 2274 338 170
1063 2274 508 170
1573 2274 1389 170
76 2446 61 83
139 2446 168 83
309 2446 122 83
433 2446 95 83
530 2446 43 83
575 2446 83 83
660 2446 61 83
723 2446 338 83
1063 2446 508 83
1573 2446 1389 83
76 2531 61 170
309 2531 122 170
433 2531 95 170
530 2531 43 170
575 2531 83 170
660 2531 61 170
723 2531 338 170
1063 2531 508 170
1573 2531 1389 170
76 2703 2886 61
76 2766 61 83
139 2766 168 83
309 2766 122 83
433 2766 95 83
530 2766 43 83
575 2766 83 83
660 2766 61 83
723 2766 338 83
1063 2766 508 83
1573 2766 1389 83
76 2851 61 170
309 2851 122 170
433 2851 95 170
530 2851 43 170
575 2851 83 170
660 2851 61 170
723 2851 338 170
1063 2851 508 170
1573 2851 1389 170
76 3023 2886 60
76 3085 61 83
139 3085 168 83
309 3085 122 83
433 3085 95 83
530 3085 43 83
575 3085 83 83
660 3085 61 83
723 3085 338 83
1063 3085 508 83
1573 3085 1389 83
76 3170 61 170
309 3170 122 170
433 3170 95 170
530 3170 43 170
575 3170 83 170
660 3170 61 170
723 3170 338 170
1063 3170 508 170
1573 3170 1389 170
139 3214 34 24
76 3342 2886 61
76 3405 61 83
139 3405 168 83
309 3405 122 83
433 3405 95 83
530 3405 43 83
575 3405 83 83
660 3405 61 83
723 3405 338 83
1063 3405 508 83
1573 3405 1389 83
76 3490 61 170
139 3490 168 138
309 3490 122 170
433 3490 95 170
530 3490 43 170
575 3490 83 170
660 3490 61 170
723 3490 338 170
1063 3490 508 170
1573 3490 1389 170
76 3662 2886 60
76 3724 61 83
139 3724 168 83
309 3724 122 83
433 3724 95 83
530 3724 43 83
575 3724 83 83
660 3724 61 83
723 3724 338 83
1063 3724 508 83
1573 3724 1389 83
76 3809 61 170
309 3809 122 170
433 3809 95 170
530 3809 43 170
575 3809 83 170
660 3809 61 170
723 3809 338 170
1063 3809 508 170
1573 3809 1389 170
76 3981 2887 223
