112 112 2259 214
112 329 2259 160
112 492 2259 83
112 578 85 149
199 578 85 149
287 578 231 149
520 578 85 149
608 578 55 149
666 578 56 149
725 578 55 149
783 578 55 149
841 578 249 149
1093 578 318 149
1414 578 957 149
112 730 85 558
199 730 85 278
287 730 231 278
520 730 85 278
608 730 55 278
666 730 56 278
725 730 55 278
783 730 55 278
841 730 249 278
1093 730 318 278
1414 730 957 278
199 1010 85 278
287 1010 231 278
520 1010 85 278
608 1010 55 278
666 1010 56 278
725 1010 55 278
783 1010 55 278
841 1010 249 278
1093 1010 318 278
1414 1010 957 278
112 1291 2259 83
112 1377 85 149
199 1377 85 149
287 1377 231 149
520 1377 85 149
608 1377 55 149
666 1377 56 149
725 1377 55 149
783 1377 55 149
841 1377 249 149
1093 1377 318 149
1414 1377 957 149
112 1529 85 1120
199 1529 85 278
287 1529 231 278
520 1529 85 278
608 1529 55 278
666 1529 56 278
725 1529 55 278
783 1529 55 278
841 1529 249 278
1093 1529 318 278
1414 1529 957 278
199 1810 85 278
287 1810 231 278
520 1810 85 278
608 1810 55 278
666 1810 56 278
725 1810 55 278
783 1810 55 278
841 1810 249 278
1093 1810 318 278
1414 1810 957 278
199 2090 85 278
287 2090 231 278
520 2090 85 278
608 2090 55 278
666 2090 56 278
725 2090 55 278
783 2090 55 278
841 2090 249 278
1093 2090 318 278
1414 2090 957 278
199 2371 85 278
287 2371 231 278
520 2371 85 278
608 2371 55 278
666 2371 56 278
725 2371 55 278
783 2371 55 278
841 2371 249 278
1093 2371 318 278
1414 2371 957 278
112 2652 2259 83
112 2737 85 150
199 2737 85 150
287 2737 231 150
520 2737 85 150
608 2737 55 150
666 2737 56 150
725 2737 55 150
783 2737 55 150
841 2737 249 150
1093 2737 318 150
1414 2737 957 150
112 2889 85 559
199 2889 85 278
287 2889 231 278
520 2889 85 278
608 2889 55 278
666 2889 56 278
725 2889 55 278
783 2889 55 278
841 2889 249 278
1093 2889 318 278
1414 2889 957 278
199 3170 85 278
287 3170 231 278
520 3170 85 278
608 3170 55 278
666 3170 56 278
725 3170 55 278
783 3170 55 278
841 3170 249 278
1093 3170 318 278
1414 3170 957 278
