170 214 2897 274
170 491 2897 297
170 792 150 137
322 792 89 137
413 792 202 137
617 792 208 137
827 792 224 137
1053 792 112 137
1167 792 111 137
1280 792 157 137
1439 792 293 137
1734 792 292 137
2028 792 1039 137
170 934 150 380
322 934 89 380
413 934 202 380
617 934 208 380
827 934 224 380
1053 934 112 380
1167 934 111 380
1280 934 157 380
1439 934 293 380
1734 934 292 380
2028 934 1039 380
170 1318 150 380
322 1318 89 380
413 1318 202 380
617 1318 208 380
827 1318 224 380
1053 1318 112 380
1167 1318 111 380
1280 1318 157 380
1439 1318 293 380
1734 1318 292 380
2028 1318 1039 380
170 1703 150 764
322 1703 89 381
413 1703 202 381
617 1703 208 381
827 1703 224 381
1053 1703 112 381
1167 1703 111 381
1280 1703 157 381
1439 1703 293 381
1734 1703 292 381
2028 1703 1039 381
322 2086 89 381
413 2086 202 381
617 2086 208 381
827 2086 224 381
1053 2086 112 381
1167 2086 111 381
1280 2086 157 381
1439 2086 293 381
1734 2086 292 381
2028 2086 1039 381
170 2471 150 1150
322 2471 89 382
413 2471 202 382
617 2471 208 382
827 2471 224 382
1053 2471 112 382
1167 2471 111 382
1280 2471 157 382
1439 2471 293 382
1734 2471 292 382
2028 2471 1039 382
322 2855 89 382
413 2855 202 382
617 2855 208 382
827 2855 224 382
1053 2855 112 382
1167 2855 111 382
1280 2855 157 382
1439 2855 293 382
1734 2855 292 382
2028 2855 1039 382
322 3239 89 382
413 3239 202 382
617 3239 208 382
827 3239 224 382
1053 3239 112 382
1167 3239 111 382
1280 3239 157 382
1439 3239 293 382
1734 3239 292 382
2028 3239 1039 382
170 3625 150 380
322 3625 89 380
413 3625 202 380
617 3625 208 380
827 3625 224 380
1053 3625 112 380
1167 3625 111 380
1280 3625 157 380
1439 3625 293 380
1734 3625 292 380
2028 3625 1039 380
170 4009 150 373
322 4009 89 373
413 4009 202 373
617 4009 208 373
827 4009 224 373
1053 4009 112 373
1167 4009 111 373
1280 4009 157 373
1439 4009 293 373
1734 4009 292 373
2028 4009 1039 373
