112 112 2259 76
112 191 85 137
199 191 85 137
287 191 231 137
520 191 85 137
608 191 55 137
666 191 56 137
725 191 55 137
783 191 55 137
841 191 249 137
1093 191 318 137
1414 191 957 137
112 331 85 256
199 331 85 256
287 331 231 256
520 331 85 256
608 331 55 256
666 331 56 256
725 331 55 256
783 331 55 256
841 331 249 256
1093 331 318 256
1414 331 957 256
112 590 85 256
199 590 85 256
287 590 231 256
520 590 85 256
608 590 55 256
666 590 56 256
725 590 55 256
783 590 55 256
841 590 249 256
1093 590 318 256
1414 590 957 256
112 849 85 514
199 849 85 256
287 849 231 256
520 849 85 256
608 849 55 256
666 849 56 256
725 849 55 256
783 849 55 256
841 849 249 256
1093 849 318 256
1414 849 957 256
199 1107 85 256
287 1107 231 256
520 1107 85 256
608 1107 55 256
666 1107 56 256
725 1107 55 256
783 1107 55 256
841 1107 249 256
1093 1107 318 256
1414 1107 957 256
112 1366 2259 2082
