163 165 2345 288
2511 165 2345 77
2511 245 87 126
2601 245 87 126
2691 245 208 126
2902 245 99 126
3004 245 57 126
3064 245 57 126
3124 245 57 126
3184 245 57 126
3244 245 255 126
3502 245 327 126
3831 245 1025 126
2511 374 87 679
2601 374 87 338
2691 374 208 338
2902 374 99 338
3004 374 57 338
3064 374 57 338
3124 374 57 338
3184 374 57 338
3244 374 255 338
3502 374 327 338
3831 374 1025 338
163 456 2345 234
163 693 2345 78
2601 715 87 338
2691 715 208 338
2902 715 99 338
3004 715 57 338
3064 715 57 338
3124 715 57 338
3184 715 57 338
3244 715 255 338
3502 715 327 338
3831 715 1025 338
163 774 87 125
253 774 87 125
343 774 208 125
554 774 100 125
656 774 57 125
716 774 57 125
776 774 57 125
836 774 57 125
896 774 255 125
1154 774 327 125
1483 774 1025 125
163 902 87 1020
253 902 87 338
343 902 208 338
554 902 100 338
656 902 57 338
716 902 57 338
776 902 57 338
836 902 57 338
896 902 255 338
1154 902 327 338
1483 902 1025 338
2511 1056 2345 77
2511 1136 87 126
2601 1136 87 126
2691 1136 208 126
2902 1136 99 126
3004 1136 57 126
3064 1136 57 126
3124 1136 57 126
3184 1136 57 126
3244 1136 255 126
3502 1136 327 126
3831 1136 1025 126
253 1243 87 338
343 1243 208 338
554 1243 100 338
656 1243 57 338
716 1243 57 338
776 1243 57 338
836 1243 57 338
896 1243 255 338
1154 1243 327 338
1483 1243 1025 338
2511 1265 87 679
2601 1265 87 338
2691 1265 208 338
2902 1265 99 338
3004 1265 57 338
3064 1265 57 338
3124 1265 57 338
3184 1265 57 338
3244 1265 255 338
3502 1265 327 338
3831 1265 1025 338
253 1584 87 338
343 1584 208 338
554 1584 100 338
656 1584 57 338
716 1584 57 338
776 1584 57 338
836 1584 57 338
896 1584 255 338
1154 1584 327 338
1483 1584 1025 338
2601 1606 87 338
2691 1606 208 338
2902 1606 99 338
3004 1606 57 338
3064 1606 57 338
3124 1606 57 338
3184 1606 57 338
3244 1606 255 338
3502 1606 327 338
3831 1606 1025 338
163 1925 2345 77
2511 1947 87 338
2601 1947 87 338
2691 1947 208 338
2902 1947 99 338
3004 1947 57 338
3064 1947 57 338
3124 1947 57 338
3184 1947 57 338
3244 1947 255 338
3502 1947 327 338
3831 1947 1025 338
163 2005 87 125
253 2005 87 125
343 2005 208 125
554 2005 100 125
656 2005 57 125
716 2005 57 125
776 2005 57 125
836 2005 57 125
896 2005 255 125
1154 2005 327 125
1483 2005 1025 125
163 2134 87 1360
253 2134 87 337
343 2134 208 337
554 2134 100 337
656 2134 57 337
716 2134 57 337
776 2134 57 337
836 2134 57 337
896 2134 255 337
1154 2134 327 337
1483 2134 1025 337
2511 2288 87 679
2601 2288 87 338
2691 2288 208 338
2902 2288 99 338
3004 2288 57 338
3064 2288 57 338
3124 2288 57 338
3184 2288 57 338
3244 2288 255 338
3502 2288 327 338
3831 2288 1025 338
253 2474 87 338
343 2474 208 338
554 2474 100 338
656 2474 57 338
716 2474 57 338
776 2474 57 338
836 2474 57 338
896 2474 255 338
1154 2474 327 338
1483 2474 1025 338
2601 2629 87 338
2691 2629 208 338
2902 2629 99 338
3004 2629 57 338
3064 2629 57 338
3124 2629 57 338
3184 2629 57 338
3244 2629 255 338
3502 2629 327 338
3831 2629 1025 338
253 2815 87 338
343 2815 208 338
554 2815 100 338
656 2815 57 338
716 2815 57 338
776 2815 57 338
836 2815 57 338
896 2815 255 338
1154 2815 327 338
1483 2815 1025 338
2511 2970 87 338
2601 2970 87 338
2691 2970 208 338
2902 2970 99 338
3004 2970 57 338
3064 2970 57 338
3124 2970 57 338
3184 2970 57 338
3244 2970 255 338
3502 2970 327 338
3831 2970 1025 338
253 3156 87 338
343 3156 208 338
554 3156 100 338
656 3156 57 338
716 3156 57 338
776 3156 57 338
836 3156 57 338
896 3156 255 338
1154 3156 327 338
1483 3156 1025 338
2511 3311 2345 183
