103 103 4148 216
103 322 4148 115
103 440 4148 58
103 501 77 93
183 501 76 93
262 501 184 93
448 501 88 93
539 501 50 93
592 501 50 93
645 501 50 93
698 501 50 93
751 501 225 93
979 501 288 93
1270 501 906 93
2178 501 77 93
2258 501 76 93
2337 501 184 93
2523 501 88 93
2614 501 50 93
2667 501 50 93
2720 501 50 93
2773 501 50 93
2826 501 225 93
3054 501 288 93
3345 501 906 93
103 597 77 264
183 597 76 264
262 597 184 264
448 597 88 264
539 597 50 264
592 597 50 264
645 597 50 264
698 597 50 264
751 597 225 264
979 597 288 264
1270 597 906 264
2178 597 77 264
2258 597 76 264
2337 597 184 264
2523 597 88 264
2614 597 50 264
2667 597 50 264
2720 597 50 264
2773 597 50 264
2826 597 225 264
3054 597 288 264
3345 597 906 264
103 864 4148 58
103 925 77 93
183 925 76 93
262 925 184 93
448 925 88 93
539 925 50 93
592 925 50 93
645 925 50 93
698 925 50 93
751 925 225 93
979 925 288 93
1270 925 901 93
2183 925 72 93
2258 925 76 93
2337 925 184 93
2523 925 88 93
2614 925 50 93
2667 925 50 93
2720 925 50 93
2773 925 50 93
2826 925 225 93
3054 925 288 93
3345 925 906 93
103 1021 77 1869
183 1021 76 264
262 1021 184 264
448 1021 88 264
539 1021 50 264
592 1021 50 264
645 1021 50 264
698 1021 50 264
751 1021 225 264
979 1021 288 264
1270 1021 901 264
2183 1021 72 1869
2258 1021 76 264
2337 1021 184 264
2523 1021 88 264
2614 1021 50 264
2667 1021 50 264
2720 1021 50 264
2773 1021 50 264
2826 1021 225 264
3054 1021 288 264
3345 1021 906 264
183 1288 76 265
262 1288 184 265
448 1288 88 265
539 1288 50 265
592 1288 50 265
645 1288 50 265
698 1288 50 265
751 1288 225 265
979 1288 288 265
1270 1288 901 265
2258 1288 76 265
2337 1288 184 265
2523 1288 88 265
2614 1288 50 265
2667 1288 50 265
2720 1288 50 265
2773 1288 50 265
2826 1288 225 265
3054 1288 288 265
3345 1288 906 265
183 1556 76 264
262 1556 184 264
448 1556 88 264
539 1556 50 264
592 1556 50 264
645 1556 50 264
698 1556 50 264
751 1556 225 264
979 1556 288 264
1270 1556 901 264
2258 1556 76 264
2337 1556 184 264
2523 1556 88 264
2614 1556 50 264
2667 1556 50 264
2720 1556 50 264
2773 1556 50 264
2826 1556 225 264
3054 1556 288 264
3345 1556 906 264
183 1823 76 265
262 1823 184 265
448 1823 88 265
539 1823 50 265
592 1823 50 265
645 1823 50 265
698 1823 50 265
751 1823 225 265
979 1823 288 265
1270 1823 901 265
2258 1823 76 265
2337 1823 184 265
2523 1823 88 265
2614 1823 50 265
2667 1823 50 265
2720 1823 50 265
2773 1823 50 265
2826 1823 225 265
3054 1823 288 265
3345 1823 906 265
183 2091 76 264
262 2091 184 264
448 2091 88 264
539 2091 50 264
592 2091 50 264
645 2091 50 264
698 2091 50 264
751 2091 225 264
979 2091 288 264
1270 2091 901 264
2258 2091 76 264
2337 2091 184 264
2523 2091 88 264
2614 2091 50 264
2667 2091 50 264
2720 2091 50 264
2773 2091 50 264
2826 2091 225 264
3054 2091 288 264
3345 2091 906 264
183 2358 76 265
262 2358 184 265
448 2358 88 265
539 2358 50 265
592 2358 50 265
645 2358 50 265
698 2358 50 265
751 2358 225 265
979 2358 288 265
1270 2358 901 265
2258 2358 76 265
2337 2358 184 265
2523 2358 88 265
2614 2358 50 265
2667 2358 50 265
2720 2358 50 265
2773 2358 50 265
2826 2358 225 265
3054 2358 288 265
3345 2358 906 265
183 2625 76 265
262 2625 184 265
448 2625 88 265
539 2625 50 265
592 2625 50 265
645 2625 50 265
698 2625 50 265
751 2625 225 265
979 2625 288 265
1270 2625 901 265
2258 2625 76 265
2337 2625 184 265
2523 2625 88 265
2614 2625 50 265
2667 2625 50 265
2720 2625 50 265
2773 2625 50 265
2826 2625 225 265
3054 2625 288 265
3345 2625 906 265
