47 48 1716 84
1769 48 1715 84
47 133 56 84
104 133 224 84
329 133 70 84
400 133 88 84
489 133 70 84
560 133 87 84
648 133 94 84
743 133 226 84
970 133 226 84
1197 133 566 84
1769 133 55 84
1825 133 224 84
2050 133 70 84
2121 133 88 84
2210 133 70 84
2281 133 87 84
2369 133 95 84
2465 133 226 84
2692 133 225 84
2918 133 566 84
47 218 56 566
104 218 224 566
329 218 70 566
400 218 88 566
489 218 70 566
560 218 87 566
648 218 94 566
743 218 226 566
970 218 226 566
1197 218 566 566
1769 218 55 566
1825 218 224 566
2050 218 70 566
2121 218 88 566
2210 218 70 566
2281 218 87 566
2369 218 95 566
2465 218 226 566
2692 218 225 566
2918 218 566 566
47 785 1716 84
1769 785 55 566
1825 785 224 566
2050 785 70 566
2121 785 88 566
2210 785 70 566
2281 785 87 566
2369 785 95 566
2465 785 226 566
2692 785 225 566
2918 785 566 566
47 870 56 84
104 870 224 84
329 870 70 84
400 870 88 84
489 870 70 84
560 870 87 84
648 870 94 84
743 870 226 84
970 870 226 84
1197 870 566 84
47 955 56 566
104 955 224 566
329 955 70 566
400 955 88 566
489 955 70 566
560 955 87 566
648 955 94 566
743 955 226 566
970 955 226 566
1197 955 566 566
1769 1352 1715 84
1769 1437 55 84
1825 1437 224 84
2050 1437 70 84
2121 1437 88 84
2210 1437 70 84
2281 1437 87 84
2369 1437 95 84
2465 1437 226 84
2692 1437 225 84
2918 1437 566 84
47 1522 56 566
104 1522 224 566
329 1522 70 566
400 1522 88 566
489 1522 70 566
560 1522 87 566
648 1522 94 566
743 1522 226 566
970 1522 226 566
1197 1522 566 566
1769 1522 55 566
1825 1522 224 566
2050 1522 70 566
2121 1522 88 566
2210 1522 70 566
2281 1522 87 566
2369 1522 95 566
2465 1522 226 566
2692 1522 225 566
2918 1522 566 566
47 2089 56 566
104 2089 224 566
329 2089 70 566
400 2089 88 566
489 2089 70 566
560 2089 87 566
648 2089 94 566
743 2089 226 566
970 2089 226 566
1197 2089 566 566
1769 2089 55 566
1825 2089 224 566
2050 2089 70 566
2121 2089 88 566
2210 2089 70 566
2281 2089 87 566
2369 2089 95 566
2465 2089 226 566
2692 2089 225 566
2918 2089 566 566
47 2656 56 566
104 2656 224 566
329 2656 70 566
400 2656 88 566
489 2656 70 566
560 2656 87 566
648 2656 94 566
743 2656 226 566
970 2656 226 566
1197 2656 566 566
1769 2656 55 566
1825 2656 224 566
2050 2656 70 566
2121 2656 88 566
2210 2656 70 566
2281 2656 87 566
2369 2656 95 566
2465 2656 226 566
2692 2656 225 566
2918 2656 566 566
47 3223 56 566
104 3223 224 566
329 3223 70 566
400 3223 88 566
489 3223 70 566
560 3223 87 566
648 3223 94 566
743 3223 226 566
970 3223 226 566
1197 3223 566 566
1769 3223 55 566
1825 3223 224 566
2050 3223 70 566
2121 3223 88 566
2210 3223 70 566
2281 3223 87 566
2369 3223 95 566
2465 3223 226 566
2692 3223 225 566
2918 3223 566 566
47 3790 56 566
104 3790 224 566
329 3790 70 566
400 3790 88 566
489 3790 70 566
560 3790 87 566
648 3790 94 566
743 3790 226 566
970 3790 226 566
1197 3790 566 566
1769 3790 55 566
1825 3790 224 566
2050 3790 70 566
2121 3790 88 566
2210 3790 70 566
2281 3790 87 566
2369 3790 95 566
2465 3790 226 566
2692 3790 225 566
2918 3790 566 566
47 4357 1716 432
1769 4357 1715 432
