153 153 2049 52
153 208 76 86
232 208 77 86
312 208 183 86
498 208 88 86
589 208 50 86
641 208 51 86
694 208 51 86
747 208 50 86
800 208 225 86
1028 208 289 86
1319 208 883 86
153 297 76 408
232 297 77 202
312 297 183 202
498 297 88 202
589 297 50 202
641 297 51 202
694 297 51 202
747 297 50 202
800 297 225 202
1028 297 289 202
1319 297 883 202
232 502 77 203
312 502 183 203
498 502 88 203
589 502 50 203
641 502 51 203
694 502 51 203
747 502 50 203
800 502 225 203
1028 502 289 203
1319 502 883 203
153 708 76 408
232 708 77 202
312 708 183 202
498 708 88 202
589 708 50 202
641 708 51 202
694 708 51 202
747 708 50 202
800 708 225 202
1028 708 289 202
1319 708 883 202
232 913 77 203
312 913 183 203
498 913 88 203
589 913 50 203
641 913 51 203
694 913 51 203
747 913 50 203
800 913 225 203
1028 913 289 203
1319 913 883 203
153 1118 76 408
232 1118 77 203
312 1118 183 203
498 1118 88 203
589 1118 50 203
641 1118 51 203
694 1118 51 203
747 1118 50 203
800 1118 225 203
1028 1118 289 203
1319 1118 883 203
232 1324 77 202
312 1324 183 202
498 1324 88 202
589 1324 50 202
641 1324 51 202
694 1324 51 202
747 1324 50 202
800 1324 225 202
1028 1324 289 202
1319 1324 883 202
153 1529 2049 1524
