153 153 2072 66
2228 153 2072 66
153 221 76 107
232 221 77 107
312 221 183 107
498 221 88 107
589 221 50 107
641 221 51 107
694 221 51 107
747 221 50 107
800 221 225 107
1028 221 289 107
1319 221 906 107
2228 221 76 107
2307 221 77 107
2387 221 183 107
2573 221 88 107
2664 221 50 107
2716 221 51 107
2769 221 50 107
2822 221 50 107
2875 221 225 107
3103 221 289 107
3394 221 906 107
153 331 76 577
232 331 77 287
312 331 183 287
498 331 88 287
589 331 50 287
641 331 51 287
694 331 51 287
747 331 50 287
800 331 225 287
1028 331 289 287
1319 331 906 287
2228 331 76 867
2307 331 77 287
2387 331 183 287
2573 331 88 287
2664 331 50 287
2716 331 51 287
2769 331 50 287
2822 331 50 287
2875 331 225 287
3103 331 289 287
3394 331 906 287
232 621 77 287
312 621 183 287
498 621 88 287
589 621 50 287
641 621 51 287
694 621 51 287
747 621 50 287
800 621 225 287
1028 621 289 287
1319 621 906 287
2307 621 77 287
2387 621 183 287
2573 621 88 287
2664 621 50 287
2716 621 51 287
2769 621 50 287
2822 621 50 287
2875 621 225 287
3103 621 289 287
3394 621 906 287
153 911 76 287
232 911 77 287
312 911 183 287
498 911 88 287
589 911 50 287
641 911 51 287
694 911 51 287
747 911 50 287
800 911 225 287
1028 911 289 287
1319 911 906 287
2307 911 77 287
2387 911 183 287
2573 911 88 287
2664 911 50 287
2716 911 51 287
2769 911 50 287
2822 911 50 287
2875 911 225 287
3103 911 289 287
3394 911 906 287
153 1201 76 578
232 1201 77 287
312 1201 183 287
498 1201 88 287
589 1201 50 287
641 1201 51 287
694 1201 51 287
747 1201 50 287
800 1201 225 287
1028 1201 289 287
1319 1201 906 287
2228 1201 2072 1436
232 1491 77 288
312 1491 183 288
498 1491 88 288
589 1491 50 288
641 1491 51 288
694 1491 51 288
747 1491 50 288
800 1491 225 288
1028 1491 289 288
1319 1491 906 288
153 1781 76 288
232 1781 77 288
312 1781 183 288
498 1781 88 288
589 1781 50 288
641 1781 51 288
694 1781 51 288
747 1781 50 288
800 1781 225 288
1028 1781 289 288
1319 1781 906 288
153 2072 76 287
232 2072 77 287
312 2072 183 287
498 2072 88 287
589 2072 50 287
641 2072 51 287
694 2072 51 287
747 2072 50 287
800 2072 225 287
1028 2072 289 287
1319 2072 906 287
153 2362 76 577
232 2362 77 287
312 2362 183 287
498 2362 88 287
589 2362 50 287
641 2362 51 287
694 2362 51 287
747 2362 50 287
800 2362 225 287
1028 2362 289 287
1319 2362 906 287
2228 2640 2072 299
232 2652 77 287
312 2652 183 287
498 2652 88 287
589 2652 50 287
641 2652 51 287
694 2652 51 287
747 2652 50 287
800 2652 225 287
1028 2652 289 287
1319 2652 906 287
