1495 3023 157 89
1654 3023 310 89
1966 3023 537 89
2504 3023 157 89
2663 3023 191 89
1495 3113 157 89
1654 3113 310 89
1966 3113 537 89
2504 3113 157 89
2663 3113 191 89
1495 3204 157 89
1654 3204 310 89
1966 3204 537 89
2504 3204 157 89
2663 3204 191 89
1495 3295 157 89
1654 3295 310 89
1966 3295 537 89
2504 3295 157 89
2663 3295 191 89
1495 3386 157 89
1654 3386 310 89
1966 3386 537 89
2504 3386 157 89
2663 3386 191 89
1495 3476 157 89
1654 3476 310 89
1966 3476 537 89
2504 3476 157 89
2663 3476 191 89
1495 3567 157 89
1654 3567 310 89
1966 3567 537 89
2504 3567 157 89
2663 3567 191 89
1495 3658 157 89
1654 3658 310 89
1966 3658 537 89
2504 3658 157 89
2663 3658 191 89
1495 3748 157 89
1654 3748 310 89
1966 3748 537 89
2504 3748 157 89
2663 3748 191 89
1495 3839 157 89
1654 3839 310 89
1966 3839 537 89
2504 3839 157 89
2663 3839 191 89
1495 3930 157 89
1654 3930 310 89
1966 3930 537 89
2504 3930 157 89
2663 3930 191 89
