22 22 2690 309
22 333 2690 258
22 593 99 89
124 593 252 89
379 593 224 89
606 593 134 89
743 593 94 89
840 593 135 89
977 593 133 89
1113 593 243 89
1359 593 527 89
1888 593 824 89
22 685 2690 114
22 802 99 347
124 802 252 347
379 802 224 347
606 802 134 347
743 802 94 347
840 802 135 347
977 802 133 347
1113 802 243 347
1359 802 527 347
1888 802 824 347
22 1152 99 348
124 1152 252 348
379 1152 224 348
606 1152 134 348
743 1152 94 348
840 1152 135 348
977 1152 133 348
1113 1152 243 348
1359 1152 527 348
1888 1152 824 348
22 1503 99 348
124 1503 252 348
379 1503 224 348
606 1503 134 348
743 1503 94 348
840 1503 135 348
977 1503 133 348
1113 1503 243 348
1359 1503 527 348
1888 1503 824 348
22 1854 99 348
124 1854 252 348
379 1854 224 348
606 1854 134 348
743 1854 94 348
840 1854 135 348
977 1854 133 348
1113 1854 243 348
1359 1854 527 348
1888 1854 824 348
22 2205 99 348
124 2205 252 348
379 2205 224 348
606 2205 134 348
743 2205 94 348
840 2205 135 348
977 2205 133 348
1113 2205 243 348
1359 2205 527 348
1888 2205 824 348
22 2555 2690 114
22 2672 99 348
124 2672 252 348
379 2672 224 348
606 2672 134 348
743 2672 94 348
840 2672 134 348
977 2672 133 348
1113 2672 243 348
1359 2672 527 348
1888 2672 824 348
22 3023 99 346
124 3023 252 346
379 3023 224 346
606 3023 134 346
743 3023 94 346
840 3023 134 346
977 3023 133 346
1113 3023 243 346
1359 3023 527 346
1888 3023 824 346
22 3372 99 351
124 3372 252 351
379 3372 224 351
606 3372 134 351
743 3372 94 351
840 3372 134 351
977 3372 133 351
1113 3372 243 351
1359 3372 527 351
1888 3372 824 351
22 3725 99 347
124 3725 252 347
379 3725 224 347
606 3725 134 347
743 3725 94 347
840 3725 134 347
977 3725 133 347
1113 3725 243 347
1359 3725 527 347
1888 3725 824 347
