60 367 2793 279
60 648 83 89
145 648 253 89
400 648 225 89
627 648 168 89
797 648 83 89
882 648 140 89
1024 648 168 89
1194 648 337 89
1533 648 416 89
1951 648 902 89
60 739 2793 78
60 820 83 264
400 820 225 264
627 820 168 264
797 820 83 264
882 820 140 264
1024 820 168 264
1194 820 337 264
1533 820 416 264
1951 820 902 264
145 874 70 23
365 1005 33 79
145 1022 24 44
60 1086 83 264
400 1086 225 264
627 1086 168 264
797 1086 83 264
882 1086 140 264
1024 1086 168 264
1194 1086 337 264
1533 1086 416 264
1951 1086 902 264
145 1087 253 22
145 1288 24 62
367 1291 31 24
60 1352 2793 79
60 1433 83 264
145 1433 253 33
400 1433 225 264
627 1433 168 264
797 1433 83 264
882 1433 140 264
1024 1433 168 264
1194 1433 337 264
1533 1433 416 264
1951 1433 902 264
145 1507 65 28
331 1516 67 24
369 1640 29 25
145 1641 22 56
60 1699 83 265
400 1699 225 265
627 1699 168 265
797 1699 83 265
882 1699 140 265
1024 1699 168 265
1194 1699 337 265
1533 1699 416 265
1951 1699 902 265
145 1895 27 69
60 1966 83 264
145 1966 24 264
400 1966 225 264
627 1966 168 264
797 1966 83 264
882 1966 140 264
1024 1966 168 264
1194 1966 337 264
1533 1966 416 264
1951 1966 902 264
369 2135 29 95
60 2232 83 265
400 2232 225 265
627 2232 168 265
797 2232 83 265
882 2232 140 265
1024 2232 168 265
1194 2232 337 265
1533 2232 416 265
1951 2232 902 265
145 2285 73 24
145 2389 24 21
145 2412 25 28
368 2418 30 21
369 2439 29 32
145 2440 26 25
145 2465 27 32
370 2471 28 26
60 2499 83 264
145 2499 253 32
400 2499 225 264
627 2499 168 264
797 2499 83 264
882 2499 140 264
1024 2499 168 264
1194 2499 337 264
1533 2499 416 264
1951 2499 902 264
368 2695 30 25
369 2720 29 39
60 2765 2793 78
60 2846 83 264
145 2846 253 262
400 2846 225 264
627 2846 168 264
797 2846 83 264
882 2846 140 264
1024 2846 168 264
1194 2846 337 264
1533 2846 416 264
1951 2846 902 264
60 3112 83 264
400 3112 225 264
627 3112 168 264
797 3112 83 264
882 3112 140 264
1024 3112 168 264
1194 3112 337 264
1533 3112 416 264
1951 3112 902 264
342 3202 56 21
145 3296 26 80
370 3314 28 28
369 3342 29 25
60 3379 83 264
145 3379 27 168
400 3379 225 264
627 3379 168 264
797 3379 83 264
882 3379 140 264
1024 3379 168 264
1194 3379 337 264
1533 3379 416 264
1951 3379 902 264
377 3389 21 195
145 3558 27 25
145 3584 27 24
145 3610 28 33
60 3645 2793 78
60 3726 83 261
145 3726 253 31
400 3726 225 261
627 3726 168 261
797 3726 83 261
882 3726 140 261
1024 3726 168 261
1194 3726 337 261
1533 3726 416 261
1951 3726 902 261
145 3924 32 65
369 3928 29 61
1951 3990 902 266
60 3992 83 264
364 3992 34 51
400 3992 225 264
627 3992 168 264
797 3992 83 264
882 3992 140 264
1024 3992 168 264
1194 3992 337 264
1533 3992 416 264
365 4043 33 110
366 4153 32 68
367 4221 31 35
