57 1790 30 44
88 1790 58 44
147 1790 141 44
289 1790 149 44
439 1790 50 44
490 1790 106 44
57 1835 30 2248
88 1835 58 45
147 1835 141 45
289 1835 149 45
439 1835 50 45
490 1835 106 45
88 1881 58 45
147 1881 141 45
289 1881 149 45
439 1881 50 45
490 1881 106 45
88 1927 58 45
147 1927 141 45
289 1927 149 45
439 1927 50 45
490 1927 106 45
88 1973 58 45
147 1973 141 45
289 1973 149 45
439 1973 50 45
490 1973 106 45
88 2019 58 45
147 2019 141 45
289 2019 149 45
439 2019 50 45
490 2019 106 45
88 2065 58 44
147 2065 141 44
289 2065 149 44
439 2065 50 44
490 2065 106 44
88 2110 58 45
147 2110 141 45
289 2110 149 45
439 2110 50 45
490 2110 106 45
88 2156 58 45
147 2156 141 45
289 2156 149 45
439 2156 50 45
490 2156 106 45
88 2202 58 45
147 2202 141 45
289 2202 149 45
439 2202 50 45
490 2202 106 45
88 2248 58 45
147 2248 141 45
289 2248 149 45
439 2248 50 45
490 2248 106 45
88 2294 58 45
147 2294 141 45
289 2294 149 45
439 2294 50 45
490 2294 106 45
88 2340 58 45
147 2340 141 45
289 2340 149 45
439 2340 50 45
490 2340 106 45
88 2386 58 45
147 2386 141 45
289 2386 149 45
439 2386 50 45
490 2386 106 45
88 2432 58 45
147 2432 141 45
289 2432 149 45
439 2432 50 45
490 2432 106 45
88 2478 58 45
147 2478 141 45
289 2478 149 45
439 2478 50 45
490 2478 106 45
88 2524 58 45
147 2524 141 45
289 2524 149 45
439 2524 50 45
490 2524 106 45
88 2570 58 44
147 2570 141 44
289 2570 149 44
439 2570 50 44
490 2570 106 44
88 2615 58 45
147 2615 141 45
289 2615 149 45
439 2615 50 45
490 2631 105 29
88 2661 58 45
147 2661 141 45
289 2661 149 45
439 2661 50 45
490 2661 105 45
88 2707 58 45
147 2707 141 45
289 2707 149 45
439 2707 50 45
490 2707 105 45
88 2753 58 45
147 2753 141 45
289 2753 149 45
439 2753 50 45
490 2753 105 45
88 2799 58 45
147 2799 141 45
289 2799 149 45
439 2799 50 45
490 2799 105 45
88 2845 58 45
147 2845 141 45
289 2845 149 45
439 2845 50 45
490 2845 105 45
88 2891 58 45
147 2891 141 45
289 2891 149 45
439 2891 50 45
490 2891 105 45
88 2937 58 45
147 2937 141 45
289 2937 149 45
439 2937 50 45
490 2937 105 45
88 2983 58 45
147 2983 141 45
289 2983 149 45
439 2983 50 45
490 2983 105 45
88 3029 58 44
147 3029 141 44
289 3029 149 44
439 3029 50 44
490 3029 105 44
88 3074 58 45
147 3074 141 45
289 3074 149 45
439 3074 50 45
490 3074 105 45
88 3120 58 45
147 3120 141 45
289 3120 149 45
439 3120 50 45
490 3120 105 45
88 3166 58 45
147 3166 141 45
289 3166 149 45
439 3166 50 45
490 3166 105 45
88 3212 58 45
147 3212 141 45
289 3212 149 45
439 3212 50 45
490 3212 105 45
88 3258 58 45
147 3258 141 45
289 3258 149 45
439 3258 50 45
490 3258 105 45
88 3304 58 45
147 3304 141 45
289 3304 149 45
439 3304 50 45
490 3304 105 45
88 3350 58 45
147 3350 141 45
289 3350 149 45
439 3350 50 45
490 3350 105 45
88 3396 58 45
147 3396 141 45
289 3396 149 45
439 3396 50 45
490 3396 105 45
88 3442 58 45
147 3442 141 45
289 3442 149 45
439 3442 50 45
490 3442 105 45
88 3488 58 45
147 3488 141 45
289 3488 149 45
439 3488 50 45
490 3488 105 45
88 3534 58 44
147 3534 141 44
289 3534 149 44
439 3534 50 44
490 3534 105 44
88 3579 58 45
147 3579 141 45
289 3579 149 45
439 3579 50 45
490 3579 105 45
88 3625 58 45
147 3625 141 45
289 3625 149 45
439 3625 50 45
490 3625 105 45
88 3671 58 45
147 3671 141 45
289 3671 149 45
439 3671 50 45
490 3671 105 45
88 3717 58 45
147 3717 141 45
289 3717 149 45
439 3717 50 45
490 3717 105 45
88 3763 58 45
147 3763 141 45
289 3763 149 45
439 3763 50 45
490 3763 105 45
88 3809 58 45
147 3809 141 45
289 3809 149 45
439 3809 50 45
490 3809 106 45
88 3855 58 45
147 3855 141 45
289 3855 149 45
439 3855 50 45
490 3855 106 45
88 3901 58 45
147 3901 141 45
289 3901 149 45
439 3901 50 45
490 3901 106 45
88 3947 58 45
147 3947 141 45
289 3947 149 45
439 3947 50 45
490 3947 106 45
88 3993 58 44
147 3993 141 44
289 3993 149 44
439 3993 50 44
490 3993 106 44
88 4038 58 45
147 4038 141 45
289 4038 149 45
439 4038 50 45
490 4038 106 45
635 1790 29 44
665 1790 58 44
724 1790 141 44
866 1790 150 44
1017 1790 50 44
1068 1790 105 44
635 1835 29 2248
665 1835 58 45
724 1835 141 45
866 1835 150 45
1017 1835 50 45
1068 1835 105 45
665 1881 58 45
724 1881 141 45
866 1881 150 45
1017 1881 50 45
1068 1881 105 45
665 1927 58 45
724 1927 141 45
866 1927 150 45
1017 1927 50 45
1068 1927 105 45
665 1973 58 45
724 1973 141 45
866 1973 150 45
1017 1973 50 45
1068 1973 105 45
665 2019 58 45
724 2019 141 45
866 2019 150 45
1017 2019 50 45
1068 2019 105 45
665 2065 58 44
724 2065 141 44
866 2065 150 44
1017 2065 50 44
1068 2065 105 44
665 2110 58 45
724 2110 141 45
866 2110 150 45
1017 2110 50 45
1068 2110 105 45
665 2156 58 45
724 2156 141 45
866 2156 150 45
1017 2156 50 45
1068 2156 105 45
665 2202 58 45
724 2202 141 45
866 2202 150 45
1017 2202 50 45
1068 2202 105 45
665 2248 58 45
724 2248 141 45
866 2248 150 45
1017 2248 50 45
1068 2248 105 45
665 2294 58 45
724 2294 141 45
866 2294 150 45
1017 2294 50 45
1068 2294 105 45
665 2340 58 45
724 2340 141 45
866 2340 150 45
1017 2340 50 45
1068 2340 105 45
665 2386 58 45
724 2386 141 45
866 2386 150 45
1017 2386 50 45
1068 2386 105 45
665 2432 58 45
724 2432 141 45
866 2432 150 45
1017 2432 50 45
1068 2432 105 45
665 2478 58 45
724 2478 141 45
866 2478 150 45
1017 2478 50 45
1068 2478 105 45
665 2524 58 45
724 2524 141 45
866 2524 150 45
1017 2524 50 45
1068 2524 105 45
665 2570 58 44
724 2570 141 44
866 2570 150 44
1017 2570 50 44
1068 2570 105 44
665 2615 58 45
724 2615 141 45
866 2615 150 45
1017 2615 50 45
1068 2615 105 45
665 2661 58 45
724 2661 141 45
866 2661 150 45
1017 2661 50 45
1068 2661 105 45
665 2707 58 45
724 2707 141 45
866 2707 150 45
1017 2707 50 45
1068 2707 105 45
665 2753 58 45
724 2753 141 45
866 2753 150 45
1017 2753 50 45
1068 2753 105 45
665 2799 58 45
724 2799 141 45
866 2799 150 45
1017 2799 50 45
1068 2799 105 45
665 2845 58 45
724 2845 141 45
866 2845 150 45
1017 2845 50 45
1068 2845 105 45
665 2891 58 45
724 2891 141 45
866 2891 150 45
1017 2891 50 45
1068 2891 105 45
665 2937 58 45
724 2937 141 45
866 2937 150 45
1017 2937 50 45
1068 2937 105 45
665 2983 58 45
724 2983 141 45
866 2983 150 45
1017 2983 50 45
1068 2983 105 45
665 3029 58 44
724 3029 141 44
866 3029 150 44
1017 3029 50 44
1068 3029 105 44
665 3074 58 45
724 3074 141 45
866 3074 150 45
1017 3074 50 45
1068 3074 105 45
665 3120 58 45
724 3120 141 45
866 3120 150 45
1017 3120 50 45
1068 3120 105 45
665 3166 58 45
724 3166 141 45
866 3166 150 45
1017 3166 50 45
1068 3166 105 45
665 3212 58 45
724 3212 141 45
866 3212 150 45
1017 3212 50 45
1068 3212 105 45
665 3258 58 45
724 3258 141 45
866 3258 150 45
1017 3258 50 45
1068 3258 105 45
665 3304 58 45
724 3304 141 45
866 3304 150 45
1017 3304 50 45
1068 3304 105 45
665 3350 58 45
724 3350 141 45
866 3350 150 45
1017 3350 50 45
1068 3350 105 45
665 3396 58 45
724 3396 141 45
866 3396 150 45
1017 3396 50 45
1068 3396 105 45
665 3442 58 45
724 3442 141 45
866 3442 150 45
1017 3442 50 45
1068 3442 105 45
665 3488 58 45
724 3488 141 45
866 3488 150 45
1017 3488 50 45
1068 3488 105 45
665 3534 58 44
724 3534 141 44
866 3534 150 44
1017 3534 50 44
1068 3534 105 44
665 3579 58 45
724 3579 141 45
866 3579 150 45
1017 3579 50 45
1068 3579 105 45
665 3625 58 45
724 3625 141 45
866 3625 150 45
1017 3625 50 45
1068 3625 105 45
665 3671 58 45
724 3671 141 45
866 3671 150 45
1017 3671 50 45
1068 3671 105 45
665 3717 58 45
724 3717 141 45
866 3717 150 45
1017 3717 50 45
1068 3717 105 45
665 3763 58 45
724 3763 141 45
866 3763 150 45
1017 3763 50 45
1068 3763 105 45
665 3809 58 45
724 3809 141 45
866 3809 150 45
1017 3809 50 45
1068 3809 105 45
665 3855 58 45
724 3855 141 45
866 3855 150 45
1017 3855 50 45
1068 3855 105 45
665 3901 58 45
724 3901 141 45
866 3901 150 45
1017 3901 50 45
1068 3901 105 45
665 3947 58 45
724 3947 141 45
866 3947 150 45
1017 3947 50 45
1068 3947 105 45
665 3993 58 44
724 3993 141 44
866 3993 150 44
1017 3993 50 44
1068 3993 105 44
665 4038 58 45
724 4038 141 45
866 4038 150 45
1017 4038 50 45
1068 4038 105 45
1211 1790 29 44
1241 1790 58 44
1300 1790 141 44
1442 1790 150 44
1593 1790 50 44
1644 1790 105 44
1211 1835 29 2248
1241 1835 58 45
1300 1835 141 45
1442 1835 150 45
1593 1835 50 45
1644 1835 105 45
1241 1881 58 45
1300 1881 141 45
1442 1881 150 45
1593 1881 50 45
1644 1881 105 45
1241 1927 58 45
1300 1927 141 45
1442 1927 150 45
1593 1927 50 45
1644 1927 105 45
1241 1973 58 45
1300 1973 141 45
1442 1973 150 45
1593 1973 50 45
1644 1973 105 45
1241 2019 58 45
1300 2019 141 45
1442 2019 150 45
1593 2019 50 45
1644 2019 105 45
1241 2065 58 44
1300 2065 141 44
1442 2065 150 44
1593 2065 50 44
1644 2065 105 44
1241 2110 58 45
1300 2110 141 45
1442 2110 150 45
1593 2110 50 45
1644 2110 105 45
1241 2156 58 45
1300 2156 141 45
1442 2156 150 45
1593 2156 50 45
1644 2156 105 45
1241 2202 58 45
1300 2202 141 45
1442 2202 150 45
1593 2202 50 45
1644 2202 105 45
1241 2248 58 45
1300 2248 141 45
1442 2248 150 45
1593 2248 50 45
1644 2248 105 45
1241 2294 58 45
1300 2294 141 45
1442 2294 150 45
1593 2294 50 45
1644 2294 105 45
1241 2340 58 45
1300 2340 141 45
1442 2340 150 45
1593 2340 50 45
1644 2340 105 45
1241 2386 58 45
1300 2386 141 45
1442 2386 150 45
1593 2386 50 45
1644 2386 105 45
1241 2432 58 45
1300 2432 141 45
1442 2432 150 45
1593 2432 50 45
1644 2432 105 45
1241 2478 58 45
1300 2478 141 45
1442 2478 150 45
1593 2478 50 45
1644 2478 105 45
1241 2524 58 45
1300 2524 141 45
1442 2524 150 45
1593 2524 50 45
1644 2524 105 45
1241 2570 58 44
1300 2570 141 44
1442 2570 150 44
1593 2570 50 44
1644 2570 105 44
1241 2615 58 45
1300 2615 141 45
1442 2615 150 45
1593 2615 50 45
1644 2615 105 45
1241 2661 58 45
1300 2661 141 45
1442 2661 150 45
1593 2661 50 45
1644 2661 105 45
1241 2707 58 45
1300 2707 141 45
1442 2707 150 45
1593 2707 50 45
1644 2707 105 45
1241 2753 58 45
1300 2753 141 45
1442 2753 150 45
1593 2753 50 45
1644 2753 105 45
1241 2799 58 45
1300 2799 141 45
1442 2799 150 45
1593 2799 50 45
1644 2799 105 45
1241 2845 58 45
1300 2845 141 45
1442 2845 150 45
1593 2845 50 45
1644 2845 105 45
1241 2891 58 45
1300 2891 141 45
1442 2891 150 45
1593 2891 50 45
1644 2891 105 45
1241 2937 58 45
1300 2937 141 45
1442 2937 150 45
1593 2937 50 45
1644 2937 105 45
1241 2983 58 45
1300 2983 141 45
1442 2983 150 45
1593 2983 50 45
1644 2983 105 45
1241 3029 58 44
1300 3029 141 44
1442 3029 150 44
1593 3029 50 44
1644 3029 105 44
1241 3074 58 45
1300 3074 141 45
1442 3074 150 45
1593 3074 50 45
1644 3074 105 45
1241 3120 58 45
1300 3120 141 45
1442 3120 150 45
1593 3120 50 45
1644 3120 105 45
1241 3166 58 45
1300 3166 141 45
1442 3166 150 45
1593 3166 50 45
1644 3166 105 45
1241 3212 58 45
1300 3212 141 45
1442 3212 150 45
1593 3212 50 45
1644 3212 105 45
1241 3258 58 45
1300 3258 141 45
1442 3258 150 45
1593 3258 50 45
1644 3258 105 45
1241 3304 58 45
1300 3304 141 45
1442 3304 150 45
1593 3304 50 45
1644 3304 105 45
1241 3350 58 45
1300 3350 141 45
1442 3350 150 45
1593 3350 50 45
1644 3350 105 45
1241 3396 58 45
1300 3396 141 45
1442 3396 150 45
1593 3396 50 45
1644 3396 105 45
1241 3442 58 45
1300 3442 141 45
1442 3442 150 45
1593 3442 50 45
1644 3442 105 45
1241 3488 58 45
1300 3488 141 45
1442 3488 150 45
1593 3488 50 45
1644 3488 105 45
1241 3534 58 44
1300 3534 141 44
1442 3534 150 44
1593 3534 50 44
1644 3534 105 44
1241 3579 58 45
1300 3579 141 45
1442 3579 150 45
1593 3579 50 45
1644 3579 105 45
1241 3625 58 45
1300 3625 141 45
1442 3625 150 45
1593 3625 50 45
1644 3625 105 45
1241 3671 58 45
1300 3671 141 45
1442 3671 150 45
1593 3671 50 45
1644 3671 105 45
1241 3717 58 45
1300 3717 141 45
1442 3717 150 45
1593 3717 50 45
1644 3717 105 45
1241 3763 58 45
1300 3763 141 45
1442 3763 150 45
1593 3763 50 45
1644 3763 105 45
1241 3809 58 45
1300 3809 141 45
1442 3809 150 45
1593 3809 50 45
1644 3809 105 45
1241 3855 58 45
1300 3855 141 45
1442 3855 150 45
1593 3855 50 45
1644 3855 105 45
1241 3901 58 45
1300 3901 141 45
1442 3901 150 45
1593 3901 50 45
1644 3901 105 45
1241 3947 58 45
1300 3947 141 45
1442 3947 150 45
1593 3947 50 45
1644 3947 105 45
1241 3993 58 44
1300 3993 141 44
1442 3993 150 44
1593 3993 50 44
1644 3993 105 44
1241 4038 58 45
1300 4038 141 45
1442 4038 150 45
1593 4038 50 45
1644 4038 105 45
1789 1790 30 44
1820 1790 58 44
1879 1790 141 44
2021 1790 149 44
2171 1790 50 44
2222 1790 106 44
1789 1835 30 2248
1820 1835 58 45
1879 1835 141 45
2021 1835 149 45
2171 1835 50 45
2222 1835 106 45
1820 1881 58 45
1879 1881 141 45
2021 1881 149 45
2171 1881 50 45
2222 1881 106 45
1820 1927 58 45
1879 1927 141 45
2021 1927 149 45
2171 1927 50 45
2222 1927 106 45
1820 1973 58 45
1879 1973 141 45
2021 1973 149 45
2171 1973 50 45
2222 1973 106 45
1820 2019 58 45
1879 2019 141 45
2021 2019 149 45
2171 2019 50 45
2222 2019 106 45
1820 2065 58 44
1879 2065 141 44
2021 2065 149 44
2171 2065 50 44
2222 2065 106 44
1820 2110 58 45
1879 2110 141 45
2021 2110 149 45
2171 2110 50 45
2222 2110 106 45
1820 2156 58 45
1879 2156 141 45
2021 2156 149 45
2171 2156 50 45
2222 2156 106 45
1820 2202 58 45
1879 2202 141 45
2021 2202 149 45
2171 2202 50 45
2222 2202 106 45
1820 2248 58 45
1879 2248 141 45
2021 2248 149 45
2171 2248 50 45
2222 2248 106 45
1820 2294 58 45
1879 2294 141 45
2021 2294 149 45
2171 2294 50 45
2222 2294 106 45
1820 2340 58 45
1879 2340 141 45
2021 2340 149 45
2171 2340 50 45
2222 2340 106 45
1820 2386 58 45
1879 2386 141 45
2021 2386 149 45
2171 2386 50 45
2222 2386 106 45
1820 2432 58 45
1879 2432 141 45
2021 2432 149 45
2171 2432 50 45
2222 2432 106 45
1820 2478 58 45
1879 2478 141 45
2021 2478 149 45
2171 2478 50 45
2222 2478 106 45
1820 2524 58 45
1879 2524 141 45
2021 2524 149 45
2171 2524 50 45
2222 2524 106 45
1820 2570 58 44
1879 2570 141 44
2021 2570 149 44
2171 2570 50 44
2222 2570 106 44
1820 2615 58 45
1879 2615 141 45
2021 2615 149 45
2171 2615 50 45
2222 2631 105 29
1820 2661 58 45
1879 2661 141 45
2021 2661 149 45
2171 2661 50 45
2222 2661 105 45
1820 2707 58 45
1879 2707 141 45
2021 2707 149 45
2171 2707 50 45
2222 2707 105 45
1820 2753 58 45
1879 2753 141 45
2021 2753 149 45
2171 2753 50 45
2222 2753 105 45
1820 2799 58 45
1879 2799 141 45
2021 2799 149 45
2171 2799 50 45
2222 2799 105 45
1820 2845 58 45
1879 2845 141 45
2021 2845 149 45
2171 2845 50 45
2222 2845 105 45
1820 2891 58 45
1879 2891 141 45
2021 2891 149 45
2171 2891 50 45
2222 2891 105 45
1820 2937 58 45
1879 2937 141 45
2021 2937 149 45
2171 2937 50 45
2222 2937 105 45
1820 2983 58 45
1879 2983 141 45
2021 2983 149 45
2171 2983 50 45
2222 2983 105 45
1820 3029 58 44
1879 3029 141 44
2021 3029 149 44
2171 3029 50 44
2222 3029 105 44
1820 3074 58 45
1879 3074 141 45
2021 3074 149 45
2171 3074 50 45
2222 3074 105 45
1820 3120 58 45
1879 3120 141 45
2021 3120 149 45
2171 3120 50 45
2222 3120 105 45
1820 3166 58 45
1879 3166 141 45
2021 3166 149 45
2171 3166 50 45
2222 3166 105 45
1820 3212 58 45
1879 3212 141 45
2021 3212 149 45
2171 3212 50 45
2222 3212 105 45
1820 3258 58 45
1879 3258 141 45
2021 3258 149 45
2171 3258 50 45
2222 3258 105 45
1820 3304 58 45
1879 3304 141 45
2021 3304 149 45
2171 3304 50 45
2222 3304 105 45
1820 3350 58 45
1879 3350 141 45
2021 3350 149 45
2171 3350 50 45
2222 3350 105 45
1820 3396 58 45
1879 3396 141 45
2021 3396 149 45
2171 3396 50 45
2222 3396 105 45
1820 3442 58 45
1879 3442 141 45
2021 3442 149 45
2171 3442 50 45
2222 3442 105 45
1820 3488 58 45
1879 3488 141 45
2021 3488 149 45
2171 3488 50 45
2222 3488 105 45
1820 3534 58 44
1879 3534 141 44
2021 3534 149 44
2171 3534 50 44
2222 3534 105 44
1820 3579 58 45
1879 3579 141 45
2021 3579 149 45
2171 3579 50 45
2222 3579 105 45
1820 3625 58 45
1879 3625 141 45
2021 3625 149 45
2171 3625 50 45
2222 3625 105 45
1820 3671 58 45
1879 3671 141 45
2021 3671 149 45
2171 3671 50 45
2222 3671 105 45
1820 3717 58 45
1879 3717 141 45
2021 3717 149 45
2171 3717 50 45
2222 3717 105 45
1820 3763 58 45
1879 3763 141 45
2021 3763 149 45
2171 3763 50 45
2222 3763 106 45
1820 3809 58 45
1879 3809 141 45
2021 3809 149 45
2171 3809 50 45
2222 3809 106 45
1820 3855 58 45
1879 3855 141 45
2021 3855 149 45
2171 3855 50 45
2222 3855 106 45
1820 3901 58 45
1879 3901 141 45
2021 3901 149 45
2171 3901 50 45
2222 3901 106 45
1820 3947 58 45
1879 3947 141 45
2021 3947 149 45
2171 3947 50 45
2222 3947 106 45
1820 3993 58 44
1879 3993 141 44
2021 3993 149 44
2171 3993 50 44
2222 3993 106 44
1820 4038 58 45
1879 4038 141 45
2021 4038 149 45
2171 4038 50 45
2222 4038 106 45
2364 1790 29 44
2394 1790 58 44
2453 1790 142 44
2596 1790 149 44
2746 1790 50 44
2797 1790 105 44
2364 1835 29 2202
2394 1835 58 45
2453 1835 142 45
2596 1835 149 45
2746 1835 50 45
2797 1835 105 45
2394 1881 58 45
2453 1881 142 45
2596 1881 149 45
2746 1881 50 45
2797 1881 105 45
2394 1927 58 45
2453 1927 142 45
2596 1927 149 45
2746 1927 50 45
2797 1927 105 45
2394 1973 58 45
2453 1973 142 45
2596 1973 149 45
2746 1973 50 45
2797 1973 105 45
2394 2019 58 45
2453 2019 142 45
2596 2019 149 45
2746 2019 50 45
2797 2019 105 45
2394 2065 58 44
2453 2065 142 44
2596 2065 149 44
2746 2065 50 44
2797 2065 105 44
2394 2110 58 45
2453 2110 142 45
2596 2110 149 45
2746 2110 50 45
2797 2110 105 45
2394 2156 58 45
2453 2156 142 45
2596 2156 149 45
2746 2156 50 45
2797 2156 105 45
2394 2202 58 45
2453 2202 142 45
2596 2202 149 45
2746 2202 50 45
2797 2202 105 45
2394 2248 58 45
2453 2248 142 45
2596 2248 149 45
2746 2248 50 45
2797 2248 105 45
2394 2294 58 45
2453 2294 142 45
2596 2294 149 45
2746 2294 50 45
2797 2294 105 45
2394 2340 58 45
2453 2340 142 45
2596 2340 149 45
2746 2340 50 45
2797 2340 105 45
2394 2386 58 45
2453 2386 142 45
2596 2386 149 45
2746 2386 50 45
2797 2386 105 45
2394 2432 58 45
2453 2432 142 45
2596 2432 149 45
2746 2432 50 45
2797 2432 105 45
2394 2478 58 45
2453 2478 142 45
2596 2478 149 45
2746 2478 50 45
2797 2478 105 45
2394 2524 58 45
2453 2524 142 45
2596 2524 149 45
2746 2524 50 45
2797 2524 105 45
2394 2570 58 44
2453 2570 142 44
2596 2570 149 44
2746 2570 50 44
2797 2570 105 44
2394 2615 58 45
2453 2615 142 45
2596 2615 149 45
2746 2615 50 45
2797 2615 105 45
2394 2661 58 45
2453 2661 142 45
2596 2661 149 45
2746 2661 50 45
2797 2661 105 45
2394 2707 58 45
2453 2707 142 45
2596 2707 149 45
2746 2707 50 45
2797 2707 105 45
2395 2753 57 45
2453 2753 142 45
2596 2753 149 45
2746 2753 50 45
2797 2753 105 45
2395 2799 57 45
2453 2799 142 45
2596 2799 149 45
2746 2799 50 45
2797 2799 105 45
2394 2845 58 45
2453 2845 142 45
2596 2845 149 45
2746 2845 50 45
2797 2845 105 45
2394 2891 58 45
2453 2891 142 45
2596 2891 149 45
2746 2891 50 45
2797 2891 105 45
2394 2937 58 45
2453 2937 142 45
2596 2937 149 45
2746 2937 50 45
2797 2937 105 45
2394 2983 58 45
2453 2983 142 45
2596 2983 149 45
2746 2983 50 45
2797 2983 105 45
2394 3029 58 44
2453 3029 142 44
2596 3029 149 44
2746 3029 50 44
2797 3029 105 44
2394 3074 58 45
2453 3074 142 45
2596 3074 149 45
2746 3074 50 45
2797 3074 105 45
2394 3120 58 45
2453 3120 142 45
2596 3120 149 45
2746 3120 50 45
2797 3120 105 45
2394 3166 58 45
2453 3166 142 45
2596 3166 149 45
2746 3166 50 45
2797 3166 105 45
2394 3212 58 45
2453 3212 142 45
2596 3212 149 45
2746 3212 50 45
2797 3212 105 45
2394 3258 58 45
2453 3258 142 45
2596 3258 149 45
2746 3258 50 45
2797 3258 105 45
2394 3304 58 45
2453 3304 142 45
2596 3304 149 45
2746 3304 50 45
2797 3304 105 45
2394 3350 58 45
2453 3350 142 45
2596 3350 149 45
2746 3350 50 45
2797 3350 105 45
2394 3396 58 45
2453 3396 142 45
2596 3396 149 45
2746 3396 50 45
2797 3396 105 45
2394 3442 58 45
2453 3442 142 45
2596 3442 149 45
2746 3442 50 45
2797 3442 105 45
2394 3488 58 45
2453 3488 142 45
2596 3488 149 45
2746 3488 50 45
2797 3488 105 45
2394 3534 58 44
2453 3534 142 44
2596 3534 149 44
2746 3534 50 44
2797 3534 105 44
2394 3579 58 45
2453 3579 142 45
2596 3579 149 45
2746 3579 50 45
2797 3579 105 45
2394 3625 58 45
2453 3625 142 45
2596 3625 149 45
2746 3625 50 45
2797 3625 105 45
2394 3671 58 45
2453 3671 142 45
2596 3671 149 45
2746 3671 50 45
2797 3671 105 45
2394 3717 58 45
2453 3717 142 45
2596 3717 149 45
2746 3717 50 45
2797 3717 105 45
2394 3763 58 45
2453 3763 142 45
2596 3763 149 45
2746 3763 50 45
2797 3763 105 45
2394 3809 58 45
2453 3809 142 45
2596 3809 149 45
2746 3809 50 45
2797 3809 105 45
2394 3855 58 45
2453 3855 142 45
2596 3855 149 45
2746 3855 50 45
2797 3855 105 45
2394 3901 58 45
2453 3901 142 45
2596 3901 149 45
2746 3901 50 45
2797 3901 105 45
2394 3947 58 45
2453 3947 142 45
2596 3947 149 45
2746 3947 50 45
2797 3947 105 45
2394 3993 58 44
2453 3993 142 44
2596 3993 149 44
2746 3993 50 44
2797 3993 105 44
