58 64 83 89
143 64 253 89
398 64 225 89
625 64 168 89
795 64 83 89
880 64 140 89
1022 64 168 89
1192 64 337 89
1531 64 416 89
1949 64 902 89
58 155 2793 78
58 236 83 264
398 236 225 264
625 236 168 264
795 236 83 264
880 236 140 264
1022 236 168 264
1192 236 337 264
1531 236 416 264
1949 236 902 264
143 309 44 112
320 310 76 108
361 453 35 47
58 502 83 264
143 502 253 26
398 502 225 264
625 502 168 264
795 502 83 264
880 502 140 264
1022 502 168 264
1192 502 337 264
1531 502 416 264
1949 502 902 264
314 563 82 28
143 592 59 75
318 592 78 80
367 693 29 73
58 769 2793 78
58 849 83 264
143 849 253 171
398 849 225 264
625 849 168 264
795 849 83 264
880 849 140 264
1022 849 168 264
1192 849 337 264
1531 849 416 264
1949 849 902 264
164 1020 232 23
165 1043 231 45
166 1088 230 25
58 1116 2793 78
58 1196 83 264
143 1196 253 30
398 1196 225 264
625 1196 168 264
795 1196 83 264
880 1196 140 264
1022 1196 168 264
1192 1196 337 264
1531 1196 416 264
1949 1196 902 264
143 1269 58 35
317 1276 79 22
324 1303 72 85
143 1309 54 83
143 1403 26 57
360 1406 36 42
58 1463 83 264
398 1463 225 264
625 1463 168 264
795 1463 83 264
880 1463 140 264
1022 1463 168 264
1192 1463 337 264
1531 1463 416 264
1949 1463 902 264
321 1516 75 35
143 1550 73 61
323 1553 73 66
143 1624 25 103
366 1631 30 96
58 1729 2793 78
58 1809 83 265
143 1809 253 151
398 1809 225 265
625 1809 168 265
795 1809 83 265
880 1809 140 265
1022 1809 168 265
1192 1809 337 265
1531 1809 416 265
1949 1809 902 265
238 1973 74 21
374 1999 22 71
143 2023 28 51
58 2076 83 264
398 2076 225 264
625 2076 168 264
795 2076 83 264
880 2076 140 264
1022 2076 168 264
1192 2076 337 264
1531 2076 416 264
1949 2076 902 264
321 2120 75 27
326 2152 70 96
143 2154 54 91
143 2257 23 83
365 2266 31 74
58 2342 2793 79
58 2423 83 264
398 2423 225 264
625 2423 168 264
795 2423 83 264
880 2423 140 264
1022 2423 168 264
1192 2423 337 264
1531 2423 416 264
1949 2423 902 264
337 2500 59 113
143 2526 51 84
143 2620 21 67
370 2633 26 32
371 2665 25 22
58 2689 2793 79
58 2770 83 264
143 2770 161 26
314 2770 82 58
398 2770 225 264
625 2770 168 264
795 2770 83 264
880 2770 140 264
1022 2770 168 264
1192 2770 337 264
1531 2770 416 264
1949 2770 902 264
315 2828 81 32
143 2840 67 24
324 2867 72 87
143 2870 60 87
364 2967 32 67
143 2969 29 65
58 3036 83 264
143 3036 253 24
398 3036 225 264
625 3036 168 264
795 3036 83 264
880 3036 140 264
1022 3036 168 264
1192 3036 337 264
1531 3036 416 264
1949 3036 902 264
143 3123 68 79
322 3123 74 81
362 3222 34 50
143 3241 22 59
363 3272 33 28
15 3455 195 83
213 3455 249 83
466 3455 465 83
933 3455 340 83
1275 3455 232 83
15 3541 195 83
213 3541 249 83
466 3541 465 83
933 3541 340 83
1275 3541 232 83
15 3627 195 84
213 3627 249 84
466 3627 465 84
933 3627 340 84
1275 3627 232 84
15 3713 195 84
213 3713 249 84
466 3713 465 84
933 3713 340 84
1275 3713 232 84
15 3799 195 83
213 3799 249 83
466 3799 465 83
933 3799 340 83
1275 3799 232 83
15 3885 195 84
213 3885 249 84
466 3885 465 84
933 3885 340 84
1275 3885 232 84
15 3972 195 83
213 3972 249 83
466 3972 465 83
933 3972 340 83
1275 3972 232 83
15 4057 195 84
213 4057 249 84
466 4057 465 84
933 4057 340 84
1275 4057 232 84
15 4143 195 84
213 4143 249 84
466 4143 465 84
933 4143 340 84
1275 4143 232 84
15 4230 195 79
213 4230 249 79
466 4230 465 79
933 4230 340 79
1275 4230 232 79
