112 112 3336 276
112 391 3336 147
112 541 3336 124
112 667 126 200
241 667 127 200
370 667 342 200
715 667 126 200
844 667 83 200
930 667 84 200
1016 667 84 200
1102 667 84 200
1189 667 368 200
1560 667 471 200
2033 667 1415 200
112 870 126 935
241 870 127 466
370 870 342 466
715 870 126 466
844 870 83 466
930 870 84 466
1016 870 84 466
1102 870 84 466
1189 870 368 466
1560 870 471 466
2033 870 1415 466
241 1339 127 466
370 1339 342 466
715 1339 126 466
844 1339 83 466
930 1339 84 466
1016 1339 84 466
1102 1339 84 466
1189 1339 368 466
1560 1339 471 466
2033 1339 1415 466
112 1808 3336 124
112 1935 126 199
241 1935 127 199
370 1935 342 199
715 1935 126 199
844 1935 83 199
930 1935 84 199
1016 1935 84 199
1102 1935 84 199
1189 1935 368 199
1560 1935 471 199
2033 1935 1415 199
112 2137 126 1874
241 2137 127 466
370 2137 342 466
715 2137 126 466
844 2137 83 466
930 2137 84 466
1016 2137 84 466
1102 2137 84 466
1189 2137 368 466
1560 2137 471 466
2033 2137 1415 466
241 2606 127 466
370 2606 342 466
715 2606 126 466
844 2606 83 466
930 2606 84 466
1016 2606 84 466
1102 2606 84 466
1189 2606 368 466
1560 2606 471 466
2033 2606 1415 466
241 3075 127 467
370 3075 342 467
715 3075 126 467
844 3075 83 467
930 3075 84 467
1016 3075 84 467
1102 3075 84 467
1189 3075 368 467
1560 3075 471 467
2033 3075 1415 467
241 3545 127 466
370 3545 342 466
715 3545 126 466
844 3545 83 466
930 3545 84 466
1016 3545 84 466
1102 3545 84 466
1189 3545 368 466
1560 3545 471 466
2033 3545 1415 466
112 4014 3336 124
112 4140 126 200
241 4140 127 200
370 4140 342 200
715 4140 126 200
844 4140 83 200
930 4140 84 200
1016 4140 84 200
1102 4140 84 200
1189 4140 368 200
1560 4140 471 200
2033 4140 1415 200
112 4343 126 466
241 4343 127 466
370 4343 342 466
715 4343 126 466
844 4343 83 466
930 4343 84 466
1016 4343 84 466
1102 4343 84 466
1189 4343 368 466
1560 4343 471 466
2033 4343 1415 466
