47 48 3437 309
47 358 3437 434
47 793 1716 84
1769 793 1715 84
47 878 56 84
104 878 224 84
329 878 70 84
400 878 88 84
489 878 70 84
560 878 87 84
648 878 94 84
743 878 226 84
970 878 226 84
1197 878 566 84
1769 878 1715 84
47 963 56 764
104 963 224 764
329 963 70 764
400 963 88 764
489 963 70 764
560 963 87 764
648 963 94 764
743 963 226 764
970 963 226 764
1197 963 566 764
1769 963 55 84
1825 963 224 84
2050 963 70 84
2121 963 88 84
2210 963 70 84
2281 963 87 84
2369 963 95 84
2465 963 226 84
2692 963 225 84
2918 963 566 84
1769 1048 55 566
1825 1048 224 566
2050 1048 70 566
2121 1048 88 566
2210 1048 70 566
2281 1048 87 566
2369 1048 95 566
2465 1048 226 566
2692 1048 225 566
2918 1048 566 566
1769 1615 55 566
1825 1615 224 566
2050 1615 70 566
2121 1615 88 566
2210 1615 70 566
2281 1615 87 566
2369 1615 95 566
2465 1615 226 566
2692 1615 225 566
2918 1615 566 566
47 1728 56 765
104 1728 224 765
329 1728 70 765
400 1728 88 765
489 1728 70 765
560 1728 87 765
648 1728 94 765
743 1728 226 765
970 1728 226 765
1197 1728 566 765
1769 2182 1715 84
1769 2267 55 84
1825 2267 224 84
2050 2267 70 84
2121 2267 88 84
2210 2267 70 84
2281 2267 87 84
2369 2267 95 84
2465 2267 226 84
2692 2267 225 84
2918 2267 566 84
1769 2352 55 566
1825 2352 224 566
2050 2352 70 566
2121 2352 88 566
2210 2352 70 566
2281 2352 87 566
2369 2352 95 566
2465 2352 226 566
2692 2352 225 566
2918 2352 566 566
47 2494 56 764
104 2494 224 764
329 2494 70 764
400 2494 88 764
489 2494 70 764
560 2494 87 764
648 2494 94 764
743 2494 226 764
970 2494 226 764
1197 2494 566 764
1769 2919 55 566
1825 2919 224 566
2050 2919 70 566
2121 2919 88 566
2210 2919 70 566
2281 2919 87 566
2369 2919 95 566
2465 2919 226 566
2692 2919 225 566
2918 2919 566 566
47 3259 56 765
104 3259 224 765
329 3259 70 765
400 3259 88 765
489 3259 70 765
560 3259 87 765
648 3259 94 765
743 3259 226 765
970 3259 226 765
1197 3259 566 765
1769 3486 55 566
1825 3486 224 566
2050 3486 70 566
2121 3486 88 566
2210 3486 70 566
2281 3486 87 566
2369 3486 95 566
2465 3486 226 566
2692 3486 225 566
2918 3486 566 566
47 4025 56 764
104 4025 224 764
329 4025 70 764
400 4025 88 764
489 4025 70 764
560 4025 87 764
648 4025 94 764
743 4025 226 764
970 4025 226 764
1197 4025 566 764
1769 4053 55 566
1825 4053 224 566
2050 4053 70 566
2121 4053 88 566
2210 4053 70 566
2281 4053 87 566
2369 4053 95 566
2465 4053 226 566
2692 4053 225 566
2918 4053 566 566
1769 4620 1715 169
