112 112 2259 214
112 329 2259 160
112 492 2259 92
112 586 85 166
199 586 85 166
287 586 231 166
520 586 85 166
608 586 55 166
666 586 56 166
725 586 55 166
783 586 55 166
841 586 249 166
1093 586 318 166
1414 586 957 166
112 754 85 618
199 754 85 308
287 754 231 308
520 754 85 308
608 754 55 308
666 754 56 308
725 754 55 308
783 754 55 308
841 754 249 308
1093 754 318 308
1414 754 957 308
199 1065 85 307
287 1065 231 307
520 1065 85 307
608 1065 55 307
666 1065 56 307
725 1065 55 307
783 1065 55 307
841 1065 249 307
1093 1065 318 307
1414 1065 957 307
112 1375 2259 92
112 1469 85 166
199 1469 85 166
287 1469 231 166
520 1469 85 166
608 1469 55 166
666 1469 56 166
725 1469 55 166
783 1469 55 166
841 1469 249 166
1093 1469 318 166
1414 1469 957 166
112 1637 85 618
199 1637 85 308
287 1637 231 308
520 1637 85 308
608 1637 55 308
666 1637 56 308
725 1637 55 308
783 1637 55 308
841 1637 249 308
1093 1637 318 308
1414 1637 957 308
199 1948 85 307
287 1948 231 307
520 1948 85 307
608 1948 55 307
666 1948 56 307
725 1948 55 307
783 1948 55 307
841 1948 249 307
1093 1948 318 307
1414 1948 957 307
112 2258 2259 91
112 2352 85 165
199 2352 85 165
287 2352 231 165
520 2352 85 165
608 2352 55 165
666 2352 56 165
725 2352 55 165
783 2352 55 165
841 2352 249 165
1093 2352 318 165
1414 2352 957 165
112 2520 85 308
199 2520 85 308
287 2520 231 308
520 2520 85 308
608 2520 55 308
666 2520 56 308
725 2520 55 308
783 2520 55 308
841 2520 249 308
1093 2520 318 308
1414 2520 957 308
112 2831 85 307
199 2831 85 307
287 2831 231 307
520 2831 85 307
608 2831 55 307
666 2831 56 307
725 2831 55 307
783 2831 55 307
841 2831 249 307
1093 2831 318 307
1414 2831 957 307
112 3141 85 307
199 3141 85 307
287 3141 231 307
520 3141 85 307
608 3141 55 307
666 3141 56 307
725 3141 55 307
783 3141 55 307
841 3141 249 307
1093 3141 318 307
1414 3141 957 307
