22 21 2690 315
22 339 2690 274
22 616 99 82
124 616 252 82
379 616 224 82
605 616 135 82
743 616 94 82
839 616 135 82
977 616 133 82
1113 616 243 82
1358 616 528 82
1888 616 824 82
22 701 99 547
124 701 252 547
379 701 224 547
605 701 135 547
743 701 94 547
839 701 135 547
977 701 133 547
1113 701 243 547
1358 701 528 547
1888 701 824 547
24 1251 97 540
124 1251 252 540
379 1251 224 540
605 1251 135 540
743 1251 94 540
839 1251 135 540
977 1251 133 540
1113 1251 243 540
1358 1251 528 540
1888 1251 824 540
22 1794 99 549
124 1794 252 549
379 1794 224 549
605 1794 135 549
743 1794 94 549
839 1794 135 549
977 1794 133 549
1113 1794 243 549
1358 1794 528 549
1888 1794 824 549
22 2345 99 543
124 2345 252 543
379 2345 224 543
605 2345 135 543
743 2345 94 543
839 2345 135 543
977 2345 133 543
1113 2345 243 543
1358 2345 528 543
1888 2345 824 543
22 2890 2690 1181
