176 205 2740 88
176 296 104 142
282 296 104 142
388 296 246 142
637 296 111 142
751 296 68 142
821 296 68 142
892 296 68 142
963 296 68 142
1034 296 301 142
1338 296 387 142
1727 296 1189 142
176 440 104 383
282 440 104 383
388 440 246 383
637 440 111 383
751 440 68 383
821 440 68 383
892 440 68 383
963 440 68 383
1034 440 301 383
1338 440 387 383
1727 440 1189 383
176 826 104 768
282 826 104 383
388 826 246 383
637 826 111 383
751 826 68 383
821 826 68 383
892 826 68 383
963 826 68 383
1034 826 301 383
1338 826 387 383
1727 826 1189 383
282 1211 104 383
388 1211 246 383
637 1211 111 383
751 1211 68 383
821 1211 68 383
892 1211 68 383
963 1211 68 383
1034 1211 301 383
1338 1211 387 383
1727 1211 1189 383
176 1597 104 383
282 1597 104 383
388 1597 246 383
637 1597 111 383
751 1597 68 383
821 1597 68 383
892 1597 68 383
963 1597 68 383
1034 1597 301 383
1338 1597 387 383
1727 1597 1189 383
176 1982 104 769
282 1982 104 383
388 1982 246 383
637 1982 111 383
751 1982 68 383
821 1982 68 383
892 1982 68 383
963 1982 68 383
1034 1982 301 383
1338 1982 387 383
1727 1982 1189 383
282 2368 104 383
388 2368 246 383
637 2368 111 383
751 2368 68 383
821 2368 68 383
892 2368 68 383
963 2368 68 383
1034 2368 301 383
1338 2368 387 383
1727 2368 1189 383
176 2753 2740 1327
176 4083 2740 164
