192 199 3275 325
192 527 3275 304
192 834 3275 104
192 940 124 168
319 940 124 168
446 940 294 168
743 940 150 168
896 940 82 168
981 940 81 168
1065 940 82 168
1150 940 81 168
1234 940 362 168
1598 940 462 168
2063 940 1404 168
192 1111 124 1182
319 1111 124 392
446 1111 294 392
743 1111 150 392
896 1111 82 392
981 1111 81 392
1065 1111 82 392
1150 1111 81 392
1234 1111 362 392
1598 1111 462 392
2063 1111 1404 392
319 1506 124 392
446 1506 294 392
743 1506 150 392
896 1506 82 392
981 1506 81 392
1065 1506 82 392
1150 1506 81 392
1234 1506 362 392
1598 1506 462 392
2063 1506 1404 392
319 1900 124 393
446 1900 294 393
743 1900 150 393
896 1900 82 393
981 1900 81 393
1065 1900 82 393
1150 1900 81 393
1234 1900 362 393
1598 1900 462 393
2063 1900 1404 393
192 2295 3275 104
192 2402 124 167
319 2402 124 167
446 2402 294 167
743 2402 150 167
896 2402 82 167
981 2402 81 167
1065 2402 82 167
1150 2402 81 167
1234 2402 362 167
1598 2402 462 167
2063 2402 1404 167
192 2572 124 787
319 2572 124 392
446 2572 294 392
743 2572 150 392
896 2572 82 392
981 2572 81 392
1065 2572 82 392
1150 2572 81 392
1234 2572 362 392
1598 2572 462 392
2063 2572 1404 392
319 2967 124 392
446 2967 294 392
743 2967 150 392
896 2967 82 392
981 2967 81 392
1065 2967 82 392
1150 2967 81 392
1234 2967 362 392
1598 2967 462 392
2063 2967 1404 392
192 3362 3275 104
192 3469 124 167
319 3469 124 167
446 3469 294 167
743 3469 150 167
896 3469 82 167
981 3469 81 167
1065 3469 82 167
1150 3469 81 167
1234 3469 362 167
1598 3469 462 167
2063 3469 1404 167
192 3639 124 1182
319 3639 124 392
446 3639 294 392
743 3639 150 392
896 3639 82 392
981 3639 81 392
1065 3639 82 392
1150 3639 81 392
1234 3639 362 392
1598 3639 462 392
2063 3639 1404 392
319 4034 124 392
446 4034 294 392
743 4034 150 392
896 4034 82 392
981 4034 81 392
1065 4034 82 392
1150 4034 81 392
1234 4034 362 392
1598 4034 462 392
2063 4034 1404 392
319 4429 124 392
446 4429 294 392
743 4429 150 392
896 4429 82 392
981 4429 81 392
1065 4429 82 392
1150 4429 81 392
1234 4429 362 392
1598 4429 462 392
2063 4429 1404 392
