162 162 2822 258
162 422 2822 193
162 617 82 151
247 617 82 151
332 617 196 151
531 617 110 151
644 617 54 151
701 617 54 151
757 617 54 151
814 617 54 151
871 617 280 151
1154 617 564 151
1721 617 1263 151
162 771 82 207
247 771 82 207
332 771 196 207
531 771 110 207
644 771 54 207
701 771 54 207
757 771 54 207
814 771 54 207
871 771 280 207
1154 771 564 207
1721 771 1263 207
162 981 82 418
247 981 82 208
332 981 196 208
531 981 110 208
644 981 54 208
701 981 54 208
757 981 54 208
814 981 54 208
871 981 280 208
1154 981 564 208
1721 981 1263 208
247 1191 82 208
332 1191 196 208
531 1191 110 208
644 1191 54 208
701 1191 54 208
757 1191 54 208
814 1191 54 208
871 1191 280 208
1154 1191 564 208
1721 1191 1263 208
162 1402 82 418
247 1402 82 207
332 1402 196 207
531 1402 110 207
644 1402 54 207
701 1402 54 207
757 1402 54 207
814 1402 54 207
871 1402 280 207
1154 1402 564 207
1721 1402 1263 207
247 1612 82 208
332 1612 196 208
531 1612 110 208
644 1612 54 208
701 1612 54 208
757 1612 54 208
814 1612 54 208
871 1612 280 208
1154 1612 564 208
1721 1612 1263 208
162 1822 82 418
247 1822 82 208
332 1822 196 208
531 1822 110 208
644 1822 54 208
701 1822 54 208
757 1822 54 208
814 1822 54 208
871 1822 280 208
1154 1822 564 208
1721 1822 1263 208
247 2033 82 207
332 2033 196 207
531 2033 110 207
644 2033 54 207
701 2033 54 207
757 2033 54 207
814 2033 54 207
871 2033 280 207
1154 2033 564 207
1721 2033 1263 207
162 2243 82 628
247 2243 82 208
332 2243 196 208
531 2243 110 208
644 2243 54 208
701 2243 54 208
757 2243 54 208
814 2243 54 208
871 2243 280 208
1154 2243 564 208
1721 2243 1263 208
247 2453 82 208
332 2453 196 208
531 2453 110 208
644 2453 54 208
701 2453 54 208
757 2453 54 208
814 2453 54 208
871 2453 280 208
1154 2453 564 208
1721 2453 1263 208
247 2664 82 207
332 2664 196 207
531 2664 110 207
644 2664 54 207
701 2664 54 207
757 2664 54 207
814 2664 54 207
871 2664 280 207
1154 2664 564 207
1721 2664 1263 207
162 2874 82 418
247 2874 82 208
332 2874 196 208
531 2874 110 208
644 2874 54 208
701 2874 54 208
757 2874 54 208
814 2874 54 208
871 2874 280 208
1154 2874 564 208
1721 2874 1263 208
247 3084 82 208
332 3084 196 208
531 3084 110 208
644 3084 54 208
701 3084 54 208
757 3084 54 208
814 3084 54 208
871 3084 280 208
1154 3084 564 208
1721 3084 1263 208
162 3295 82 418
247 3295 82 207
332 3295 196 207
531 3295 110 207
644 3295 54 207
701 3295 54 207
757 3295 54 207
814 3295 54 207
871 3295 280 207
1154 3295 564 207
1721 3295 1263 207
247 3505 82 208
332 3505 196 208
531 3505 110 208
644 3505 54 208
701 3505 54 208
757 3505 54 208
814 3505 54 208
871 3505 280 208
1154 3505 564 208
1721 3505 1263 208
162 3715 82 208
247 3715 82 208
332 3715 196 208
531 3715 110 208
644 3715 54 208
701 3715 54 208
757 3715 54 208
814 3715 54 208
871 3715 280 208
1154 3715 564 208
1721 3715 1263 208
162 3926 82 419
247 3926 82 207
332 3926 196 207
531 3926 110 207
644 3926 54 207
701 3926 54 207
757 3926 54 207
814 3926 54 207
871 3926 280 207
1154 3926 564 207
1721 3926 1263 207
247 4136 82 209
332 4136 196 209
531 4136 110 209
644 4136 54 209
701 4136 54 209
757 4136 54 209
814 4136 54 209
871 4136 280 209
1154 4136 564 209
1721 4136 1263 209
