180 265 2860 280
180 550 2860 217
180 772 67 86
249 772 72 86
323 772 179 86
504 772 208 86
714 772 83 86
799 772 66 86
867 772 100 86
969 772 156 86
1127 772 339 86
1468 772 386 86
1856 772 1184 86
180 863 67 866
249 863 72 172
323 863 179 172
504 863 208 172
714 863 83 172
799 863 66 172
867 863 100 172
969 863 156 172
1127 863 339 172
1468 863 386 172
1856 863 1184 172
249 1037 72 172
323 1037 179 172
504 1037 208 172
714 1037 83 172
799 1037 66 172
867 1037 100 172
969 1037 156 172
1127 1037 339 172
1468 1037 386 172
1856 1037 1184 172
249 1211 72 172
323 1211 179 172
504 1211 208 172
714 1211 83 172
799 1211 66 172
867 1211 100 172
969 1211 156 172
1127 1211 339 172
1468 1211 386 172
1856 1211 1184 172
249 1385 72 172
323 1385 179 172
504 1385 208 172
714 1385 83 172
799 1385 66 172
867 1385 100 172
969 1385 156 172
1127 1385 339 172
1468 1385 386 172
1856 1385 1184 172
249 1559 72 170
504 1559 208 170
714 1559 83 170
799 1559 66 170
867 1559 100 170
969 1559 156 170
1127 1559 339 170
1468 1559 386 170
1856 1559 1184 170
180 1734 67 517
249 1734 72 171
323 1734 179 171
504 1734 208 171
714 1734 83 171
799 1734 66 171
867 1734 100 171
969 1734 156 171
1127 1734 339 171
1468 1734 386 171
1856 1734 1184 171
249 1907 72 172
323 1907 179 172
504 1907 208 172
714 1907 83 172
799 1907 66 172
867 1907 100 172
969 1907 156 172
1127 1907 339 172
1468 1907 386 172
1856 1907 1184 172
249 2081 72 170
504 2081 208 170
714 2081 83 170
799 2081 66 170
867 2081 100 170
969 2081 156 170
1127 2081 339 170
1468 2081 386 170
1856 2081 1184 170
180 2256 67 343
249 2256 72 171
323 2256 179 171
504 2256 208 171
714 2256 83 171
799 2256 66 171
867 2256 100 171
969 2256 156 171
1127 2256 339 171
1468 2256 386 171
1856 2256 1184 171
249 2429 72 170
504 2429 208 170
714 2429 83 170
799 2429 66 170
867 2429 100 170
969 2429 156 170
1127 2429 339 170
1468 2429 386 170
1856 2429 1184 170
323 2475 40 21
180 2604 67 343
249 2604 72 171
504 2604 208 171
714 2604 83 171
799 2604 66 171
867 2604 100 171
969 2604 156 171
1127 2604 339 171
1468 2604 386 171
1856 2604 1184 171
249 2777 72 170
504 2777 208 170
714 2777 83 170
799 2777 66 170
867 2777 100 170
969 2777 156 170
1127 2777 339 170
1468 2777 386 170
1856 2777 1184 170
180 2952 67 343
249 2952 72 171
323 2952 179 171
504 2952 208 171
714 2952 83 171
799 2952 66 171
867 2952 100 171
969 2952 156 171
1127 2952 339 171
1468 2952 386 171
1856 2952 1184 171
249 3125 72 170
504 3125 208 170
714 3125 83 170
799 3125 66 170
867 3125 100 170
969 3125 156 170
1127 3125 339 170
1468 3125 386 170
1856 3125 1184 170
180 3300 67 343
249 3300 72 171
323 3300 179 171
504 3300 208 171
714 3300 83 171
799 3300 66 171
867 3300 100 171
969 3300 156 171
1127 3300 339 171
1468 3300 386 171
1856 3300 1184 171
249 3473 72 170
504 3473 208 170
714 3473 83 170
799 3473 66 170
867 3473 100 170
969 3473 156 170
1127 3473 339 170
1468 3473 386 170
1856 3473 1184 170
180 3648 67 343
249 3648 72 171
323 3648 179 171
504 3648 208 171
714 3648 83 171
799 3648 66 171
867 3648 100 171
969 3648 156 171
1127 3648 339 171
1468 3648 386 171
1856 3648 1184 171
249 3821 72 170
504 3821 208 170
714 3821 83 170
799 3821 66 170
867 3821 100 170
969 3821 156 170
1127 3821 339 170
1468 3821 386 170
1856 3821 1184 170
180 3996 67 169
249 3996 72 169
504 3996 208 169
714 3996 83 169
799 3996 66 169
867 3996 100 169
969 3996 156 169
1127 3996 339 169
1468 3996 386 169
1856 3996 1184 169
180 4170 67 168
249 4170 72 168
504 4170 208 168
714 4170 83 168
799 4170 66 168
867 4170 100 168
969 4170 156 168
1127 4170 339 168
1468 4170 386 168
1856 4170 1184 168
