61 2667 157 52
219 2667 441 52
662 2667 310 52
974 2667 157 52
1132 2667 316 52
1461 2667 157 52
1620 2667 440 52
2062 2667 310 52
2374 2667 157 52
2533 2667 315 52
61 2721 157 53
219 2721 441 53
662 2721 310 53
974 2721 157 53
1132 2721 316 53
1461 2721 157 53
1620 2721 440 53
2062 2721 310 53
2374 2721 157 53
2533 2721 315 53
61 2775 157 53
219 2775 441 53
662 2775 310 53
974 2775 157 53
1132 2775 316 53
1461 2775 157 53
1620 2775 440 53
2062 2775 310 53
2374 2775 157 53
2533 2775 315 53
61 2830 157 53
219 2830 441 53
662 2830 310 53
974 2830 157 53
1132 2830 316 53
1461 2830 157 53
1620 2830 440 53
2062 2830 310 53
2374 2830 157 53
2533 2830 315 53
61 2884 157 53
219 2884 441 53
662 2884 310 53
974 2884 157 53
1132 2884 316 53
1461 2884 157 53
1620 2884 440 53
2062 2884 310 53
2374 2884 157 53
2533 2884 315 53
61 2939 157 52
219 2939 441 52
662 2939 310 52
974 2939 157 52
1132 2939 316 52
1461 2939 157 52
1620 2939 440 52
2062 2939 310 52
2374 2939 157 52
2533 2939 315 52
61 2993 157 53
219 2993 441 53
662 2993 310 53
974 2993 157 53
1132 2993 316 53
1461 2993 157 53
1620 2993 440 53
2062 2993 310 53
2374 2993 157 53
2533 2993 315 53
61 3048 157 52
219 3048 441 52
662 3048 310 52
974 3048 157 52
1132 3048 316 52
1461 3048 157 52
1620 3048 440 52
2062 3048 310 52
2374 3048 157 52
2533 3048 315 52
61 3102 157 53
219 3102 441 53
662 3102 310 53
974 3102 157 53
1132 3102 316 53
1461 3102 157 53
1620 3102 440 53
2062 3102 310 53
2374 3102 157 53
2533 3102 315 53
61 3156 157 53
219 3156 441 53
662 3156 310 53
974 3156 157 53
1132 3156 316 53
1461 3156 157 53
1620 3156 440 53
2062 3156 310 53
2374 3156 157 53
2533 3156 315 53
61 3211 157 53
219 3211 441 53
662 3211 310 53
974 3211 157 53
1132 3211 316 53
1461 3211 157 53
1620 3211 440 53
2062 3211 310 53
2374 3211 157 53
2533 3211 315 53
61 3265 157 53
219 3265 441 53
662 3265 310 53
974 3265 157 53
1132 3265 316 53
1461 3265 157 53
1620 3265 440 53
2062 3265 310 53
2374 3265 157 53
2533 3265 315 53
61 3320 157 52
219 3320 441 52
662 3320 310 52
974 3320 157 52
1132 3320 316 52
1461 3320 157 52
1620 3320 440 52
2062 3320 310 52
2374 3320 157 52
2533 3320 315 52
61 3374 157 53
219 3374 441 53
662 3374 310 53
974 3374 157 53
1132 3374 316 53
1461 3374 157 53
1620 3374 440 53
2062 3374 310 53
2374 3374 157 53
2533 3374 315 53
61 3429 157 52
219 3429 441 52
662 3429 310 52
974 3429 157 52
1132 3429 316 52
1461 3429 157 52
1620 3429 440 52
2062 3429 310 52
2374 3429 157 52
2533 3429 315 52
61 3483 157 53
219 3483 441 53
662 3483 310 53
974 3483 157 53
1132 3483 316 53
1461 3483 157 53
1620 3483 440 53
2062 3483 310 53
2374 3483 157 53
2533 3483 315 53
61 3537 157 53
219 3537 441 53
662 3537 310 53
974 3537 157 53
1132 3537 316 53
1461 3537 157 53
1620 3537 440 53
2062 3537 310 53
2374 3537 157 53
2533 3537 315 53
61 3592 157 53
219 3592 441 53
662 3592 310 53
974 3592 157 53
1132 3592 316 53
1461 3592 157 53
1620 3592 440 53
2062 3592 310 53
2374 3592 157 53
2533 3592 315 53
61 3646 157 53
219 3646 441 53
662 3646 310 53
974 3646 157 53
1132 3646 316 53
1461 3646 157 53
1620 3646 440 53
2062 3646 310 53
2374 3646 157 53
2533 3646 315 53
61 3701 157 52
219 3701 441 52
662 3701 310 52
974 3701 157 52
1132 3701 316 52
1461 3701 157 52
1620 3701 440 52
2062 3701 310 52
2374 3701 157 52
2533 3701 315 52
61 3755 157 53
219 3755 441 53
662 3755 310 53
974 3755 157 53
1132 3755 316 53
1461 3755 157 53
1620 3755 440 53
2062 3755 310 53
2374 3755 157 53
2533 3755 315 53
61 3810 157 52
219 3810 441 52
662 3810 310 52
974 3810 157 52
1132 3810 316 52
1461 3810 157 52
1620 3810 440 52
2062 3810 310 52
2374 3810 157 52
2533 3810 315 52
61 3864 157 53
219 3864 441 53
662 3864 310 53
974 3864 157 53
1132 3864 316 53
1461 3864 157 53
1620 3864 440 53
2062 3864 310 53
2374 3864 157 53
2533 3864 315 53
61 3918 157 53
219 3918 441 53
662 3918 310 53
974 3918 157 53
1132 3918 316 53
1461 3918 157 53
1620 3918 440 53
2062 3918 310 53
2374 3918 157 53
2533 3918 315 53
61 3973 157 53
219 3973 441 53
662 3973 310 53
974 3973 157 53
1132 3973 316 53
1461 3973 157 53
1620 3973 440 53
2062 3973 310 53
2374 3973 157 53
2533 3973 315 53
