53 801 99 54
155 801 195 54
353 801 117 54
472 801 117 54
591 801 94 54
688 801 93 54
784 801 94 54
881 801 212 54
1096 801 405 54
1504 801 1324 54
53 858 99 269
353 858 117 269
472 858 117 269
591 858 94 269
688 858 93 269
784 858 94 269
881 858 212 269
1096 858 405 269
1504 858 1324 269
308 920 42 36
155 932 36 111
309 956 41 79
53 1130 99 269
353 1130 117 269
472 1130 117 269
591 1130 94 269
688 1130 93 269
784 1130 94 269
881 1130 212 269
1096 1130 405 269
1504 1130 1324 269
155 1184 38 39
310 1194 40 28
311 1222 39 86
155 1223 37 83
1533 3649 1334 77
1533 3728 190 66
1724 3728 327 66
2053 3728 367 66
2422 3728 445 66
1533 3796 190 100
1724 3796 327 100
2053 3796 367 100
2422 3796 445 100
1533 3898 190 99
1724 3898 327 99
2053 3898 367 99
2422 3898 445 99
