112 112 3336 83
112 198 126 135
241 198 127 135
370 198 342 135
715 198 126 135
844 198 83 135
930 198 84 135
1016 198 84 135
1102 198 84 135
1189 198 368 135
1560 198 471 135
2033 198 1415 135
112 335 126 644
241 335 127 321
370 335 342 321
715 335 126 321
844 335 83 321
930 335 84 321
1016 335 84 321
1102 335 84 321
1189 335 368 321
1560 335 471 321
2033 335 1415 321
241 659 127 320
370 659 342 320
715 659 126 320
844 659 83 320
930 659 84 320
1016 659 84 320
1102 659 84 320
1189 659 368 320
1560 659 471 320
2033 659 1415 320
112 982 126 321
241 982 127 321
370 982 342 321
715 982 126 321
844 982 83 321
930 982 84 321
1016 982 84 321
1102 982 84 321
1189 982 368 321
1560 982 471 321
2033 982 1415 321
112 1306 126 644
241 1306 127 320
370 1306 342 320
715 1306 126 320
844 1306 83 320
930 1306 84 320
1016 1306 84 320
1102 1306 84 320
1189 1306 368 320
1560 1306 471 320
2033 1306 1415 320
241 1629 127 321
370 1629 342 321
715 1629 126 321
844 1629 83 321
930 1629 84 321
1016 1629 84 321
1102 1629 84 321
1189 1629 368 321
1560 1629 471 321
2033 1629 1415 321
112 1953 126 320
241 1953 127 320
370 1953 342 320
715 1953 126 320
844 1953 83 320
930 1953 84 320
1016 1953 84 320
1102 1953 84 320
1189 1953 368 320
1560 1953 471 320
2033 1953 1415 320
112 2276 126 644
241 2276 127 321
370 2276 342 321
715 2276 126 321
844 2276 83 321
930 2276 84 321
1016 2276 84 321
1102 2276 84 321
1189 2276 368 321
1560 2276 471 321
2033 2276 1415 321
241 2600 127 320
370 2600 342 320
715 2600 126 320
844 2600 83 320
930 2600 84 320
1016 2600 84 320
1102 2600 84 320
1189 2600 368 320
1560 2600 471 320
2033 2600 1415 320
112 2923 126 644
241 2923 127 321
370 2923 342 321
715 2923 126 321
844 2923 83 321
930 2923 84 321
1016 2923 84 321
1102 2923 84 321
1189 2923 368 321
1560 2923 471 321
2033 2923 1415 321
241 3247 127 320
370 3247 342 320
715 3247 126 320
844 3247 83 320
930 3247 84 320
1016 3247 84 320
1102 3247 84 320
1189 3247 368 320
1560 3247 471 320
2033 3247 1415 320
112 3570 126 644
241 3570 127 321
370 3570 342 321
715 3570 126 321
844 3570 83 321
930 3570 84 321
1016 3570 84 321
1102 3570 84 321
1189 3570 368 321
1560 3570 471 321
2033 3570 1415 321
241 3893 127 321
370 3893 342 321
715 3893 126 321
844 3893 83 321
930 3893 84 321
1016 3893 84 321
1102 3893 84 321
1189 3893 368 321
1560 3893 471 321
2033 3893 1415 321
112 4217 3336 592
