57 1791 30 31
88 1791 58 31
147 1791 141 31
289 1791 149 31
439 1791 50 31
490 1791 106 31
57 1823 30 2260
88 1823 58 33
147 1823 141 33
289 1823 149 33
439 1823 50 33
490 1823 106 33
88 1857 58 32
147 1857 141 32
289 1857 149 32
439 1857 50 32
490 1857 106 32
88 1890 58 32
147 1890 141 32
289 1890 149 32
439 1890 50 32
490 1890 106 32
88 1923 58 32
147 1923 141 32
289 1923 149 32
439 1923 50 32
490 1923 106 32
88 1956 58 33
147 1956 141 33
289 1956 149 33
439 1956 50 33
490 1956 106 33
88 1990 58 32
147 1990 141 32
289 1990 149 32
439 1990 50 32
490 1990 106 32
88 2023 58 32
147 2023 141 32
289 2023 149 32
439 2023 50 32
490 2023 106 32
88 2056 58 32
147 2056 141 32
289 2056 149 32
439 2056 50 32
490 2056 106 32
88 2089 58 33
147 2089 141 33
289 2089 149 33
439 2089 50 33
490 2089 106 33
88 2123 58 32
147 2123 141 32
289 2123 149 32
439 2123 50 32
490 2123 106 32
88 2156 58 32
147 2156 141 32
289 2156 149 32
439 2156 50 32
490 2156 106 32
88 2189 58 32
147 2189 141 32
289 2189 149 32
439 2189 50 32
490 2189 106 32
88 2222 58 32
147 2222 141 32
289 2222 149 32
439 2222 50 32
490 2222 106 32
88 2255 58 33
147 2255 141 33
289 2255 149 33
439 2255 50 33
490 2255 106 33
88 2289 58 32
147 2289 141 32
289 2289 149 32
439 2289 50 32
490 2289 106 32
88 2322 58 32
147 2322 141 32
289 2322 149 32
439 2322 50 32
490 2322 106 32
88 2355 58 32
147 2355 141 32
289 2355 149 32
439 2355 50 32
490 2355 106 32
88 2388 58 33
147 2388 141 33
289 2388 149 33
439 2388 50 33
490 2388 106 33
88 2422 58 32
147 2422 141 32
289 2422 149 32
439 2422 50 32
490 2422 106 32
88 2455 58 32
147 2455 141 32
289 2455 149 32
439 2455 50 32
490 2455 106 32
88 2488 58 32
147 2488 141 32
289 2488 149 32
439 2488 50 32
490 2488 106 32
88 2521 58 33
147 2521 141 33
289 2521 149 33
439 2521 50 33
490 2521 106 33
88 2555 58 32
147 2555 141 32
289 2555 149 32
439 2555 50 32
490 2555 106 32
88 2588 58 32
147 2588 141 32
289 2588 149 32
439 2588 50 32
490 2588 106 32
88 2621 58 32
147 2621 141 32
289 2621 149 32
439 2621 50 32
490 2621 106 32
88 2654 58 33
147 2654 141 33
289 2654 149 33
439 2654 50 33
490 2654 106 33
88 2688 58 32
147 2688 141 32
289 2688 149 32
439 2688 50 32
490 2688 106 32
88 2721 58 32
147 2721 141 32
289 2721 149 32
439 2721 50 32
490 2721 106 32
88 2754 58 32
147 2754 141 32
289 2754 149 32
439 2754 50 32
490 2754 106 32
88 2787 58 32
147 2787 141 32
289 2787 149 32
439 2787 50 32
490 2787 106 32
88 2820 58 33
147 2820 141 33
289 2820 149 33
439 2820 50 33
490 2820 106 33
88 2854 58 32
147 2854 141 32
289 2854 149 32
439 2854 50 32
490 2854 106 32
88 2887 58 32
147 2887 141 32
289 2887 149 32
439 2887 50 32
490 2887 106 32
88 2920 58 32
147 2920 141 32
289 2920 149 32
439 2920 50 32
490 2920 106 32
88 2953 58 33
147 2953 141 33
289 2953 149 33
439 2953 50 33
490 2953 106 33
88 2987 58 32
147 2987 141 32
289 2987 149 32
439 2987 50 32
490 2987 106 32
88 3020 58 32
147 3020 141 32
289 3020 149 32
439 3020 50 32
490 3020 106 32
88 3053 58 32
147 3053 141 32
289 3053 149 32
439 3053 50 32
490 3053 106 32
88 3086 58 33
147 3086 141 33
289 3086 149 33
439 3086 50 33
490 3086 106 33
88 3120 58 32
147 3120 141 32
289 3120 149 32
439 3120 50 32
490 3120 106 32
88 3153 58 32
147 3153 141 32
289 3153 149 32
439 3153 50 32
490 3153 106 32
88 3186 58 32
147 3186 141 32
289 3186 149 32
439 3186 50 32
490 3186 106 32
88 3219 58 32
147 3219 141 32
289 3219 149 32
439 3219 50 32
490 3219 106 32
88 3252 58 33
147 3252 141 33
289 3252 149 33
439 3252 50 33
490 3252 106 33
88 3286 58 32
147 3286 141 32
289 3286 149 32
439 3286 50 32
490 3286 106 32
88 3319 58 32
147 3319 141 32
289 3319 149 32
439 3319 50 32
490 3319 106 32
88 3352 58 32
147 3352 141 32
289 3352 149 32
439 3352 50 32
490 3352 106 32
88 3385 58 33
147 3385 141 33
289 3385 149 33
439 3385 50 33
490 3385 106 33
88 3419 58 32
147 3419 141 32
289 3419 149 32
439 3419 50 32
490 3419 106 32
88 3452 58 32
147 3452 141 32
289 3452 149 32
439 3452 50 32
490 3452 106 32
88 3485 58 32
147 3485 141 32
289 3485 149 32
439 3485 50 32
490 3485 106 32
88 3518 58 33
147 3518 141 33
289 3518 149 33
439 3518 50 33
490 3518 106 33
88 3552 58 32
147 3552 141 32
289 3552 149 32
439 3552 50 32
490 3552 106 32
88 3585 58 32
147 3585 141 32
289 3585 149 32
439 3585 50 32
490 3585 106 32
88 3618 58 32
147 3618 141 32
289 3618 149 32
439 3618 50 32
490 3618 106 32
88 3651 58 32
147 3651 141 32
289 3651 149 32
439 3651 50 32
490 3651 106 32
88 3684 58 33
147 3684 141 33
289 3684 149 33
439 3684 50 33
490 3684 106 33
88 3718 58 32
147 3718 141 32
289 3718 149 32
439 3718 50 32
490 3718 106 32
88 3751 58 32
147 3751 141 32
289 3751 149 32
439 3751 50 32
490 3751 106 32
88 3784 58 32
147 3784 141 32
289 3784 149 32
439 3784 50 32
490 3784 106 32
88 3817 58 33
147 3817 141 33
289 3817 149 33
439 3817 50 33
490 3817 106 33
88 3851 58 32
147 3851 141 32
289 3851 149 32
439 3851 50 32
490 3851 106 32
88 3884 58 32
147 3884 141 32
289 3884 149 32
439 3884 50 32
490 3884 106 32
88 3917 58 32
147 3917 141 32
289 3917 149 32
439 3917 50 32
490 3917 106 32
88 3950 58 33
147 3950 141 33
289 3950 149 33
439 3950 50 33
490 3950 106 33
88 3984 58 32
147 3984 141 32
289 3984 149 32
439 3984 50 32
490 3984 106 32
88 4017 58 32
147 4017 141 32
289 4017 149 32
439 4017 50 32
490 4017 106 32
88 4050 58 33
147 4050 141 33
289 4050 149 33
439 4050 50 33
490 4050 106 33
634 1791 30 31
665 1791 58 31
724 1791 141 31
866 1791 149 31
1016 1791 50 31
1067 1791 106 31
634 1823 30 1162
665 1823 58 33
724 1823 141 33
866 1823 149 33
1016 1823 50 33
1067 1823 106 33
665 1857 58 32
724 1857 141 32
866 1857 149 32
1016 1857 50 32
1067 1857 106 32
665 1890 58 32
724 1890 141 32
866 1890 149 32
1016 1890 50 32
1067 1890 106 32
665 1923 58 32
724 1923 141 32
866 1923 149 32
1016 1923 50 32
1067 1923 106 32
665 1956 58 33
724 1956 141 33
866 1956 149 33
1016 1956 50 33
1067 1956 106 33
665 1990 58 32
724 1990 141 32
866 1990 149 32
1016 1990 50 32
1067 1990 106 32
665 2023 58 32
724 2023 141 32
866 2023 149 32
1016 2023 50 32
1067 2023 106 32
665 2056 58 32
724 2056 141 32
866 2056 149 32
1016 2056 50 32
1067 2056 106 32
665 2089 58 33
724 2089 141 33
866 2089 149 33
1016 2089 50 33
1067 2089 106 33
665 2123 58 32
724 2123 141 32
866 2123 149 32
1016 2123 50 32
1067 2123 106 32
665 2156 58 32
724 2156 141 32
866 2156 149 32
1016 2156 50 32
1067 2156 106 32
665 2189 58 32
724 2189 141 32
866 2189 149 32
1016 2189 50 32
1067 2189 106 32
665 2222 58 32
724 2222 141 32
866 2222 149 32
1016 2222 50 32
1067 2222 106 32
665 2255 58 33
724 2255 141 33
866 2255 149 33
1016 2255 50 33
1067 2255 106 33
665 2289 58 32
724 2289 141 32
866 2289 149 32
1016 2289 50 32
1067 2289 106 32
665 2322 58 32
724 2322 141 32
866 2322 149 32
1016 2322 50 32
1067 2322 106 32
665 2355 58 32
724 2355 141 32
866 2355 149 32
1016 2355 50 32
1067 2355 106 32
665 2388 58 33
724 2388 141 33
866 2388 149 33
1016 2388 50 33
1067 2388 106 33
665 2422 58 32
724 2422 141 32
866 2422 149 32
1016 2422 50 32
1067 2422 106 32
665 2455 58 32
724 2455 141 32
866 2455 149 32
1016 2455 50 32
1067 2455 106 32
665 2488 58 32
724 2488 141 32
866 2488 149 32
1016 2488 50 32
1067 2488 106 32
665 2521 58 33
724 2521 141 33
866 2521 149 33
1016 2521 50 33
1067 2521 106 33
665 2555 58 32
724 2555 141 32
866 2555 149 32
1016 2555 50 32
1067 2555 106 32
665 2588 58 32
724 2588 141 32
866 2588 149 32
1016 2588 50 32
1067 2588 106 32
665 2621 58 32
724 2621 141 32
866 2621 149 32
1016 2621 50 32
1067 2621 106 32
665 2654 58 33
724 2654 141 33
866 2654 149 33
1016 2654 50 33
1067 2654 106 33
665 2688 58 32
724 2688 141 32
866 2688 149 32
1016 2688 50 32
1067 2688 106 32
665 2721 58 32
724 2721 141 32
866 2721 149 32
1016 2721 50 32
1067 2721 106 32
665 2754 58 32
724 2754 141 32
866 2754 149 32
1016 2754 50 32
1067 2754 106 32
665 2787 58 32
724 2787 141 32
866 2787 149 32
1016 2787 50 32
1067 2787 106 32
665 2820 58 33
724 2820 141 33
866 2820 149 33
1016 2820 50 33
1067 2820 106 33
665 2854 58 32
724 2854 141 32
866 2854 149 32
1016 2854 50 32
1067 2854 106 32
665 2887 58 32
724 2887 141 32
866 2887 149 32
1016 2887 50 32
1067 2887 106 32
665 2920 58 32
724 2920 141 32
866 2920 149 32
1016 2920 50 32
1067 2920 106 32
665 2953 58 32
724 2953 141 32
866 2953 149 32
1016 2953 50 32
1067 2953 106 32
634 2987 30 32
665 2987 58 32
724 2987 141 32
866 2987 149 32
1016 2987 50 32
1067 2987 106 32
634 3020 30 1063
665 3020 58 32
724 3020 141 32
866 3020 149 32
1016 3020 50 32
1067 3020 106 32
665 3053 58 32
724 3053 141 32
866 3053 149 32
1016 3053 50 32
1067 3053 106 32
665 3086 58 33
724 3086 141 33
866 3086 149 33
1016 3086 50 33
1067 3086 106 33
665 3120 58 32
724 3120 141 32
866 3120 149 32
1016 3120 50 32
1067 3120 106 32
665 3153 58 32
724 3153 141 32
866 3153 149 32
1016 3153 50 32
1067 3153 106 32
665 3186 58 32
724 3186 141 32
866 3186 149 32
1016 3186 50 32
1067 3186 106 32
665 3219 58 32
724 3219 141 32
866 3219 149 32
1016 3219 50 32
1067 3219 106 32
665 3252 58 33
724 3252 141 33
866 3252 149 33
1016 3252 50 33
1067 3252 106 33
665 3286 58 32
724 3286 141 32
866 3286 149 32
1016 3286 50 32
1067 3286 106 32
665 3319 58 32
724 3319 141 32
866 3319 149 32
1016 3319 50 32
1067 3319 106 32
665 3352 58 32
724 3352 141 32
866 3352 149 32
1016 3352 50 32
1067 3352 106 32
665 3385 58 33
724 3385 141 33
866 3385 149 33
1016 3385 50 33
1067 3385 106 33
665 3419 58 32
724 3419 141 32
866 3419 149 32
1016 3419 50 32
1067 3419 106 32
665 3452 58 32
724 3452 141 32
866 3452 149 32
1016 3452 50 32
1067 3452 106 32
665 3485 58 32
724 3485 141 32
866 3485 149 32
1016 3485 50 32
1067 3485 106 32
665 3518 58 33
724 3518 141 33
866 3518 149 33
1016 3518 50 33
1067 3518 106 33
665 3552 58 32
724 3552 141 32
866 3552 149 32
1016 3552 50 32
1067 3552 106 32
665 3585 58 32
724 3585 141 32
866 3585 149 32
1016 3585 50 32
1067 3585 106 32
665 3618 58 32
724 3618 141 32
866 3618 149 32
1016 3618 50 32
1067 3618 106 32
665 3651 58 32
724 3651 141 32
866 3651 149 32
1016 3651 50 32
1067 3651 106 32
665 3684 58 33
724 3684 141 33
866 3684 149 33
1016 3684 50 33
1067 3684 106 33
665 3718 58 32
724 3718 141 32
866 3718 149 32
1016 3718 50 32
1067 3718 106 32
665 3751 58 32
724 3751 141 32
866 3751 149 32
1016 3751 50 32
1067 3751 106 32
665 3784 58 32
724 3784 141 32
866 3784 149 32
1016 3784 50 32
1067 3784 106 32
665 3817 58 33
724 3817 141 33
866 3817 149 33
1016 3817 50 33
1067 3817 106 33
665 3851 58 32
724 3851 141 32
866 3851 149 32
1016 3851 50 32
1067 3851 106 32
665 3884 58 32
724 3884 141 32
866 3884 149 32
1016 3884 50 32
1067 3884 106 32
665 3917 58 32
724 3917 141 32
866 3917 149 32
1016 3917 50 32
1067 3917 106 32
665 3950 58 33
724 3950 141 33
866 3950 149 33
1016 3950 50 33
1067 3950 106 33
665 3984 58 32
724 3984 141 32
866 3984 149 32
1016 3984 50 32
1067 3984 106 32
665 4017 58 32
724 4017 141 32
866 4017 149 32
1016 4017 50 32
1067 4017 106 32
665 4050 58 33
724 4050 141 33
866 4050 149 33
1016 4050 50 33
1067 4050 106 33
1210 1791 30 31
1241 1791 58 31
1300 1791 141 31
1442 1791 149 31
1592 1791 50 31
1643 1791 106 31
1210 1823 30 2260
1241 1823 58 33
1300 1823 141 33
1442 1823 149 33
1592 1823 50 33
1643 1823 106 33
1241 1857 58 32
1300 1857 141 32
1442 1857 149 32
1592 1857 50 32
1643 1857 106 32
1241 1890 58 32
1300 1890 141 32
1442 1890 149 32
1592 1890 50 32
1643 1890 106 32
1241 1923 58 32
1300 1923 141 32
1442 1923 149 32
1592 1923 50 32
1643 1923 106 32
1241 1956 58 33
1300 1956 141 33
1442 1956 149 33
1592 1956 50 33
1643 1956 106 33
1241 1990 58 32
1300 1990 141 32
1442 1990 149 32
1592 1990 50 32
1643 1990 106 32
1241 2023 58 32
1300 2023 141 32
1442 2023 149 32
1592 2023 50 32
1643 2023 106 32
1241 2056 58 32
1300 2056 141 32
1442 2056 149 32
1592 2056 50 32
1643 2056 106 32
1241 2089 58 33
1300 2089 141 33
1442 2089 149 33
1592 2089 50 33
1643 2089 106 33
1241 2123 58 32
1300 2123 141 32
1442 2123 149 32
1592 2123 50 32
1643 2123 106 32
1241 2156 58 32
1300 2156 141 32
1442 2156 149 32
1592 2156 50 32
1643 2156 106 32
1241 2189 58 32
1300 2189 141 32
1442 2189 149 32
1592 2189 50 32
1643 2189 106 32
1241 2222 58 32
1300 2222 141 32
1442 2222 149 32
1592 2222 50 32
1643 2222 106 32
1241 2255 58 33
1300 2255 141 33
1442 2255 149 33
1592 2255 50 33
1643 2255 106 33
1241 2289 58 32
1300 2289 141 32
1442 2289 149 32
1592 2289 50 32
1643 2289 106 32
1241 2322 58 32
1300 2322 141 32
1442 2322 149 32
1592 2322 50 32
1643 2322 106 32
1241 2355 58 32
1300 2355 141 32
1442 2355 149 32
1592 2355 50 32
1643 2355 106 32
1241 2388 58 33
1300 2388 141 33
1442 2388 149 33
1592 2388 50 33
1643 2388 106 33
1241 2422 58 32
1300 2422 141 32
1442 2422 149 32
1592 2422 50 32
1643 2422 106 32
1241 2455 58 32
1300 2455 141 32
1442 2455 149 32
1592 2455 50 32
1643 2455 106 32
1241 2488 58 32
1300 2488 141 32
1442 2488 149 32
1592 2488 50 32
1643 2488 106 32
1241 2521 58 33
1300 2521 141 33
1442 2521 149 33
1592 2521 50 33
1643 2521 106 33
1241 2555 58 32
1300 2555 141 32
1442 2555 149 32
1592 2555 50 32
1643 2555 106 32
1241 2588 58 32
1300 2588 141 32
1442 2588 149 32
1592 2588 50 32
1643 2588 106 32
1241 2621 58 32
1300 2621 141 32
1442 2621 149 32
1592 2621 50 32
1643 2621 106 32
1241 2654 58 33
1300 2654 141 33
1442 2654 149 33
1592 2654 50 33
1643 2654 106 33
1241 2688 58 32
1300 2688 141 32
1442 2688 149 32
1592 2688 50 32
1643 2688 106 32
1241 2721 58 32
1300 2721 141 32
1442 2721 149 32
1592 2721 50 32
1643 2721 106 32
1241 2754 58 32
1300 2754 141 32
1442 2754 149 32
1592 2754 50 32
1643 2754 106 32
1241 2787 58 32
1300 2787 141 32
1442 2787 149 32
1592 2787 50 32
1643 2787 106 32
1241 2820 58 33
1300 2820 141 33
1442 2820 149 33
1592 2820 50 33
1643 2820 106 33
1241 2854 58 32
1300 2854 141 32
1442 2854 149 32
1592 2854 50 32
1643 2854 106 32
1241 2887 58 32
1300 2887 141 32
1442 2887 149 32
1592 2887 50 32
1643 2887 106 32
1241 2920 58 32
1300 2920 141 32
1442 2920 149 32
1592 2920 50 32
1643 2920 106 32
1241 2953 58 33
1300 2953 141 33
1442 2953 149 33
1592 2953 50 33
1643 2953 106 33
1241 2987 58 32
1300 2987 141 32
1442 2987 149 32
1592 2987 50 32
1643 2987 106 32
1241 3020 58 32
1300 3020 141 32
1442 3020 149 32
1592 3020 50 32
1643 3020 106 32
1241 3053 58 32
1300 3053 141 32
1442 3053 149 32
1592 3053 50 32
1643 3053 106 32
1241 3086 58 33
1300 3086 141 33
1442 3086 149 33
1592 3086 50 33
1643 3086 106 33
1241 3120 58 32
1300 3120 141 32
1442 3120 149 32
1592 3120 50 32
1643 3120 106 32
1241 3153 58 32
1300 3153 141 32
1442 3153 149 32
1592 3153 50 32
1643 3153 106 32
1241 3186 58 32
1300 3186 141 32
1442 3186 149 32
1592 3186 50 32
1643 3186 106 32
1241 3219 58 32
1300 3219 141 32
1442 3219 149 32
1592 3219 50 32
1643 3219 106 32
1241 3252 58 33
1300 3252 141 33
1442 3252 149 33
1592 3252 50 33
1643 3252 106 33
1241 3286 58 32
1300 3286 141 32
1442 3286 149 32
1592 3286 50 32
1643 3286 106 32
1241 3319 58 32
1300 3319 141 32
1442 3319 149 32
1592 3319 50 32
1643 3319 106 32
1241 3352 58 32
1300 3352 141 32
1442 3352 149 32
1592 3352 50 32
1643 3352 106 32
1241 3385 58 33
1300 3385 141 33
1442 3385 149 33
1592 3385 50 33
1643 3385 106 33
1241 3419 58 32
1300 3419 141 32
1442 3419 149 32
1592 3419 50 32
1643 3419 106 32
1241 3452 58 32
1300 3452 141 32
1442 3452 149 32
1592 3452 50 32
1643 3452 106 32
1241 3485 58 32
1300 3485 141 32
1442 3485 149 32
1592 3485 50 32
1643 3485 106 32
1241 3518 58 33
1300 3518 141 33
1442 3518 149 33
1592 3518 50 33
1643 3518 106 33
1241 3552 58 32
1300 3552 141 32
1442 3552 149 32
1592 3552 50 32
1643 3552 106 32
1241 3585 58 32
1300 3585 141 32
1442 3585 149 32
1592 3585 50 32
1643 3585 106 32
1241 3618 58 32
1300 3618 141 32
1442 3618 149 32
1592 3618 50 32
1643 3618 106 32
1241 3651 58 32
1300 3651 141 32
1442 3651 149 32
1592 3651 50 32
1643 3651 106 32
1241 3684 58 33
1300 3684 141 33
1442 3684 149 33
1592 3684 50 33
1643 3684 106 33
1241 3718 58 32
1300 3718 141 32
1442 3718 149 32
1592 3718 50 32
1643 3718 106 32
1241 3751 58 32
1300 3751 141 32
1442 3751 149 32
1592 3751 50 32
1643 3751 106 32
1241 3784 58 32
1300 3784 141 32
1442 3784 149 32
1592 3784 50 32
1643 3784 106 32
1241 3817 58 33
1300 3817 141 33
1442 3817 149 33
1592 3817 50 33
1643 3817 106 33
1241 3851 58 32
1300 3851 141 32
1442 3851 149 32
1592 3851 50 32
1643 3851 106 32
1241 3884 58 32
1300 3884 141 32
1442 3884 149 32
1592 3884 50 32
1643 3884 106 32
1241 3917 58 32
1300 3917 141 32
1442 3917 149 32
1592 3917 50 32
1643 3917 106 32
1241 3950 58 33
1300 3950 141 33
1442 3950 149 33
1592 3950 50 33
1643 3950 106 33
1241 3984 58 32
1300 3984 141 32
1442 3984 149 32
1592 3984 50 32
1643 3984 106 32
1241 4017 58 32
1300 4017 141 32
1442 4017 149 32
1592 4017 50 32
1643 4017 106 32
1241 4050 58 33
1300 4050 141 33
1442 4050 149 33
1592 4050 50 33
1643 4050 106 33
1787 1791 30 31
1818 1791 58 31
1877 1791 141 31
2019 1791 149 31
2169 1791 50 31
2220 1791 106 31
1787 1823 30 2260
1818 1823 58 33
1877 1823 141 33
2019 1823 149 33
2169 1823 50 33
2220 1823 106 33
1818 1857 58 32
1877 1857 141 32
2019 1857 149 32
2169 1857 50 32
2220 1857 106 32
1818 1890 58 32
1877 1890 141 32
2019 1890 149 32
2169 1890 50 32
2220 1890 106 32
1818 1923 58 32
1877 1923 141 32
2019 1923 149 32
2169 1923 50 32
2220 1923 106 32
1818 1956 58 33
1877 1956 141 33
2019 1956 149 33
2169 1956 50 33
2220 1956 106 33
1818 1990 58 32
1877 1990 141 32
2019 1990 149 32
2169 1990 50 32
2220 1990 106 32
1818 2023 58 32
1877 2023 141 32
2019 2023 149 32
2169 2023 50 32
2220 2023 106 32
1818 2056 58 32
1877 2056 141 32
2019 2056 149 32
2169 2056 50 32
2220 2056 106 32
1818 2089 58 33
1877 2089 141 33
2019 2089 149 33
2169 2089 50 33
2220 2089 106 33
1818 2123 58 32
1877 2123 141 32
2019 2123 149 32
2169 2123 50 32
2220 2123 106 32
1818 2156 58 32
1877 2156 141 32
2019 2156 149 32
2169 2156 50 32
2220 2156 106 32
1818 2189 58 32
1877 2189 141 32
2019 2189 149 32
2169 2189 50 32
2220 2189 106 32
1818 2222 58 32
1877 2222 141 32
2019 2222 149 32
2169 2222 50 32
2220 2222 106 32
1818 2255 58 33
1877 2255 141 33
2019 2255 149 33
2169 2255 50 33
2220 2255 106 33
1818 2289 58 32
1877 2289 141 32
2019 2289 149 32
2169 2289 50 32
2220 2289 106 32
1818 2322 58 32
1877 2322 141 32
2019 2322 149 32
2169 2322 50 32
2220 2322 106 32
1818 2355 58 32
1877 2355 141 32
2019 2355 149 32
2169 2355 50 32
2220 2355 106 32
1818 2388 58 33
1877 2388 141 33
2019 2388 149 33
2169 2388 50 33
2220 2388 106 33
1818 2422 58 32
1877 2422 141 32
2019 2422 149 32
2169 2422 50 32
2220 2422 106 32
1818 2455 58 32
1877 2455 141 32
2019 2455 149 32
2169 2455 50 32
2220 2455 106 32
1818 2488 58 32
1877 2488 141 32
2019 2488 149 32
2169 2488 50 32
2220 2488 106 32
1818 2521 58 33
1877 2521 141 33
2019 2521 149 33
2169 2521 50 33
2220 2521 106 33
1818 2555 58 32
1877 2555 141 32
2019 2555 149 32
2169 2555 50 32
2220 2555 106 32
1818 2588 58 32
1877 2588 141 32
2019 2588 149 32
2169 2588 50 32
2220 2588 106 32
1818 2621 58 32
1877 2621 141 32
2019 2621 149 32
2169 2621 50 32
2220 2621 106 32
1818 2654 58 33
1877 2654 141 33
2019 2654 149 33
2169 2654 50 33
2220 2654 106 33
1818 2688 58 32
1877 2688 141 32
2019 2688 149 32
2169 2688 50 32
2220 2688 106 32
1818 2721 58 32
1877 2721 141 32
2019 2721 149 32
2169 2721 50 32
2220 2721 106 32
1818 2754 58 32
1877 2754 141 32
2019 2754 149 32
2169 2754 50 32
2220 2754 106 32
1818 2787 58 32
1877 2787 141 32
2019 2787 149 32
2169 2787 50 32
2220 2787 106 32
1818 2820 58 33
1877 2820 141 33
2019 2820 149 33
2169 2820 50 33
2220 2820 106 33
1818 2854 58 32
1877 2854 141 32
2019 2854 149 32
2169 2854 50 32
2220 2854 106 32
1818 2887 58 32
1877 2887 141 32
2019 2887 149 32
2169 2887 50 32
2220 2887 106 32
1818 2920 58 32
1877 2920 141 32
2019 2920 149 32
2169 2920 50 32
2220 2920 106 32
1818 2953 58 33
1877 2953 141 33
2019 2953 149 33
2169 2953 50 33
2220 2953 106 33
1818 2987 58 32
1877 2987 141 32
2019 2987 149 32
2169 2987 50 32
2220 2987 106 32
1818 3020 58 32
1877 3020 141 32
2019 3020 149 32
2169 3020 50 32
2220 3020 106 32
1818 3053 58 32
1877 3053 141 32
2019 3053 149 32
2169 3053 50 32
2220 3053 106 32
1818 3086 58 33
1877 3086 141 33
2019 3086 149 33
2169 3086 50 33
2220 3086 106 33
1818 3120 58 32
1877 3120 141 32
2019 3120 149 32
2169 3120 50 32
2220 3120 106 32
1818 3153 58 32
1877 3153 141 32
2019 3153 149 32
2169 3153 50 32
2220 3153 106 32
1818 3186 58 32
1877 3186 141 32
2019 3186 149 32
2169 3186 50 32
2220 3186 106 32
1818 3219 58 32
1877 3219 141 32
2019 3219 149 32
2169 3219 50 32
2220 3219 106 32
1818 3252 58 33
1877 3252 141 33
2019 3252 149 33
2169 3252 50 33
2220 3252 106 33
1818 3286 58 32
1877 3286 141 32
2019 3286 149 32
2169 3286 50 32
2220 3286 106 32
1818 3319 58 32
1877 3319 141 32
2019 3319 149 32
2169 3319 50 32
2220 3319 106 32
1818 3352 58 32
1877 3352 141 32
2019 3352 149 32
2169 3352 50 32
2220 3352 106 32
1818 3385 58 33
1877 3385 141 33
2019 3385 149 33
2169 3385 50 33
2220 3385 106 33
1818 3419 58 32
1877 3419 141 32
2019 3419 149 32
2169 3419 50 32
2220 3419 106 32
1818 3452 58 32
1877 3452 141 32
2019 3452 149 32
2169 3452 50 32
2220 3452 106 32
1818 3485 58 32
1877 3485 141 32
2019 3485 149 32
2169 3485 50 32
2220 3485 106 32
1818 3518 58 33
1877 3518 141 33
2019 3518 149 33
2169 3518 50 33
2220 3518 106 33
1818 3552 58 32
1877 3552 141 32
2019 3552 149 32
2169 3552 50 32
2220 3552 106 32
1818 3585 58 32
1877 3585 141 32
2019 3585 149 32
2169 3585 50 32
2220 3585 106 32
1818 3618 58 32
1877 3618 141 32
2019 3618 149 32
2169 3618 50 32
2220 3618 106 32
1818 3651 58 32
1877 3651 141 32
2019 3651 149 32
2169 3651 50 32
2220 3651 106 32
1818 3684 58 33
1877 3684 141 33
2019 3684 149 33
2169 3684 50 33
2220 3684 106 33
1818 3718 58 32
1877 3718 141 32
2019 3718 149 32
2169 3718 50 32
2220 3718 106 32
1818 3751 58 32
1877 3751 141 32
2019 3751 149 32
2169 3751 50 32
2220 3751 106 32
1818 3784 58 32
1877 3784 141 32
2019 3784 149 32
2169 3784 50 32
2220 3784 106 32
1818 3817 58 33
1877 3817 141 33
2019 3817 149 33
2169 3817 50 33
2220 3817 106 33
1818 3851 58 32
1877 3851 141 32
2019 3851 149 32
2169 3851 50 32
2220 3851 106 32
1818 3884 58 32
1877 3884 141 32
2019 3884 149 32
2169 3884 50 32
2220 3884 106 32
1818 3917 58 32
1877 3917 141 32
2019 3917 149 32
2169 3917 50 32
2220 3917 106 32
1818 3950 58 33
1877 3950 141 33
2019 3950 149 33
2169 3950 50 33
2220 3950 106 33
1818 3984 58 32
1877 3984 141 32
2019 3984 149 32
2169 3984 50 32
2220 3984 106 32
1818 4017 58 32
1877 4017 141 32
2019 4017 149 32
2169 4017 50 32
2220 4017 106 32
1818 4050 58 33
1877 4050 141 33
2019 4050 149 33
2169 4050 50 33
2220 4050 106 33
2365 1791 29 31
2395 1791 58 31
2454 1791 141 31
2596 1791 150 31
2747 1791 50 31
2798 1791 105 31
2365 1823 29 2192
2395 1823 58 33
2454 1823 141 33
2596 1823 150 33
2747 1823 50 33
2798 1823 105 33
2395 1857 58 32
2454 1857 141 32
2596 1857 150 32
2747 1857 50 32
2798 1857 105 32
2395 1890 58 32
2454 1890 141 32
2596 1890 150 32
2747 1890 50 32
2798 1890 105 32
2395 1923 58 32
2454 1923 141 32
2596 1923 150 32
2747 1923 50 32
2798 1923 105 32
2395 1956 58 33
2454 1956 141 33
2596 1956 150 33
2747 1956 50 33
2798 1956 105 33
2395 1990 58 32
2454 1990 141 32
2596 1990 150 32
2747 1990 50 32
2798 1990 105 32
2395 2023 58 32
2454 2023 141 32
2596 2023 150 32
2747 2023 50 32
2798 2023 105 32
2395 2056 58 32
2454 2056 141 32
2596 2056 150 32
2747 2056 50 32
2798 2056 105 32
2395 2089 58 33
2454 2089 141 33
2596 2089 150 33
2747 2089 50 33
2798 2089 105 33
2395 2123 58 32
2454 2123 141 32
2596 2123 150 32
2747 2123 50 32
2798 2123 105 32
2395 2156 58 32
2454 2156 141 32
2596 2156 150 32
2747 2156 50 32
2798 2156 105 32
2395 2189 58 32
2454 2189 141 32
2596 2189 150 32
2747 2189 50 32
2798 2189 105 32
2395 2222 58 32
2454 2222 141 32
2596 2222 150 32
2747 2222 50 32
2798 2222 105 32
2395 2255 58 33
2454 2255 141 33
2596 2255 150 33
2747 2255 50 33
2798 2255 105 33
2395 2289 58 32
2454 2289 141 32
2596 2289 150 32
2747 2289 50 32
2798 2289 105 32
2395 2322 58 32
2454 2322 141 32
2596 2322 150 32
2747 2322 50 32
2798 2322 105 32
2395 2355 58 32
2454 2355 141 32
2596 2355 150 32
2747 2355 50 32
2798 2355 105 32
2395 2388 58 33
2454 2388 141 33
2596 2388 150 33
2747 2388 50 33
2798 2388 105 33
2395 2422 58 32
2454 2422 141 32
2596 2422 150 32
2747 2422 50 32
2798 2422 105 32
2395 2455 58 32
2454 2455 141 32
2596 2455 150 32
2747 2455 50 32
2798 2455 105 32
2395 2488 58 32
2454 2488 141 32
2596 2488 150 32
2747 2488 50 32
2798 2488 105 32
2395 2521 58 33
2454 2521 141 33
2596 2521 150 33
2747 2521 50 33
2798 2521 105 33
2395 2555 58 32
2454 2555 141 32
2596 2555 150 32
2747 2555 50 32
2798 2555 105 32
2395 2588 58 32
2454 2588 141 32
2596 2588 150 32
2747 2588 50 32
2798 2588 105 32
2395 2621 58 32
2454 2621 141 32
2596 2621 150 32
2747 2621 50 32
2798 2621 105 32
2395 2654 58 33
2454 2654 141 33
2596 2654 150 33
2747 2654 50 33
2798 2654 105 33
2395 2688 58 32
2454 2688 141 32
2596 2688 150 32
2747 2688 50 32
2798 2688 105 32
2395 2721 58 32
2454 2721 141 32
2596 2721 150 32
2747 2721 50 32
2798 2721 105 32
2395 2754 58 32
2454 2754 141 32
2596 2754 150 32
2747 2754 50 32
2798 2754 105 32
2395 2787 58 32
2454 2787 141 32
2596 2787 150 32
2747 2787 50 32
2798 2787 105 32
2395 2820 58 33
2454 2820 141 33
2596 2820 150 33
2747 2820 50 33
2798 2820 105 33
2395 2854 58 32
2454 2854 141 32
2596 2854 150 32
2747 2854 50 32
2798 2854 105 32
2395 2887 58 32
2454 2887 141 32
2596 2887 150 32
2747 2887 50 32
2798 2887 105 32
2395 2920 58 32
2454 2920 141 32
2596 2920 150 32
2747 2920 50 32
2798 2920 105 32
2395 2953 58 33
2454 2953 141 33
2596 2953 150 33
2747 2953 50 33
2798 2953 105 33
2395 2987 58 32
2454 2987 141 32
2596 2987 150 32
2747 2987 50 32
2798 2987 105 32
2395 3020 58 32
2454 3020 141 32
2596 3020 150 32
2747 3020 50 32
2798 3020 105 32
2395 3053 58 32
2454 3053 141 32
2596 3053 150 32
2747 3053 50 32
2798 3053 105 32
2395 3086 58 33
2454 3086 141 33
2596 3086 150 33
2747 3086 50 33
2798 3086 105 33
2395 3120 58 32
2454 3120 141 32
2596 3120 150 32
2747 3120 50 32
2798 3120 105 32
2395 3153 58 32
2454 3153 141 32
2596 3153 150 32
2747 3153 50 32
2798 3153 105 32
2395 3186 58 32
2454 3186 141 32
2596 3186 150 32
2747 3186 50 32
2798 3186 105 32
2395 3219 58 32
2454 3219 141 32
2596 3219 150 32
2747 3219 50 32
2798 3219 105 32
2395 3252 58 33
2454 3252 141 33
2596 3252 150 33
2747 3252 50 33
2798 3252 105 33
2395 3286 58 32
2454 3286 141 32
2596 3286 150 32
2747 3286 50 32
2798 3286 105 32
2395 3319 58 32
2454 3319 141 32
2596 3319 150 32
2747 3319 50 32
2798 3319 105 32
2395 3352 58 32
2454 3352 141 32
2596 3352 150 32
2747 3352 50 32
2798 3352 105 32
2395 3385 58 33
2454 3385 141 33
2596 3385 150 33
2747 3385 50 33
2798 3385 105 33
2395 3419 58 32
2454 3419 141 32
2596 3419 150 32
2747 3419 50 32
2798 3419 105 32
2395 3452 58 32
2454 3452 141 32
2596 3452 150 32
2747 3452 50 32
2798 3452 105 32
2395 3485 58 32
2454 3485 141 32
2596 3485 150 32
2747 3485 50 32
2798 3485 105 32
2395 3518 58 33
2454 3518 141 33
2596 3518 150 33
2747 3518 50 33
2798 3518 105 33
2395 3552 58 32
2454 3552 141 32
2596 3552 150 32
2747 3552 50 32
2798 3552 105 32
2395 3585 58 32
2454 3585 141 32
2596 3585 150 32
2747 3585 50 32
2798 3585 105 32
2395 3618 58 32
2454 3618 141 32
2596 3618 150 32
2747 3618 50 32
2798 3618 105 32
2395 3651 58 32
2454 3651 141 32
2596 3651 150 32
2747 3651 50 32
2798 3651 105 32
2395 3684 58 33
2454 3684 141 33
2596 3684 150 33
2747 3684 50 33
2798 3684 105 33
2395 3718 58 32
2454 3718 141 32
2596 3718 150 32
2747 3718 50 32
2798 3718 105 32
2395 3751 58 32
2454 3751 141 32
2596 3751 150 32
2747 3751 50 32
2798 3751 105 32
2395 3784 58 32
2454 3784 141 32
2596 3784 150 32
2747 3784 50 32
2798 3784 105 32
2395 3817 58 33
2454 3817 141 33
2596 3817 150 33
2747 3817 50 33
2798 3817 105 33
2395 3851 58 32
2454 3851 141 32
2596 3851 150 32
2747 3851 50 32
2798 3851 105 32
2395 3884 58 32
2454 3884 141 32
2596 3884 150 32
2747 3884 50 32
2798 3884 105 32
2395 3917 58 32
2454 3917 141 32
2596 3917 150 32
2747 3917 50 32
2798 3917 105 32
2395 3950 58 33
2454 3950 141 33
2596 3950 150 33
2747 3950 50 33
2798 3950 105 33
2395 3984 58 31
2454 3984 141 31
2596 3984 150 31
2747 3984 50 31
2798 3984 105 31
