176 205 2740 88
176 296 104 142
282 296 104 142
388 296 246 142
637 296 111 142
751 296 68 142
821 296 68 142
892 296 68 142
963 296 68 142
1034 296 301 142
1338 296 387 142
1727 296 1189 142
176 440 104 333
282 440 104 333
388 440 246 333
637 440 111 333
751 440 68 333
821 440 68 333
892 440 68 333
963 440 68 333
1034 440 301 333
1338 440 387 333
1727 440 1189 333
176 776 104 668
282 776 104 332
388 776 246 332
637 776 111 332
751 776 68 332
821 776 68 332
892 776 68 332
963 776 68 332
1034 776 301 332
1338 776 387 332
1727 776 1189 332
282 1111 104 333
388 1111 246 333
637 1111 111 333
751 1111 68 333
821 1111 68 333
892 1111 68 333
963 1111 68 333
1034 1111 301 333
1338 1111 387 333
1727 1111 1189 333
176 1447 104 1003
282 1447 104 332
388 1447 246 332
637 1447 111 332
751 1447 68 332
821 1447 68 332
892 1447 68 332
963 1447 68 332
1034 1447 301 332
1338 1447 387 332
1727 1447 1189 332
282 1782 104 333
388 1782 246 333
637 1782 111 333
751 1782 68 333
821 1782 68 333
892 1782 68 333
963 1782 68 333
1034 1782 301 333
1338 1782 387 333
1727 1782 1189 333
282 2118 104 332
388 2118 246 332
637 2118 111 332
751 2118 68 332
821 2118 68 332
892 2118 68 332
963 2118 68 332
1034 2118 301 332
1338 2118 387 332
1727 2118 1189 332
176 2453 104 668
282 2453 104 333
388 2453 246 333
637 2453 111 333
751 2453 68 333
821 2453 68 333
892 2453 68 333
963 2453 68 333
1034 2453 301 333
1338 2453 387 333
1727 2453 1189 333
282 2789 104 332
388 2789 246 332
637 2789 111 332
751 2789 68 332
821 2789 68 332
892 2789 68 332
963 2789 68 332
1034 2789 301 332
1338 2789 387 332
1727 2789 1189 332
176 3124 2740 956
176 4083 2740 164
