12 11 1434 56
1457 11 1435 4060
12 70 44 59
58 70 190 59
251 70 133 59
387 70 65 59
455 70 49 59
506 70 71 59
580 70 71 59
654 70 82 59
739 70 161 59
903 70 543 59
12 132 44 337
58 132 190 337
251 132 133 337
387 132 65 337
455 132 49 337
506 132 71 337
580 132 71 337
654 132 82 337
739 132 161 337
903 132 543 337
12 472 1434 60
12 534 44 60
58 534 190 60
251 534 133 60
387 534 65 60
455 534 49 60
506 534 71 60
580 534 71 60
654 534 82 60
739 534 161 60
903 534 543 60
12 597 44 337
58 597 190 337
251 597 133 337
387 597 65 337
455 597 49 337
506 597 71 337
580 597 71 337
654 597 82 337
739 597 161 337
903 597 543 337
12 937 44 337
58 937 190 337
251 937 133 337
387 937 65 337
455 937 49 337
506 937 71 337
580 937 71 337
654 937 82 337
739 937 161 337
903 937 543 337
12 1277 1434 60
12 1339 44 60
58 1339 190 60
251 1339 133 60
387 1339 65 60
455 1339 49 60
506 1339 71 60
580 1339 71 60
654 1339 82 60
739 1339 161 60
903 1339 543 60
12 1402 44 337
58 1402 190 337
251 1402 133 337
387 1402 65 337
455 1402 49 337
506 1402 71 337
580 1402 71 337
654 1402 82 337
739 1402 161 337
903 1402 543 337
12 1742 44 337
58 1742 190 337
251 1742 133 337
387 1742 65 337
455 1742 49 337
506 1742 71 337
580 1742 71 337
654 1742 82 337
739 1742 161 337
903 1742 543 337
12 2082 1434 60
12 2145 44 59
58 2145 190 59
251 2145 133 59
387 2145 65 59
455 2145 49 59
506 2145 71 59
580 2145 71 59
654 2145 82 59
739 2145 161 59
903 2145 543 59
12 2207 44 333
58 2207 190 333
251 2207 133 333
387 2207 65 333
455 2207 49 333
506 2207 71 333
580 2207 71 333
654 2207 82 333
739 2207 161 333
903 2207 543 333
12 2551 1445 1520
