112 112 3336 327
112 442 3336 208
112 653 3336 111
112 767 126 179
241 767 127 179
370 767 342 179
715 767 126 179
844 767 83 179
930 767 84 179
1016 767 84 179
1102 767 84 179
1189 767 368 179
1560 767 471 179
2033 767 1415 179
112 949 126 842
241 949 127 420
370 949 342 420
715 949 126 420
844 949 83 420
930 949 84 420
1016 949 84 420
1102 949 84 420
1189 949 368 420
1560 949 471 420
2033 949 1415 420
241 1372 127 419
370 1372 342 419
715 1372 126 419
844 1372 83 419
930 1372 84 419
1016 1372 84 419
1102 1372 84 419
1189 1372 368 419
1560 1372 471 419
2033 1372 1415 419
112 1794 3336 111
112 1908 126 179
241 1908 127 179
370 1908 342 179
715 1908 126 179
844 1908 83 179
930 1908 84 179
1016 1908 84 179
1102 1908 84 179
1189 1908 368 179
1560 1908 471 179
2033 1908 1415 179
112 2090 126 2109
241 2090 127 420
370 2090 342 420
715 2090 126 420
844 2090 83 420
930 2090 84 420
1016 2090 84 420
1102 2090 84 420
1189 2090 368 420
1560 2090 471 420
2033 2090 1415 420
241 2512 127 420
370 2512 342 420
715 2512 126 420
844 2512 83 420
930 2512 84 420
1016 2512 84 420
1102 2512 84 420
1189 2512 368 420
1560 2512 471 420
2033 2512 1415 420
241 2935 127 419
370 2935 342 419
715 2935 126 419
844 2935 83 419
930 2935 84 419
1016 2935 84 419
1102 2935 84 419
1189 2935 368 419
1560 2935 471 419
2033 2935 1415 419
241 3357 127 420
370 3357 342 420
715 3357 126 420
844 3357 83 420
930 3357 84 420
1016 3357 84 420
1102 3357 84 420
1189 3357 368 420
1560 3357 471 420
2033 3357 1415 420
241 3779 127 420
370 3779 342 420
715 3779 126 420
844 3779 83 420
930 3779 84 420
1016 3779 84 420
1102 3779 84 420
1189 3779 368 420
1560 3779 471 420
2033 3779 1415 420
112 4202 3336 607
