170 214 2897 274
170 491 2897 297
170 792 150 137
322 792 89 137
413 792 202 137
617 792 208 137
827 792 224 137
1053 792 112 137
1167 792 111 137
1280 792 157 137
1439 792 293 137
1734 792 292 137
2028 792 1039 137
170 934 150 861
322 934 89 429
413 934 202 429
617 934 208 429
827 934 224 429
1053 934 112 429
1167 934 111 429
1280 934 157 429
1439 934 293 429
1734 934 292 429
2028 934 1039 429
322 1365 89 430
413 1365 202 430
617 1365 208 430
827 1365 224 430
1053 1365 112 430
1167 1365 111 430
1280 1365 157 430
1439 1365 293 430
1734 1365 292 430
2028 1365 1039 430
170 1799 150 429
322 1799 89 429
413 1799 202 429
617 1799 208 429
827 1799 224 429
1053 1799 112 429
1167 1799 111 429
1280 1799 157 429
1439 1799 293 429
1734 1799 292 429
2028 1799 1039 429
170 2232 150 429
322 2232 89 429
413 2232 202 429
617 2232 208 429
827 2232 224 429
1053 2232 112 429
1167 2232 111 429
1280 2232 157 429
1439 2232 293 429
1734 2232 292 429
2028 2232 1039 429
170 2665 150 861
322 2665 89 429
413 2665 202 429
617 2665 208 429
827 2665 224 429
1053 2665 112 429
1167 2665 111 429
1280 2665 157 429
1439 2665 293 429
1734 2665 292 429
2028 2665 1039 429
322 3096 89 430
413 3096 202 430
617 3096 208 430
827 3096 224 430
1053 3096 112 430
1167 3096 111 430
1280 3096 157 430
1439 3096 293 430
1734 3096 292 430
2028 3096 1039 430
170 3530 150 429
322 3530 89 429
413 3530 202 429
617 3530 208 429
827 3530 224 429
1053 3530 112 429
1167 3530 111 429
1280 3530 157 429
1439 3530 293 429
1734 3530 292 429
2028 3530 1039 429
170 3963 150 419
322 3963 89 419
413 3963 202 419
617 3963 208 419
827 3963 224 419
1053 3963 112 419
1167 3963 111 419
1280 3963 157 419
1439 3963 293 419
1734 3963 292 419
2028 3963 1039 419
