153 153 2049 52
153 208 76 86
232 208 77 86
312 208 183 86
498 208 88 86
589 208 50 86
641 208 51 86
694 208 51 86
747 208 50 86
800 208 225 86
1028 208 289 86
1319 208 883 86
153 297 76 819
232 297 77 202
312 297 183 202
498 297 88 202
589 297 50 202
641 297 51 202
694 297 51 202
747 297 50 202
800 297 225 202
1028 297 289 202
1319 297 883 202
232 502 77 203
312 502 183 203
498 502 88 203
589 502 50 203
641 502 51 203
694 502 51 203
747 502 50 203
800 502 225 203
1028 502 289 203
1319 502 883 203
232 708 77 202
312 708 183 202
498 708 88 202
589 708 50 202
641 708 51 202
694 708 51 202
747 708 50 202
800 708 225 202
1028 708 289 202
1319 708 883 202
232 913 77 203
312 913 183 203
498 913 88 203
589 913 50 203
641 913 51 203
694 913 51 203
747 913 50 203
800 913 225 203
1028 913 289 203
1319 913 883 203
153 1118 76 408
232 1118 77 203
312 1118 183 203
498 1118 88 203
589 1118 50 203
641 1118 51 203
694 1118 51 203
747 1118 50 203
800 1118 225 203
1028 1118 289 203
1319 1118 883 203
232 1324 77 202
312 1324 183 202
498 1324 88 202
589 1324 50 202
641 1324 51 202
694 1324 51 202
747 1324 50 202
800 1324 225 202
1028 1324 289 202
1319 1324 883 202
153 1529 76 408
232 1529 77 203
312 1529 183 203
498 1529 88 203
589 1529 50 203
641 1529 51 203
694 1529 51 203
747 1529 50 203
800 1529 225 203
1028 1529 289 203
1319 1529 883 203
232 1735 77 202
312 1735 183 202
498 1735 88 202
589 1735 50 202
641 1735 51 202
694 1735 51 202
747 1735 50 202
800 1735 225 202
1028 1735 289 202
1319 1735 883 202
153 1940 76 614
232 1940 77 203
312 1940 183 203
498 1940 88 203
589 1940 50 203
641 1940 51 203
694 1940 51 203
747 1940 50 203
800 1940 225 203
1028 1940 289 203
1319 1940 883 203
232 2146 77 202
312 2146 183 202
498 2146 88 202
589 2146 50 202
641 2146 51 202
694 2146 51 202
747 2146 50 202
800 2146 225 202
1028 2146 289 202
1319 2146 883 202
232 2351 77 203
312 2351 183 203
498 2351 88 203
589 2351 50 203
641 2351 51 203
694 2351 51 203
747 2351 50 203
800 2351 225 203
1028 2351 289 203
1319 2351 883 203
153 2556 2049 65
1174 2621 1028 432
163 2622 62 71
226 2622 251 71
478 2622 456 71
936 2622 117 71
1055 2622 117 71
163 2694 62 71
226 2694 251 71
478 2694 456 71
936 2694 117 71
1055 2694 117 71
163 2766 62 71
226 2766 251 71
478 2766 456 71
936 2767 117 70
1055 2767 117 70
163 2839 62 70
226 2839 251 70
478 2839 456 70
936 2839 117 70
1055 2839 117 70
163 2911 62 70
226 2911 251 70
478 2911 456 70
936 2911 117 70
1055 2911 117 70
163 2983 62 70
226 2983 251 70
478 2983 456 70
936 2983 117 70
1055 2983 117 70
