170 214 2897 283
170 500 2897 297
170 801 150 137
322 801 89 137
413 801 202 137
617 801 208 137
827 801 224 137
1053 801 112 137
1167 801 111 137
1280 801 157 137
1439 801 293 137
1734 801 292 137
2028 801 1039 137
170 942 150 427
322 942 89 427
413 942 202 427
617 942 208 427
827 942 224 427
1053 942 112 427
1167 942 111 427
1280 942 157 427
1439 942 293 427
1734 942 292 427
2028 942 1039 427
170 1373 150 426
322 1373 89 426
413 1373 202 426
617 1373 208 426
827 1373 224 426
1053 1373 112 426
1167 1373 111 426
1280 1373 157 426
1439 1373 293 426
1734 1373 292 426
2028 1373 1039 426
170 1803 150 427
322 1803 89 427
413 1803 202 427
617 1803 208 427
827 1803 224 427
1053 1803 112 427
1167 1803 111 427
1280 1803 157 427
1439 1803 293 427
1734 1803 292 427
2028 1803 1039 427
170 2234 150 857
322 2234 89 428
413 2234 202 428
617 2234 208 428
827 2234 224 428
1053 2234 112 428
1167 2234 111 428
1280 2234 157 428
1439 2234 293 428
1734 2234 292 428
2028 2234 1039 428
322 2664 89 427
413 2664 202 427
617 2664 208 427
827 2664 224 427
1053 2664 112 427
1167 2664 111 427
1280 2664 157 427
1439 2664 293 427
1734 2664 292 427
2028 2664 1039 427
170 3095 150 1287
322 3095 89 428
413 3095 202 428
617 3095 208 428
827 3095 224 428
1053 3095 112 428
1167 3095 111 428
1280 3095 157 428
1439 3095 293 428
1734 3095 292 428
2028 3095 1039 428
322 3525 89 429
413 3525 202 429
617 3525 208 429
827 3525 224 429
1053 3525 112 429
1167 3525 111 429
1280 3525 157 429
1439 3525 293 429
1734 3525 292 429
2028 3525 1039 429
322 3956 89 426
413 3956 202 426
617 3956 208 426
827 3956 224 426
1053 3956 112 426
1167 3956 111 426
1280 3956 157 426
1439 3956 293 426
1734 3956 292 426
2028 3956 1039 426
