886 565 1267 103
886 671 105 66
994 671 411 66
1408 671 392 66
1804 671 140 66
1947 671 206 66
886 740 105 64
994 740 411 64
1408 740 392 64
1804 740 140 64
1947 740 206 64
886 807 105 65
994 807 411 65
1408 807 392 65
1804 807 140 65
1947 807 206 65
886 875 105 64
994 875 411 64
1408 875 392 64
1804 875 140 64
1947 875 206 64
886 942 105 64
994 942 411 64
1408 942 392 64
1804 942 140 64
1947 942 206 64
886 1009 105 65
994 1009 411 65
1408 1009 392 65
1804 1009 140 65
1947 1009 206 65
886 1077 105 64
994 1077 411 64
1408 1077 392 64
1804 1077 140 64
1947 1077 206 64
886 1144 105 64
994 1144 411 64
1408 1144 392 64
1804 1144 140 64
1947 1144 206 64
886 1211 105 65
994 1211 411 65
1408 1211 392 65
1804 1211 140 65
1947 1211 206 65
886 1279 105 64
994 1279 411 64
1408 1279 392 64
1804 1279 140 64
1947 1279 206 22
1947 1317 187 26
886 1346 105 65
994 1346 411 65
1408 1346 392 65
1804 1346 140 65
1947 1346 206 65
886 1414 105 64
994 1414 411 64
1408 1414 392 64
1804 1414 140 64
1947 1414 206 64
886 1481 105 64
994 1481 411 64
1408 1481 392 64
1804 1481 140 64
1947 1481 206 64
886 1548 105 65
994 1548 411 65
1408 1548 392 65
1804 1548 140 65
1947 1548 206 65
886 1616 105 64
994 1616 411 64
1408 1616 392 64
1804 1616 140 64
1947 1616 206 64
886 1683 105 64
994 1683 411 64
1408 1683 392 64
1804 1683 140 64
1947 1683 206 64
886 1750 105 65
994 1750 411 65
1408 1750 392 65
1804 1750 140 65
1947 1750 206 65
886 1818 105 64
994 1818 411 64
1408 1818 392 64
1804 1818 140 64
1947 1818 206 64
886 1885 105 65
994 1885 411 65
1408 1885 392 65
1804 1885 140 65
1947 1885 206 65
886 1953 105 64
994 1953 411 64
1408 1953 392 64
1804 1953 140 64
1947 1953 206 64
886 2020 105 64
994 2020 411 64
1408 2020 392 64
1804 2020 140 64
1947 2020 206 64
886 2087 105 65
994 2087 411 65
1408 2087 392 65
1804 2087 140 65
1947 2087 206 65
886 2155 105 64
994 2155 411 64
1408 2155 392 64
1804 2155 140 64
1947 2155 206 64
886 2222 105 64
994 2222 411 64
1408 2222 392 64
1804 2222 140 64
1947 2222 206 64
886 2289 105 65
994 2289 411 65
1408 2289 392 65
1804 2289 140 65
1947 2289 206 65
886 2357 105 64
994 2357 411 64
1408 2357 392 64
1804 2357 140 64
1947 2357 206 64
886 2424 105 65
994 2424 411 65
1408 2424 392 65
1804 2424 140 65
1947 2424 206 65
886 2492 105 64
994 2492 411 64
1408 2492 392 64
1804 2492 140 64
1947 2492 206 64
886 2559 105 64
994 2559 411 64
1408 2559 392 64
1804 2559 140 64
1947 2559 206 64
886 2626 105 65
994 2626 411 65
1408 2626 392 65
1804 2626 140 65
1947 2626 206 65
886 2694 105 64
994 2694 411 64
1408 2694 392 64
1804 2694 140 64
1947 2694 206 64
886 2761 105 65
994 2761 411 65
1408 2761 392 65
1804 2761 140 65
1947 2761 206 65
886 2829 105 64
994 2829 411 64
1408 2829 392 64
1804 2829 140 64
1947 2829 206 64
886 2896 105 64
994 2896 411 64
1408 2896 392 64
1804 2896 140 64
1947 2896 206 64
886 2963 105 65
994 2963 411 65
1408 2963 392 65
1804 2963 140 65
1947 2963 206 65
886 3031 105 64
994 3031 411 64
1408 3031 392 64
1804 3031 140 64
1947 3031 206 64
886 3098 105 64
994 3098 411 64
1408 3098 392 64
1804 3098 140 64
1947 3098 206 64
886 3165 105 65
994 3165 411 65
1408 3165 392 65
1804 3165 140 65
1947 3165 206 65
886 3233 105 64
994 3233 411 64
1408 3233 392 64
1804 3233 140 64
1947 3233 206 64
886 3300 105 65
994 3300 411 65
1408 3300 392 65
1804 3300 140 65
1947 3300 206 65
886 3368 105 64
994 3368 411 64
1408 3368 392 64
1804 3368 140 64
1947 3368 206 64
886 3435 105 64
994 3435 411 64
1408 3435 392 64
1804 3435 140 64
1947 3435 206 64
886 3502 105 65
994 3502 411 65
1408 3502 392 65
1804 3502 140 65
1947 3502 206 65
886 3570 105 64
994 3570 411 64
1408 3570 392 64
1804 3570 140 64
1947 3570 206 64
886 3637 105 64
994 3637 411 64
1408 3637 392 64
1804 3637 140 64
1947 3637 206 64
886 3704 105 65
994 3704 411 65
1408 3704 392 65
1804 3704 140 65
1947 3704 206 65
886 3772 105 61
994 3772 411 61
1408 3772 392 61
1804 3772 140 61
1947 3772 206 61
