112 112 2032 79
112 194 76 124
191 194 76 124
269 194 208 124
479 194 76 124
558 194 50 124
611 194 49 124
663 194 50 124
716 194 49 124
768 194 223 124
994 194 286 124
1283 194 861 124
112 321 76 584
191 321 76 290
269 321 208 290
479 321 76 290
558 321 50 290
611 321 49 290
663 321 50 290
716 321 49 290
768 321 223 290
994 321 286 290
1283 321 861 290
191 614 76 291
269 614 208 291
479 614 76 291
558 614 50 291
611 614 49 291
663 614 50 291
716 614 49 291
768 614 223 291
994 614 286 291
1283 614 861 291
112 907 76 584
191 907 76 291
269 907 208 291
479 907 76 291
558 907 50 291
611 907 49 291
663 907 50 291
716 907 49 291
768 907 223 291
994 907 286 291
1283 907 861 291
191 1201 76 290
269 1201 208 290
479 1201 76 290
558 1201 50 290
611 1201 49 290
663 1201 50 290
716 1201 49 290
768 1201 223 290
994 1201 286 290
1283 1201 861 290
112 1494 76 877
191 1494 76 291
269 1494 208 291
479 1494 76 291
558 1494 50 291
611 1494 49 291
663 1494 50 291
716 1494 49 291
768 1494 223 291
994 1494 286 291
1283 1494 861 291
191 1787 76 291
269 1787 208 291
479 1787 76 291
558 1787 50 291
611 1787 49 291
663 1787 50 291
716 1787 49 291
768 1787 223 291
994 1787 286 291
1283 1787 861 291
191 2081 76 290
269 2081 208 290
479 2081 76 290
558 2081 50 290
611 2081 49 290
663 2081 50 290
716 2081 49 290
768 2081 223 290
994 2081 286 290
1283 2081 861 290
112 2374 76 291
191 2374 76 291
269 2374 208 291
479 2374 76 291
558 2374 50 291
611 2374 49 291
663 2374 50 291
716 2374 49 291
768 2374 223 291
994 2374 286 291
1283 2374 861 291
112 2667 2032 328
