21 879 1559 120
21 1001 59 121
82 1001 139 121
223 1001 138 121
363 1001 94 121
459 1001 37 121
498 1001 82 121
582 1001 83 121
667 1001 194 121
863 1001 195 121
1060 1001 520 121
21 1124 59 381
82 1124 139 99
223 1124 138 381
363 1124 94 381
459 1124 37 381
498 1124 82 381
582 1124 83 381
667 1124 194 381
863 1124 195 381
1060 1124 520 381
82 1263 25 82
197 1270 24 73
1605 879 1560 120
1605 1001 60 121
1667 1001 138 121
1807 1001 139 121
1948 1001 93 121
2043 1001 38 121
2083 1001 82 121
2167 1001 82 121
2251 1001 195 121
2448 1001 194 121
2645 1001 520 121
1605 1124 60 361
1667 1124 138 82
1807 1124 139 361
1948 1124 93 361
2043 1124 38 361
2083 1124 82 361
2167 1124 82 361
2251 1124 195 361
2448 1124 194 133
2645 1124 520 361
2448 1262 173 223
1667 1404 65 81
1734 1404 71 81
1605 1487 60 361
1667 1487 138 249
1807 1487 139 361
1948 1487 93 361
2043 1487 38 361
2083 1487 82 361
2167 1487 82 361
2251 1487 195 361
2448 1487 194 361
2645 1487 520 361
1669 1738 132 110
1605 1850 60 361
1667 1850 138 361
1807 1850 139 361
1948 1850 93 361
2043 1850 38 361
2083 1850 82 361
2167 1850 82 361
2251 1850 195 361
2448 1850 194 48
2645 1850 520 361
2448 1914 173 297
1605 2213 60 361
1667 2213 138 82
1807 2213 139 361
1948 2213 93 361
2043 2213 38 361
2083 2213 82 361
2167 2213 82 361
2251 2213 195 361
2448 2213 194 79
2645 2213 520 361
2448 2302 173 272
1715 2493 34 81
1605 2576 60 361
1667 2576 138 91
1807 2576 139 361
1948 2576 93 361
2043 2576 38 361
2083 2576 82 361
2167 2576 82 361
2251 2576 195 361
2448 2576 194 133
2645 2576 520 361
2448 2728 174 209
1667 2855 138 82
1605 2939 60 360
1667 2939 138 81
1807 2939 139 360
1948 2939 93 360
2043 2939 38 360
2083 2939 82 360
2167 2939 82 360
2251 2939 195 360
2448 2939 194 360
2645 2939 520 360
1605 3302 1560 120
1605 3425 60 120
1667 3425 138 120
1807 3425 139 120
1948 3425 93 120
2043 3425 38 120
2083 3425 82 120
2167 3425 82 120
2251 3425 195 120
2448 3425 194 120
2645 3425 520 120
1605 3547 60 352
1667 3547 138 78
1807 3547 139 352
1948 3547 93 352
2043 3547 38 352
2083 3547 82 352
2167 3547 82 352
2251 3547 195 352
2448 3547 194 31
2645 3547 520 352
2448 3578 175 122
1667 3653 22 34
2448 3701 173 198
1605 3902 60 352
1667 3902 138 77
1807 3902 139 352
1948 3902 93 352
2043 3902 38 352
2083 3902 82 352
2167 3902 82 352
2251 3902 195 352
2448 3902 194 38
2645 3902 520 352
2448 3959 174 105
2448 4064 173 190
1667 4177 42 77
1739 4177 53 77
1605 4256 60 352
1667 4256 138 352
1807 4256 139 352
1948 4256 93 352
2043 4256 38 352
2083 4256 82 352
2167 4256 82 352
2251 4256 195 352
2645 4256 520 352
2448 4270 174 171
2448 4441 173 167
21 1685 1559 120
21 1808 59 120
82 1808 139 120
223 1808 138 120
363 1808 94 120
459 1808 37 120
498 1808 82 120
582 1808 83 120
667 1808 194 120
863 1808 195 120
1060 1808 520 120
21 1931 59 380
82 1931 139 91
223 1931 138 380
363 1931 94 380
459 1931 37 380
498 1931 82 380
582 1931 83 380
667 1931 194 380
863 1931 195 380
1060 1931 520 380
82 2220 139 91
21 2313 59 381
82 2313 139 93
223 2313 138 381
363 2313 94 381
459 2313 37 381
498 2313 82 381
582 2313 83 381
667 2313 194 83
863 2313 195 381
1060 2313 520 381
667 2408 171 286
199 2449 22 27
200 2476 21 67
82 2603 139 91
21 2696 59 380
82 2696 139 380
223 2696 138 380
363 2696 94 380
459 2696 37 380
498 2696 82 380
582 2696 83 380
667 2696 194 380
863 2696 195 380
1060 2696 520 380
21 3079 59 380
82 3079 139 380
223 3079 138 380
363 3079 94 380
459 3079 37 380
498 3079 82 380
582 3079 83 380
667 3079 194 380
863 3079 195 380
1060 3079 520 380
21 3461 59 381
82 3461 139 381
223 3461 138 381
363 3461 94 381
459 3461 37 381
498 3461 82 381
582 3461 83 381
667 3461 194 381
863 3461 195 381
1060 3461 520 381
21 3844 59 380
82 3844 139 94
223 3844 138 380
363 3844 94 380
459 3844 37 380
498 3844 82 380
582 3844 83 380
667 3844 194 380
863 3844 195 380
1060 3844 520 380
82 3979 21 94
198 3991 23 78
82 4134 63 90
150 4134 71 90
21 4227 59 380
82 4227 139 91
223 4227 138 380
363 4227 94 380
459 4227 37 380
498 4227 82 380
582 4227 83 380
667 4227 194 380
863 4227 195 380
1060 4227 520 380
82 4516 31 91
138 4517 83 90
