57 1790 30 28
88 1790 58 28
147 1790 141 28
289 1790 149 28
439 1790 50 28
490 1790 106 28
57 1819 30 1422
88 1819 58 28
147 1819 141 28
289 1819 149 28
439 1819 50 28
490 1819 106 28
88 1848 58 28
147 1848 141 28
289 1848 149 28
439 1848 50 28
490 1848 106 28
88 1877 58 28
147 1877 141 28
289 1877 149 28
439 1877 50 28
490 1877 106 28
88 1906 58 28
147 1906 141 28
289 1906 149 28
439 1906 50 28
490 1906 106 28
88 1935 58 28
147 1935 141 28
289 1935 149 28
439 1935 50 28
490 1935 106 28
88 1964 58 28
147 1964 141 28
289 1964 149 28
439 1964 50 28
490 1964 106 28
88 1993 58 28
147 1993 141 28
289 1993 149 28
439 1993 50 28
490 1993 106 28
88 2022 58 29
147 2022 141 29
289 2022 149 29
439 2022 50 29
490 2022 106 29
88 2052 58 28
147 2052 141 28
289 2052 149 28
439 2052 50 28
490 2052 106 28
88 2081 58 28
147 2081 141 28
289 2081 149 28
439 2081 50 28
490 2081 106 28
88 2110 58 28
147 2110 141 28
289 2110 149 28
439 2110 50 28
490 2110 106 28
88 2139 58 28
147 2139 141 28
289 2139 149 28
439 2139 50 28
490 2139 106 28
88 2168 58 28
147 2168 141 28
289 2168 149 28
439 2168 50 28
490 2168 106 28
88 2197 58 28
147 2197 141 28
289 2197 149 28
439 2197 50 28
490 2197 106 28
88 2226 58 28
147 2226 141 28
289 2226 149 28
439 2226 50 28
490 2226 106 28
88 2255 58 28
147 2255 141 28
289 2255 149 28
439 2255 50 28
490 2255 106 28
88 2284 58 28
147 2284 141 28
289 2284 149 28
439 2284 50 28
490 2284 106 28
88 2313 58 28
147 2313 141 28
289 2313 149 28
439 2313 50 28
490 2313 106 28
88 2342 58 28
147 2342 141 28
289 2342 149 28
439 2342 50 28
490 2342 106 28
88 2371 58 28
147 2371 141 28
289 2371 149 28
439 2371 50 28
490 2371 106 28
88 2400 58 28
147 2400 141 28
289 2400 149 28
439 2400 50 28
490 2400 106 28
88 2429 58 28
147 2429 141 28
289 2429 149 28
439 2429 50 28
490 2429 106 28
88 2458 58 28
147 2458 141 28
289 2458 149 28
439 2458 50 28
490 2458 106 28
88 2487 58 28
147 2487 141 28
289 2487 149 28
439 2487 50 28
490 2487 106 28
88 2516 58 28
147 2516 141 28
289 2516 149 28
439 2516 50 28
490 2516 106 28
88 2545 58 28
147 2545 141 28
289 2545 149 28
439 2545 50 28
490 2545 106 28
88 2574 58 28
147 2574 141 28
289 2574 149 28
439 2574 50 28
490 2574 106 28
88 2603 58 28
147 2603 141 28
289 2603 149 28
439 2603 50 28
490 2603 106 28
88 2632 58 28
147 2632 141 28
289 2632 149 28
439 2632 50 28
490 2632 105 28
88 2661 58 29
147 2661 141 29
289 2661 149 29
439 2661 50 29
490 2661 105 29
88 2691 58 28
147 2691 141 28
289 2691 149 28
439 2691 50 28
490 2691 105 28
88 2720 58 28
147 2720 141 28
289 2720 149 28
439 2720 50 28
490 2720 105 28
88 2749 58 28
147 2749 141 28
289 2749 149 28
439 2749 50 28
490 2749 105 28
88 2778 58 28
147 2778 141 28
289 2778 149 28
439 2778 50 28
490 2778 105 28
88 2807 58 28
147 2807 141 28
289 2807 149 28
439 2807 50 28
490 2807 105 28
88 2836 58 28
147 2836 141 28
289 2836 149 28
439 2836 50 28
490 2836 105 28
88 2865 58 28
147 2865 141 28
289 2865 149 28
439 2865 50 28
490 2865 105 28
88 2894 58 28
147 2894 141 28
289 2894 149 28
439 2894 50 28
490 2894 105 28
88 2923 58 28
147 2923 141 28
289 2923 149 28
439 2923 50 28
490 2923 105 28
88 2952 58 28
147 2952 141 28
289 2952 149 28
439 2952 50 28
490 2952 105 28
88 2981 58 28
147 2981 141 28
289 2981 149 28
439 2981 50 28
490 2981 105 28
88 3010 58 28
147 3010 141 28
289 3010 149 28
439 3010 50 28
490 3010 105 28
88 3039 58 28
147 3039 141 28
289 3039 149 28
439 3039 50 28
490 3039 105 28
88 3068 58 28
147 3068 141 28
289 3068 149 28
439 3068 50 28
490 3068 105 28
88 3097 58 28
147 3097 141 28
289 3097 149 28
439 3097 50 28
490 3097 105 28
88 3126 58 28
147 3126 141 28
289 3126 149 28
439 3126 50 28
490 3126 105 28
88 3155 58 28
147 3155 141 28
289 3155 149 28
439 3155 50 28
490 3155 105 28
88 3184 58 28
147 3184 141 28
289 3184 149 28
439 3184 50 28
490 3184 105 28
88 3213 58 28
147 3213 141 28
289 3213 149 28
439 3213 50 28
490 3213 105 28
57 3243 30 27
88 3243 58 27
147 3243 141 27
289 3243 149 27
439 3243 50 27
490 3243 105 27
57 3271 30 813
88 3271 58 28
147 3271 141 28
289 3271 149 28
439 3271 50 28
490 3271 105 28
88 3300 58 29
147 3300 141 29
289 3300 149 29
439 3300 50 29
490 3300 105 29
88 3330 58 28
147 3330 141 28
289 3330 149 28
439 3330 50 28
490 3330 105 28
88 3359 58 28
147 3359 141 28
289 3359 149 28
439 3359 50 28
490 3359 105 28
88 3388 58 28
147 3388 141 28
289 3388 149 28
439 3388 50 28
490 3388 105 28
88 3417 58 28
147 3417 141 28
289 3417 149 28
439 3417 50 28
490 3417 105 28
88 3446 58 28
147 3446 141 28
289 3446 149 28
439 3446 50 28
490 3446 105 28
88 3475 58 28
147 3475 141 28
289 3475 149 28
439 3475 50 28
490 3475 105 28
88 3504 58 28
147 3504 141 28
289 3504 149 28
439 3504 50 28
490 3504 105 28
88 3533 58 28
147 3533 141 28
289 3533 149 28
439 3533 50 28
490 3533 105 28
88 3562 58 28
147 3562 141 28
289 3562 149 28
439 3562 50 28
490 3562 105 28
88 3591 58 28
147 3591 141 28
289 3591 149 28
439 3591 50 28
490 3591 105 28
88 3620 58 28
147 3620 141 28
289 3620 149 28
439 3620 50 28
490 3620 105 28
88 3649 58 28
147 3649 141 28
289 3649 149 28
439 3649 50 28
490 3649 105 28
88 3678 58 28
147 3678 141 28
289 3678 149 28
439 3678 50 28
490 3678 105 28
88 3707 58 28
147 3707 141 28
289 3707 149 28
439 3707 50 28
490 3707 105 28
88 3736 58 28
147 3736 141 28
289 3736 149 28
439 3736 50 28
490 3736 105 28
88 3765 58 28
147 3765 141 28
289 3765 149 28
439 3765 50 28
490 3765 105 28
88 3794 58 28
147 3794 141 28
289 3794 149 28
439 3794 50 28
88 3823 58 28
147 3823 141 28
289 3823 149 28
439 3823 50 28
490 3823 106 28
88 3852 58 28
147 3852 141 28
289 3852 149 28
439 3852 50 28
490 3852 106 28
88 3881 58 28
147 3881 141 28
289 3881 149 28
439 3881 50 28
490 3881 106 28
88 3910 58 29
147 3910 141 29
289 3910 149 29
439 3910 50 29
490 3910 106 29
88 3940 58 28
147 3940 141 28
289 3940 149 28
439 3940 50 28
490 3940 106 28
88 3969 58 28
147 3969 141 28
289 3969 149 28
439 3969 50 28
490 3969 106 28
88 3998 58 28
147 3998 141 28
289 3998 149 28
439 3998 50 28
490 3998 106 28
88 4027 58 28
147 4027 141 28
289 4027 149 28
439 4027 50 28
490 4027 106 28
88 4056 58 28
147 4056 141 28
289 4056 149 28
439 4056 50 28
490 4056 106 28
633 1790 30 28
664 1790 58 28
723 1790 141 28
865 1790 149 28
1015 1790 50 28
1066 1790 106 28
633 1819 30 521
664 1819 58 28
723 1819 141 28
865 1819 149 28
1015 1819 50 28
1066 1819 106 28
664 1848 58 28
723 1848 141 28
865 1848 149 28
1015 1848 50 28
1066 1848 106 28
664 1877 58 28
723 1877 141 28
865 1877 149 28
1015 1877 50 28
1066 1877 106 28
664 1906 58 28
723 1906 141 28
865 1906 149 28
1015 1906 50 28
1066 1906 106 28
664 1935 58 28
723 1935 141 28
865 1935 149 28
1015 1935 50 28
1066 1935 106 28
664 1964 58 28
723 1964 141 28
865 1964 149 28
1015 1964 50 28
1066 1964 106 28
664 1993 58 28
723 1993 141 28
865 1993 149 28
1015 1993 50 28
1066 1993 106 28
664 2022 58 29
723 2022 141 29
865 2022 149 29
1015 2022 50 29
1066 2022 106 29
664 2052 58 28
723 2052 141 28
865 2052 149 28
1015 2052 50 28
1066 2052 106 28
664 2081 58 28
723 2081 141 28
865 2081 149 28
1015 2081 50 28
1066 2081 106 28
664 2110 58 28
723 2110 141 28
865 2110 149 28
1015 2110 50 28
1066 2110 106 28
664 2139 58 28
723 2139 141 28
865 2139 149 28
1015 2139 50 28
1066 2139 106 28
664 2168 58 28
723 2168 141 28
865 2168 149 28
1015 2168 50 28
1066 2168 106 28
664 2197 58 28
723 2197 141 28
865 2197 149 28
1015 2197 50 28
1066 2197 106 28
664 2226 58 28
723 2226 141 28
865 2226 149 28
1015 2226 50 28
1066 2226 106 28
664 2255 58 28
723 2255 141 28
865 2255 149 28
1015 2255 50 28
1066 2255 106 28
664 2284 58 28
723 2284 141 28
865 2284 149 28
1015 2284 50 28
1066 2284 106 28
664 2313 58 27
723 2313 141 27
865 2313 149 27
1015 2313 50 27
1066 2313 106 27
633 2342 30 28
664 2342 58 28
723 2342 141 28
865 2342 149 28
1015 2342 50 28
1066 2342 106 28
633 2371 30 1364
664 2371 58 28
723 2371 141 28
865 2371 149 28
1015 2371 50 28
1066 2371 106 28
664 2400 58 28
723 2400 141 28
865 2400 149 28
1015 2400 50 28
1066 2400 106 28
664 2429 58 28
723 2429 141 28
865 2429 149 28
1015 2429 50 28
1066 2429 106 28
664 2458 58 28
723 2458 141 28
865 2458 149 28
1015 2458 50 28
1066 2458 106 28
664 2487 58 28
723 2487 141 28
865 2487 149 28
1015 2487 50 28
1066 2487 106 28
664 2516 58 28
723 2516 141 28
865 2516 149 28
1015 2516 50 28
1066 2516 106 28
664 2545 58 28
723 2545 141 28
865 2545 149 28
1015 2545 50 28
1066 2545 106 28
664 2574 58 28
723 2574 141 28
865 2574 149 28
1015 2574 50 28
1066 2574 106 28
664 2603 58 28
723 2603 141 28
865 2603 149 28
1015 2603 50 28
1066 2603 106 28
664 2632 58 28
723 2632 141 28
865 2632 149 28
1015 2632 50 28
1066 2632 105 28
664 2661 58 29
723 2661 141 29
865 2661 149 29
1015 2661 50 29
1066 2661 105 29
664 2691 58 28
723 2691 141 28
865 2691 149 28
1015 2691 50 28
1066 2691 105 28
664 2720 58 28
723 2720 141 28
865 2720 149 28
1015 2720 50 28
1066 2720 105 28
664 2749 58 28
723 2749 141 28
865 2749 149 28
1015 2749 50 28
1066 2749 105 28
664 2778 58 28
723 2778 141 28
865 2778 149 28
1015 2778 50 28
1066 2778 105 28
664 2807 58 28
723 2807 141 28
865 2807 149 28
1015 2807 50 28
1066 2807 105 28
664 2836 58 28
723 2836 141 28
865 2836 149 28
1015 2836 50 28
1066 2836 105 28
664 2865 58 28
723 2865 141 28
865 2865 149 28
1015 2865 50 28
1066 2865 105 28
664 2894 58 28
723 2894 141 28
865 2894 149 28
1015 2894 50 28
1066 2894 105 28
664 2923 58 28
723 2923 141 28
865 2923 149 28
1015 2923 50 28
1066 2923 105 28
664 2952 58 28
723 2952 141 28
865 2952 149 28
1015 2952 50 28
1066 2952 105 28
664 2981 58 28
723 2981 141 28
865 2981 149 28
1015 2981 50 28
1066 2981 105 28
664 3010 58 28
723 3010 141 28
865 3010 149 28
1015 3010 50 28
1066 3010 105 28
664 3039 58 28
723 3039 141 28
865 3039 149 28
1015 3039 50 28
1066 3039 105 28
664 3068 58 28
723 3068 141 28
865 3068 149 28
1015 3068 50 28
1066 3068 105 28
664 3097 58 28
723 3097 141 28
865 3097 149 28
1015 3097 50 28
1066 3097 105 28
664 3126 58 28
723 3126 141 28
865 3126 149 28
1015 3126 50 28
1066 3126 105 28
664 3155 58 28
723 3155 141 28
865 3155 149 28
1015 3155 50 28
1066 3155 105 28
664 3184 58 28
723 3184 141 28
865 3184 149 28
1015 3184 50 28
1066 3184 105 28
664 3213 58 28
723 3213 141 28
865 3213 149 28
1015 3213 50 28
1066 3213 105 28
664 3242 58 28
723 3242 141 28
865 3242 149 28
1015 3242 50 28
1066 3242 105 28
664 3271 58 28
723 3271 141 28
865 3271 149 28
1015 3271 50 28
1066 3271 105 28
664 3300 58 29
723 3300 141 29
865 3300 149 29
1015 3300 50 29
1066 3300 105 29
664 3330 58 28
723 3330 141 28
865 3330 149 28
1015 3330 50 28
1066 3330 105 28
664 3359 58 28
723 3359 141 28
865 3359 149 28
1015 3359 50 28
1066 3359 105 28
664 3388 58 28
723 3388 141 28
865 3388 149 28
1015 3388 50 28
1066 3388 105 28
664 3417 58 28
723 3417 141 28
865 3417 149 28
1015 3417 50 28
1066 3417 105 28
664 3446 58 28
723 3446 141 28
865 3446 149 28
1015 3446 50 28
1066 3446 105 28
664 3475 58 28
723 3475 141 28
865 3475 149 28
1015 3475 50 28
1066 3475 105 28
664 3504 58 28
723 3504 141 28
865 3504 149 28
1015 3504 50 28
1066 3504 105 28
664 3533 58 28
723 3533 141 28
865 3533 149 28
1015 3533 50 28
1066 3533 105 28
664 3562 58 28
723 3562 141 28
865 3562 149 28
1015 3562 50 28
1066 3562 105 28
664 3591 58 28
723 3591 141 28
865 3591 149 28
1015 3591 50 28
1066 3591 105 28
664 3620 58 28
723 3620 141 28
865 3620 149 28
1015 3620 50 28
1066 3620 105 28
664 3649 58 28
723 3649 141 28
865 3649 149 28
1015 3649 50 28
1066 3649 105 28
664 3678 58 28
723 3678 141 28
865 3678 149 28
1015 3678 50 28
1066 3678 105 28
664 3707 58 28
723 3707 141 28
865 3707 149 28
1015 3707 50 28
1066 3707 105 28
633 3737 30 27
664 3737 58 27
723 3737 141 27
865 3737 149 27
1015 3737 50 27
1066 3737 105 27
633 3765 30 319
664 3765 58 28
723 3765 141 28
865 3765 149 28
1015 3765 50 28
1066 3765 105 28
664 3794 58 28
723 3794 141 28
865 3794 149 28
1015 3794 50 28
664 3823 58 28
723 3823 141 28
865 3823 149 28
1015 3823 50 28
1066 3823 106 28
664 3852 58 28
723 3852 141 28
865 3852 149 28
1015 3852 50 28
1066 3852 106 28
664 3881 58 28
723 3881 141 28
865 3881 149 28
1015 3881 50 28
1066 3881 106 28
664 3910 58 29
723 3910 141 29
865 3910 149 29
1015 3910 50 29
1066 3910 106 29
664 3940 58 28
723 3940 141 28
865 3940 149 28
1015 3940 50 28
1066 3940 106 28
664 3969 58 28
723 3969 141 28
865 3969 149 28
1015 3969 50 28
1066 3969 106 28
664 3998 58 28
723 3998 141 28
865 3998 149 28
1015 3998 50 28
1066 3998 106 28
664 4027 58 28
723 4027 141 28
865 4027 149 28
1015 4027 50 28
1066 4027 106 28
664 4056 58 28
723 4056 141 28
865 4056 149 28
1015 4056 50 28
1066 4056 106 28
1209 1790 30 28
1240 1790 58 28
1299 1790 141 28
1441 1790 149 28
1591 1790 50 28
1642 1790 106 28
1209 1819 30 2265
1240 1819 58 28
1299 1819 141 28
1441 1819 149 28
1591 1819 50 28
1642 1819 106 28
1240 1848 58 28
1299 1848 141 28
1441 1848 149 28
1591 1848 50 28
1642 1848 106 28
1240 1877 58 28
1299 1877 141 28
1441 1877 149 28
1591 1877 50 28
1642 1877 106 28
1240 1906 58 28
1299 1906 141 28
1441 1906 149 28
1591 1906 50 28
1642 1906 106 28
1240 1935 58 28
1299 1935 141 28
1441 1935 149 28
1591 1935 50 28
1642 1935 106 28
1240 1964 58 28
1299 1964 141 28
1441 1964 149 28
1591 1964 50 28
1642 1964 106 28
1240 1993 58 28
1299 1993 141 28
1441 1993 149 28
1591 1993 50 28
1642 1993 106 28
1240 2022 58 29
1299 2022 141 29
1441 2022 149 29
1591 2022 50 29
1642 2022 106 29
1240 2052 58 28
1299 2052 141 28
1441 2052 149 28
1591 2052 50 28
1642 2052 106 28
1240 2081 58 28
1299 2081 141 28
1441 2081 149 28
1591 2081 50 28
1642 2081 106 28
1240 2110 58 28
1299 2110 141 28
1441 2110 149 28
1591 2110 50 28
1642 2110 106 28
1240 2139 58 28
1299 2139 141 28
1441 2139 149 28
1591 2139 50 28
1642 2139 106 28
1240 2168 58 28
1299 2168 141 28
1441 2168 149 28
1591 2168 50 28
1642 2168 106 28
1240 2197 58 28
1299 2197 141 28
1441 2197 149 28
1591 2197 50 28
1642 2197 106 28
1240 2226 58 28
1299 2226 141 28
1441 2226 149 28
1591 2226 50 28
1642 2226 106 28
1240 2255 58 28
1299 2255 141 28
1441 2255 149 28
1591 2255 50 28
1642 2255 106 28
1240 2284 58 28
1299 2284 141 28
1441 2284 149 28
1591 2284 50 28
1642 2284 106 28
1240 2313 58 28
1299 2313 141 28
1441 2313 149 28
1591 2313 50 28
1642 2313 106 28
1240 2342 58 28
1299 2342 141 28
1441 2342 149 28
1591 2342 50 28
1642 2342 106 28
1240 2371 58 28
1299 2371 141 28
1441 2371 149 28
1591 2371 50 28
1642 2371 106 28
1240 2400 58 28
1299 2400 141 28
1441 2400 149 28
1591 2400 50 28
1642 2400 106 28
1240 2429 58 28
1299 2429 141 28
1441 2429 149 28
1591 2429 50 28
1642 2429 106 28
1240 2458 58 28
1299 2458 141 28
1441 2458 149 28
1591 2458 50 28
1642 2458 106 28
1240 2487 58 28
1299 2487 141 28
1441 2487 149 28
1591 2487 50 28
1642 2487 106 28
1240 2516 58 28
1299 2516 141 28
1441 2516 149 28
1591 2516 50 28
1642 2516 106 28
1240 2545 58 28
1299 2545 141 28
1441 2545 149 28
1591 2545 50 28
1642 2545 106 28
1240 2574 58 28
1299 2574 141 28
1441 2574 149 28
1591 2574 50 28
1642 2574 106 28
1240 2603 58 28
1299 2603 141 28
1441 2603 149 28
1591 2603 50 28
1642 2603 106 28
1240 2632 58 28
1299 2632 141 28
1441 2632 149 28
1591 2632 50 28
1642 2632 105 28
1240 2661 58 29
1299 2661 141 29
1441 2661 149 29
1591 2661 50 29
1642 2661 105 29
1240 2691 58 28
1299 2691 141 28
1441 2691 149 28
1591 2691 50 28
1642 2691 105 28
1240 2720 58 28
1299 2720 141 28
1441 2720 149 28
1591 2720 50 28
1642 2720 105 28
1240 2749 58 28
1299 2749 141 28
1441 2749 149 28
1591 2749 50 28
1642 2749 105 28
1240 2778 58 28
1299 2778 141 28
1441 2778 149 28
1591 2778 50 28
1642 2778 105 28
1240 2807 58 28
1299 2807 141 28
1441 2807 149 28
1591 2807 50 28
1642 2807 105 28
1240 2836 58 28
1299 2836 141 28
1441 2836 149 28
1591 2836 50 28
1642 2836 105 28
1240 2865 58 28
1299 2865 141 28
1441 2865 149 28
1591 2865 50 28
1642 2865 105 28
1240 2894 58 28
1299 2894 141 28
1441 2894 149 28
1591 2894 50 28
1642 2894 105 28
1240 2923 58 28
1299 2923 141 28
1441 2923 149 28
1591 2923 50 28
1642 2923 105 28
1240 2952 58 28
1299 2952 141 28
1441 2952 149 28
1591 2952 50 28
1642 2952 105 28
1240 2981 58 28
1299 2981 141 28
1441 2981 149 28
1591 2981 50 28
1642 2981 105 28
1240 3010 58 28
1299 3010 141 28
1441 3010 149 28
1591 3010 50 28
1642 3010 105 28
1240 3039 58 28
1299 3039 141 28
1441 3039 149 28
1591 3039 50 28
1642 3039 105 28
1240 3068 58 28
1299 3068 141 28
1441 3068 149 28
1591 3068 50 28
1642 3068 105 28
1240 3097 58 28
1299 3097 141 28
1441 3097 149 28
1591 3097 50 28
1642 3097 105 28
1240 3126 58 28
1299 3126 141 28
1441 3126 149 28
1591 3126 50 28
1642 3126 105 28
1240 3155 58 28
1299 3155 141 28
1441 3155 149 28
1591 3155 50 28
1642 3155 105 28
1240 3184 58 28
1299 3184 141 28
1441 3184 149 28
1591 3184 50 28
1642 3184 105 28
1240 3213 58 28
1299 3213 141 28
1441 3213 149 28
1591 3213 50 28
1642 3213 105 28
1240 3242 58 28
1299 3242 141 28
1441 3242 149 28
1591 3242 50 28
1642 3242 105 28
1240 3271 58 28
1299 3271 141 28
1441 3271 149 28
1591 3271 50 28
1642 3271 105 28
1240 3300 58 29
1299 3300 141 29
1441 3300 149 29
1591 3300 50 29
1642 3300 105 29
1240 3330 58 28
1299 3330 141 28
1441 3330 149 28
1591 3330 50 28
1642 3330 105 28
1240 3359 58 28
1299 3359 141 28
1441 3359 149 28
1591 3359 50 28
1642 3359 105 28
1240 3388 58 28
1299 3388 141 28
1441 3388 149 28
1591 3388 50 28
1642 3388 105 28
1240 3417 58 28
1299 3417 141 28
1441 3417 149 28
1591 3417 50 28
1642 3417 105 28
1240 3446 58 28
1299 3446 141 28
1441 3446 149 28
1591 3446 50 28
1642 3446 105 28
1240 3475 58 28
1299 3475 141 28
1441 3475 149 28
1591 3475 50 28
1642 3475 105 28
1240 3504 58 28
1299 3504 141 28
1441 3504 149 28
1591 3504 50 28
1642 3504 105 28
1240 3533 58 28
1299 3533 141 28
1441 3533 149 28
1591 3533 50 28
1642 3533 105 28
1240 3562 58 28
1299 3562 141 28
1441 3562 149 28
1591 3562 50 28
1642 3562 105 28
1240 3591 58 28
1299 3591 141 28
1441 3591 149 28
1591 3591 50 28
1642 3591 105 28
1240 3620 58 28
1299 3620 141 28
1441 3620 149 28
1591 3620 50 28
1642 3620 105 28
1240 3649 58 28
1299 3649 141 28
1441 3649 149 28
1591 3649 50 28
1642 3649 105 28
1240 3678 58 28
1299 3678 141 28
1441 3678 149 28
1591 3678 50 28
1642 3678 105 28
1240 3707 58 28
1299 3707 141 28
1441 3707 149 28
1591 3707 50 28
1642 3707 105 28
1240 3736 58 28
1299 3736 141 28
1441 3736 149 28
1591 3736 50 28
1642 3736 105 28
1240 3765 58 28
1299 3765 141 28
1441 3765 149 28
1591 3765 50 28
1642 3765 105 28
1240 3794 58 28
1299 3794 141 28
1441 3794 149 28
1591 3794 50 28
1240 3823 58 28
1299 3823 141 28
1441 3823 149 28
1591 3823 50 28
1642 3823 106 28
1240 3852 58 28
1299 3852 141 28
1441 3852 149 28
1591 3852 50 28
1642 3852 106 28
1240 3881 58 28
1299 3881 141 28
1441 3881 149 28
1591 3881 50 28
1642 3881 106 28
1240 3910 58 29
1299 3910 141 29
1441 3910 149 29
1591 3910 50 29
1642 3910 106 29
1240 3940 58 28
1299 3940 141 28
1441 3940 149 28
1591 3940 50 28
1642 3940 106 28
1240 3969 58 28
1299 3969 141 28
1441 3969 149 28
1591 3969 50 28
1642 3969 106 28
1240 3998 58 28
1299 3998 141 28
1441 3998 149 28
1591 3998 50 28
1642 3998 106 28
1240 4027 58 28
1299 4027 141 28
1441 4027 149 28
1591 4027 50 28
1642 4027 106 28
1240 4056 58 28
1299 4056 141 28
1441 4056 149 28
1591 4056 50 28
1642 4056 106 28
1787 1790 30 28
1818 1790 58 28
1877 1790 141 28
2019 1790 149 28
2169 1790 50 28
2220 1790 106 28
1787 1819 30 2265
1818 1819 58 28
1877 1819 141 28
2019 1819 149 28
2169 1819 50 28
2220 1819 106 28
1818 1848 58 28
1877 1848 141 28
2019 1848 149 28
2169 1848 50 28
2220 1848 106 28
1818 1877 58 28
1877 1877 141 28
2019 1877 149 28
2169 1877 50 28
2220 1877 106 28
1818 1906 58 28
1877 1906 141 28
2019 1906 149 28
2169 1906 50 28
2220 1906 106 28
1818 1935 58 28
1877 1935 141 28
2019 1935 149 28
2169 1935 50 28
2220 1935 106 28
1818 1964 58 28
1877 1964 141 28
2019 1964 149 28
2169 1964 50 28
2220 1964 106 28
1818 1993 58 28
1877 1993 141 28
2019 1993 149 28
2169 1993 50 28
2220 1993 106 28
1818 2022 58 29
1877 2022 141 29
2019 2022 149 29
2169 2022 50 29
2220 2022 106 29
1818 2052 58 28
1877 2052 141 28
2019 2052 149 28
2169 2052 50 28
2220 2052 106 28
1818 2081 58 28
1877 2081 141 28
2019 2081 149 28
2169 2081 50 28
2220 2081 106 28
1818 2110 58 28
1877 2110 141 28
2019 2110 149 28
2169 2110 50 28
2220 2110 106 28
1818 2139 58 28
1877 2139 141 28
2019 2139 149 28
2169 2139 50 28
2220 2139 106 28
1818 2168 58 28
1877 2168 141 28
2019 2168 149 28
2169 2168 50 28
2220 2168 106 28
1818 2197 58 28
1877 2197 141 28
2019 2197 149 28
2169 2197 50 28
2220 2197 106 28
1818 2226 58 28
1877 2226 141 28
2019 2226 149 28
2169 2226 50 28
2220 2226 106 28
1818 2255 58 28
1877 2255 141 28
2019 2255 149 28
2169 2255 50 28
2220 2255 106 28
1818 2284 58 28
1877 2284 141 28
2019 2284 149 28
2169 2284 50 28
2220 2284 106 28
1818 2313 58 28
1877 2313 141 28
2019 2313 149 28
2169 2313 50 28
2220 2313 106 28
1818 2342 58 28
1877 2342 141 28
2019 2342 149 28
2169 2342 50 28
2220 2342 106 28
1818 2371 58 28
1877 2371 141 28
2019 2371 149 28
2169 2371 50 28
2220 2371 106 28
1818 2400 58 28
1877 2400 141 28
2019 2400 149 28
2169 2400 50 28
2220 2400 106 28
1818 2429 58 28
1877 2429 141 28
2019 2429 149 28
2169 2429 50 28
2220 2429 106 28
1818 2458 58 28
1877 2458 141 28
2019 2458 149 28
2169 2458 50 28
2220 2458 106 28
1818 2487 58 28
1877 2487 141 28
2019 2487 149 28
2169 2487 50 28
2220 2487 106 28
1818 2516 58 28
1877 2516 141 28
2019 2516 149 28
2169 2516 50 28
2220 2516 106 28
1818 2545 58 28
1877 2545 141 28
2019 2545 149 28
2169 2545 50 28
2220 2545 106 28
1818 2574 58 28
1877 2574 141 28
2019 2574 149 28
2169 2574 50 28
2220 2574 106 28
1818 2603 58 28
1877 2603 141 28
2019 2603 149 28
2169 2603 50 28
2220 2603 106 28
1818 2632 58 28
1877 2632 141 28
2019 2632 149 28
2169 2632 50 28
2220 2632 105 28
1818 2661 58 29
1877 2661 141 29
2019 2661 149 29
2169 2661 50 29
2220 2661 105 29
1818 2691 58 28
1877 2691 141 28
2019 2691 149 28
2169 2691 50 28
2220 2691 105 28
1818 2720 58 28
1877 2720 141 28
2019 2720 149 28
2169 2720 50 28
2220 2720 105 28
1818 2749 58 28
1877 2749 141 28
2019 2749 149 28
2169 2749 50 28
2220 2749 105 28
1818 2778 58 28
1877 2778 141 28
2019 2778 149 28
2169 2778 50 28
2220 2778 105 28
1818 2807 58 28
1877 2807 141 28
2019 2807 149 28
2169 2807 50 28
2220 2807 105 28
1818 2836 58 28
1877 2836 141 28
2019 2836 149 28
2169 2836 50 28
2220 2836 105 28
1818 2865 58 28
1877 2865 141 28
2019 2865 149 28
2169 2865 50 28
2220 2865 105 28
1818 2894 58 28
1877 2894 141 28
2019 2894 149 28
2169 2894 50 28
2220 2894 105 28
1818 2923 58 28
1877 2923 141 28
2019 2923 149 28
2169 2923 50 28
2220 2923 105 28
1818 2952 58 28
1877 2952 141 28
2019 2952 149 28
2169 2952 50 28
2220 2952 105 28
1818 2981 58 28
1877 2981 141 28
2019 2981 149 28
2169 2981 50 28
2220 2981 105 28
1818 3010 58 28
1877 3010 141 28
2019 3010 149 28
2169 3010 50 28
2220 3010 105 28
1818 3039 58 28
1877 3039 141 28
2019 3039 149 28
2169 3039 50 28
2220 3039 105 28
1818 3068 58 28
1877 3068 141 28
2019 3068 149 28
2169 3068 50 28
2220 3068 105 28
1818 3097 58 28
1877 3097 141 28
2019 3097 149 28
2169 3097 50 28
2220 3097 105 28
1818 3126 58 28
1877 3126 141 28
2019 3126 149 28
2169 3126 50 28
2220 3126 105 28
1818 3155 58 28
1877 3155 141 28
2019 3155 149 28
2169 3155 50 28
2220 3155 105 28
1818 3184 58 28
1877 3184 141 28
2019 3184 149 28
2169 3184 50 28
2220 3184 105 28
1818 3213 58 28
1877 3213 141 28
2019 3213 149 28
2169 3213 50 28
2220 3213 105 28
1818 3242 58 28
1877 3242 141 28
2019 3242 149 28
2169 3242 50 28
2220 3242 105 28
1818 3271 58 28
1877 3271 141 28
2019 3271 149 28
2169 3271 50 28
2220 3271 105 28
1818 3300 58 29
1877 3300 141 29
2019 3300 149 29
2169 3300 50 29
2220 3300 105 29
1818 3330 58 28
1877 3330 141 28
2019 3330 149 28
2169 3330 50 28
2220 3330 105 28
1818 3359 58 28
1877 3359 141 28
2019 3359 149 28
2169 3359 50 28
2220 3359 105 28
1818 3388 58 28
1877 3388 141 28
2019 3388 149 28
2169 3388 50 28
2220 3388 105 28
1818 3417 58 28
1877 3417 141 28
2019 3417 149 28
2169 3417 50 28
2220 3417 105 28
1818 3446 58 28
1877 3446 141 28
2019 3446 149 28
2169 3446 50 28
2220 3446 105 28
1818 3475 58 28
1877 3475 141 28
2019 3475 149 28
2169 3475 50 28
2220 3475 105 28
1818 3504 58 28
1877 3504 141 28
2019 3504 149 28
2169 3504 50 28
2220 3504 105 28
1818 3533 58 28
1877 3533 141 28
2019 3533 149 28
2169 3533 50 28
2220 3533 105 28
1818 3562 58 28
1877 3562 141 28
2019 3562 149 28
2169 3562 50 28
2220 3562 105 28
1818 3591 58 28
1877 3591 141 28
2019 3591 149 28
2169 3591 50 28
2220 3591 105 28
1818 3620 58 28
1877 3620 141 28
2019 3620 149 28
2169 3620 50 28
2220 3620 105 28
1818 3649 58 28
1877 3649 141 28
2019 3649 149 28
2169 3649 50 28
2220 3649 105 28
1818 3678 58 28
1877 3678 141 28
2019 3678 149 28
2169 3678 50 28
2220 3678 105 28
1818 3707 58 28
1877 3707 141 28
2019 3707 149 28
2169 3707 50 28
2220 3707 105 28
1818 3736 58 28
1877 3736 141 28
2019 3736 149 28
2169 3736 50 28
2220 3736 105 28
1818 3765 58 28
1877 3765 141 28
2019 3765 149 28
2169 3765 50 28
2220 3765 105 28
1818 3794 58 28
1877 3794 141 28
2019 3794 149 28
2169 3794 50 28
2220 3797 106 25
1818 3823 58 28
1877 3823 141 28
2019 3823 149 28
2169 3823 50 28
2220 3823 106 28
1818 3852 58 28
1877 3852 141 28
2019 3852 149 28
2169 3852 50 28
2220 3852 106 28
1818 3881 58 28
1877 3881 141 28
2019 3881 149 28
2169 3881 50 28
2220 3881 106 28
1818 3910 58 29
1877 3910 141 29
2019 3910 149 29
2169 3910 50 29
2220 3910 106 29
1818 3940 58 28
1877 3940 141 28
2019 3940 149 28
2169 3940 50 28
2220 3940 106 28
1818 3969 58 28
1877 3969 141 28
2019 3969 149 28
2169 3969 50 28
2220 3969 106 28
1818 3998 58 28
1877 3998 141 28
2019 3998 149 28
2169 3998 50 28
2220 3998 106 28
1818 4027 58 28
1877 4027 141 28
2019 4027 149 28
2169 4027 50 28
2220 4027 106 28
1818 4056 58 28
1877 4056 141 28
2019 4056 149 28
2169 4056 50 28
2220 4056 106 28
2365 1790 30 28
2396 1790 58 28
2455 1790 141 28
2597 1790 149 28
2747 1790 50 28
2798 1790 105 28
2365 1819 30 812
2396 1819 58 28
2455 1819 141 28
2597 1819 149 28
2747 1819 50 28
2798 1819 105 28
2396 1848 58 28
2455 1848 141 28
2597 1848 149 28
2747 1848 50 28
2798 1848 105 28
2396 1877 58 28
2455 1877 141 28
2597 1877 149 28
2747 1877 50 28
2798 1877 105 28
2396 1906 58 28
2455 1906 141 28
2597 1906 149 28
2747 1906 50 28
2798 1906 105 28
2396 1935 58 28
2455 1935 141 28
2597 1935 149 28
2747 1935 50 28
2798 1935 105 28
2396 1964 58 28
2455 1964 141 28
2597 1964 149 28
2747 1964 50 28
2798 1964 105 28
2396 1993 58 28
2455 1993 141 28
2597 1993 149 28
2747 1993 50 28
2798 1993 105 28
2396 2022 58 29
2455 2022 141 29
2597 2022 149 29
2747 2022 50 29
2798 2022 105 29
2396 2052 58 28
2455 2052 141 28
2597 2052 149 28
2747 2052 50 28
2798 2052 105 28
2396 2081 58 28
2455 2081 141 28
2597 2081 149 28
2747 2081 50 28
2798 2081 105 28
2396 2110 58 28
2455 2110 141 28
2597 2110 149 28
2747 2110 50 28
2798 2110 105 28
2396 2139 58 28
2455 2139 141 28
2597 2139 149 28
2747 2139 50 28
2798 2139 105 28
2396 2168 58 28
2455 2168 141 28
2597 2168 149 28
2747 2168 50 28
2798 2168 105 28
2396 2197 58 28
2455 2197 141 28
2597 2197 149 28
2747 2197 50 28
2798 2197 105 28
2396 2226 58 28
2455 2226 141 28
2597 2226 149 28
2747 2226 50 28
2798 2226 105 28
2396 2255 58 28
2455 2255 141 28
2597 2255 149 28
2747 2255 50 28
2798 2255 105 28
2396 2284 58 28
2455 2284 141 28
2597 2284 149 28
2747 2284 50 28
2798 2284 105 28
2396 2313 58 28
2455 2313 141 28
2597 2313 149 28
2747 2313 50 28
2798 2313 105 28
2396 2342 58 28
2455 2342 141 28
2597 2342 149 28
2747 2342 50 28
2798 2342 105 28
2396 2371 58 28
2455 2371 141 28
2597 2371 149 28
2747 2371 50 28
2798 2371 105 28
2396 2400 58 28
2455 2400 141 28
2597 2400 149 28
2747 2400 50 28
2798 2400 105 28
2396 2429 58 28
2455 2429 141 28
2597 2429 149 28
2747 2429 50 28
2798 2429 105 28
2396 2458 58 28
2455 2458 141 28
2597 2458 149 28
2747 2458 50 28
2798 2458 105 28
2396 2487 58 28
2455 2487 141 28
2597 2487 149 28
2747 2487 50 28
2798 2487 105 28
2396 2516 58 28
2455 2516 141 28
2597 2516 149 28
2747 2516 50 28
2798 2516 105 28
2396 2545 58 28
2455 2545 141 28
2597 2545 149 28
2747 2545 50 28
2798 2545 105 28
2396 2574 58 28
2455 2574 141 28
2597 2574 149 28
2747 2574 50 28
2798 2574 105 28
2396 2603 58 28
2455 2603 141 28
2597 2603 149 28
2747 2603 50 28
2798 2603 105 28
2365 2631 30 1453
2396 2632 58 28
2455 2632 141 28
2597 2632 149 28
2747 2632 50 28
2798 2632 105 28
2396 2661 58 29
2455 2661 141 29
2597 2661 149 29
2747 2661 50 29
2798 2661 105 29
2396 2691 58 28
2455 2691 141 28
2597 2691 149 28
2747 2691 50 28
2798 2691 105 28
2396 2720 58 28
2455 2720 141 28
2597 2720 149 28
2747 2720 50 28
2798 2720 105 28
2396 2749 58 28
2455 2749 141 28
2597 2749 149 28
2747 2749 50 28
2798 2749 105 28
2396 2778 58 28
2455 2778 141 28
2597 2778 149 28
2747 2778 50 28
2798 2778 105 28
2396 2807 58 28
2455 2807 141 28
2597 2807 149 28
2747 2807 50 28
2798 2807 105 28
2396 2836 58 28
2455 2836 141 28
2597 2836 149 28
2747 2836 50 28
2798 2836 105 28
2396 2865 58 28
2455 2865 141 28
2597 2865 149 28
2747 2865 50 28
2798 2865 105 28
2396 2894 58 28
2455 2894 141 28
2597 2894 149 28
2747 2894 50 28
2798 2894 105 28
2396 2923 58 28
2455 2923 141 28
2597 2923 149 28
2747 2923 50 28
2798 2923 105 28
2396 2952 58 28
2455 2952 141 28
2597 2952 149 28
2747 2952 50 28
2798 2952 105 28
2396 2981 58 28
2455 2981 141 28
2597 2981 149 28
2747 2981 50 28
2798 2981 105 28
2396 3010 58 28
2455 3010 141 28
2597 3010 149 28
2747 3010 50 28
2798 3010 105 28
2396 3039 58 28
2455 3039 141 28
2597 3039 149 28
2747 3039 50 28
2798 3039 105 28
2396 3068 58 28
2455 3068 141 28
2597 3068 149 28
2747 3068 50 28
2798 3068 105 28
2396 3097 58 28
2455 3097 141 28
2597 3097 149 28
2747 3097 50 28
2798 3097 105 28
2396 3126 58 28
2455 3126 141 28
2597 3126 149 28
2747 3126 50 28
2798 3126 105 28
2396 3155 58 28
2455 3155 141 28
2597 3155 149 28
2747 3155 50 28
2798 3155 105 28
2396 3184 58 28
2455 3184 141 28
2597 3184 149 28
2747 3184 50 28
2798 3184 105 28
2396 3213 58 28
2455 3213 141 28
2597 3213 149 28
2747 3213 50 28
2798 3213 105 28
2396 3242 58 28
2455 3242 141 28
2597 3242 149 28
2747 3242 50 28
2798 3242 105 28
2396 3271 58 28
2455 3271 141 28
2597 3271 149 28
2747 3271 50 28
2798 3271 105 28
2396 3300 58 29
2455 3300 141 29
2597 3300 149 29
2747 3300 50 29
2798 3300 105 29
2396 3330 58 28
2455 3330 141 28
2597 3330 149 28
2747 3330 50 28
2798 3330 105 28
2396 3359 58 28
2455 3359 141 28
2597 3359 149 28
2747 3359 50 28
2798 3359 105 28
2396 3388 58 28
2455 3388 141 28
2597 3388 149 28
2747 3388 50 28
2798 3388 105 28
2396 3417 58 28
2455 3417 141 28
2597 3417 149 28
2747 3417 50 28
2798 3417 105 28
2396 3446 58 28
2455 3446 141 28
2597 3446 149 28
2747 3446 50 28
2798 3446 105 28
2396 3475 58 28
2455 3475 141 28
2597 3475 149 28
2747 3475 50 28
2798 3475 105 28
2396 3504 58 28
2455 3504 141 28
2597 3504 149 28
2747 3504 50 28
2798 3504 105 28
2396 3533 58 28
2455 3533 141 28
2597 3533 149 28
2747 3533 50 28
2798 3533 105 28
2396 3562 58 28
2455 3562 141 28
2597 3562 149 28
2747 3562 50 28
2798 3562 105 28
2396 3591 58 28
2455 3591 141 28
2597 3591 149 28
2747 3591 50 28
2798 3591 105 28
2396 3620 58 28
2455 3620 141 28
2597 3620 149 28
2747 3620 50 28
2798 3620 105 28
2396 3649 58 28
2455 3649 141 28
2597 3649 149 28
2747 3649 50 28
2798 3649 105 28
2396 3678 58 28
2455 3678 141 28
2597 3678 149 28
2747 3678 50 28
2798 3678 105 28
2396 3707 58 28
2455 3707 141 28
2597 3707 149 28
2747 3707 50 28
2798 3707 105 28
2396 3736 58 28
2455 3736 141 28
2597 3736 149 28
2747 3736 50 28
2798 3736 105 25
2396 3765 58 28
2455 3765 141 28
2597 3765 149 28
2747 3765 50 28
2798 3765 106 28
2396 3794 58 28
2455 3794 141 28
2597 3794 149 28
2747 3794 50 28
2798 3794 106 28
2396 3823 58 28
2455 3823 141 28
2597 3823 149 28
2747 3823 50 28
2798 3823 106 28
2396 3852 58 28
2455 3852 141 28
2597 3852 149 28
2747 3852 50 28
2798 3852 106 28
2396 3881 58 28
2455 3881 141 28
2597 3881 149 28
2747 3881 50 28
2798 3881 106 28
2396 3910 58 29
2455 3910 141 29
2597 3910 149 29
2747 3910 50 29
2798 3910 106 29
2396 3940 58 28
2455 3940 141 28
2597 3940 149 28
2747 3940 50 28
2798 3940 106 28
2396 3969 58 28
2455 3969 141 28
2597 3969 149 28
2747 3969 50 28
2798 3969 106 28
2396 3998 58 28
2455 3998 141 28
2597 3998 149 28
2747 3998 50 28
2798 3998 106 28
2396 4027 58 28
2455 4027 141 28
2597 4027 149 28
2747 4027 50 28
2798 4027 106 28
2396 4056 58 28
2455 4056 141 28
2597 4056 149 28
2747 4056 50 28
2798 4056 106 27
