162 162 2822 257
162 422 2822 193
162 617 82 151
247 617 281 151
531 617 110 151
644 617 54 151
701 617 54 151
757 617 54 151
814 617 54 151
871 617 337 151
1211 617 677 151
1891 617 1093 151
162 770 82 322
247 770 281 322
531 770 110 322
644 770 54 322
701 770 54 322
757 770 54 322
814 770 54 322
871 770 337 322
1211 770 677 322
1891 770 1093 322
162 1095 82 322
247 1095 281 322
531 1095 110 322
644 1095 54 322
701 1095 54 322
757 1095 54 322
814 1095 54 322
871 1095 337 322
1211 1095 677 322
1891 1095 1093 322
162 1420 82 322
247 1420 281 322
531 1420 110 322
644 1420 54 322
701 1420 54 322
757 1420 54 322
814 1420 54 322
871 1420 337 322
1211 1420 677 322
1891 1420 1093 322
162 1745 82 322
247 1745 281 322
531 1745 110 322
644 1745 54 322
701 1745 54 322
757 1745 54 322
814 1745 54 322
871 1745 337 322
1211 1745 677 322
1891 1745 1093 322
162 2070 82 322
247 2070 281 322
531 2070 110 322
644 2070 54 322
701 2070 54 322
757 2070 54 322
814 2070 54 322
871 2070 337 322
1211 2070 677 322
1891 2070 1093 322
162 2395 82 322
247 2395 281 322
531 2395 110 322
644 2395 54 322
701 2395 54 322
757 2395 54 322
814 2395 54 322
871 2395 337 322
1211 2395 677 322
1891 2395 1093 322
162 2720 82 322
247 2720 281 322
531 2720 110 322
644 2720 54 322
701 2720 54 322
757 2720 54 322
814 2720 54 322
871 2720 337 322
1211 2720 677 322
1891 2720 1093 322
162 3044 82 322
247 3044 281 322
531 3044 110 322
644 3044 54 322
701 3044 54 322
757 3044 54 322
814 3044 54 322
871 3044 337 322
1211 3044 677 322
1891 3044 1093 322
162 3369 82 322
247 3369 281 322
531 3369 110 322
644 3369 54 322
701 3369 54 322
757 3369 54 322
814 3369 54 322
871 3369 337 322
1211 3369 677 322
1891 3369 1093 322
162 3694 82 322
247 3694 281 322
531 3694 110 322
644 3694 54 322
701 3694 54 322
757 3694 54 322
814 3694 54 322
871 3694 337 322
1211 3694 677 322
1891 3694 1093 322
162 4019 82 323
247 4019 281 323
531 4019 110 323
644 4019 54 323
701 4019 54 323
757 4019 54 323
814 4019 54 323
871 4019 337 323
1211 4019 677 323
1891 4019 1093 323
