12 329 2880 306
12 646 1434 56
1457 646 1435 56
12 704 44 60
58 704 190 60
251 704 133 60
387 704 65 60
455 704 49 60
506 704 71 60
580 704 71 60
654 704 88 60
744 704 151 60
898 704 548 60
1457 704 44 60
1504 704 190 60
1697 704 133 60
1833 704 65 60
1901 704 48 60
1952 704 71 60
2026 704 71 60
2099 704 88 60
2190 704 150 60
2343 704 549 60
12 767 44 417
58 767 190 417
251 767 133 417
387 767 65 417
455 767 49 417
506 767 71 417
580 767 71 417
654 767 88 417
744 767 151 417
898 767 548 417
1457 767 44 417
1504 767 190 417
1697 767 133 417
1833 767 65 417
1901 767 48 417
1952 767 71 417
2026 767 71 417
2099 767 88 417
2190 767 150 417
2343 767 549 417
12 1186 1434 60
1457 1186 44 417
1504 1186 190 417
1697 1186 133 417
1833 1186 65 417
1901 1186 48 417
1952 1186 71 417
2026 1186 71 417
2099 1186 88 417
2190 1186 150 417
2343 1186 549 417
12 1249 44 59
58 1249 190 59
251 1249 133 59
387 1249 65 59
455 1249 49 59
506 1249 71 59
580 1249 71 59
654 1249 88 59
744 1249 151 59
898 1249 548 59
12 1311 44 417
58 1311 190 417
251 1311 133 417
387 1311 65 417
455 1311 49 417
506 1311 71 417
580 1311 71 417
654 1311 88 417
744 1311 151 417
898 1311 548 417
1457 1606 1435 59
1457 1668 44 60
1504 1668 190 60
1697 1668 133 60
1833 1668 65 60
1901 1668 48 60
1952 1668 71 60
2026 1668 71 60
2099 1668 88 60
2190 1668 150 60
2343 1668 549 60
12 1731 44 416
58 1731 190 416
251 1731 133 416
387 1731 65 416
455 1731 49 416
506 1731 71 416
580 1731 71 416
654 1731 88 416
744 1731 151 416
898 1731 548 416
1457 1731 44 416
1504 1731 190 416
1697 1731 133 416
1833 1731 65 416
1901 1731 48 416
1952 1731 71 416
2026 1731 71 416
2099 1731 88 416
2190 1731 150 416
2343 1731 549 416
12 2150 44 417
58 2150 190 417
251 2150 133 417
387 2150 65 417
455 2150 49 417
506 2150 71 417
580 2150 71 417
654 2150 88 417
744 2150 151 417
898 2150 548 417
1457 2150 1435 60
1457 2213 44 59
1504 2213 190 59
1697 2213 133 59
1833 2213 65 59
1901 2213 48 59
1952 2213 71 59
2026 2213 71 59
2099 2213 88 59
2190 2213 150 59
2343 2213 549 59
1457 2275 44 417
1504 2275 190 417
1697 2275 133 417
1833 2275 65 417
1901 2275 48 417
1952 2275 71 417
2026 2275 71 417
2099 2275 88 417
2190 2275 150 417
2343 2275 549 417
12 2570 1434 59
12 2632 44 60
58 2632 190 60
251 2632 133 60
387 2632 65 60
455 2632 49 60
506 2632 71 60
580 2632 71 60
654 2632 88 60
744 2632 151 60
898 2632 548 60
12 2694 44 417
58 2694 190 417
251 2694 133 417
387 2694 65 417
455 2694 49 417
506 2694 71 417
580 2694 71 417
654 2694 88 417
744 2694 151 417
898 2694 548 417
1457 2694 44 417
1504 2694 190 417
1697 2694 133 417
1833 2694 65 417
1901 2694 48 417
1952 2694 71 417
2026 2694 71 417
2099 2694 88 417
2190 2694 150 417
2343 2694 549 417
12 3114 1434 59
1457 3114 1435 59
12 3176 44 60
58 3176 190 60
251 3176 133 60
387 3176 65 60
455 3176 49 60
506 3176 71 60
580 3176 71 60
654 3176 88 60
744 3176 151 60
898 3176 548 60
1457 3176 44 60
1504 3176 190 60
1697 3176 133 60
1833 3176 65 60
1901 3176 48 60
1952 3176 71 60
2026 3176 71 60
2099 3176 88 60
2190 3176 150 60
2343 3176 549 60
12 3239 44 416
58 3239 190 416
251 3239 133 416
387 3239 65 416
455 3239 49 416
506 3239 71 416
580 3239 71 416
654 3239 88 416
744 3239 151 416
898 3239 548 416
1457 3239 44 416
1504 3239 190 416
1697 3239 133 416
1833 3239 65 416
1901 3239 48 416
1952 3239 71 416
2026 3239 71 416
2099 3239 88 416
2190 3239 150 416
2343 3239 549 416
12 3658 44 412
58 3658 190 412
251 3658 133 412
387 3658 65 412
455 3658 49 412
506 3658 71 412
580 3658 71 412
654 3658 88 412
744 3658 151 412
898 3658 548 412
1457 3658 1435 412
