176 205 2740 88
176 296 104 142
282 296 104 142
388 296 246 142
637 296 171 142
811 296 67 142
881 296 68 142
952 296 68 142
1023 296 68 142
1094 296 301 142
1398 296 386 142
1787 296 1129 142
176 440 104 1004
282 440 104 333
388 440 246 333
637 440 171 333
811 440 67 333
881 440 68 333
952 440 68 333
1023 440 68 333
1094 440 301 333
1398 440 386 333
1787 440 1129 333
282 776 104 332
388 776 246 332
637 776 171 332
811 776 67 332
881 776 68 332
952 776 68 332
1023 776 68 332
1094 776 301 332
1398 776 386 332
1787 776 1129 332
282 1111 104 333
388 1111 246 333
637 1111 171 333
811 1111 67 333
881 1111 68 333
952 1111 68 333
1023 1111 68 333
1094 1111 301 333
1398 1111 386 333
1787 1111 1129 333
176 1447 104 668
282 1447 104 332
388 1447 246 332
637 1447 171 332
811 1447 67 332
881 1447 68 332
952 1447 68 332
1023 1447 68 332
1094 1447 301 332
1398 1447 386 332
1787 1447 1129 332
282 1782 104 333
388 1782 246 333
637 1782 171 333
811 1782 67 333
881 1782 68 333
952 1782 68 333
1023 1782 68 333
1094 1782 301 333
1398 1782 386 333
1787 1782 1129 333
176 2118 104 668
282 2118 104 332
388 2118 246 332
637 2118 171 332
811 2118 67 332
881 2118 68 332
952 2118 68 332
1023 2118 68 332
1094 2118 301 332
1398 2118 386 332
1787 2118 1129 332
282 2453 104 333
388 2453 246 333
637 2453 171 333
811 2453 67 333
881 2453 68 333
952 2453 68 333
1023 2453 68 333
1094 2453 301 333
1398 2453 386 333
1787 2453 1129 333
176 2789 104 668
282 2789 104 332
388 2789 246 332
637 2789 171 332
811 2789 67 332
881 2789 68 332
952 2789 68 332
1023 2789 68 332
1094 2789 301 332
1398 2789 386 332
1787 2789 1129 332
282 3124 104 333
388 3124 246 333
637 3124 171 333
811 3124 67 333
881 3124 68 333
952 3124 68 333
1023 3124 68 333
1094 3124 301 333
1398 3124 386 333
1787 3124 1129 333
176 3460 2740 787
