136 199 2928 221
136 425 2928 193
136 624 2928 53
136 679 93 40
231 679 207 40
440 679 151 40
593 679 95 40
690 679 94 40
786 679 140 40
928 679 185 40
1115 679 196 40
1313 679 415 40
1730 679 1334 40
136 721 93 157
231 721 207 157
440 721 151 157
593 721 95 157
690 721 94 157
786 721 140 157
928 721 185 157
1115 721 196 157
1313 721 415 157
1730 721 1334 157
136 880 93 157
231 880 207 157
440 880 151 157
593 880 95 157
690 880 94 157
786 880 140 157
928 880 185 157
1115 880 196 157
1313 880 415 157
1730 880 1334 157
136 1039 93 154
231 1039 207 154
440 1039 151 154
593 1039 95 154
690 1039 94 154
786 1039 140 154
928 1039 185 154
1115 1039 196 154
1313 1039 415 154
1730 1039 1334 154
136 1199 2928 53
136 1254 93 41
231 1254 207 41
440 1254 151 41
593 1254 95 41
690 1254 94 41
786 1254 140 41
928 1254 185 41
1115 1254 196 41
1313 1254 415 41
1730 1254 1334 41
136 1297 93 154
231 1297 207 154
440 1297 151 154
593 1297 95 154
690 1297 94 154
786 1297 140 154
928 1297 185 154
1115 1297 196 154
1313 1297 415 154
1730 1297 1334 154
136 1457 2928 53
136 1512 93 41
231 1512 207 41
440 1512 151 41
593 1512 95 41
690 1512 94 41
786 1512 140 41
928 1512 185 41
1115 1512 196 41
1313 1512 415 41
1730 1512 1334 41
136 1555 93 154
231 1555 207 154
440 1555 151 154
593 1555 95 154
690 1555 94 154
786 1555 140 154
928 1555 185 154
1115 1555 196 154
1313 1555 415 154
1730 1555 1334 154
136 1715 2928 53
136 1770 93 41
231 1770 207 41
440 1770 151 41
593 1770 95 41
690 1770 94 41
786 1770 140 41
928 1770 185 41
1115 1770 196 41
1313 1770 415 41
1730 1770 1334 41
136 1813 93 156
231 1813 207 156
440 1813 151 156
593 1813 95 156
690 1813 94 156
786 1813 140 156
928 1813 185 156
1115 1813 196 156
1313 1813 415 156
1730 1813 1334 156
136 1971 93 155
231 1971 207 155
440 1971 151 155
593 1971 95 155
690 1971 94 155
786 1971 140 155
928 1971 185 155
1115 1971 196 155
1313 1971 415 155
1730 1971 1334 155
136 2132 2928 53
136 2187 93 40
231 2187 207 40
440 2187 151 40
593 2187 95 40
690 2187 94 40
786 2187 140 40
928 2187 185 40
1115 2187 196 40
1313 2187 415 40
1730 2187 1334 40
136 2229 93 157
231 2229 207 157
440 2229 151 157
593 2229 95 157
690 2229 94 157
786 2229 140 157
928 2229 185 157
1115 2229 196 157
1313 2229 415 157
1730 2229 1334 157
136 2388 93 155
231 2388 207 155
440 2388 151 155
593 2388 95 155
690 2388 94 155
786 2388 140 155
928 2388 185 155
1115 2388 196 155
1313 2388 415 155
1730 2388 1334 155
136 2549 2928 52
136 2603 93 41
231 2603 207 41
440 2603 151 41
593 2603 95 41
690 2603 94 41
786 2603 140 41
928 2603 185 41
1115 2603 196 41
1313 2603 415 41
1730 2603 1334 41
136 2646 93 157
231 2646 207 157
440 2646 151 157
593 2646 95 157
690 2646 94 157
786 2646 140 157
928 2646 185 157
1115 2646 196 157
1313 2646 415 157
1730 2646 1334 157
136 2805 93 155
231 2805 207 155
440 2805 151 155
593 2805 95 155
690 2805 94 155
786 2805 140 155
928 2805 185 155
1115 2805 196 155
1313 2805 415 155
1730 2805 1334 155
136 2966 2928 53
136 3021 93 40
231 3021 207 40
440 3021 151 40
593 3021 95 40
690 3021 94 40
786 3021 140 40
928 3021 185 40
1115 3021 196 40
1313 3021 415 40
1730 3021 1334 40
136 3063 93 155
231 3063 207 155
440 3063 151 155
593 3063 95 155
690 3063 94 155
786 3063 140 155
928 3063 185 155
1115 3063 196 155
1313 3063 415 155
1730 3063 1334 155
136 3224 2928 1156
