11 12 2965 310
11 328 2965 282
11 615 2965 156
11 773 84 80
97 773 208 80
307 773 151 80
460 773 89 80
551 773 89 80
642 773 179 80
823 773 180 80
1004 773 282 80
1288 773 338 80
1628 773 1348 80
11 855 84 543
97 855 208 543
307 855 151 543
460 855 89 543
551 855 89 543
642 855 179 543
823 855 180 543
1004 855 282 543
1288 855 338 543
1628 855 1348 543
11 1400 84 543
97 1400 208 543
307 1400 151 543
460 1400 89 543
551 1400 89 543
642 1400 179 543
823 1400 180 543
1004 1400 282 543
1288 1400 338 543
1628 1400 1348 543
11 1944 84 543
97 1944 208 543
307 1944 151 543
460 1944 89 543
551 1944 89 543
642 1944 179 543
823 1944 180 543
1004 1944 282 543
1288 1944 338 543
1628 1944 1348 543
11 2489 84 543
97 2489 208 543
307 2489 151 543
460 2489 89 543
551 2489 89 543
642 2489 179 543
823 2489 180 543
1004 2489 282 543
1288 2489 338 543
1628 2489 1348 543
11 3034 84 542
97 3034 208 542
307 3034 151 542
460 3034 89 542
551 3034 89 542
642 3034 179 542
823 3034 180 542
1004 3034 282 542
1288 3034 338 542
1628 3034 1348 542
11 3578 84 538
97 3578 208 538
307 3578 151 538
460 3578 89 538
551 3578 89 538
642 3578 179 538
823 3578 180 538
1004 3578 282 538
1288 3578 338 538
1628 3578 1348 538
