180 267 2860 275
180 547 2860 225
180 777 67 86
249 777 72 86
323 777 179 86
504 777 208 86
714 777 83 86
799 777 66 86
867 777 100 86
969 777 156 86
1127 777 339 86
1468 777 386 86
1856 777 1184 86
180 868 67 544
249 868 72 180
323 868 179 180
504 868 208 180
714 868 83 180
799 868 66 180
867 868 100 180
969 868 156 180
1127 868 339 180
1468 868 386 180
1856 868 1184 180
249 1050 72 181
323 1050 179 181
504 1050 208 181
714 1050 83 181
799 1050 66 181
867 1050 100 181
969 1050 156 181
1127 1050 339 181
1468 1050 386 181
1856 1050 1184 181
249 1233 72 179
323 1233 179 179
504 1233 208 179
714 1233 83 179
799 1233 66 179
867 1233 100 179
969 1233 156 179
1127 1233 339 179
1468 1233 386 179
1856 1233 1184 179
180 1417 67 543
249 1417 72 179
323 1417 179 179
504 1417 208 179
714 1417 83 179
799 1417 66 179
867 1417 100 179
969 1417 156 179
1127 1417 339 179
1468 1417 386 179
1856 1417 1184 179
249 1598 72 181
323 1598 179 181
504 1598 208 181
714 1598 83 181
799 1598 66 181
867 1598 100 181
969 1598 156 181
1127 1598 339 181
1468 1598 386 181
1856 1598 1184 181
249 1781 72 179
323 1781 179 179
504 1781 208 179
714 1781 83 179
799 1781 66 179
867 1781 100 179
969 1781 156 179
1127 1781 339 179
1468 1781 386 179
1856 1781 1184 179
180 1965 67 543
249 1965 72 179
323 1965 179 179
504 1965 208 179
714 1965 83 179
799 1965 66 179
867 1965 100 179
969 1965 156 179
1127 1965 339 179
1468 1965 386 179
1856 1965 1184 179
249 2146 72 181
323 2146 179 181
504 2146 208 181
714 2146 83 181
799 2146 66 181
867 2146 100 181
969 2146 156 181
1127 2146 339 181
1468 2146 386 181
1856 2146 1184 181
249 2329 72 179
323 2329 179 179
504 2329 208 179
714 2329 83 179
799 2329 66 179
867 2329 100 179
969 2329 156 179
1127 2329 339 179
1468 2329 386 179
1856 2329 1184 179
180 2513 67 543
249 2513 72 179
323 2513 179 179
504 2513 208 179
714 2513 83 179
799 2513 66 179
867 2513 100 179
969 2513 156 179
1127 2513 339 179
1468 2513 386 179
1856 2513 1184 179
249 2694 72 181
323 2694 179 181
504 2694 208 181
714 2694 83 181
799 2694 66 181
867 2694 100 181
969 2694 156 181
1127 2694 339 181
1468 2694 386 181
1856 2694 1184 181
249 2877 72 179
323 2877 179 179
504 2877 208 179
714 2877 83 179
799 2877 66 179
867 2877 100 179
969 2877 156 179
1127 2877 339 179
1468 2877 386 179
1856 2877 1184 179
180 3061 67 361
249 3061 72 179
323 3061 179 179
504 3061 208 179
714 3061 83 179
799 3061 66 179
867 3061 100 179
969 3061 156 179
1127 3061 339 179
1468 3061 386 179
1856 3061 1184 179
249 3242 72 180
323 3242 179 180
504 3242 208 180
714 3242 83 180
799 3242 66 180
867 3242 100 180
969 3242 156 180
1127 3242 339 180
1468 3242 386 180
1856 3242 1184 180
336 3426 153 180
180 3427 67 360
249 3427 72 179
504 3427 208 179
714 3427 83 179
799 3427 66 179
867 3427 100 179
969 3427 156 179
1127 3427 339 179
1468 3427 386 179
1856 3427 1184 179
249 3608 72 179
323 3608 179 179
504 3608 208 179
714 3608 83 179
799 3608 66 179
867 3608 100 179
969 3608 156 179
1127 3608 339 179
1468 3608 386 179
1856 3608 1184 179
180 3792 67 178
249 3792 72 178
323 3792 179 178
504 3792 208 178
714 3792 83 178
799 3792 66 178
867 3792 100 178
969 3792 156 178
1127 3792 339 178
1468 3792 386 178
1856 3792 1184 178
336 3974 153 178
180 3975 67 177
249 3975 72 177
504 3975 208 177
714 3975 83 177
799 3975 66 177
867 3975 100 177
969 3975 156 177
1127 3975 339 177
1468 3975 386 177
1856 3975 1184 177
180 4157 67 177
249 4157 72 177
504 4157 208 177
714 4157 83 177
799 4157 66 177
867 4157 100 177
969 4157 156 177
1127 4157 339 177
1468 4157 386 177
1856 4157 1184 177
465 4205 37 102
323 4212 37 21
323 4233 36 61
