180 265 2852 275
180 545 2852 222
180 772 67 86
249 772 72 86
323 772 179 86
504 772 208 86
714 772 83 86
799 772 65 86
866 772 100 86
968 772 157 86
1127 772 339 86
1468 772 385 86
1855 772 1177 86
180 863 67 404
249 863 72 201
504 863 208 201
714 863 83 201
799 863 65 201
866 863 100 201
968 863 157 201
1127 863 339 201
1468 863 385 201
1855 863 1177 201
249 1066 72 201
504 1066 208 201
714 1066 83 201
799 1066 65 201
866 1066 100 201
968 1066 157 201
1127 1066 339 201
1468 1066 385 201
1855 1066 1177 201
462 1129 40 102
323 1136 37 97
339 1271 146 201
180 1272 67 403
249 1272 72 200
504 1272 208 200
714 1272 83 200
799 1272 65 200
866 1272 100 200
968 1272 157 200
1127 1272 339 200
1468 1272 385 200
1855 1272 1177 200
249 1474 72 201
504 1474 208 201
714 1474 83 201
799 1474 65 201
866 1474 100 201
968 1474 157 201
1127 1474 339 201
1468 1474 385 201
1855 1474 1177 201
323 1527 40 34
459 1528 43 26
463 1560 39 78
323 1562 38 83
180 1680 67 403
249 1680 72 201
323 1680 179 201
504 1680 208 201
714 1680 83 201
799 1680 65 201
866 1680 100 201
968 1680 157 201
1127 1680 339 201
1468 1680 385 201
1855 1680 1177 201
249 1883 72 200
504 1883 208 200
714 1883 83 200
799 1883 65 200
866 1883 100 200
968 1883 157 200
1127 1883 339 200
1468 1883 385 200
1855 1883 1177 200
323 1932 44 30
460 1961 42 71
323 1963 39 73
180 2088 67 404
249 2088 72 201
323 2088 179 201
504 2088 208 201
714 2088 83 201
799 2088 65 201
866 2088 100 201
968 2088 157 201
1127 2088 339 201
1468 2088 385 201
1855 2088 1177 201
249 2291 72 201
504 2291 208 201
714 2291 83 201
799 2291 65 201
866 2291 100 201
968 2291 157 201
1127 2291 339 201
1468 2291 385 201
1855 2291 1177 201
459 2347 43 23
323 2349 39 29
462 2377 40 115
323 2378 38 114
180 2497 67 403
249 2497 72 200
323 2497 179 200
504 2497 208 200
714 2497 83 200
799 2497 65 200
866 2497 100 200
968 2497 157 200
1127 2497 339 200
1468 2497 385 200
1855 2497 1177 200
249 2699 72 201
504 2699 208 201
714 2699 83 201
799 2699 65 201
866 2699 100 201
968 2699 157 201
1127 2699 339 201
1468 2699 385 201
1855 2699 1177 201
323 2754 33 146
465 2771 37 129
180 2905 67 404
249 2905 72 201
323 2905 179 201
504 2905 208 201
714 2905 83 201
799 2905 65 201
866 2905 100 201
968 2905 157 201
1127 2905 339 201
1468 2905 385 201
1855 2905 1177 201
249 3108 72 201
504 3108 208 201
714 3108 83 201
799 3108 65 201
866 3108 100 201
968 3108 157 201
1127 3108 339 201
1468 3108 385 201
1855 3108 1177 201
180 3314 67 199
249 3314 72 199
504 3314 208 199
714 3314 83 199
799 3314 65 199
866 3314 100 199
968 3314 157 199
1127 3314 339 199
1468 3314 385 199
1855 3314 1177 199
180 3518 67 199
249 3518 72 199
504 3518 208 199
714 3518 83 199
799 3518 65 199
866 3518 100 199
968 3518 157 199
1127 3518 339 199
1468 3518 385 199
1855 3518 1177 199
323 3597 37 68
466 3597 36 70
180 3722 67 199
249 3722 72 199
504 3722 208 199
714 3722 83 199
799 3722 65 199
866 3722 100 199
968 3722 157 199
1127 3722 339 199
1468 3722 385 199
1855 3722 1177 199
323 3812 26 25
477 3820 25 34
180 3926 67 199
249 3926 72 199
504 3926 208 199
714 3926 83 199
799 3926 65 199
866 3926 100 199
968 3926 157 199
1127 3926 339 199
1468 3926 385 199
1855 3926 1177 199
460 3971 42 116
323 3979 38 111
323 4090 37 35
180 4130 67 199
249 4130 72 199
504 4130 208 199
714 4130 83 199
799 4130 65 199
866 4130 100 199
968 4130 157 199
1127 4130 339 199
1468 4130 385 199
1855 4130 1177 199
323 4186 35 87
463 4208 39 79
