170 799 151 137
323 799 89 137
414 799 202 137
618 799 208 137
828 799 225 137
1055 799 111 137
1168 799 112 137
1282 799 156 137
1440 799 293 137
1735 799 293 137
2030 799 1037 137
170 941 151 428
323 941 89 428
414 941 202 428
618 941 208 428
828 941 225 428
1055 941 111 428
1168 941 112 428
1282 941 156 428
1440 941 293 428
1735 941 293 428
2030 941 1037 428
170 1373 151 428
323 1373 89 428
414 1373 202 428
618 1373 208 428
828 1373 225 428
1055 1373 111 428
1168 1373 112 428
1282 1373 156 428
1440 1373 293 428
1735 1373 293 428
2030 1373 1037 428
170 1805 151 428
323 1805 89 428
414 1805 202 428
618 1805 208 428
828 1805 225 428
1055 1805 111 428
1168 1805 112 428
1282 1805 156 428
1440 1805 293 428
1735 1805 293 428
2030 1805 1037 428
170 2238 151 1292
323 2238 89 429
414 2238 202 429
618 2238 208 429
828 2238 225 429
1055 2238 111 429
1168 2238 112 429
1282 2238 156 429
1440 2238 293 429
1735 2238 293 429
2030 2238 1037 429
323 2669 89 430
414 2669 202 430
618 2669 208 430
828 2669 225 430
1055 2669 111 430
1168 2669 112 430
1282 2669 156 430
1440 2669 293 430
1735 2669 293 430
2030 2669 1037 430
323 3101 89 429
414 3101 202 429
618 3101 208 429
828 3101 225 429
1055 3101 111 429
1168 3101 112 429
1282 3101 156 429
1440 3101 293 429
1735 3101 293 429
2030 3101 1037 429
170 3535 151 847
323 3535 89 429
414 3535 202 429
618 3535 208 429
828 3535 225 429
1055 3535 111 429
1168 3535 112 429
1282 3535 156 429
1440 3535 293 429
1735 3535 293 429
2030 3535 1037 429
323 3966 89 416
414 3966 202 416
618 3966 208 416
828 3966 225 416
1055 3966 111 416
1168 3966 112 416
1282 3966 156 416
1440 3966 293 416
1735 3966 293 416
2030 3966 1037 416
