114 194 2857 101
115 296 44 41
160 296 44 41
205 296 192 41
398 296 237 41
636 296 192 41
829 296 44 41
874 296 44 41
920 296 191 41
1112 296 237 41
1350 296 192 41
1543 296 44 41
1589 296 44 41
1634 296 192 41
1827 296 237 41
2065 296 191 41
2258 296 44 41
2303 296 44 41
2348 296 192 41
2541 296 237 41
2779 296 192 41
115 338 44 882
160 338 44 29
205 338 192 29
398 338 237 29
636 338 192 29
829 338 44 60
874 338 44 29
920 338 191 29
1112 338 237 29
1350 338 192 29
1543 338 44 29
1589 338 44 29
1634 338 192 29
1827 338 237 29
2065 338 191 29
2258 338 44 608
2303 338 44 29
2348 338 192 29
2541 338 237 29
2779 338 192 29
160 369 44 29
205 369 192 29
398 369 237 29
636 369 192 29
874 369 44 29
920 369 191 29
1112 369 237 29
1350 369 192 29
1543 369 44 911
1589 369 44 29
1634 369 192 29
1827 369 237 29
2065 369 191 29
2303 369 44 29
2348 369 192 29
2541 369 237 29
2779 369 192 29
160 399 44 29
205 399 192 29
398 399 237 29
636 399 192 29
829 399 44 912
874 399 44 29
920 399 191 29
1112 399 237 29
1350 399 192 29
1589 399 44 29
1634 399 192 29
1827 399 237 29
2065 399 191 29
2303 399 44 29
2348 399 192 29
2541 399 237 29
2779 399 192 29
160 429 44 30
205 429 192 30
398 429 237 30
636 429 192 30
874 429 44 30
920 429 191 30
1112 429 237 30
1350 429 192 30
1589 429 44 30
1634 429 192 30
1827 429 237 30
2065 429 191 30
2303 429 44 30
2348 429 192 30
2541 429 237 30
2779 429 192 30
160 460 44 29
205 460 192 29
398 460 237 29
636 460 192 29
874 460 44 29
920 460 191 29
1112 460 237 29
1350 460 192 29
1589 460 44 29
1634 460 192 29
1827 460 237 29
2065 460 191 29
2303 460 44 29
2348 460 192 29
2541 460 237 29
2779 460 192 29
160 490 44 30
205 490 192 30
398 490 237 30
636 490 192 30
874 490 44 30
920 490 191 30
1112 490 237 30
1350 490 192 30
1589 490 44 30
1634 490 192 30
1827 490 237 30
2065 490 191 30
2303 490 44 30
2348 490 192 30
2541 490 237 30
2779 490 192 30
160 521 44 29
205 521 192 29
398 521 237 29
636 521 192 29
874 521 44 29
920 521 191 29
1112 521 237 29
1350 521 192 29
1589 521 44 29
1634 521 192 29
1827 521 237 29
2065 521 191 29
2303 521 44 29
2348 521 192 29
2541 521 237 29
2779 521 192 29
160 551 44 29
205 551 192 29
398 551 237 29
636 551 192 29
874 551 44 29
920 551 191 29
1112 551 237 29
1350 551 192 29
1589 551 44 29
1634 551 192 29
1827 551 237 29
2065 551 191 29
2303 551 44 29
2348 551 192 29
2541 551 237 29
2779 551 192 29
160 582 44 29
205 582 192 29
398 582 237 29
636 582 192 29
874 582 44 29
920 582 191 29
1112 582 237 29
1350 582 192 29
1589 582 44 29
1634 582 192 29
1827 582 237 29
2065 582 191 29
2303 582 44 29
2348 582 192 29
2541 582 237 29
2779 582 192 29
160 612 44 29
205 612 192 29
398 612 237 29
636 612 192 29
874 612 44 29
920 612 191 29
1112 612 237 29
1350 612 192 29
1589 612 44 29
1634 612 192 29
1827 612 237 29
2065 612 191 29
2303 612 44 29
2348 612 192 29
2541 612 237 29
2779 612 192 29
160 642 44 30
205 642 192 30
398 642 237 30
636 642 192 30
874 642 44 30
920 642 191 30
1112 642 237 30
1350 642 192 30
1589 642 44 30
1634 642 192 30
1827 642 237 30
2065 642 191 30
2303 642 44 30
2348 642 192 30
2541 642 237 30
2779 642 192 30
160 673 44 29
205 673 192 29
398 673 237 29
636 673 192 29
874 673 44 29
920 673 191 29
1112 673 237 29
1350 673 192 29
1589 673 44 29
1634 673 192 29
1827 673 237 29
2065 673 191 29
2303 673 44 29
2348 673 192 29
2541 673 237 29
2779 673 192 29
160 703 44 30
205 703 192 30
398 703 237 30
636 703 192 30
874 703 44 30
920 703 191 30
1112 703 237 30
1350 703 192 30
1589 703 44 30
1634 703 192 30
1827 703 237 30
2065 703 191 30
2303 703 44 30
2348 703 192 30
2541 703 237 30
2779 703 192 30
160 734 44 29
205 734 192 29
398 734 237 29
636 734 192 29
874 734 44 29
920 734 191 29
1112 734 237 29
1350 734 192 29
1589 734 44 29
1634 734 192 29
1827 734 237 29
2065 734 191 29
2303 734 44 29
2348 734 192 29
2541 734 237 29
2779 734 192 29
160 764 44 29
205 764 192 29
398 764 237 29
636 764 192 29
874 764 44 29
920 764 191 29
1112 764 237 29
1350 764 192 29
1589 764 44 29
1634 764 192 29
1827 764 237 29
2065 764 191 29
2303 764 44 29
2348 764 192 29
2541 764 237 29
2779 764 192 29
160 795 44 29
205 795 192 29
398 795 237 29
636 795 192 29
874 795 44 29
920 795 191 29
1112 795 237 29
1350 795 192 29
1589 795 44 29
1634 795 192 29
1827 795 237 29
2065 795 191 29
2303 795 44 29
2348 795 192 29
2541 795 237 29
2779 795 192 29
160 825 44 29
205 825 192 29
398 825 237 29
636 825 192 29
874 825 44 29
920 825 191 29
1112 825 237 29
1350 825 192 29
1589 825 44 29
1634 825 192 29
1827 825 237 29
2065 825 191 29
2303 825 44 29
2348 825 192 29
2541 825 237 29
2779 825 192 29
160 855 44 30
205 855 192 30
398 855 237 30
636 855 192 30
874 855 44 30
920 855 191 30
1112 855 237 30
1350 855 192 30
1589 855 44 30
1634 855 192 30
1827 855 237 30
2065 855 191 30
2303 855 44 30
2348 855 192 30
2541 855 237 30
2779 855 192 30
160 886 44 29
205 886 192 29
398 886 237 29
636 886 192 29
874 886 44 29
920 886 191 29
1112 886 237 29
1350 886 192 29
1589 886 44 29
1634 886 192 29
1827 886 237 29
2065 886 191 29
2303 886 44 29
2348 886 192 29
2541 886 237 29
2779 886 192 29
160 916 44 30
205 916 192 30
398 916 237 30
636 916 192 30
874 916 44 30
920 916 191 30
1112 916 237 30
1350 916 192 30
1589 916 44 30
1634 916 192 30
1827 916 237 30
2065 916 191 30
2303 916 44 30
2348 916 192 30
2541 916 237 30
2779 916 192 30
160 947 44 29
205 947 192 29
398 947 237 29
636 947 192 29
874 947 44 29
920 947 191 29
1112 947 237 29
1350 947 192 29
1589 947 44 29
1634 947 192 29
1827 947 237 29
2065 947 191 29
2258 947 44 1094
2303 947 44 29
2348 947 192 29
2541 947 237 29
2779 947 192 29
160 977 44 30
205 977 192 30
398 977 237 30
636 977 192 30
874 977 44 30
920 977 191 30
1112 977 237 30
1350 977 192 30
1589 977 44 30
1634 977 192 30
1827 977 237 30
2065 977 191 30
2303 977 44 30
2348 977 192 30
2541 977 237 30
2779 977 192 30
160 1008 44 29
205 1008 192 29
398 1008 237 29
636 1008 192 29
874 1008 44 29
920 1008 191 29
1112 1008 237 29
1350 1008 192 29
1589 1008 44 29
1634 1008 192 29
1827 1008 237 29
2065 1008 191 29
2303 1008 44 29
2348 1008 192 29
2541 1008 237 29
2779 1008 192 29
160 1038 44 29
205 1038 192 29
398 1038 237 29
636 1038 192 29
874 1038 44 29
920 1038 191 29
1112 1038 237 29
1350 1038 192 29
1589 1038 44 29
1634 1038 192 29
1827 1038 237 29
2065 1038 191 29
2303 1038 44 29
2348 1038 192 29
2541 1038 237 29
2779 1038 192 29
160 1069 44 29
205 1069 192 29
398 1069 237 29
636 1069 192 29
874 1069 44 29
920 1069 191 29
1112 1069 237 29
1350 1069 192 29
1589 1069 44 29
1634 1069 192 29
1827 1069 237 29
2065 1069 191 29
2303 1069 44 29
2348 1069 192 29
2541 1069 237 29
2779 1069 192 29
160 1099 44 29
205 1099 192 29
398 1099 237 29
636 1099 192 29
874 1099 44 29
920 1099 191 29
1112 1099 237 29
1350 1099 192 29
1589 1099 44 29
1634 1099 192 29
1827 1099 237 29
2065 1099 191 29
2303 1099 44 29
2348 1099 192 29
2541 1099 237 29
2779 1099 192 29
160 1129 44 30
205 1129 192 30
398 1129 237 30
636 1129 192 30
874 1129 44 30
920 1129 191 30
1112 1129 237 30
1350 1129 192 30
1589 1129 44 30
1634 1129 192 30
1827 1129 237 30
2065 1129 191 30
2303 1129 44 30
2348 1129 192 30
2541 1129 237 30
2779 1129 192 30
160 1160 44 29
205 1160 192 29
398 1160 237 29
636 1160 192 29
874 1160 44 29
920 1160 191 29
1112 1160 237 29
1350 1160 192 29
1589 1160 44 29
1634 1160 192 29
1827 1160 237 29
2065 1160 191 29
2303 1160 44 29
2348 1160 192 29
2541 1160 237 29
2779 1160 192 29
160 1190 44 30
205 1190 192 30
398 1190 237 30
636 1190 192 30
874 1190 44 30
920 1190 191 30
1112 1190 237 30
1350 1190 192 30
1589 1190 44 30
1634 1190 192 30
1827 1190 237 30
2065 1190 191 30
2303 1190 44 30
2348 1190 192 30
2541 1190 237 30
2779 1190 192 30
115 1221 44 607
160 1221 44 29
205 1221 192 29
398 1221 237 29
636 1221 192 29
874 1221 44 29
920 1221 191 29
1112 1221 237 29
1350 1221 192 29
1589 1221 44 29
1634 1221 192 29
1827 1221 237 29
2065 1221 191 29
2303 1221 44 29
2348 1221 192 29
2541 1221 237 29
2779 1221 192 29
160 1251 44 29
205 1251 192 29
398 1251 237 29
636 1251 192 29
874 1251 44 29
920 1251 191 29
1112 1251 237 29
1350 1251 192 29
1589 1251 44 29
1634 1251 192 29
1827 1251 237 29
2065 1251 191 29
2303 1251 44 29
2348 1251 192 29
2541 1251 237 29
2779 1251 192 29
160 1282 44 29
205 1282 192 29
398 1282 237 29
636 1282 192 29
874 1282 44 29
920 1282 191 29
1112 1282 237 29
1350 1282 192 29
1543 1282 44 820
1589 1282 44 29
1634 1282 192 29
1827 1282 237 29
2065 1282 191 29
2303 1282 44 29
2348 1282 192 29
2541 1282 237 29
2779 1282 192 29
160 1312 44 29
205 1312 192 29
398 1312 237 29
636 1312 192 29
829 1312 44 729
874 1312 44 29
920 1312 191 29
1112 1312 237 29
1350 1312 192 29
1589 1312 44 29
1634 1312 192 29
1827 1312 237 29
2065 1312 191 29
2303 1312 44 29
2348 1312 192 29
2541 1312 237 29
2779 1312 192 29
160 1342 44 30
205 1342 192 30
398 1342 237 30
636 1342 192 30
874 1342 44 30
920 1342 191 30
1112 1342 237 30
1350 1342 192 30
1589 1342 44 30
1634 1342 192 30
1827 1342 237 30
2065 1342 191 30
2303 1342 44 30
2348 1342 192 30
2541 1342 237 30
2779 1342 192 30
160 1373 44 29
205 1373 192 29
398 1373 237 29
636 1373 192 29
874 1373 44 29
920 1373 191 29
1112 1373 237 29
1350 1373 192 29
1589 1373 44 29
1634 1373 192 29
1827 1373 237 29
2065 1373 191 29
2303 1373 44 29
2348 1373 192 29
2541 1373 237 29
2779 1373 192 29
160 1403 44 30
205 1403 192 30
398 1403 237 30
636 1403 192 30
874 1403 44 30
920 1403 191 30
1112 1403 237 30
1350 1403 192 30
1589 1403 44 30
1634 1403 192 30
1827 1403 237 30
2065 1403 191 30
2303 1403 44 30
2348 1403 192 30
2541 1403 237 30
2779 1403 192 30
160 1434 44 29
205 1434 192 29
398 1434 237 29
636 1434 192 29
874 1434 44 29
920 1434 191 29
1112 1434 237 29
1350 1434 192 29
1589 1434 44 29
1634 1434 192 29
1827 1434 237 29
2065 1434 191 29
2303 1434 44 29
2348 1434 192 29
2541 1434 237 29
2779 1434 192 29
160 1464 44 30
205 1464 192 30
398 1464 237 30
636 1464 192 30
874 1464 44 30
920 1464 191 30
1112 1464 237 30
1350 1464 192 30
1589 1464 44 30
1634 1464 192 30
1827 1464 237 30
2065 1464 191 30
2303 1464 44 30
2348 1464 192 30
2541 1464 237 30
2779 1464 192 30
160 1495 44 29
205 1495 192 29
398 1495 237 29
636 1495 192 29
874 1495 44 29
920 1495 191 29
1112 1495 237 29
1350 1495 192 29
1589 1495 44 29
1634 1495 192 29
1827 1495 237 29
2065 1495 191 29
2303 1495 44 29
2348 1495 192 29
2541 1495 237 29
2779 1495 192 29
160 1525 44 29
205 1525 192 29
398 1525 237 29
636 1525 192 29
874 1525 44 29
920 1525 191 29
1112 1525 237 29
1350 1525 192 29
1589 1525 44 29
1634 1525 192 29
1827 1525 237 29
2065 1525 191 29
2303 1525 44 29
2348 1525 192 29
2541 1525 237 29
2779 1525 192 29
160 1556 44 29
205 1556 192 29
398 1556 237 29
636 1556 192 29
874 1556 44 29
920 1556 191 29
1112 1556 237 29
1350 1556 192 29
1589 1556 44 29
1634 1556 192 29
1827 1556 237 29
2065 1556 191 29
2303 1556 44 29
2348 1556 192 29
2541 1556 237 29
2779 1556 192 29
160 1586 44 29
205 1586 192 29
398 1586 237 29
636 1586 192 29
874 1586 44 29
920 1586 191 29
1112 1586 237 29
1350 1586 192 29
1589 1586 44 29
1634 1586 192 29
1827 1586 237 29
2065 1586 191 29
2303 1586 44 29
2348 1586 192 29
2541 1586 237 29
2779 1586 192 29
160 1616 44 30
205 1616 192 30
398 1616 237 30
636 1616 192 30
874 1616 44 30
920 1616 191 30
1112 1616 237 30
1350 1616 192 30
1589 1616 44 30
1634 1616 192 30
1827 1616 237 30
2065 1616 191 30
2303 1616 44 30
2348 1616 192 30
2541 1616 237 30
2779 1616 192 30
160 1647 44 29
205 1647 192 29
398 1647 237 29
636 1647 192 29
874 1647 44 29
920 1647 191 29
1112 1647 237 29
1350 1647 192 29
1589 1647 44 29
1634 1647 192 29
1827 1647 237 29
2065 1647 191 29
2303 1647 44 29
2348 1647 192 29
2541 1647 237 29
2779 1647 192 29
160 1677 44 30
205 1677 192 30
398 1677 237 30
636 1677 192 30
874 1677 44 30
920 1677 191 30
1112 1677 237 30
1350 1677 192 30
1589 1677 44 30
1634 1677 192 30
1827 1677 237 30
2065 1677 191 30
2303 1677 44 30
2348 1677 192 30
2541 1677 237 30
2779 1677 192 30
160 1708 44 29
205 1708 192 29
398 1708 237 29
636 1708 192 29
874 1708 44 29
920 1708 191 29
1112 1708 237 29
1350 1708 192 29
1589 1708 44 29
1634 1708 192 29
1827 1708 237 29
2065 1708 191 29
2303 1708 44 29
2348 1708 192 29
2541 1708 237 29
2779 1708 192 29
160 1738 44 29
205 1738 192 29
398 1738 237 29
636 1738 192 29
874 1738 44 29
920 1738 191 29
1112 1738 237 29
1350 1738 192 29
1589 1738 44 29
1634 1738 192 29
1827 1738 237 29
2065 1738 191 29
2303 1738 44 29
2348 1738 192 29
2541 1738 237 29
2779 1738 192 29
160 1769 44 29
205 1769 192 29
398 1769 237 29
636 1769 192 29
874 1769 44 29
920 1769 191 29
1112 1769 237 29
1350 1769 192 29
1589 1769 44 29
1634 1769 192 29
1827 1769 237 29
2065 1769 191 29
2303 1769 44 29
2348 1769 192 29
2541 1769 237 29
2779 1769 192 29
160 1799 44 29
205 1799 192 29
398 1799 237 29
636 1799 192 29
874 1799 44 29
920 1799 191 29
1112 1799 237 29
1350 1799 192 29
1589 1799 44 29
1634 1799 192 29
1827 1799 237 29
2065 1799 191 29
2303 1799 44 29
2348 1799 192 29
2541 1799 237 29
2779 1799 192 29
115 1829 44 1186
160 1829 44 30
205 1829 192 30
398 1829 237 30
636 1829 192 30
874 1829 44 30
920 1829 191 30
1112 1829 237 30
1350 1829 192 30
1589 1829 44 30
1634 1829 192 30
1827 1829 237 30
2065 1829 191 30
2303 1829 44 30
2348 1829 192 30
2541 1829 237 30
2779 1829 192 30
160 1860 44 29
205 1860 192 29
398 1860 237 29
636 1860 192 29
874 1860 44 29
920 1860 191 29
1112 1860 237 29
1350 1860 192 29
1589 1860 44 29
1634 1860 192 29
1827 1860 237 29
2065 1860 191 29
2303 1860 44 29
2348 1860 192 29
2541 1860 237 29
2779 1860 192 29
160 1890 44 30
205 1890 192 30
398 1890 237 30
636 1890 192 30
874 1890 44 30
920 1890 191 30
1112 1890 237 30
1350 1890 192 30
1589 1890 44 30
1634 1890 192 30
1827 1890 237 30
2065 1890 191 30
2303 1890 44 30
2348 1890 192 30
2541 1890 237 30
2779 1890 192 30
160 1921 44 29
205 1921 192 29
398 1921 237 29
636 1921 192 29
874 1921 44 29
920 1921 191 29
1112 1921 237 29
1350 1921 192 29
1589 1921 44 29
1634 1921 192 29
1827 1921 237 29
2065 1921 191 29
2303 1921 44 29
2348 1921 192 29
2541 1921 237 29
2779 1921 192 29
160 1951 44 30
205 1951 192 30
398 1951 237 30
636 1951 192 30
874 1951 44 30
920 1951 191 30
1112 1951 237 30
1350 1951 192 30
1589 1951 44 30
1634 1951 192 30
1827 1951 237 30
2065 1951 191 30
2303 1951 44 30
2348 1951 192 30
2541 1951 237 30
2779 1951 192 30
160 1982 44 29
205 1982 192 29
398 1982 237 29
636 1982 192 29
874 1982 44 29
920 1982 191 29
1112 1982 237 29
1350 1982 192 29
1589 1982 44 29
1634 1982 192 29
1827 1982 237 29
2065 1982 191 29
2303 1982 44 29
2348 1982 192 29
2541 1982 237 29
2779 1982 192 29
160 2012 44 29
205 2012 192 29
398 2012 237 29
636 2012 192 29
874 2012 44 29
920 2012 191 29
1112 2012 237 29
1350 2012 192 29
1589 2012 44 29
1634 2012 192 29
1827 2012 237 29
2065 2012 191 29
2303 2012 44 29
2348 2012 192 29
2541 2012 237 29
2779 2012 192 29
160 2043 44 29
205 2043 192 29
398 2043 237 29
636 2043 192 29
829 2043 44 516
874 2043 44 29
920 2043 191 29
1112 2043 237 29
1350 2043 192 29
1589 2043 44 29
1634 2043 192 29
1827 2043 237 29
2065 2043 191 29
2258 2043 44 455
2303 2043 44 29
2348 2043 192 29
2541 2043 237 29
2779 2043 192 29
160 2073 44 29
205 2073 192 29
398 2073 237 29
636 2073 192 29
874 2073 44 29
920 2073 191 29
1112 2073 237 29
1350 2073 192 29
1589 2073 44 29
1634 2073 192 29
1827 2073 237 29
2065 2073 191 29
2303 2073 44 29
2348 2073 192 29
2541 2073 237 29
2779 2073 192 29
160 2103 44 30
205 2103 192 30
398 2103 237 30
636 2103 192 30
874 2103 44 30
920 2103 191 30
1112 2103 237 30
1350 2103 192 30
1543 2103 44 943
1589 2103 44 30
1634 2103 192 30
1827 2103 237 30
2065 2103 191 30
2303 2103 44 30
2348 2103 192 30
2541 2103 237 30
2779 2103 192 30
160 2134 44 29
205 2134 192 29
398 2134 237 29
636 2134 192 29
874 2134 44 29
920 2134 191 29
1112 2134 237 29
1350 2134 192 29
1589 2134 44 29
1634 2134 192 29
1827 2134 237 29
2065 2134 191 29
2303 2134 44 29
2348 2134 192 29
2541 2134 237 29
2779 2134 192 29
160 2164 44 30
205 2164 192 30
398 2164 237 30
636 2164 192 30
874 2164 44 30
920 2164 191 30
1112 2164 237 30
1350 2164 192 30
1589 2164 44 30
1634 2164 192 30
1827 2164 237 30
2065 2164 191 30
2303 2164 44 30
2348 2164 192 30
2541 2164 237 30
2779 2164 192 30
160 2195 44 29
205 2195 192 29
398 2195 237 29
636 2195 192 29
874 2195 44 29
920 2195 191 29
1112 2195 237 29
1350 2195 192 29
1589 2195 44 29
1634 2195 192 29
1827 2195 237 29
2065 2195 191 29
2303 2195 44 29
2348 2195 192 29
2541 2195 237 29
2779 2195 192 29
160 2225 44 29
205 2225 192 29
398 2225 237 29
636 2225 192 29
874 2225 44 29
920 2225 191 29
1112 2225 237 29
1350 2225 192 29
1589 2225 44 29
1634 2225 192 29
1827 2225 237 29
2065 2225 191 29
2303 2225 44 29
2348 2225 192 29
2541 2225 237 29
2779 2225 192 29
160 2256 44 29
205 2256 192 29
398 2256 237 29
636 2256 192 29
874 2256 44 29
920 2256 191 29
1112 2256 237 29
1350 2256 192 29
1589 2256 44 29
1634 2256 192 29
1827 2256 237 29
2065 2256 191 29
2303 2256 44 29
2348 2256 192 29
2541 2256 237 29
2779 2256 192 29
160 2286 44 29
205 2286 192 29
398 2286 237 29
636 2286 192 29
874 2286 44 29
920 2286 191 29
1112 2286 237 29
1350 2286 192 29
1589 2286 44 29
1634 2286 192 29
1827 2286 237 29
2065 2286 191 29
2303 2286 44 29
2348 2286 192 29
2541 2286 237 29
2779 2286 192 29
160 2316 44 30
205 2316 192 30
398 2316 237 30
636 2316 192 30
874 2316 44 30
920 2316 191 30
1112 2316 237 30
1350 2316 192 30
1589 2316 44 30
1634 2316 192 30
1827 2316 237 30
2065 2316 191 30
2303 2316 44 30
2348 2316 192 30
2541 2316 237 30
2779 2316 192 30
160 2347 44 29
205 2347 192 29
398 2347 237 29
636 2347 192 29
874 2347 44 29
920 2347 191 29
1112 2347 237 29
1350 2347 192 29
1589 2347 44 29
1634 2347 192 29
1827 2347 237 29
2065 2347 191 29
2303 2347 44 29
2348 2347 192 29
2541 2347 237 29
2779 2347 192 29
160 2377 44 30
205 2377 192 30
398 2377 237 30
636 2377 192 30
874 2377 44 30
920 2377 191 30
1112 2377 237 30
1350 2377 192 30
1589 2377 44 30
1634 2377 192 30
1827 2377 237 30
2065 2377 191 30
2303 2377 44 30
2348 2377 192 30
2541 2377 237 30
2779 2377 192 30
160 2408 44 29
205 2408 192 29
398 2408 237 29
636 2408 192 29
874 2408 44 29
920 2408 191 29
1112 2408 237 29
1350 2408 192 29
1589 2408 44 29
1634 2408 192 29
1827 2408 237 29
2065 2408 191 29
2303 2408 44 29
2348 2408 192 29
2541 2408 237 29
2779 2408 192 29
160 2438 44 30
205 2438 192 30
398 2438 237 30
636 2438 192 30
874 2438 44 30
920 2438 191 30
1112 2438 237 30
1350 2438 192 30
1589 2438 44 30
1634 2438 192 30
1827 2438 237 30
2065 2438 191 30
2303 2438 44 30
2348 2438 192 30
2541 2438 237 30
2779 2438 192 30
160 2469 44 29
205 2469 192 29
398 2469 237 29
636 2469 192 29
874 2469 44 29
920 2469 191 29
1112 2469 237 29
1350 2469 192 29
1589 2469 44 29
1634 2469 192 29
1827 2469 237 29
2065 2469 191 29
2303 2469 44 29
2348 2469 192 29
2541 2469 237 29
2779 2469 192 29
160 2499 44 29
205 2499 192 29
398 2499 237 29
636 2499 192 29
874 2499 44 29
920 2499 191 29
1112 2499 237 29
1350 2499 192 29
1589 2499 44 29
1634 2499 192 29
1827 2499 237 29
2065 2499 191 29
2258 2499 44 273
2303 2499 44 29
2348 2499 192 29
2541 2499 237 29
2779 2499 192 29
160 2530 44 29
205 2530 192 29
398 2530 237 29
636 2530 192 29
874 2530 44 29
920 2530 191 29
1112 2530 237 29
1350 2530 192 29
1589 2530 44 29
1634 2530 192 29
1827 2530 237 29
2065 2530 191 29
2303 2530 44 29
2348 2530 192 29
2541 2530 237 29
2779 2530 192 29
160 2560 44 29
205 2560 192 29
398 2560 237 29
636 2560 192 29
829 2560 44 668
874 2560 44 29
920 2560 191 29
1112 2560 237 29
1350 2560 192 29
1589 2560 44 29
1634 2560 192 29
1827 2560 237 29
2065 2560 191 29
2303 2560 44 29
2348 2560 192 29
2541 2560 237 29
2779 2560 192 29
160 2590 44 30
205 2590 192 30
398 2590 237 30
636 2590 192 30
874 2590 44 30
920 2590 191 30
1112 2590 237 30
1350 2590 192 30
1589 2590 44 30
1634 2590 192 30
1827 2590 237 30
2065 2590 191 30
2303 2590 44 30
2348 2590 192 30
2541 2590 237 30
2779 2590 192 30
160 2621 44 29
205 2621 192 29
398 2621 237 29
636 2621 192 29
874 2621 44 29
920 2621 191 29
1112 2621 237 29
1350 2621 192 29
1589 2621 44 29
1634 2621 192 29
1827 2621 237 29
2065 2621 191 29
2303 2621 44 29
2348 2621 192 29
2541 2621 237 29
2779 2621 192 29
160 2651 44 30
205 2651 192 30
398 2651 237 30
636 2651 192 30
874 2651 44 30
920 2651 191 30
1112 2651 237 30
1350 2651 192 30
1589 2651 44 30
1634 2651 192 30
1827 2651 237 30
2065 2651 191 30
2303 2651 44 30
2348 2651 192 30
2541 2651 237 30
2779 2651 192 30
160 2682 44 29
205 2682 192 29
398 2682 237 29
636 2682 192 29
874 2682 44 29
920 2682 191 29
1112 2682 237 29
1350 2682 192 29
1589 2682 44 29
1634 2682 192 29
1827 2682 237 29
2065 2682 191 29
2303 2682 44 29
2348 2682 192 29
2541 2682 237 29
2779 2682 192 29
160 2712 44 29
205 2712 192 29
398 2712 237 29
636 2712 192 29
874 2712 44 29
920 2712 191 29
1112 2712 237 29
1350 2712 192 29
1589 2712 44 29
1634 2712 192 29
1827 2712 237 29
2065 2712 191 29
2303 2712 44 29
2348 2712 192 29
2541 2712 237 29
2779 2712 192 29
160 2743 44 29
205 2743 192 29
398 2743 237 29
636 2743 192 29
874 2743 44 29
920 2743 191 29
1112 2743 237 29
1350 2743 192 29
1589 2743 44 29
1634 2743 192 29
1827 2743 237 29
2065 2743 191 29
2303 2743 44 29
2348 2743 192 29
2541 2743 237 29
2779 2743 192 29
160 2773 44 29
205 2773 192 29
398 2773 237 29
636 2773 192 29
874 2773 44 29
920 2773 191 29
1112 2773 237 29
1350 2773 192 29
1589 2773 44 29
1634 2773 192 29
1827 2773 237 29
2065 2773 191 29
2258 2773 44 395
2303 2773 44 29
2348 2773 192 29
2541 2773 237 29
2779 2773 192 29
160 2803 44 30
205 2803 192 30
398 2803 237 30
636 2803 192 30
874 2803 44 30
920 2803 191 30
1112 2803 237 30
1350 2803 192 30
1589 2803 44 30
1634 2803 192 30
1827 2803 237 30
2065 2803 191 30
2303 2803 44 30
2348 2803 192 30
2541 2803 237 30
2779 2803 192 30
160 2834 44 29
205 2834 192 29
398 2834 237 29
636 2834 192 29
874 2834 44 29
920 2834 191 29
1112 2834 237 29
1350 2834 192 29
1589 2834 44 29
1634 2834 192 29
1827 2834 237 29
2065 2834 191 29
2303 2834 44 29
2348 2834 192 29
2541 2834 237 29
2779 2834 192 29
160 2864 44 30
205 2864 192 30
398 2864 237 30
636 2864 192 30
874 2864 44 30
920 2864 191 30
1112 2864 237 30
1350 2864 192 30
1589 2864 44 30
1634 2864 192 30
1827 2864 237 30
2065 2864 191 30
2303 2864 44 30
2348 2864 192 30
2541 2864 237 30
2779 2864 192 30
160 2895 44 29
205 2895 192 29
398 2895 237 29
636 2895 192 29
874 2895 44 29
920 2895 191 29
1112 2895 237 29
1350 2895 192 29
1589 2895 44 29
1634 2895 192 29
1827 2895 237 29
2065 2895 191 29
2303 2895 44 29
2348 2895 192 29
2541 2895 237 29
2779 2895 192 29
160 2925 44 30
205 2925 192 30
398 2925 237 30
636 2925 192 30
874 2925 44 30
920 2925 191 30
1112 2925 237 30
1350 2925 192 30
1589 2925 44 30
1634 2925 192 30
1827 2925 237 30
2065 2925 191 30
2303 2925 44 30
2348 2925 192 30
2541 2925 237 30
2779 2925 192 30
160 2956 44 29
205 2956 192 29
398 2956 237 29
636 2956 192 29
874 2956 44 29
920 2956 191 29
1112 2956 237 29
1350 2956 192 29
1589 2956 44 29
1634 2956 192 29
1827 2956 237 29
2065 2956 191 29
2303 2956 44 29
2348 2956 192 29
2541 2956 237 29
2779 2956 192 29
160 2986 44 29
205 2986 192 29
398 2986 237 29
636 2986 192 29
874 2986 44 29
920 2986 191 29
1112 2986 237 29
1350 2986 192 29
1589 2986 44 29
1634 2986 192 29
1827 2986 237 29
2065 2986 191 29
2303 2986 44 29
2348 2986 192 29
2541 2986 237 29
2779 2986 192 29
115 3017 44 1246
160 3017 44 29
205 3017 192 29
398 3017 237 29
636 3017 192 29
874 3017 44 29
920 3017 191 29
1112 3017 237 29
1350 3017 192 29
1589 3017 44 29
1634 3017 192 29
1827 3017 237 29
2065 3017 191 29
2303 3017 44 29
2348 3017 192 29
2541 3017 237 29
2779 3017 192 29
160 3047 44 29
205 3047 192 29
398 3047 237 29
636 3047 192 29
874 3047 44 29
920 3047 191 29
1112 3047 237 29
1350 3047 192 29
1543 3047 44 790
1589 3047 44 29
1634 3047 192 29
1827 3047 237 29
2065 3047 191 29
2303 3047 44 29
2348 3047 192 29
2541 3047 237 29
2779 3047 192 29
160 3077 44 30
205 3077 192 30
398 3077 237 30
636 3077 192 30
874 3077 44 30
920 3077 191 30
1112 3077 237 30
1350 3077 192 30
1589 3077 44 30
1634 3077 192 30
1827 3077 237 30
2065 3077 191 30
2303 3077 44 30
2348 3077 192 30
2541 3077 237 30
2779 3077 192 30
160 3108 44 29
205 3108 192 29
398 3108 237 29
636 3108 192 29
874 3108 44 29
920 3108 191 29
1112 3108 237 29
1350 3108 192 29
1589 3108 44 29
1634 3108 192 29
1827 3108 237 29
2065 3108 191 29
2303 3108 44 29
2348 3108 192 29
2541 3108 237 29
2779 3108 192 29
160 3138 44 30
205 3138 192 30
398 3138 237 30
636 3138 192 30
874 3138 44 30
920 3138 191 30
1112 3138 237 30
1350 3138 192 30
1589 3138 44 30
1634 3138 192 30
1827 3138 237 30
2065 3138 191 30
2303 3138 44 30
2348 3138 192 30
2541 3138 237 30
2779 3138 192 30
160 3169 44 29
205 3169 192 29
398 3169 237 29
636 3169 192 29
874 3169 44 29
920 3169 191 29
1112 3169 237 29
1350 3169 192 29
1589 3169 44 29
1634 3169 192 29
1827 3169 237 29
2065 3169 191 29
160 3199 44 29
205 3199 192 29
398 3199 237 29
636 3199 192 29
874 3199 44 29
920 3199 191 29
1112 3199 237 29
1350 3199 192 29
1589 3199 44 29
1634 3199 192 29
1827 3199 237 29
2065 3199 191 29
160 3230 44 29
205 3230 192 29
398 3230 237 29
636 3230 192 29
829 3230 44 1033
874 3230 44 29
920 3230 191 29
1112 3230 237 29
1350 3230 192 29
1589 3230 44 29
1634 3230 192 29
1827 3230 237 29
2065 3230 191 29
160 3260 44 29
205 3260 192 29
398 3260 237 29
636 3260 192 29
874 3260 44 29
920 3260 191 29
1112 3260 237 29
1350 3260 192 29
1589 3260 44 29
1634 3260 192 29
1827 3260 237 29
2065 3260 191 29
160 3290 44 30
205 3290 192 30
398 3290 237 30
636 3290 192 30
874 3290 44 30
920 3290 191 30
1112 3290 237 30
1350 3290 192 30
1589 3290 44 30
1634 3290 192 30
1827 3290 237 30
2065 3290 191 30
160 3321 44 29
205 3321 192 29
398 3321 237 29
636 3321 192 29
874 3321 44 29
920 3321 191 29
1112 3321 237 29
1350 3321 192 29
1589 3321 44 29
1634 3321 192 29
1827 3321 237 29
2065 3321 191 29
2758 3335 54 48
160 3351 44 30
205 3351 192 30
398 3351 237 30
636 3351 192 30
874 3351 44 30
920 3351 191 30
1112 3351 237 30
1350 3351 192 30
1589 3351 44 30
1634 3351 192 30
1827 3351 237 30
2065 3351 191 30
2530 3367 25 22
2647 3368 23 21
160 3382 44 29
205 3382 192 29
398 3382 237 29
636 3382 192 29
874 3382 44 29
920 3382 191 29
1112 3382 237 29
1350 3382 192 29
1589 3382 44 29
1634 3382 192 29
1827 3382 237 29
2065 3382 191 29
2753 3390 60 70
160 3412 44 30
205 3412 192 30
398 3412 237 30
636 3412 192 30
874 3412 44 30
920 3412 191 30
1112 3412 237 30
1350 3412 192 30
1589 3412 44 30
1634 3412 192 30
1827 3412 237 30
2065 3412 191 30
2532 3438 59 30
160 3443 44 29
205 3443 192 29
398 3443 237 29
636 3443 192 29
874 3443 44 29
920 3443 191 29
1112 3443 237 29
1350 3443 192 29
1589 3443 44 29
1634 3443 192 29
1827 3443 237 29
2065 3443 191 29
160 3473 44 29
205 3473 192 29
398 3473 237 29
636 3473 192 29
874 3473 44 29
920 3473 191 29
1112 3473 237 29
1350 3473 192 29
1589 3473 44 29
1634 3473 192 29
1827 3473 237 29
2065 3473 191 29
160 3504 44 29
205 3504 192 29
398 3504 237 29
636 3504 192 29
874 3504 44 29
920 3504 191 29
1112 3504 237 29
1350 3504 192 29
1589 3504 44 29
1634 3504 192 29
1827 3504 237 29
2065 3504 191 29
2396 3522 72 177
160 3534 44 29
205 3534 192 29
398 3534 237 29
636 3534 192 29
874 3534 44 29
920 3534 191 29
1112 3534 237 29
1350 3534 192 29
1589 3534 44 29
1634 3534 192 29
1827 3534 237 29
2065 3534 191 29
2767 3545 38 32
2740 3549 26 28
160 3564 44 30
205 3564 192 30
398 3564 237 30
636 3564 192 30
874 3564 44 30
920 3564 191 30
1112 3564 237 30
1350 3564 192 30
1589 3564 44 30
1634 3564 192 30
1827 3564 237 30
2065 3564 191 30
2625 3564 34 53
160 3595 44 29
205 3595 192 29
398 3595 237 29
636 3595 192 29
874 3595 44 29
920 3595 191 29
1112 3595 237 29
1350 3595 192 29
1589 3595 44 29
1634 3595 192 29
1827 3595 237 29
2065 3595 191 29
160 3625 44 30
205 3625 192 30
398 3625 237 30
636 3625 192 30
874 3625 44 30
920 3625 191 30
1112 3625 237 30
1350 3625 192 30
1589 3625 44 30
1634 3625 192 30
1827 3625 237 30
2065 3625 191 30
160 3656 44 29
205 3656 192 29
398 3656 237 29
636 3656 192 29
874 3656 44 29
920 3656 191 29
1112 3656 237 29
1350 3656 192 29
1589 3656 44 29
1634 3656 192 29
1827 3656 237 29
2065 3656 191 29
160 3686 44 29
205 3686 192 29
398 3686 237 29
636 3686 192 29
874 3686 44 29
920 3686 191 29
1112 3686 237 29
1350 3686 192 29
1589 3686 44 29
1634 3686 192 29
1827 3686 237 29
2065 3686 191 29
2767 3701 38 32
2740 3705 26 28
160 3717 44 29
205 3717 192 29
398 3717 237 29
636 3717 192 29
874 3717 44 29
920 3717 191 29
1112 3717 237 29
1350 3717 192 29
1589 3717 44 29
1634 3717 192 29
1827 3717 237 29
2065 3717 191 29
160 3747 44 29
205 3747 192 29
398 3747 237 29
636 3747 192 29
874 3747 44 29
920 3747 191 29
1112 3747 237 29
1350 3747 192 29
1589 3747 44 29
1634 3747 192 29
1827 3747 237 29
2065 3747 191 29
160 3777 44 30
205 3777 192 30
398 3777 237 30
636 3777 192 30
874 3777 44 30
920 3777 191 30
1112 3777 237 30
1350 3777 192 30
1589 3777 44 30
1634 3777 192 30
1827 3777 237 30
2065 3777 191 30
160 3808 44 29
205 3808 192 29
398 3808 237 29
636 3808 192 29
874 3808 44 29
920 3808 191 29
1112 3808 237 29
1350 3808 192 29
1589 3808 44 29
1634 3808 192 29
1827 3808 237 29
2065 3808 191 29
160 3838 44 30
205 3838 192 30
398 3838 237 30
636 3838 192 30
874 3838 44 30
920 3838 191 30
1112 3838 237 30
1350 3838 192 30
1543 3838 44 425
1589 3838 44 30
1634 3838 192 30
1827 3838 237 30
2065 3838 191 30
2540 3857 38 38
2514 3862 25 32
160 3869 44 29
205 3869 192 29
398 3869 237 29
636 3869 192 29
874 3869 44 29
920 3869 191 29
1112 3869 237 29
1350 3869 192 29
1589 3869 44 29
1634 3869 192 29
1827 3869 237 29
2065 3869 191 29
160 3899 44 30
205 3899 192 29
398 3899 237 30
636 3899 192 30
874 3899 44 30
920 3899 191 30
1112 3899 237 30
1350 3899 192 30
1589 3899 44 30
1634 3899 192 30
1827 3899 237 30
2065 3899 191 30
160 3930 44 29
205 3930 192 29
398 3930 237 29
636 3930 192 29
874 3930 44 29
920 3930 191 29
1112 3930 237 29
1350 3930 192 29
1589 3930 44 29
1634 3930 192 29
1827 3930 237 29
2065 3930 191 29
160 3960 44 29
205 3960 192 29
398 3960 237 29
636 3960 192 29
874 3960 44 29
920 3960 191 29
1112 3960 237 29
1350 3960 192 29
1589 3960 44 29
1634 3960 192 29
1827 3960 237 29
2065 3960 191 29
160 3991 44 29
205 3991 192 29
398 3991 237 29
636 3991 192 29
874 3991 44 29
920 3991 191 29
1112 3991 237 29
1350 3991 192 29
1589 3991 44 29
1634 3991 192 29
1827 3991 237 29
2065 3991 191 29
160 4021 44 29
205 4021 192 29
398 4021 237 29
636 4021 192 29
874 4021 44 29
920 4021 191 29
1112 4021 237 29
1350 4021 192 29
1589 4021 44 29
1634 4021 192 29
1827 4021 237 29
2065 4021 191 29
2468 4040 22 27
160 4051 44 30
205 4051 192 30
398 4051 237 30
636 4051 192 30
874 4051 44 30
920 4051 191 30
1112 4051 237 30
1350 4051 192 30
1589 4051 44 30
1634 4051 192 30
1827 4051 237 30
2065 4051 191 30
160 4082 44 29
205 4082 192 29
398 4082 237 29
636 4082 192 29
874 4082 44 29
920 4082 191 29
1112 4082 237 29
1350 4082 192 29
1589 4082 44 29
1634 4082 192 29
1827 4082 237 29
2065 4082 191 29
160 4112 44 30
205 4112 192 30
398 4112 237 30
636 4112 192 30
874 4112 44 30
920 4112 191 30
1112 4112 237 30
1350 4112 192 30
1589 4112 44 30
1634 4112 192 30
1827 4112 237 30
2065 4112 191 30
160 4143 44 29
205 4143 192 29
398 4143 237 29
636 4143 192 29
874 4143 44 29
920 4143 191 29
1112 4143 237 29
1350 4143 192 29
1589 4143 44 29
1634 4143 192 29
1827 4143 237 29
2065 4143 191 29
160 4173 44 29
205 4173 192 29
398 4173 237 29
636 4173 192 29
874 4173 44 29
920 4173 191 29
1112 4173 237 29
1350 4173 192 29
1589 4173 44 29
1634 4173 192 29
1827 4173 237 29
2065 4173 191 29
160 4204 44 29
205 4204 192 29
398 4204 237 29
636 4204 192 29
874 4204 44 29
920 4204 191 29
1112 4204 237 29
1350 4204 192 29
1589 4204 44 29
1634 4204 192 29
1827 4204 237 29
2065 4204 191 29
160 4234 44 29
205 4234 192 29
398 4234 237 29
636 4234 192 29
874 4234 44 29
920 4234 191 29
1112 4234 237 29
1350 4234 192 29
1589 4234 44 29
1634 4234 192 29
1827 4234 237 29
2065 4234 191 29
