203 203 2713 338
203 543 2713 264
203 810 2713 99
203 912 83 88
288 912 253 88
543 912 225 88
770 912 225 88
997 912 83 88
1082 912 139 88
1224 912 139 88
1365 912 395 88
1762 912 1154 88
203 1002 83 282
288 1002 253 282
543 1002 225 282
770 1002 225 282
997 1002 83 282
1082 1002 139 282
1224 1002 139 282
1365 1002 395 282
1762 1002 1154 282
203 1286 83 281
288 1286 253 281
543 1286 225 281
770 1286 225 281
997 1286 83 281
1082 1286 139 281
1224 1286 139 281
1365 1286 395 281
1762 1286 1154 281
203 1569 83 282
288 1569 253 282
543 1569 225 282
770 1569 225 282
997 1569 83 282
1082 1569 139 282
1224 1569 139 282
1365 1569 395 282
1762 1569 1154 282
203 1853 83 281
288 1853 253 281
543 1853 225 281
770 1853 225 281
997 1853 83 281
1082 1853 139 281
1224 1853 139 281
1365 1853 395 281
1762 1853 1154 281
203 2136 2713 100
203 2238 55 89
260 2238 54 89
317 2238 207 89
526 2238 83 89
611 2238 49 89
662 2238 49 89
713 2238 49 89
764 2238 49 89
815 2238 287 89
1105 2238 482 89
1589 2238 55 89
1646 2238 207 89
1856 2238 82 89
1941 2238 49 89
1992 2238 49 89
2043 2238 49 89
2094 2238 49 89
2145 2238 287 89
2434 2238 482 89
203 2329 55 863
260 2329 54 215
317 2329 207 215
526 2329 83 215
611 2329 49 215
662 2329 49 215
713 2329 49 215
764 2329 49 215
815 2329 287 215
1105 2329 482 215
1589 2329 55 215
1646 2329 207 215
1856 2329 82 215
1941 2329 49 215
1992 2329 49 215
2043 2329 49 215
2094 2329 49 215
2145 2329 287 215
2434 2329 482 215
260 2546 54 214
317 2546 207 214
526 2546 83 214
611 2546 49 214
662 2546 49 214
713 2546 49 214
764 2546 49 214
815 2546 287 214
1105 2546 482 214
1589 2546 55 214
1856 2546 82 214
1941 2546 49 214
1992 2546 49 214
2043 2546 49 214
2094 2546 49 214
2145 2546 287 214
2434 2546 482 214
1830 2707 23 53
1646 2712 27 21
1646 2733 28 27
260 2763 54 214
526 2763 83 214
611 2763 49 214
662 2763 49 214
713 2763 49 214
764 2763 49 214
815 2763 287 214
1105 2763 482 214
1589 2763 55 214
1646 2763 207 214
1856 2763 82 214
1941 2763 49 214
1992 2763 49 214
2043 2763 49 214
2094 2763 49 214
2145 2763 287 214
2434 2763 482 214
317 2907 21 70
260 2979 54 213
526 2979 83 213
611 2979 49 213
662 2979 49 213
713 2979 49 213
764 2979 49 213
815 2979 287 213
1105 2979 482 213
1589 2979 55 213
1856 2979 82 213
1941 2979 49 213
1992 2979 49 213
2043 2979 49 213
2094 2979 49 213
2145 2979 287 213
2434 2979 482 213
473 3135 51 28
1818 3135 35 22
317 3137 49 23
1832 3167 21 25
203 3198 55 644
260 3198 54 212
526 3198 83 212
611 3198 49 212
662 3198 49 212
713 3198 49 212
764 3198 49 212
815 3198 287 212
1105 3198 482 212
1589 3198 55 212
1856 3198 82 212
1941 3198 49 212
1992 3198 49 212
2043 3198 49 212
2094 3198 49 212
2145 3198 287 212
2434 3198 482 212
260 3413 54 214
526 3413 83 214
611 3413 49 214
662 3413 49 214
713 3413 49 214
764 3413 49 214
815 3413 287 214
1105 3413 482 214
1589 3413 55 214
1856 3413 82 214
1941 3413 49 214
1992 3413 49 214
2043 3413 49 214
2094 3413 49 214
2145 3413 287 214
2434 3413 482 214
499 3568 25 59
317 3574 27 53
260 3629 54 213
317 3629 207 213
526 3629 83 213
611 3629 49 213
662 3629 49 213
713 3629 49 213
764 3629 49 213
815 3629 287 213
1105 3629 482 213
1589 3629 55 213
1646 3629 207 193
1856 3629 82 213
1941 3629 49 213
1992 3629 49 213
2043 3629 49 213
2094 3629 49 213
2145 3629 287 213
2434 3629 482 213
203 3848 55 429
260 3848 54 212
526 3848 83 212
611 3848 49 212
662 3848 49 212
713 3848 49 212
764 3848 49 212
815 3848 287 212
1105 3848 482 212
1589 3848 55 212
1856 3848 82 212
1941 3848 49 212
1992 3848 49 212
2043 3848 49 212
2094 3848 49 212
2145 3848 287 212
2434 3848 482 212
472 3895 52 23
1646 4008 23 52
499 4022 25 38
260 4063 54 214
526 4063 83 214
611 4063 49 214
662 4063 49 214
713 4063 49 214
764 4063 49 214
815 4063 287 214
1105 4063 482 214
1589 4063 55 214
1856 4063 82 214
1941 4063 49 214
1992 4063 49 214
2043 4063 49 214
2094 4063 49 214
2145 4063 287 214
2434 4063 482 214
1830 4162 23 32
1646 4165 28 24
