21 739 1559 121
21 862 59 121
82 862 139 121
223 862 138 121
363 862 94 121
459 862 37 121
498 862 82 121
582 862 83 121
667 862 194 121
863 862 195 121
1060 862 520 121
21 985 59 373
82 985 139 101
223 985 138 373
363 985 94 373
459 985 37 373
498 985 82 373
582 985 83 373
667 985 194 373
863 985 195 373
1060 985 520 373
82 1267 139 91
21 1361 59 372
82 1361 139 103
223 1361 138 372
363 1361 94 372
459 1361 37 372
498 1361 82 372
582 1361 83 372
667 1361 194 372
863 1361 195 372
1060 1361 520 372
82 1639 139 94
21 1735 59 373
82 1735 139 101
223 1735 138 373
363 1735 94 373
459 1735 37 373
498 1735 82 373
582 1735 83 373
667 1735 194 373
863 1735 195 373
1060 1735 520 357
193 1869 28 22
82 2016 139 92
1605 739 1560 121
1605 862 60 120
1667 862 138 120
1807 862 139 120
1948 862 93 120
2043 862 38 120
2083 862 82 120
2167 862 82 120
2251 862 195 120
2448 862 194 120
2645 862 520 120
1605 985 60 388
1667 985 138 107
1807 985 139 388
1948 985 93 388
2043 985 38 388
2083 985 82 388
2167 985 82 388
2251 985 195 388
2448 985 194 388
2645 985 520 388
1667 1274 138 99
1605 1375 60 388
1667 1375 138 107
1807 1375 139 388
1948 1375 93 388
2043 1375 38 388
2083 1375 82 388
2167 1375 82 388
2251 1375 195 388
2448 1375 194 388
2645 1375 520 388
1667 1665 138 98
1605 1766 1560 131
1605 1900 60 121
1667 1900 138 121
1807 1900 139 121
1948 1900 93 121
2043 1900 38 121
2083 1900 82 121
2167 1900 82 121
2251 1900 195 121
2448 1900 194 121
2645 1900 520 121
1605 2023 60 388
1667 2023 138 106
1807 2023 139 388
1948 2023 93 388
2043 2023 38 388
2083 2023 82 388
2167 2023 82 388
2251 2023 195 388
2448 2023 194 388
2645 2023 520 388
1667 2167 24 21
1667 2313 138 98
1605 2414 60 388
1667 2414 138 115
1807 2414 139 388
1948 2414 93 388
2043 2414 38 388
2083 2414 82 388
2167 2414 82 388
2251 2414 195 388
2448 2414 194 388
2645 2414 520 388
1667 2701 138 101
1605 2804 60 388
1667 2804 138 101
1807 2804 139 388
1948 2804 93 388
2043 2804 38 388
2083 2804 82 388
2167 2804 82 388
2251 2804 195 388
2448 2804 194 74
2645 2804 520 388
2448 2901 194 53
2448 2971 194 123
1667 3094 138 98
2448 3117 194 75
1605 3194 60 388
1667 3194 138 105
1807 3194 139 388
1948 3194 93 388
2043 3194 38 388
2083 3194 82 388
2167 3194 82 388
2251 3194 195 388
2448 3194 194 388
2645 3194 520 388
1667 3484 138 98
1605 3584 1560 133
1605 3719 60 121
1667 3719 138 121
1807 3719 139 121
1948 3719 93 121
2043 3719 38 121
2083 3719 82 121
2167 3719 82 121
2251 3719 195 121
2448 3719 194 121
2645 3719 520 121
1605 3842 60 388
1667 3842 138 106
1807 3842 139 388
1948 3842 93 388
2043 3842 38 388
2083 3842 82 388
2167 3842 82 388
2251 3842 195 388
2448 3842 194 388
2645 3842 520 388
1667 4131 138 99
1605 4232 60 388
1667 4232 138 388
1807 4232 139 388
1948 4232 93 388
2043 4232 38 388
2083 4232 82 388
2167 4232 82 388
2251 4232 195 388
2448 4232 194 388
2645 4232 520 388
21 2248 1559 120
21 2371 59 121
82 2371 139 121
223 2371 138 121
363 2371 94 121
459 2371 37 121
498 2371 82 121
582 2371 83 121
667 2371 194 121
863 2371 195 121
1060 2371 520 121
21 2494 59 373
82 2494 139 373
223 2494 138 373
363 2494 94 373
459 2494 37 373
498 2494 82 373
582 2494 83 373
667 2494 194 373
863 2494 195 373
1060 2494 520 373
21 2869 59 373
82 2869 139 373
223 2869 138 373
363 2869 94 373
459 2869 37 373
498 2869 82 373
582 2869 83 373
667 2869 194 373
863 2869 195 373
1060 2869 520 373
21 3244 59 373
82 3244 139 107
223 3244 138 373
363 3244 94 373
459 3244 37 373
498 3244 82 373
582 3244 83 373
667 3244 194 373
863 3244 195 373
1060 3244 520 373
82 3526 139 91
21 3619 59 373
82 3619 139 108
223 3619 138 373
363 3619 94 373
459 3619 37 373
498 3619 82 373
582 3619 83 373
667 3619 194 373
863 3619 195 373
1060 3619 520 373
82 3901 139 91
21 3995 1559 127
21 4124 59 121
82 4124 139 121
223 4124 138 121
363 4124 94 121
459 4124 37 121
498 4124 82 121
582 4124 83 121
667 4124 194 121
863 4124 195 121
1060 4124 520 121
21 4247 59 373
82 4247 139 98
223 4247 138 373
363 4247 94 373
459 4247 37 373
498 4247 82 373
582 4247 83 373
667 4247 194 373
863 4247 195 373
1060 4247 520 373
82 4529 139 91
