170 800 151 137
323 800 89 137
414 800 202 137
618 800 208 137
828 800 225 137
1055 800 111 137
1168 800 112 137
1282 800 156 137
1440 800 293 137
1735 800 293 137
2030 800 1037 137
170 942 151 1144
323 942 89 571
414 942 202 571
618 942 208 571
828 942 225 571
1055 942 111 571
1168 942 112 571
1282 942 156 571
1440 942 293 571
1735 942 293 571
2030 942 1037 571
323 1515 89 571
414 1515 202 571
618 1515 208 571
828 1515 225 571
1055 1515 111 571
1168 1515 112 571
1282 1515 156 571
1440 1515 293 571
1735 1515 293 571
2030 1515 1037 571
170 2090 151 1718
323 2090 89 571
414 2090 202 571
618 2090 208 571
828 2090 225 571
1055 2090 111 571
1168 2090 112 571
1282 2090 156 571
1440 2090 293 571
1735 2090 293 571
2030 2090 1037 571
323 2663 89 572
414 2663 202 572
618 2663 208 572
828 2663 225 572
1055 2663 111 572
1168 2663 112 572
1282 2663 156 572
1440 2663 293 572
1735 2663 293 572
2030 2663 1037 572
323 3237 89 571
414 3237 202 571
618 3237 208 571
828 3237 225 571
1055 3237 111 571
1168 3237 112 571
1282 3237 156 571
1440 3237 293 571
1735 3237 293 571
2030 3237 1037 571
170 3812 151 570
323 3812 89 570
414 3812 202 570
618 3812 208 570
828 3812 225 570
1055 3812 111 570
1168 3812 112 570
1282 3812 156 570
1440 3812 293 570
1735 3812 293 570
2030 3812 1037 570
