57 1790 30 114
88 1790 58 114
147 1790 141 114
289 1790 149 114
439 1790 50 114
490 1790 106 114
57 1905 30 1374
88 1905 58 113
147 1905 141 113
289 1905 149 113
439 1905 50 113
490 1905 106 113
88 2019 58 114
147 2019 141 114
289 2019 149 114
439 2019 50 114
490 2019 106 114
88 2134 58 114
147 2134 141 114
289 2134 149 114
439 2134 50 114
490 2134 106 114
88 2249 58 113
147 2249 141 113
289 2249 149 113
439 2249 50 113
490 2249 106 113
88 2363 58 114
147 2363 141 114
289 2363 149 114
439 2363 50 114
490 2363 106 114
88 2478 58 114
147 2478 141 114
289 2478 149 114
439 2478 50 114
490 2478 106 114
88 2593 58 113
147 2593 141 113
289 2593 149 113
439 2593 50 113
490 2593 106 113
88 2707 58 114
147 2707 141 114
289 2707 149 114
439 2707 50 114
490 2707 106 114
88 2822 58 114
147 2822 141 114
289 2822 149 114
439 2822 50 114
490 2822 106 114
88 2937 58 113
147 2937 141 113
289 2937 149 113
439 2937 50 113
490 2937 106 113
88 3051 58 114
147 3051 141 114
289 3051 149 114
439 3051 50 114
490 3051 106 114
88 3166 58 113
147 3166 141 113
289 3166 149 113
439 3166 50 113
490 3166 106 113
57 3281 30 113
88 3281 58 113
147 3281 141 113
289 3281 149 113
439 3281 50 113
490 3281 106 113
57 3395 30 687
88 3395 58 114
147 3395 141 114
289 3395 149 114
439 3395 50 114
490 3395 106 114
88 3510 58 114
147 3510 141 114
289 3510 149 114
439 3510 50 114
490 3510 106 114
88 3625 58 113
147 3625 141 113
289 3625 149 113
439 3625 50 113
490 3625 106 113
88 3739 58 114
147 3739 141 114
289 3739 149 114
439 3739 50 114
490 3739 106 114
88 3854 58 114
147 3854 141 114
289 3854 149 114
439 3854 50 114
490 3854 106 114
88 3969 58 113
147 3969 141 113
289 3969 149 113
439 3969 50 113
490 3969 106 113
636 1790 29 114
666 1790 58 114
725 1790 142 114
868 1790 149 114
1018 1790 50 114
1069 1790 105 114
636 1905 29 2177
666 1905 58 113
725 1905 142 113
868 1905 149 113
1018 1905 50 113
1069 1905 105 113
666 2019 58 114
725 2019 142 114
868 2019 149 114
1018 2019 50 114
1069 2019 105 114
666 2134 58 114
725 2134 142 114
868 2134 149 114
1018 2134 50 114
1069 2134 105 114
666 2249 58 113
725 2249 142 113
868 2249 149 113
1018 2249 50 113
1069 2249 105 113
666 2363 58 114
725 2363 142 114
868 2363 149 114
1018 2363 50 114
1069 2363 105 114
666 2478 58 114
725 2478 142 114
868 2478 149 114
1018 2478 50 114
1069 2478 105 114
666 2593 58 113
725 2593 142 113
868 2593 149 113
1018 2593 50 113
1069 2593 105 113
666 2707 58 114
725 2707 142 114
868 2707 149 114
1018 2707 50 114
1069 2707 105 114
666 2822 58 114
725 2822 142 114
868 2822 149 114
1018 2822 50 114
1069 2822 105 114
666 2937 58 113
725 2937 142 113
868 2937 149 113
1018 2937 50 113
1069 2937 105 113
666 3051 58 114
725 3051 142 114
868 3051 149 114
1018 3051 50 114
1069 3051 105 114
666 3166 58 114
725 3166 142 114
868 3166 149 114
1018 3166 50 114
1069 3166 105 114
666 3281 58 113
725 3281 142 113
868 3281 149 113
1018 3281 50 113
1069 3281 105 113
666 3395 58 114
725 3395 142 114
868 3395 149 114
1018 3395 50 114
1069 3395 105 114
666 3510 58 114
725 3510 142 114
868 3510 149 114
1018 3510 50 114
1069 3510 105 114
666 3625 58 113
725 3625 142 113
868 3625 149 113
1018 3625 50 113
1069 3625 105 113
666 3739 58 114
725 3739 142 114
868 3739 149 114
1018 3739 50 114
1069 3739 105 114
666 3854 58 114
725 3854 142 114
868 3854 149 114
1018 3854 50 114
1069 3854 105 114
666 3969 58 113
725 3969 142 113
868 3969 149 113
1018 3969 50 113
1069 3969 105 113
1211 1790 29 114
1241 1790 58 114
1300 1790 142 114
1443 1790 149 114
1593 1790 50 114
1644 1790 105 114
1211 1905 29 2177
1241 1905 58 113
1300 1905 142 113
1443 1905 149 113
1593 1905 50 113
1644 1905 105 113
1241 2019 58 114
1300 2019 142 114
1443 2019 149 114
1593 2019 50 114
1644 2019 105 114
1241 2134 58 114
1300 2134 142 114
1443 2134 149 114
1593 2134 50 114
1644 2134 105 114
1241 2249 58 113
1300 2249 142 113
1443 2249 149 113
1593 2249 50 113
1644 2249 105 113
1241 2363 58 114
1300 2363 142 114
1443 2363 149 114
1593 2363 50 114
1644 2363 105 114
1241 2478 58 114
1300 2478 142 114
1443 2478 149 114
1593 2478 50 114
1644 2478 105 114
1241 2593 58 113
1300 2593 142 113
1443 2593 149 113
1593 2593 50 113
1644 2593 105 113
1241 2707 58 114
1300 2707 142 114
1443 2707 149 114
1593 2707 50 114
1644 2707 105 114
1241 2822 58 114
1300 2822 142 114
1443 2822 149 114
1593 2822 50 114
1644 2822 105 114
1241 2937 58 113
1300 2937 142 113
1443 2937 149 113
1593 2937 50 113
1644 2937 105 113
1241 3051 58 114
1300 3051 142 114
1443 3051 149 114
1593 3051 50 114
1644 3051 105 114
1241 3166 58 114
1300 3166 142 114
1443 3166 149 114
1593 3166 50 114
1644 3166 105 114
1241 3281 58 113
1300 3281 142 113
1443 3281 149 113
1593 3281 50 113
1644 3281 105 113
1241 3395 58 114
1300 3395 142 114
1443 3395 149 114
1593 3395 50 114
1644 3395 105 114
1241 3510 58 114
1300 3510 142 114
1443 3510 149 114
1593 3510 50 114
1644 3510 105 114
1241 3625 58 113
1300 3625 142 113
1443 3625 149 113
1593 3625 50 113
1644 3625 105 113
1241 3739 58 114
1300 3739 142 114
1443 3739 149 114
1593 3739 50 114
1644 3739 105 114
1241 3854 58 114
1300 3854 142 114
1443 3854 149 114
1593 3854 50 114
1644 3854 105 114
1241 3969 58 113
1300 3969 142 113
1443 3969 149 113
1593 3969 50 113
1644 3969 105 113
1789 1790 29 108
1819 1790 58 108
1878 1790 142 108
2021 1790 149 108
2171 1790 50 108
2222 1790 105 108
1789 1899 29 217
1819 1899 58 109
1878 1899 142 109
2021 1899 149 109
2171 1899 50 109
2222 1899 105 109
1819 2009 58 107
1878 2009 142 107
2021 2009 149 107
2171 2009 50 107
2222 2009 105 107
1789 2118 29 108
1819 2118 58 108
1878 2118 142 108
2021 2118 149 108
2171 2118 50 108
2222 2118 105 108
1789 2227 29 1855
1819 2227 58 108
1878 2227 142 108
2021 2227 149 108
2171 2227 50 108
2222 2227 105 108
1819 2336 58 108
1878 2336 142 108
2021 2336 149 108
2171 2336 50 108
2222 2336 105 108
1819 2445 58 109
1878 2445 142 109
2021 2445 149 109
2171 2445 50 109
2222 2445 105 109
1819 2555 58 108
1878 2555 142 108
2021 2555 149 108
2171 2555 50 108
2222 2555 105 108
1819 2664 58 108
1878 2664 142 108
2021 2664 149 108
2171 2664 50 108
2222 2664 105 108
1819 2773 58 108
1878 2773 142 108
2021 2773 149 108
2171 2773 50 108
2222 2773 105 108
1819 2882 58 108
1878 2882 142 108
2021 2882 149 108
2171 2882 50 108
2222 2882 105 108
1819 2991 58 108
1878 2991 142 108
2021 2991 149 108
2171 2991 50 108
2222 2991 105 108
1819 3100 58 109
1878 3100 142 109
2021 3100 149 109
2171 3100 50 109
2222 3100 105 109
1819 3210 58 108
1878 3210 142 108
2021 3210 149 108
2171 3210 50 108
2222 3210 105 108
1819 3319 58 108
1878 3319 142 108
2021 3319 149 108
2171 3319 50 108
2222 3319 105 108
1819 3428 58 108
1878 3428 142 108
2021 3428 149 108
2171 3428 50 108
2222 3428 105 108
1819 3537 58 108
1878 3537 142 108
2021 3537 149 108
2171 3537 50 108
2222 3537 105 108
1819 3646 58 109
1878 3646 142 109
2021 3646 149 109
2171 3646 50 109
2222 3646 105 109
1819 3756 58 108
1878 3756 142 108
2021 3756 149 108
2171 3756 50 108
2222 3756 105 108
1819 3865 58 108
1878 3865 142 108
2021 3865 149 108
2171 3865 50 108
2222 3865 105 108
1819 3974 58 108
1878 3974 142 108
2021 3974 149 108
2171 3974 50 108
2222 3974 105 108
2365 1791 29 107
2395 1791 58 107
2454 1791 141 107
2596 1791 150 107
2747 1791 50 107
2798 1791 105 107
2365 1899 29 108
2395 1899 58 108
2454 1899 141 108
2596 1899 150 108
2747 1899 50 108
2798 1899 105 108
2365 2009 29 108
2395 2009 58 108
2454 2009 141 108
2596 2009 150 108
2747 2009 50 108
2798 2009 105 108
2365 2118 29 1964
2395 2118 58 108
2454 2118 141 108
2596 2118 150 108
2747 2118 50 108
2798 2118 105 108
2395 2227 58 108
2454 2227 141 108
2596 2227 150 108
2747 2227 50 108
2798 2227 105 108
2395 2336 58 108
2454 2336 141 108
2596 2336 150 108
2747 2336 50 108
2798 2336 105 108
2395 2445 58 109
2454 2445 141 109
2596 2445 150 109
2747 2445 50 109
2798 2445 105 109
2395 2555 58 108
2454 2555 141 108
2596 2555 150 108
2747 2555 50 108
2798 2555 105 108
2395 2664 58 108
2454 2664 141 108
2596 2664 150 108
2747 2664 50 108
2798 2664 105 108
2395 2773 58 108
2454 2773 141 108
2596 2773 150 108
2747 2773 50 108
2798 2773 105 108
2395 2882 58 108
2454 2882 141 108
2596 2882 150 108
2747 2882 50 108
2798 2882 105 108
2395 2991 58 108
2454 2991 141 108
2596 2991 150 108
2747 2991 50 108
2798 2991 105 108
2395 3100 58 109
2454 3100 141 109
2596 3100 150 109
2747 3100 50 109
2798 3100 105 109
2395 3210 58 108
2454 3210 141 108
2596 3210 150 108
2747 3210 50 108
2798 3210 105 108
2395 3319 58 108
2454 3319 141 108
2596 3319 150 108
2747 3319 50 108
2798 3319 105 108
2395 3428 58 108
2454 3428 141 108
2596 3428 150 108
2747 3428 50 108
2798 3428 105 108
2395 3537 58 108
2454 3537 141 108
2596 3537 150 108
2747 3537 50 108
2798 3537 105 108
2395 3646 58 109
2454 3646 141 109
2596 3646 150 109
2747 3646 50 109
2798 3646 105 109
2395 3756 58 108
2454 3756 141 108
2596 3756 150 108
2747 3756 50 108
2798 3756 105 108
2395 3865 58 108
2454 3865 141 108
2596 3865 150 108
2747 3865 50 108
2798 3865 105 108
2395 3974 58 108
2454 3974 141 108
2596 3974 150 108
2747 3974 50 108
2798 3974 105 108
