192 199 3275 103
192 305 124 168
319 305 124 168
446 305 294 168
743 305 150 168
896 305 82 168
981 305 81 168
1065 305 82 168
1150 305 81 168
1234 305 362 168
1598 305 462 168
2063 305 1404 168
192 475 124 787
319 475 124 393
446 475 294 393
743 475 150 393
896 475 82 393
981 475 81 393
1065 475 82 393
1150 475 81 393
1234 475 362 393
1598 475 462 393
2063 475 1404 393
319 870 124 392
446 870 294 392
743 870 150 392
896 870 82 392
981 870 81 392
1065 870 82 392
1150 870 81 392
1234 870 362 392
1598 870 462 392
2063 870 1404 392
192 1265 124 787
319 1265 124 392
446 1265 294 392
743 1265 150 392
896 1265 82 392
981 1265 81 392
1065 1265 82 392
1150 1265 81 392
1234 1265 362 392
1598 1265 462 392
2063 1265 1404 392
319 1660 124 392
446 1660 294 392
743 1660 150 392
896 1660 82 392
981 1660 81 392
1065 1660 82 392
1150 1660 81 392
1234 1660 362 392
1598 1660 462 392
2063 1660 1404 392
192 2055 3275 2766
