47 1010 56 56
104 1010 224 56
329 1010 70 56
400 1010 88 56
489 1010 70 56
560 1010 87 56
648 1010 94 56
743 1010 226 56
970 1010 226 56
1197 1010 566 56
47 1067 56 566
104 1067 224 566
329 1067 70 566
400 1067 88 566
489 1067 70 566
560 1067 87 566
648 1067 94 566
743 1067 226 566
970 1067 226 566
1197 1067 566 566
1769 1010 55 56
1825 1010 224 56
2050 1010 70 56
2121 1010 88 56
2210 1010 70 56
2281 1010 87 56
2369 1010 95 56
2465 1010 226 56
2692 1010 225 56
2918 1010 566 56
1769 1067 55 566
1825 1067 224 566
2050 1067 70 566
2121 1067 88 566
2210 1067 70 566
2281 1067 87 566
2369 1067 95 566
2465 1067 226 566
2692 1067 225 566
2918 1067 566 566
47 1809 56 56
104 1809 224 56
329 1809 70 56
400 1809 88 56
489 1809 70 56
560 1809 87 56
648 1809 94 56
743 1809 226 56
970 1809 226 56
1197 1809 566 56
47 1866 56 566
104 1866 224 566
329 1866 70 566
400 1866 88 566
489 1866 70 566
560 1866 87 566
648 1866 94 566
743 1866 226 566
970 1866 226 566
1197 1866 566 566
47 2433 56 566
104 2433 224 566
329 2433 70 566
400 2433 88 566
489 2433 70 566
560 2433 87 566
648 2433 94 566
743 2433 226 566
970 2433 226 566
1197 2433 566 566
47 3000 56 566
104 3000 224 566
329 3000 70 566
400 3000 88 566
489 3000 70 566
560 3000 87 566
648 3000 94 566
743 3000 226 566
970 3000 226 566
1197 3000 566 566
47 3567 56 565
104 3567 224 565
329 3567 70 565
400 3567 88 565
489 3567 70 565
560 3567 87 565
648 3567 94 565
743 3567 226 565
970 3567 226 565
1197 3567 566 565
47 4133 56 566
104 4133 224 566
329 4133 70 566
400 4133 88 566
489 4133 70 566
560 4133 87 566
648 4133 94 566
743 4133 226 566
970 4133 226 566
1197 4133 566 566
1769 1809 55 56
1825 1809 224 56
2050 1809 70 56
2121 1809 88 56
2210 1809 70 56
2281 1809 87 56
2369 1809 95 56
2465 1809 226 56
2692 1809 225 56
2918 1809 566 56
1769 1866 55 566
1825 1866 224 566
2050 1866 70 566
2121 1866 88 566
2210 1866 70 566
2281 1866 87 566
2369 1866 95 566
2465 1866 226 566
2692 1866 225 566
2918 1866 566 566
1769 2433 55 566
1825 2433 224 566
2050 2433 70 566
2121 2433 88 566
2210 2433 70 566
2281 2433 87 566
2369 2433 95 566
2465 2433 226 566
2692 2433 225 566
2918 2433 566 566
1769 3000 55 566
1825 3000 224 566
2050 3000 70 566
2121 3000 88 566
2210 3000 70 566
2281 3000 87 566
2369 3000 95 566
2465 3000 226 566
2692 3000 225 566
2918 3000 566 566
1769 3567 55 565
1825 3567 224 565
2050 3567 70 565
2121 3567 88 565
2210 3567 70 565
2281 3567 87 565
2369 3567 95 565
2465 3567 226 565
2692 3567 225 565
2918 3567 566 565
1769 4133 55 566
1825 4133 224 566
2050 4133 70 566
2121 4133 88 566
2210 4133 70 566
2281 4133 87 566
2369 4133 95 566
2465 4133 226 566
2692 4133 225 566
2918 4133 566 566
