103 103 2073 62
2178 103 2073 62
103 168 77 100
183 168 76 100
262 168 184 100
448 168 88 100
539 168 50 100
592 168 50 100
645 168 50 100
698 168 50 100
751 168 225 100
979 168 288 100
1270 168 906 100
2178 168 77 100
2258 168 76 100
2337 168 184 100
2523 168 88 100
2614 168 50 100
2667 168 50 100
2720 168 50 100
2773 168 50 100
2826 168 225 100
3054 168 288 100
3345 168 906 100
103 271 77 855
183 271 76 283
262 271 184 283
448 271 88 283
539 271 50 283
592 271 50 283
645 271 50 283
698 271 50 283
751 271 225 283
979 271 288 283
1270 271 906 283
2178 271 77 569
2258 271 76 283
2337 271 184 283
2523 271 88 283
2614 271 50 283
2667 271 50 283
2720 271 50 283
2773 271 50 283
2826 271 225 283
3054 271 288 283
3345 271 906 283
183 557 76 283
262 557 184 283
448 557 88 283
539 557 50 283
592 557 50 283
645 557 50 283
698 557 50 283
751 557 225 283
979 557 288 283
1270 557 906 283
2258 557 76 283
2337 557 184 283
2523 557 88 283
2614 557 50 283
2667 557 50 283
2720 557 50 283
2773 557 50 283
2826 557 225 283
3054 557 288 283
3345 557 906 283
183 843 76 283
262 843 184 283
448 843 88 283
539 843 50 283
592 843 50 283
645 843 50 283
698 843 50 283
751 843 225 283
979 843 288 283
1270 843 906 283
2178 843 77 569
2258 843 76 283
2337 843 184 283
2523 843 88 283
2614 843 50 283
2667 843 50 283
2720 843 50 283
2773 843 50 283
2826 843 225 283
3054 843 288 283
3345 843 906 283
103 1129 77 568
183 1129 76 283
262 1129 184 283
448 1129 88 283
539 1129 50 283
592 1129 50 283
645 1129 50 283
698 1129 50 283
751 1129 225 283
979 1129 288 283
1270 1129 906 283
2258 1129 76 283
2337 1129 184 283
2523 1129 88 283
2614 1129 50 283
2667 1129 50 283
2720 1129 50 283
2773 1129 50 283
2826 1129 225 283
3054 1129 288 283
3345 1129 906 283
183 1414 76 283
262 1414 184 283
448 1414 88 283
539 1414 50 283
592 1414 50 283
645 1414 50 283
698 1414 50 283
751 1414 225 283
979 1414 288 283
1270 1414 906 283
2178 1414 77 569
2258 1414 76 283
2337 1414 184 283
2523 1414 88 283
2614 1414 50 283
2667 1414 50 283
2720 1414 50 283
2773 1414 50 283
2826 1414 225 283
3054 1414 288 283
3345 1414 906 283
103 1700 77 283
183 1700 76 283
262 1700 184 283
448 1700 88 283
539 1700 50 283
592 1700 50 283
645 1700 50 283
698 1700 50 283
751 1700 225 283
979 1700 288 283
1270 1700 906 283
2258 1700 76 283
2337 1700 184 283
2523 1700 88 283
2614 1700 50 283
2667 1700 50 283
2720 1700 50 283
2773 1700 50 283
2826 1700 225 283
3054 1700 288 283
3345 1700 906 283
103 1986 77 569
183 1986 76 283
262 1986 184 283
448 1986 88 283
539 1986 50 283
592 1986 50 283
645 1986 50 283
698 1986 50 283
751 1986 225 283
979 1986 288 283
1270 1986 906 283
2178 1986 2073 904
183 2272 76 283
262 2272 184 283
448 2272 88 283
539 2272 50 283
592 2272 50 283
645 2272 50 283
698 2272 50 283
751 2272 225 283
979 2272 288 283
1270 2272 906 283
103 2558 2073 332
