53 801 99 54
155 801 195 54
353 801 82 54
438 801 83 54
523 801 83 54
608 801 83 54
693 801 83 54
778 801 168 54
949 801 167 54
1119 801 348 54
1470 801 99 54
1572 801 196 54
1771 801 82 54
1856 801 82 54
1941 801 82 54
2026 801 82 54
2111 801 82 54
2196 801 167 54
2366 801 167 54
2536 801 349 54
53 858 99 269
353 858 82 269
438 858 83 269
523 858 83 269
608 858 83 269
693 858 83 269
778 858 168 269
949 858 167 269
1119 858 348 269
1470 858 99 269
1771 858 82 269
1856 858 82 269
1941 858 82 269
2026 858 82 269
2111 858 82 269
2196 858 167 269
2366 858 167 269
2536 858 349 269
53 1130 99 269
155 1130 195 194
353 1130 82 269
438 1130 83 269
523 1130 83 269
608 1130 83 269
693 1130 83 269
778 1130 168 269
949 1130 167 269
1119 1130 348 269
155 1334 195 24
155 1361 195 30
1533 3666 1334 77
1533 3745 190 66
1724 3745 327 66
2053 3745 367 66
2422 3745 445 66
1533 3813 190 99
1724 3813 327 99
2053 3813 367 99
2422 3813 445 99
