170 214 2897 283
170 500 2897 280
170 784 149 137
321 784 88 137
411 784 202 137
615 784 208 137
825 784 225 137
1052 784 111 137
1165 784 112 137
1279 784 156 137
1437 784 293 137
1732 784 293 137
2027 784 1040 137
170 925 149 863
321 925 88 431
411 925 202 431
615 925 208 431
825 925 225 431
1052 925 111 431
1165 925 112 431
1279 925 156 431
1437 925 293 431
1732 925 293 431
2027 925 1040 431
321 1358 88 430
411 1358 202 430
615 1358 208 430
825 1358 225 430
1052 1358 111 430
1165 1358 112 430
1279 1358 156 430
1437 1358 293 430
1732 1358 293 430
2027 1358 1040 430
170 1793 149 1296
321 1793 88 430
411 1793 202 430
615 1793 208 430
825 1793 225 430
1052 1793 111 430
1165 1793 112 430
1279 1793 156 430
1437 1793 293 430
1732 1793 293 430
2027 1793 1040 430
321 2225 88 432
411 2225 202 432
615 2225 208 432
825 2225 225 432
1052 2225 111 432
1165 2225 112 432
1279 2225 156 432
1437 2225 293 432
1732 2225 293 432
2027 2225 1040 432
321 2659 88 430
411 2659 202 430
615 2659 208 430
825 2659 225 430
1052 2659 111 430
1165 2659 112 430
1279 2659 156 430
1437 2659 293 430
1732 2659 293 430
2027 2659 1040 430
170 3094 149 429
321 3094 88 429
411 3094 202 429
615 3094 208 429
825 3094 225 429
1052 3094 111 429
1165 3094 112 429
1279 3094 156 429
1437 3094 293 429
1732 3094 293 429
2027 3094 1040 429
170 3527 149 855
321 3527 88 431
411 3527 202 431
615 3527 208 431
825 3527 225 431
1052 3527 111 431
1165 3527 112 431
1279 3527 156 431
1437 3527 293 431
1732 3527 293 431
2027 3527 1040 431
321 3960 88 422
411 3960 202 422
615 3960 208 422
825 3960 225 422
1052 3960 111 422
1165 3960 112 422
1279 3960 156 422
1437 3960 293 422
1732 3960 293 422
2027 3960 1040 422
