153 153 2049 200
153 356 2049 186
153 545 2049 65
153 613 76 86
232 613 77 86
312 613 183 86
498 613 88 86
589 613 50 86
641 613 51 86
694 613 51 86
747 613 50 86
800 613 225 86
1028 613 289 86
1319 613 883 86
153 702 76 1017
232 702 77 337
312 702 183 337
498 702 88 337
589 702 50 337
641 702 51 337
694 702 51 337
747 702 50 337
800 702 225 337
1028 702 289 337
1319 702 883 337
232 1042 77 337
312 1042 183 337
498 1042 88 337
589 1042 50 337
641 1042 51 337
694 1042 51 337
747 1042 50 337
800 1042 225 337
1028 1042 289 337
1319 1042 883 337
232 1382 77 337
312 1382 183 337
498 1382 88 337
589 1382 50 337
641 1382 51 337
694 1382 51 337
747 1382 50 337
800 1382 225 337
1028 1382 289 337
1319 1382 883 337
153 1722 2049 65
153 1790 76 86
232 1790 77 86
312 1790 183 86
498 1790 88 86
589 1790 50 86
641 1790 51 86
694 1790 51 86
747 1790 50 86
800 1790 225 86
1028 1790 289 86
1319 1790 883 86
232 1878 77 338
153 1879 76 677
312 1879 183 337
498 1879 88 337
589 1879 50 337
641 1879 51 337
694 1879 51 337
747 1879 50 337
800 1879 225 337
1028 1879 289 337
1319 1879 883 337
232 2219 77 337
312 2219 183 337
498 2219 88 337
589 2219 50 337
641 2219 51 337
694 2219 51 337
747 2219 50 337
800 2219 225 337
1028 2219 289 337
1319 2219 883 337
153 2559 2049 65
153 2627 76 85
232 2627 77 85
312 2627 183 85
498 2627 88 85
589 2627 50 85
641 2627 51 85
694 2627 51 85
747 2627 50 85
800 2627 225 85
1028 2627 289 85
1319 2627 883 85
153 2715 76 338
232 2715 77 338
312 2715 183 338
498 2715 88 338
589 2715 50 338
641 2715 51 338
694 2715 51 338
747 2715 50 338
800 2715 225 338
1028 2715 289 338
1319 2715 883 338
