169 248 3774 121
169 372 3774 235
169 609 64 1195
236 609 102 46
341 609 3602 46
236 658 102 45
341 658 1800 45
2143 658 1800 45
236 706 102 189
341 706 1800 189
2143 706 1800 189
236 898 102 45
341 898 1800 45
2143 898 1800 45
236 946 102 36
341 946 1800 36
2143 946 1800 36
236 984 102 36
341 984 1800 36
2143 984 1800 36
236 1023 102 36
341 1023 1800 36
2143 1023 1800 36
236 1061 102 36
341 1061 1800 36
2143 1061 1800 36
236 1100 102 127
341 1100 1800 127
2143 1100 1800 127
236 1230 102 189
341 1230 1800 189
2143 1230 1800 189
236 1422 102 382
341 1422 1800 382
2143 1422 1800 382
169 1807 64 1194
236 1807 102 45
341 1807 3602 45
236 1855 102 45
341 1855 598 45
942 1855 598 45
1543 1855 598 45
2143 1855 598 45
2744 1855 598 45
3345 1855 598 45
236 1903 102 189
341 1903 598 189
942 1903 598 189
1543 1903 598 189
2143 1903 598 189
2744 1903 598 189
3345 1903 598 189
236 2095 102 45
341 2095 598 45
942 2095 598 45
1543 2095 598 45
2143 2095 598 45
2744 2095 598 45
3345 2095 598 45
236 2143 102 36
341 2143 598 36
942 2143 598 36
1543 2143 598 36
2143 2143 598 36
2744 2143 598 36
3345 2143 598 36
236 2182 102 35
341 2182 598 35
942 2182 598 35
1543 2182 598 35
2143 2182 598 35
2744 2182 598 35
3345 2182 598 35
236 2220 102 36
341 2220 598 36
942 2220 598 36
1543 2220 598 36
2143 2220 598 36
2744 2220 598 36
3345 2220 598 36
236 2259 102 35
341 2259 598 35
942 2259 598 35
1543 2259 598 35
2143 2259 598 35
2744 2259 598 35
3345 2259 598 35
236 2297 102 127
341 2297 598 127
942 2297 598 127
1543 2297 598 127
2143 2297 598 127
2744 2297 598 127
3345 2297 598 127
236 2427 102 189
341 2427 598 189
942 2427 598 189
1543 2427 598 189
2143 2427 598 189
2744 2427 598 189
3345 2427 598 189
236 2619 102 382
341 2619 598 382
942 2619 598 382
1543 2619 598 382
2143 2619 598 382
2744 2619 598 382
3345 2619 598 382
169 3004 64 1194
236 3004 102 45
341 3004 3602 45
236 3052 102 45
341 3052 598 45
942 3052 598 45
1543 3052 598 45
2143 3052 598 45
2744 3052 598 45
3345 3052 598 45
236 3100 102 190
341 3100 598 190
942 3100 598 190
1543 3100 598 190
2143 3100 598 190
2744 3100 598 190
3345 3100 598 190
236 3292 102 46
341 3292 598 46
942 3292 598 46
1543 3292 598 46
2143 3292 598 46
2744 3292 598 46
3345 3292 598 46
236 3340 102 36
341 3340 598 36
942 3340 598 36
1543 3340 598 36
2143 3340 598 36
2744 3340 598 36
3345 3340 598 36
236 3379 102 36
341 3379 598 36
942 3379 598 36
1543 3379 598 36
2143 3379 598 36
2744 3379 598 36
3345 3379 598 36
236 3417 102 36
341 3417 598 36
942 3417 598 36
1543 3417 598 36
2143 3417 598 36
2744 3417 598 36
3345 3417 598 36
236 3456 102 35
341 3456 598 35
942 3456 598 35
1543 3456 598 35
2143 3456 598 35
2744 3456 598 35
3345 3456 598 35
236 3494 102 127
341 3494 598 127
942 3494 598 127
1543 3494 598 127
2143 3494 598 127
2744 3494 598 127
3345 3494 598 127
236 3624 102 190
341 3624 598 190
942 3624 598 190
1543 3624 598 190
2143 3624 598 190
2744 3624 598 190
3345 3624 598 190
236 3816 102 382
341 3816 598 382
942 3816 598 382
1543 3816 598 382
2143 3816 598 382
2744 3816 598 382
3345 3816 598 382
169 4201 3774 1194
