179 209 2734 284
179 496 2734 266
179 765 2734 81
179 849 103 132
285 849 103 132
391 849 245 132
639 849 118 132
760 849 68 132
831 849 68 132
901 849 68 132
972 849 68 132
1043 849 301 132
1347 849 385 132
1735 849 1178 132
179 984 103 625
285 984 103 311
391 984 245 311
639 984 118 311
760 984 68 311
831 984 68 311
901 984 68 311
972 984 68 311
1043 984 301 311
1347 984 385 311
1735 984 1178 311
285 1298 103 311
391 1298 245 311
639 1298 118 311
760 1298 68 311
831 1298 68 311
901 1298 68 311
972 1298 68 311
1043 1298 301 311
1347 1298 385 311
1735 1298 1178 311
179 1612 2734 81
179 1696 103 133
285 1696 103 133
391 1696 245 133
639 1696 118 133
760 1696 68 133
831 1696 68 133
901 1696 68 133
972 1696 68 133
1043 1696 301 133
1347 1696 385 133
1735 1696 1178 133
179 1831 103 1252
285 1831 103 311
391 1831 245 311
639 1831 118 311
760 1831 68 311
831 1831 68 311
901 1831 68 311
972 1831 68 311
1043 1831 301 311
1347 1831 385 311
1735 1831 1178 311
285 2145 103 311
391 2145 245 311
639 2145 118 311
760 2145 68 311
831 2145 68 311
901 2145 68 311
972 2145 68 311
1043 2145 301 311
1347 2145 385 311
1735 2145 1178 311
285 2459 103 310
391 2459 245 310
639 2459 118 310
760 2459 68 310
831 2459 68 310
901 2459 68 310
972 2459 68 310
1043 2459 301 310
1347 2459 385 310
1735 2459 1178 310
285 2772 103 311
391 2772 245 311
639 2772 118 311
760 2772 68 311
831 2772 68 311
901 2772 68 311
972 2772 68 311
1043 2772 301 311
1347 2772 385 311
1735 2772 1178 311
179 3086 2734 82
179 3171 103 132
285 3171 103 132
391 3171 245 132
639 3171 118 132
760 3171 68 132
831 3171 68 132
901 3171 68 132
972 3171 68 132
1043 3171 301 132
1347 3171 385 132
1735 3171 1178 132
179 3306 103 310
285 3306 103 310
391 3306 245 310
639 3306 118 310
760 3306 68 310
831 3306 68 310
901 3306 68 310
972 3306 68 310
1043 3306 301 310
1347 3306 385 310
1735 3306 1178 310
179 3619 103 625
285 3619 103 311
391 3619 245 311
639 3619 118 311
760 3619 68 311
831 3619 68 311
901 3619 68 311
972 3619 68 311
1043 3619 301 311
1347 3619 385 311
1735 3619 1178 311
285 3933 103 311
391 3933 245 311
639 3933 118 311
760 3933 68 311
831 3933 68 311
901 3933 68 311
972 3933 68 311
1043 3933 301 311
1347 3933 385 311
1735 3933 1178 311
