57 1790 30 81
88 1790 58 81
147 1790 141 81
289 1790 149 81
439 1790 50 81
490 1790 106 81
57 1872 30 2210
88 1872 58 81
147 1872 141 81
289 1872 149 81
439 1872 50 81
490 1872 106 81
88 1954 58 81
147 1954 141 81
289 1954 149 81
439 1954 50 81
490 1954 106 81
88 2036 58 81
147 2036 141 81
289 2036 149 81
439 2036 50 81
490 2036 106 81
88 2118 58 80
147 2118 141 80
289 2118 149 80
439 2118 50 80
490 2118 106 80
88 2199 58 81
147 2199 141 81
289 2199 149 81
439 2199 50 81
490 2199 106 81
88 2281 58 81
147 2281 141 81
289 2281 149 81
439 2281 50 81
490 2281 106 81
88 2363 58 81
147 2363 141 81
289 2363 149 81
439 2363 50 81
490 2363 106 81
88 2445 58 81
147 2445 141 81
289 2445 149 81
439 2445 50 81
490 2445 106 81
88 2527 58 81
147 2527 141 81
289 2527 149 81
439 2527 50 81
490 2527 106 81
88 2609 58 81
147 2609 141 81
289 2609 149 81
439 2609 50 81
490 2609 106 81
88 2691 58 81
147 2691 141 81
289 2691 149 81
439 2691 50 81
490 2691 106 81
88 2773 58 81
147 2773 141 81
289 2773 149 81
439 2773 50 81
490 2773 106 81
88 2855 58 81
147 2855 141 81
289 2855 149 81
439 2855 50 81
490 2855 106 81
88 2937 58 80
147 2937 141 80
289 2937 149 80
439 2937 50 80
490 2937 106 80
88 3018 58 81
147 3018 141 81
289 3018 149 81
439 3018 50 81
490 3018 106 81
88 3100 58 81
147 3100 141 81
289 3100 149 81
439 3100 50 81
490 3100 106 81
88 3182 58 81
147 3182 141 81
289 3182 149 81
439 3182 50 81
490 3182 106 81
88 3264 58 81
147 3264 141 81
289 3264 149 81
439 3264 50 81
490 3264 106 81
88 3346 58 81
147 3346 141 81
289 3346 149 81
439 3346 50 81
490 3346 106 81
88 3428 58 81
147 3428 141 81
289 3428 149 81
439 3428 50 81
490 3428 106 81
88 3510 58 81
147 3510 141 81
289 3510 149 81
439 3510 50 81
490 3510 106 81
88 3592 58 81
147 3592 141 81
289 3592 149 81
439 3592 50 81
490 3592 106 81
88 3674 58 81
147 3674 141 81
289 3674 149 81
439 3674 50 81
490 3674 106 81
88 3756 58 81
147 3756 141 81
289 3756 149 81
439 3756 50 81
490 3756 106 81
88 3838 58 80
147 3838 141 80
289 3838 149 80
439 3838 50 80
490 3838 106 80
88 3919 58 81
147 3919 141 81
289 3919 149 81
439 3919 50 81
490 3919 106 81
88 4001 58 81
147 4001 141 81
289 4001 149 81
439 4001 50 81
490 4001 106 81
634 1790 30 81
665 1790 58 81
724 1790 141 81
866 1790 149 81
1016 1790 50 81
1067 1790 106 81
634 1872 30 2210
665 1872 58 81
724 1872 141 81
866 1872 149 81
1016 1872 50 81
1067 1872 106 81
665 1954 58 81
724 1954 141 81
866 1954 149 81
1016 1954 50 81
1067 1954 106 81
665 2036 58 81
724 2036 141 81
866 2036 149 81
1016 2036 50 81
1067 2036 106 81
665 2118 58 80
724 2118 141 80
866 2118 149 80
1016 2118 50 80
1067 2118 106 80
665 2199 58 81
724 2199 141 81
866 2199 149 81
1016 2199 50 81
1067 2199 106 81
665 2281 58 81
724 2281 141 81
866 2281 149 81
1016 2281 50 81
1067 2281 106 81
665 2363 58 81
724 2363 141 81
866 2363 149 81
1016 2363 50 81
1067 2363 106 81
665 2445 58 81
724 2445 141 81
866 2445 149 81
1016 2445 50 81
1067 2445 106 81
665 2527 58 81
724 2527 141 81
866 2527 149 81
1016 2527 50 81
1067 2527 106 81
665 2609 58 81
724 2609 141 81
866 2609 149 81
1016 2609 50 81
1067 2609 106 81
665 2691 58 81
724 2691 141 81
866 2691 149 81
1016 2691 50 81
1067 2691 106 81
665 2773 58 81
724 2773 141 81
866 2773 149 81
1016 2773 50 81
1067 2773 106 81
665 2855 58 81
724 2855 141 81
866 2855 149 81
1016 2855 50 81
1067 2855 106 81
665 2937 58 80
724 2937 141 80
866 2937 149 80
1016 2937 50 80
1067 2937 106 80
665 3018 58 81
724 3018 141 81
866 3018 149 81
1016 3018 50 81
1067 3018 106 81
665 3100 58 81
724 3100 141 81
866 3100 149 81
1016 3100 50 81
1067 3100 106 81
665 3182 58 81
724 3182 141 81
866 3182 149 81
1016 3182 50 81
1067 3182 106 81
665 3264 58 81
724 3264 141 81
866 3264 149 81
1016 3264 50 81
1067 3264 106 81
665 3346 58 81
724 3346 141 81
866 3346 149 81
1016 3346 50 81
1067 3346 106 81
665 3428 58 81
724 3428 141 81
866 3428 149 81
1016 3428 50 81
1067 3428 106 81
665 3510 58 81
724 3510 141 81
866 3510 149 81
1016 3510 50 81
1067 3510 106 81
665 3592 58 81
724 3592 141 81
866 3592 149 81
1016 3592 50 81
1067 3592 106 81
665 3674 58 81
724 3674 141 81
866 3674 149 81
1016 3674 50 81
1067 3674 106 81
665 3756 58 81
724 3756 141 81
866 3756 149 81
1016 3756 50 81
1067 3756 106 81
665 3838 58 80
724 3838 141 80
866 3838 149 80
1016 3838 50 80
1067 3838 106 80
665 3919 58 81
724 3919 141 81
866 3919 149 81
1016 3919 50 81
1067 3919 106 81
665 4001 58 81
724 4001 141 81
866 4001 149 81
1016 4001 50 81
1067 4001 106 81
1211 1790 29 78
1241 1790 58 78
1300 1790 142 78
1443 1790 149 78
1593 1790 50 78
1644 1790 105 78
1211 1869 29 2213
1241 1869 58 78
1300 1869 142 78
1443 1869 149 78
1593 1869 50 78
1644 1869 105 78
1241 1948 58 78
1300 1948 142 78
1443 1948 149 78
1593 1948 50 78
1644 1948 105 78
1241 2027 58 78
1300 2027 142 78
1443 2027 149 78
1593 2027 50 78
1644 2027 105 78
1241 2106 58 78
1300 2106 142 78
1443 2106 149 78
1593 2106 50 78
1644 2106 105 78
1241 2185 58 79
1300 2185 142 79
1443 2185 149 79
1593 2185 50 79
1644 2185 105 79
1241 2265 58 77
1300 2265 142 77
1443 2265 149 77
1593 2265 50 77
1644 2265 105 77
1241 2343 58 79
1300 2343 142 79
1443 2343 149 79
1593 2343 50 79
1644 2343 105 79
1241 2423 58 78
1300 2423 142 78
1443 2423 149 78
1593 2423 50 78
1644 2423 105 78
1241 2502 58 78
1300 2502 142 78
1443 2502 149 78
1593 2502 50 78
1644 2502 105 78
1241 2581 58 78
1300 2581 142 78
1443 2581 149 78
1593 2581 50 78
1644 2581 105 78
1241 2660 58 78
1300 2660 142 78
1443 2660 149 78
1593 2660 50 78
1644 2660 105 78
1241 2739 58 78
1300 2739 142 78
1443 2739 149 78
1593 2739 50 78
1644 2739 105 78
1241 2818 58 79
1300 2818 142 79
1443 2818 149 79
1593 2818 50 79
1644 2818 105 79
1241 2898 58 77
1300 2898 142 77
1443 2898 149 77
1593 2898 50 77
1644 2898 105 77
1241 2976 58 79
1300 2976 142 79
1443 2976 149 79
1593 2976 50 79
1644 2976 105 79
1241 3056 58 78
1300 3056 142 78
1443 3056 149 78
1593 3056 50 78
1644 3056 105 78
1241 3135 58 77
1300 3135 142 77
1443 3135 149 77
1593 3135 50 77
1644 3135 105 77
1241 3213 58 79
1300 3213 142 79
1443 3213 149 79
1593 3213 50 79
1644 3213 105 79
1241 3293 58 77
1300 3293 142 77
1443 3293 149 77
1593 3293 50 77
1644 3293 105 77
1241 3371 58 79
1300 3371 142 79
1443 3371 149 79
1593 3371 50 79
1644 3371 105 79
1241 3451 58 78
1300 3451 142 78
1443 3451 149 78
1593 3451 50 78
1644 3451 105 78
1241 3530 58 78
1300 3530 142 78
1443 3530 149 78
1593 3530 50 78
1644 3530 105 78
1241 3609 58 78
1300 3609 142 78
1443 3609 149 78
1593 3609 50 78
1644 3609 105 78
1241 3688 58 79
1300 3688 142 79
1443 3688 149 79
1593 3688 50 79
1644 3688 105 79
1241 3768 58 77
1300 3768 142 77
1443 3768 149 77
1593 3768 50 77
1644 3768 105 77
1241 3846 58 79
1300 3846 142 79
1443 3846 149 79
1593 3846 50 79
1644 3846 105 79
1241 3926 58 77
1300 3926 142 77
1443 3926 149 77
1593 3926 50 77
1644 3926 105 77
1241 4004 58 78
1300 4004 142 78
1443 4004 149 78
1593 4004 50 78
1644 4004 105 78
1789 1790 29 78
1819 1790 58 78
1878 1790 142 78
2021 1790 149 78
2171 1790 50 78
2222 1790 105 78
1789 1869 29 2213
1819 1869 58 78
1878 1869 142 78
2021 1869 149 78
2171 1869 50 78
2222 1869 105 78
1819 1948 58 78
1878 1948 142 78
2021 1948 149 78
2171 1948 50 78
2222 1948 105 78
1819 2027 58 78
1878 2027 142 78
2021 2027 149 78
2171 2027 50 78
2222 2027 105 78
1819 2106 58 78
1878 2106 142 78
2021 2106 149 78
2171 2106 50 78
2222 2106 105 78
1819 2185 58 79
1878 2185 142 79
2021 2185 149 79
2171 2185 50 79
2222 2185 105 79
1819 2265 58 77
1878 2265 142 77
2021 2265 149 77
2171 2265 50 77
2222 2265 105 77
1819 2343 58 79
1878 2343 142 79
2021 2343 149 79
2171 2343 50 79
2222 2343 105 79
1819 2423 58 78
1878 2423 142 78
2021 2423 149 78
2171 2423 50 78
2222 2423 105 78
1819 2502 58 78
1878 2502 142 78
2021 2502 149 78
2171 2502 50 78
2222 2502 105 78
1819 2581 58 78
1878 2581 142 78
2021 2581 149 78
2171 2581 50 78
2222 2581 105 78
1819 2660 58 78
1878 2660 142 78
2021 2660 149 78
2171 2660 50 78
2222 2660 105 78
1819 2739 58 78
1878 2739 142 78
2021 2739 149 78
2171 2739 50 78
2222 2739 105 78
1819 2818 58 79
1878 2818 142 79
2021 2818 149 79
2171 2818 50 79
2222 2818 105 79
1819 2898 58 77
1878 2898 142 77
2021 2898 149 77
2171 2898 50 77
2222 2898 105 77
1819 2976 58 79
1878 2976 142 79
2021 2976 149 79
2171 2976 50 79
2222 2976 105 79
1819 3056 58 78
1878 3056 142 78
2021 3056 149 78
2171 3056 50 78
2222 3056 105 78
1819 3135 58 77
1878 3135 142 77
2021 3135 149 77
2171 3135 50 77
2222 3135 105 77
1819 3213 58 79
1878 3213 142 79
2021 3213 149 79
2171 3213 50 79
2222 3213 105 79
1819 3293 58 77
1878 3293 142 77
2021 3293 149 77
2171 3293 50 77
2222 3293 105 77
1819 3371 58 79
1878 3371 142 79
2021 3371 149 79
2171 3371 50 79
2222 3371 105 79
1819 3451 58 78
1878 3451 142 78
2021 3451 149 78
2171 3451 50 78
2222 3451 105 78
1819 3530 58 78
1878 3530 142 78
2021 3530 149 78
2171 3530 50 78
2222 3530 105 78
1819 3609 58 78
1878 3609 142 78
2021 3609 149 78
2171 3609 50 78
2222 3609 105 78
1819 3688 58 79
1878 3688 142 79
2021 3688 149 79
2171 3688 50 79
2222 3688 105 79
1819 3768 58 77
1878 3768 142 77
2021 3768 149 77
2171 3768 50 77
2222 3768 105 77
1819 3846 58 79
1878 3846 142 79
2021 3846 149 79
2171 3846 50 79
2222 3846 105 79
1819 3926 58 77
1878 3926 142 77
2021 3926 149 77
2171 3926 50 77
2222 3926 105 77
1819 4004 58 78
1878 4004 142 78
2021 4004 149 78
2171 4004 50 78
2222 4004 105 78
2365 1790 29 78
2395 1790 58 78
2454 1790 141 78
2596 1790 150 78
2747 1790 50 78
2798 1790 105 78
2365 1869 29 2213
2395 1869 58 78
2454 1869 141 78
2596 1869 150 78
2747 1869 50 78
2798 1869 105 78
2395 1948 58 78
2454 1948 141 78
2596 1948 150 78
2747 1948 50 78
2798 1948 105 78
2395 2027 58 78
2454 2027 141 78
2596 2027 150 78
2747 2027 50 78
2798 2027 105 78
2395 2106 58 78
2454 2106 141 78
2596 2106 150 78
2747 2106 50 78
2798 2106 105 78
2395 2185 58 79
2454 2185 141 79
2596 2185 150 79
2747 2185 50 79
2798 2185 105 79
2395 2265 58 77
2454 2265 141 77
2596 2265 150 77
2747 2265 50 77
2798 2265 105 77
2395 2343 58 79
2454 2343 141 79
2596 2343 150 79
2747 2343 50 79
2798 2343 105 79
2395 2423 58 78
2454 2423 141 78
2596 2423 150 78
2747 2423 50 78
2798 2423 105 78
2395 2502 58 78
2454 2502 141 78
2596 2502 150 78
2747 2502 50 78
2798 2502 105 78
2395 2581 58 78
2454 2581 141 78
2596 2581 150 78
2747 2581 50 78
2798 2581 105 78
2395 2660 58 78
2454 2660 141 78
2596 2660 150 78
2747 2660 50 78
2798 2660 105 78
2395 2739 58 78
2454 2739 141 78
2596 2739 150 78
2747 2739 50 78
2798 2739 105 78
2395 2818 58 79
2454 2818 141 79
2596 2818 150 79
2747 2818 50 79
2798 2818 105 79
2395 2898 58 77
2454 2898 141 77
2596 2898 150 77
2747 2898 50 77
2798 2898 105 77
2395 2976 58 79
2454 2976 141 79
2596 2976 150 79
2747 2976 50 79
2798 2976 105 79
2395 3056 58 78
2454 3056 141 78
2596 3056 150 78
2747 3056 50 78
2798 3056 105 78
2395 3135 58 77
2454 3135 141 77
2596 3135 150 77
2747 3135 50 77
2798 3135 105 77
2395 3213 58 79
2454 3213 141 79
2596 3213 150 79
2747 3213 50 79
2798 3213 105 79
2395 3293 58 77
2454 3293 141 77
2596 3293 150 77
2747 3293 50 77
2798 3293 105 77
2395 3371 58 79
2454 3371 141 79
2596 3371 150 79
2747 3371 50 79
2798 3371 105 79
2395 3451 58 78
2454 3451 141 78
2596 3451 150 78
2747 3451 50 78
2798 3451 105 78
2395 3530 58 78
2454 3530 141 78
2596 3530 150 78
2747 3530 50 78
2798 3530 105 78
2395 3609 58 78
2454 3609 141 78
2596 3609 150 78
2747 3609 50 78
2798 3609 105 78
2395 3688 58 79
2454 3688 141 79
2596 3688 150 79
2747 3688 50 79
2798 3688 105 79
2395 3768 58 77
2454 3768 141 77
2596 3768 150 77
2747 3768 50 77
2798 3768 105 77
2395 3846 58 79
2454 3846 141 79
2596 3846 150 79
2747 3846 50 79
2798 3846 105 79
2395 3926 58 77
2454 3926 141 77
2596 3926 150 77
2747 3926 50 77
2798 3926 105 77
2395 4004 58 78
2454 4004 141 78
2596 4004 150 78
2747 4004 50 78
2798 4004 105 78
