43 219 2789 114
43 335 83 114
128 335 84 114
214 335 197 114
414 335 254 114
670 335 158 114
830 335 95 114
927 335 134 114
1064 335 134 114
1201 335 254 114
1457 335 283 114
1742 335 1090 114
43 451 83 665
128 451 84 332
214 451 197 32
414 451 254 332
670 451 158 332
830 451 95 332
927 451 134 332
1064 451 134 332
1201 451 254 332
1457 451 283 332
1742 451 1090 332
214 519 33 44
380 526 31 43
214 572 21 89
214 757 197 26
128 785 84 331
214 785 197 331
414 785 254 331
670 785 158 331
830 785 95 331
927 785 134 331
1064 785 134 331
1201 785 254 331
1457 785 283 331
1742 785 1090 331
43 1118 83 665
128 1118 84 331
214 1118 197 26
414 1118 254 331
670 1118 158 331
830 1118 95 331
927 1118 134 331
1064 1118 134 331
1201 1118 254 331
1457 1118 283 331
1742 1118 1090 331
214 1193 35 129
386 1233 25 92
215 1424 43 25
360 1424 51 25
128 1452 84 331
214 1452 197 31
414 1452 254 331
670 1452 158 331
830 1452 95 331
927 1452 134 331
1064 1452 134 331
1201 1452 254 331
1457 1452 283 331
1742 1452 1090 331
214 1534 33 29
381 1567 30 114
214 1575 29 105
235 1757 75 26
334 1757 28 26
43 1785 83 998
128 1785 84 331
214 1785 197 32
414 1785 254 331
670 1785 158 331
830 1785 95 331
927 1785 134 331
1064 1785 134 331
1201 1785 254 331
1457 1785 283 331
1742 1785 1090 331
214 1868 43 26
374 1868 37 113
214 1895 41 82
128 2118 84 332
214 2118 197 332
414 2118 254 332
670 2118 158 332
830 2118 95 332
927 2118 134 332
1064 2118 134 332
1201 2118 254 332
1457 2118 283 332
1742 2118 1090 332
128 2452 84 331
214 2452 197 32
414 2452 254 331
670 2452 158 331
830 2452 95 331
927 2452 134 331
1064 2452 134 331
1201 2452 254 331
1457 2452 283 331
1742 2452 1090 331
214 2524 37 44
377 2539 34 26
384 2570 27 117
214 2574 31 109
43 2785 83 1331
128 2785 84 331
214 2785 197 231
414 2785 254 331
670 2785 158 331
830 2785 95 331
927 2785 134 331
1064 2785 134 331
1201 2785 254 331
1457 2785 283 331
1742 2785 1090 331
243 3031 155 28
249 3088 149 28
128 3119 84 331
214 3119 197 31
414 3119 254 331
670 3119 158 331
830 3119 95 331
927 3119 134 331
1064 3119 134 331
1201 3119 254 331
1457 3119 283 331
1742 3119 1090 331
214 3424 43 26
289 3424 44 26
379 3424 32 26
128 3452 84 331
214 3452 197 29
414 3452 254 331
670 3452 158 331
830 3452 95 331
927 3452 134 331
1064 3452 134 331
1201 3452 254 331
1457 3452 283 331
1742 3452 1090 331
214 3758 60 25
277 3758 59 25
351 3758 60 25
128 3785 84 331
214 3785 197 331
414 3785 254 331
670 3785 158 331
830 3785 95 331
927 3785 134 331
1064 3785 134 331
1201 3785 254 331
1457 3785 283 331
1742 3785 1090 331
