15 15 2140 983
15 1000 109 61
126 1000 198 61
326 1000 171 61
498 1000 118 61
618 1000 65 61
685 1000 93 61
780 1000 93 61
875 1000 216 61
1093 1000 314 61
1408 1000 747 61
15 1063 109 237
326 1063 171 237
498 1063 118 237
618 1063 65 237
685 1063 93 237
780 1063 93 237
875 1063 216 237
1093 1063 314 237
1408 1063 747 237
278 1131 46 23
15 1302 109 238
126 1302 198 28
326 1302 171 238
498 1302 118 238
618 1302 65 238
685 1302 93 238
780 1302 93 238
875 1302 216 238
1093 1302 314 238
1408 1302 747 238
15 1541 2140 344
15 1887 2140 78
15 1967 109 288
126 1967 198 288
326 1967 171 288
498 1967 118 288
618 1967 65 288
685 1967 93 288
780 1967 93 288
875 1967 216 288
1093 1967 314 288
1408 1967 747 288
15 2257 109 288
126 2257 198 41
326 2257 171 288
498 2257 118 288
618 2257 65 288
685 2257 93 288
780 2257 93 288
875 2257 216 288
1093 2257 314 288
1408 2257 747 288
15 2547 109 288
126 2547 198 43
326 2547 171 288
498 2547 118 288
618 2547 65 288
685 2547 93 288
780 2547 93 288
875 2547 216 288
1093 2547 314 288
1408 2547 747 288
2339 15 2140 168
2339 184 2140 81
2339 267 117 288
2458 267 199 288
2658 267 171 288
2831 267 118 288
2950 267 65 288
3017 267 93 288
3112 267 93 288
3207 267 216 288
3425 267 314 288
3740 267 739 288
2339 557 117 288
2458 557 199 35
2658 557 171 288
2831 557 118 288
2950 557 65 288
3017 557 93 288
3112 557 93 288
3207 557 216 288
3425 557 314 288
3740 557 739 288
2615 674 42 24
2339 847 2140 81
2339 929 117 289
2458 929 199 39
2658 929 171 289
2831 929 118 289
2950 929 65 289
3017 929 93 289
3112 929 93 289
3207 929 216 289
3425 929 314 289
3740 929 739 289
2458 1163 199 40
2339 1220 117 288
2458 1220 199 288
2658 1220 171 288
2831 1220 118 288
2950 1220 65 288
3017 1220 93 288
3112 1220 93 288
3207 1220 216 288
3425 1220 314 288
3740 1220 739 288
2339 1510 2140 1325
