112 112 2032 177
112 292 2032 142
112 436 2032 80
112 519 76 128
191 519 76 128
269 519 208 128
479 519 76 128
558 519 50 128
611 519 49 128
663 519 50 128
716 519 49 128
768 519 223 128
994 519 286 128
1283 519 861 128
112 650 76 1217
191 650 76 302
269 650 208 302
479 650 76 302
558 650 50 302
611 650 49 302
663 650 50 302
716 650 49 302
768 650 223 302
994 650 286 302
1283 650 861 302
191 955 76 302
269 955 208 302
479 955 76 302
558 955 50 302
611 955 49 302
663 955 50 302
716 955 49 302
768 955 223 302
994 955 286 302
1283 955 861 302
191 1260 76 302
269 1260 208 302
479 1260 76 302
558 1260 50 302
611 1260 49 302
663 1260 50 302
716 1260 49 302
768 1260 223 302
994 1260 286 302
1283 1260 861 302
191 1565 76 302
269 1565 208 302
479 1565 76 302
558 1565 50 302
611 1565 49 302
663 1565 50 302
716 1565 49 302
768 1565 223 302
994 1565 286 302
1283 1565 861 302
112 1869 2032 80
112 1952 76 128
191 1952 76 128
269 1952 208 128
479 1952 76 128
558 1952 50 128
611 1952 49 128
663 1952 50 128
716 1952 49 128
768 1952 223 128
994 1952 286 128
1283 1952 861 128
112 2083 76 912
191 2083 76 302
269 2083 208 302
479 2083 76 302
558 2083 50 302
611 2083 49 302
663 2083 50 302
716 2083 49 302
768 2083 223 302
994 2083 286 302
1283 2083 861 302
191 2388 76 302
269 2388 208 302
479 2388 76 302
558 2388 50 302
611 2388 49 302
663 2388 50 302
716 2388 49 302
768 2388 223 302
994 2388 286 302
1283 2388 861 302
191 2693 76 302
269 2693 208 302
479 2693 76 302
558 2693 50 302
611 2693 49 302
663 2693 50 302
716 2693 49 302
768 2693 223 302
994 2693 286 302
1283 2693 861 302
