112 112 2032 72
112 187 76 116
191 187 76 116
269 187 208 116
479 187 76 116
558 187 50 116
611 187 49 116
663 187 50 116
716 187 49 116
768 187 223 116
994 187 286 116
1283 187 861 116
112 305 76 550
191 305 76 274
269 305 208 274
479 305 76 274
558 305 50 274
611 305 49 274
663 305 50 274
716 305 49 274
768 305 223 274
994 305 286 274
1283 305 861 274
191 582 76 273
269 582 208 273
479 582 76 273
558 582 50 273
611 582 49 273
663 582 50 273
716 582 49 273
768 582 223 273
994 582 286 273
1283 582 861 273
112 858 76 273
191 858 76 273
269 858 208 273
479 858 76 273
558 858 50 273
611 858 49 273
663 858 50 273
716 858 49 273
768 858 223 273
994 858 286 273
1283 858 861 273
112 1134 76 273
191 1134 76 273
269 1134 208 273
479 1134 76 273
558 1134 50 273
611 1134 49 273
663 1134 50 273
716 1134 49 273
768 1134 223 273
994 1134 286 273
1283 1134 861 273
112 1410 2032 1585
