176 205 2740 88
176 296 104 142
282 296 104 142
388 296 246 142
637 296 125 142
765 296 68 142
836 296 68 142
907 296 68 142
977 296 68 142
1048 296 302 142
1353 296 386 142
1742 296 1174 142
176 440 104 1004
282 440 104 333
388 440 246 333
637 440 125 333
765 440 68 333
836 440 68 333
907 440 68 333
977 440 68 333
1048 440 302 333
1353 440 386 333
1742 440 1174 333
282 776 104 332
388 776 246 332
637 776 125 332
765 776 68 332
836 776 68 332
907 776 68 332
977 776 68 332
1048 776 302 332
1353 776 386 332
1742 776 1174 332
282 1111 104 333
388 1111 246 333
637 1111 125 333
765 1111 68 333
836 1111 68 333
907 1111 68 333
977 1111 68 333
1048 1111 302 333
1353 1111 386 333
1742 1111 1174 333
176 1447 104 668
282 1447 104 332
388 1447 246 332
637 1447 125 332
765 1447 68 332
836 1447 68 332
907 1447 68 332
977 1447 68 332
1048 1447 302 332
1353 1447 386 332
1742 1447 1174 332
282 1782 104 333
388 1782 246 333
637 1782 125 333
765 1782 68 333
836 1782 68 333
907 1782 68 333
977 1782 68 333
1048 1782 302 333
1353 1782 386 333
1742 1782 1174 333
176 2118 104 668
282 2118 104 332
388 2118 246 332
637 2118 125 332
765 2118 68 332
836 2118 68 332
907 2118 68 332
977 2118 68 332
1048 2118 302 332
1353 2118 386 332
1742 2118 1174 332
282 2453 104 333
388 2453 246 333
637 2453 125 333
765 2453 68 333
836 2453 68 333
907 2453 68 333
977 2453 68 333
1048 2453 302 333
1353 2453 386 333
1742 2453 1174 333
176 2789 104 332
282 2789 104 332
388 2789 246 332
637 2789 125 332
765 2789 68 332
836 2789 68 332
907 2789 68 332
977 2789 68 332
1048 2789 302 332
1353 2789 386 332
1742 2789 1174 332
176 3124 2740 956
176 4083 2740 164
