176 205 2740 285
176 493 2740 265
176 761 2740 97
176 861 104 157
282 861 104 157
388 861 246 157
637 861 125 157
765 861 68 157
836 861 68 157
907 861 68 157
977 861 68 157
1048 861 302 157
1353 861 386 157
1742 861 1174 157
176 1021 104 1111
282 1021 104 368
388 1021 246 368
637 1021 125 368
765 1021 68 368
836 1021 68 368
907 1021 68 368
977 1021 68 368
1048 1021 302 368
1353 1021 386 368
1742 1021 1174 368
282 1392 104 368
388 1392 246 368
637 1392 125 368
765 1392 68 368
836 1392 68 368
907 1392 68 368
977 1392 68 368
1048 1392 302 368
1353 1392 386 368
1742 1392 1174 368
282 1763 104 369
388 1763 246 369
637 1763 125 369
765 1763 68 369
836 1763 68 369
907 1763 68 369
977 1763 68 369
1048 1763 302 369
1353 1763 386 369
1742 1763 1174 369
176 2134 2740 98
176 2235 104 157
282 2235 104 157
388 2235 246 157
637 2235 125 157
765 2235 68 157
836 2235 68 157
907 2235 68 157
977 2235 68 157
1048 2235 302 157
1353 2235 386 157
1742 2235 1174 157
176 2394 104 1853
282 2394 104 369
388 2394 246 369
637 2394 125 369
765 2394 68 369
836 2394 68 369
907 2394 68 369
977 2394 68 369
1048 2394 302 369
1353 2394 386 369
1742 2394 1174 369
282 2766 104 368
388 2766 246 368
637 2766 125 368
765 2766 68 368
836 2766 68 368
907 2766 68 368
977 2766 68 368
1048 2766 302 368
1353 2766 386 368
1742 2766 1174 368
282 3137 104 368
388 3137 246 368
637 3137 125 368
765 3137 68 368
836 3137 68 368
907 3137 68 368
977 3137 68 368
1048 3137 302 368
1353 3137 386 368
1742 3137 1174 368
282 3508 104 368
388 3508 246 368
637 3508 125 368
765 3508 68 368
836 3508 68 368
907 3508 68 368
977 3508 68 368
1048 3508 302 368
1353 3508 386 368
1742 3508 1174 368
282 3879 104 368
388 3879 246 368
637 3879 125 368
765 3879 68 368
836 3879 68 368
907 3879 68 368
977 3879 68 368
1048 3879 302 368
1353 3879 386 368
1742 3879 1174 368
