15 14 2140 683
15 699 109 61
126 699 198 61
326 699 171 61
498 699 118 61
618 699 65 61
685 699 93 61
780 699 93 61
875 699 216 61
1093 699 314 61
1408 699 747 61
15 762 109 237
326 762 171 237
498 762 118 237
618 762 65 237
685 762 93 237
780 762 93 237
875 762 216 237
1093 762 314 237
1408 762 747 237
278 829 46 23
15 1001 109 238
126 1001 198 27
326 1001 171 238
498 1001 118 238
618 1001 65 238
685 1001 93 238
780 1001 93 238
875 1001 216 238
1093 1001 314 238
1408 1001 747 238
15 1240 2140 137
15 1379 2140 61
15 1442 109 248
126 1442 198 24
326 1442 171 248
498 1442 118 248
618 1442 65 248
685 1442 93 248
780 1442 93 248
875 1442 216 248
1093 1442 314 248
1408 1442 747 248
15 1691 109 248
126 1691 198 27
326 1691 171 248
498 1691 118 248
618 1691 65 248
685 1691 93 248
780 1691 93 248
875 1691 216 248
1093 1691 314 248
1408 1691 747 248
281 1765 43 22
15 1941 109 248
326 1941 171 248
498 1941 118 248
618 1941 65 248
685 1941 93 248
780 1941 93 248
875 1941 216 248
1093 1941 314 248
1408 1941 747 248
126 1993 54 39
15 2191 109 247
126 2191 198 24
326 2191 171 247
498 2191 118 247
618 2191 65 247
685 2191 93 247
780 2191 93 247
875 2191 216 247
1093 2191 314 247
1408 2191 747 247
283 2261 41 27
15 2440 2140 117
15 2558 2140 61
15 2621 109 248
126 2621 198 27
326 2621 171 248
498 2621 118 248
618 2621 65 248
685 2621 93 248
780 2621 93 248
875 2621 216 248
1093 2621 314 248
1408 2621 747 248
126 2692 49 26
15 2871 109 247
126 2871 198 22
326 2871 171 247
498 2871 118 247
618 2871 65 247
685 2871 93 247
780 2871 93 247
875 2871 216 247
1093 2871 314 247
1408 2871 747 247
2339 14 2140 80
2339 95 117 254
2659 95 170 254
2831 95 118 254
2951 95 65 254
3017 95 94 254
3112 95 93 254
3207 95 217 254
3425 95 314 254
3741 95 738 254
2458 159 34 22
2339 351 117 253
2659 351 170 253
2831 351 118 253
2951 351 65 253
3017 351 94 253
3112 351 93 253
3207 351 217 253
3425 351 314 253
3741 351 738 253
2339 606 2140 76
2339 684 117 254
2659 684 170 254
2831 684 118 254
2951 684 65 254
3017 684 94 254
3112 684 93 254
3207 684 217 254
3425 684 314 254
3741 684 738 254
2339 940 117 253
2458 940 199 27
2659 940 170 253
2831 940 118 253
2951 940 65 253
3017 940 94 253
3112 940 93 253
3207 940 217 253
3425 940 314 253
3741 940 738 253
2339 1195 2140 76
2339 1273 117 253
2458 1273 199 253
2659 1273 170 253
2831 1273 118 253
2951 1273 65 253
3017 1273 94 253
3112 1273 93 253
3207 1273 217 253
3425 1273 314 253
3741 1273 738 253
2339 1528 117 254
2458 1528 199 254
2659 1528 170 254
2831 1528 118 254
2951 1528 65 254
3017 1528 94 254
3112 1528 93 254
3207 1528 217 254
3425 1528 314 254
3741 1528 738 254
2339 1783 2140 1335
