112 112 2259 275
112 390 2259 207
112 600 2259 88
112 690 85 160
199 690 85 160
287 690 231 160
520 690 85 160
608 690 55 160
666 690 56 160
725 690 55 160
783 690 55 160
841 690 249 160
1093 690 318 160
1414 690 957 160
112 852 85 596
199 852 85 297
287 852 231 297
520 852 85 297
608 852 55 297
666 852 56 297
725 852 55 297
783 852 55 297
841 852 249 297
1093 852 318 297
1414 852 957 297
199 1151 85 297
287 1151 231 297
520 1151 85 297
608 1151 55 297
666 1151 56 297
725 1151 55 297
783 1151 55 297
841 1151 249 297
1093 1151 318 297
1414 1151 957 297
112 1450 2259 89
112 1541 85 159
199 1541 85 159
287 1541 231 159
520 1541 85 159
608 1541 55 159
666 1541 56 159
725 1541 55 159
783 1541 55 159
841 1541 249 159
1093 1541 318 159
1414 1541 957 159
112 1703 85 894
199 1703 85 296
287 1703 231 296
520 1703 85 296
608 1703 55 296
666 1703 56 296
725 1703 55 296
783 1703 55 296
841 1703 249 296
1093 1703 318 296
1414 1703 957 296
199 2002 85 296
287 2002 231 296
520 2002 85 296
608 2002 55 296
666 2002 56 296
725 2002 55 296
783 2002 55 296
841 2002 249 296
1093 2002 318 296
1414 2002 957 296
199 2301 85 296
287 2301 231 296
520 2301 85 296
608 2301 55 296
666 2301 56 296
725 2301 55 296
783 2301 55 296
841 2301 249 296
1093 2301 318 296
1414 2301 957 296
112 2600 2259 88
112 2691 85 159
199 2691 85 159
287 2691 231 159
520 2691 85 159
608 2691 55 159
666 2691 56 159
725 2691 55 159
783 2691 55 159
841 2691 249 159
1093 2691 318 159
1414 2691 957 159
112 2853 85 595
199 2853 85 296
287 2853 231 296
520 2853 85 296
608 2853 55 296
666 2853 56 296
725 2853 55 296
783 2853 55 296
841 2853 249 296
1093 2853 318 296
1414 2853 957 296
199 3152 85 296
287 3152 231 296
520 3152 85 296
608 3152 55 296
666 3152 56 296
725 3152 55 296
783 3152 55 296
841 3152 249 296
1093 3152 318 296
1414 3152 957 296
