60 2660 118 55
179 2660 435 55
616 2660 429 55
1047 2660 117 55
1166 2660 282 55
1455 2660 117 55
1574 2660 435 55
2011 2660 429 55
2441 2660 118 55
2560 2660 282 55
60 2717 118 55
179 2717 435 55
616 2717 429 55
1047 2717 117 55
1166 2717 282 55
1455 2717 117 55
1574 2717 435 55
2011 2717 429 55
2441 2717 118 55
2560 2717 282 55
60 2773 118 55
179 2773 435 55
616 2773 429 55
1047 2773 117 55
1166 2773 282 55
1455 2773 117 55
1574 2773 435 55
2011 2773 429 55
2441 2773 118 55
2560 2773 282 55
60 2830 118 55
179 2830 435 55
616 2830 429 55
1047 2830 117 55
1166 2830 282 55
1455 2830 117 55
1574 2830 435 55
2011 2830 429 55
2441 2830 118 55
2560 2830 282 55
60 2887 118 55
179 2887 435 55
616 2887 429 55
1047 2887 117 55
1166 2887 282 55
1455 2887 117 55
1574 2887 435 55
2011 2887 429 55
2441 2887 118 55
2560 2887 282 55
60 2944 118 55
179 2944 435 55
616 2944 429 55
1047 2944 117 55
1166 2944 282 55
1455 2944 117 55
1574 2944 435 55
2011 2944 429 55
2441 2944 118 55
2560 2944 282 55
60 3000 118 55
179 3000 435 55
616 3000 429 55
1047 3000 117 55
1166 3000 282 55
1455 3000 117 55
1574 3000 435 55
2011 3000 429 55
2441 3000 118 55
2560 3000 282 55
60 3057 118 55
179 3057 435 55
616 3057 429 55
1047 3057 117 55
1166 3057 282 55
1455 3057 117 55
1574 3057 435 55
2011 3057 429 55
2441 3057 118 55
2560 3057 282 55
60 3114 118 55
179 3114 435 55
616 3114 429 55
1047 3114 117 55
1166 3114 282 55
1455 3114 117 55
1574 3114 435 55
2011 3114 429 55
2441 3114 118 55
2560 3114 282 55
60 3170 118 55
179 3170 435 55
616 3170 429 55
1047 3170 117 55
1166 3170 282 55
1455 3170 117 55
1574 3170 435 55
2011 3170 429 55
2441 3170 118 55
2560 3170 282 55
60 3227 118 55
179 3227 435 55
616 3227 429 55
1047 3227 117 55
1166 3227 282 55
1455 3227 117 55
1574 3227 435 55
2011 3227 429 55
2441 3227 118 55
2560 3227 282 55
60 3284 118 55
179 3284 435 55
616 3284 429 55
1047 3284 117 55
1166 3284 282 55
1455 3284 117 55
1574 3284 435 55
2011 3284 429 55
2441 3284 118 55
2560 3284 282 55
60 3340 118 55
179 3340 435 55
616 3340 429 55
1047 3340 117 55
1166 3340 282 55
1455 3340 117 55
1574 3340 435 55
2011 3340 429 55
2441 3340 118 55
2560 3340 282 55
60 3397 118 55
179 3397 435 55
616 3397 429 55
1047 3397 117 55
1166 3397 282 55
1455 3397 117 55
1574 3397 435 55
2011 3397 429 55
2441 3397 118 55
2560 3397 282 55
60 3454 118 55
179 3454 435 55
616 3454 429 55
1047 3454 117 55
1166 3454 282 55
1455 3454 117 55
1574 3454 435 55
2011 3454 429 55
2441 3454 118 55
2560 3454 282 55
60 3510 118 55
179 3510 435 55
616 3510 429 55
1047 3510 117 55
1166 3510 282 55
1455 3510 117 55
1574 3510 435 55
2011 3510 429 55
2441 3510 118 55
2560 3510 282 55
60 3567 118 55
179 3567 435 55
616 3567 429 55
1047 3567 117 55
1166 3567 282 55
1455 3567 117 55
1574 3567 435 55
2011 3567 429 55
2441 3567 118 55
2560 3567 282 55
60 3624 118 55
179 3624 435 55
616 3624 429 55
1047 3624 117 55
1166 3624 282 55
1455 3624 117 55
1574 3624 435 55
2011 3624 429 55
2441 3624 118 55
2560 3624 282 55
60 3681 118 55
179 3681 435 55
616 3681 429 55
1047 3681 117 55
1166 3681 282 55
1455 3681 117 55
1574 3681 435 55
2011 3681 429 55
2441 3681 118 55
2560 3681 282 55
60 3737 118 55
179 3737 435 55
616 3737 429 55
1047 3737 117 55
1166 3737 282 55
1455 3737 117 55
1574 3737 435 55
2011 3737 429 55
2441 3737 118 55
2560 3737 282 55
60 3794 118 55
179 3794 435 55
616 3794 429 55
1047 3794 117 55
1166 3794 282 55
1455 3794 117 55
1574 3794 435 55
2011 3794 429 55
2441 3794 118 55
2560 3794 282 55
60 3851 118 55
179 3851 435 55
616 3851 429 55
1047 3851 117 55
1166 3851 282 55
1455 3851 117 55
1574 3851 435 55
2011 3851 429 55
2441 3851 118 55
2560 3851 282 55
60 3907 118 55
179 3907 435 55
616 3907 429 55
1047 3907 117 55
1166 3907 282 55
1455 3907 117 55
1574 3907 435 55
2011 3907 429 55
2441 3907 118 55
2560 3907 282 55
60 3964 118 55
179 3964 435 55
616 3964 429 55
1047 3964 117 55
1166 3964 282 55
1455 3964 117 55
1574 3964 435 55
2011 3964 429 55
2441 3964 118 55
2560 3964 282 55
