11 312 2880 323
11 647 1435 55
1457 647 1434 55
11 705 44 59
58 705 190 59
251 705 133 59
387 705 65 59
455 705 48 59
506 705 68 59
577 705 68 59
648 705 79 59
730 705 167 59
900 705 546 59
1457 705 44 59
1504 705 190 59
1696 705 134 59
1833 705 65 59
1901 705 48 59
1952 705 68 59
2022 705 68 59
2093 705 80 59
2176 705 167 59
2346 705 545 59
11 767 44 349
58 767 190 349
251 767 133 349
387 767 65 349
455 767 48 349
506 767 68 349
577 767 68 349
648 767 79 349
730 767 167 349
900 767 546 349
1457 767 44 349
1504 767 190 349
1696 767 134 349
1833 767 65 349
1901 767 48 349
1952 767 68 349
2022 767 68 349
2093 767 80 349
2176 767 167 349
2346 767 545 349
11 1119 44 348
58 1119 190 348
251 1119 133 348
387 1119 65 348
455 1119 48 348
506 1119 68 348
577 1119 68 348
648 1119 79 348
730 1119 167 348
900 1119 546 348
1457 1119 44 348
1504 1119 190 348
1696 1119 134 348
1833 1119 65 348
1901 1119 48 348
1952 1119 68 348
2022 1119 68 348
2093 1119 80 348
2176 1119 167 348
2346 1119 545 348
11 1470 1435 60
1457 1470 1434 60
11 1532 44 60
58 1532 190 60
251 1532 133 60
387 1532 65 60
455 1532 48 60
506 1532 68 60
577 1532 68 60
648 1532 79 60
730 1532 167 60
900 1532 546 60
1457 1532 44 60
1504 1532 190 60
1696 1532 134 60
1833 1532 65 60
1901 1532 48 60
1952 1532 68 60
2022 1532 68 60
2093 1532 80 60
2176 1532 167 60
2346 1532 545 60
11 1595 44 348
58 1595 190 348
251 1595 133 348
387 1595 65 348
455 1595 48 348
506 1595 68 348
577 1595 68 348
648 1595 79 348
730 1595 167 348
900 1595 546 348
1457 1595 44 348
1504 1595 190 348
1696 1595 134 348
1833 1595 65 348
1901 1595 48 348
1952 1595 68 348
2022 1595 68 348
2093 1595 80 348
2176 1595 167 348
2346 1595 545 348
11 1946 44 349
58 1946 190 349
251 1946 133 349
387 1946 65 349
455 1946 48 349
506 1946 68 349
577 1946 68 349
648 1946 79 349
730 1946 167 349
900 1946 546 349
1457 1946 44 349
1504 1946 190 349
1696 1946 134 349
1833 1946 65 349
1901 1946 48 349
1952 1946 68 349
2022 1946 68 349
2093 1946 80 349
2176 1946 167 349
2346 1946 545 349
11 2298 1435 59
1457 2298 1434 59
11 2360 44 60
58 2360 190 60
251 2360 133 60
387 2360 65 60
455 2360 48 60
506 2360 68 60
577 2360 68 60
648 2360 79 60
730 2360 167 60
900 2360 546 60
1457 2360 44 60
1504 2360 190 60
1696 2360 134 60
1833 2360 65 60
1901 2360 48 60
1952 2360 68 60
2022 2360 68 60
2093 2360 80 60
2176 2360 167 60
2346 2360 545 60
11 2422 44 349
58 2422 190 349
251 2422 133 349
387 2422 65 349
455 2422 48 349
506 2422 68 349
577 2422 68 349
648 2422 79 349
730 2422 167 349
900 2422 546 349
1457 2422 44 349
1504 2422 190 349
1696 2422 134 349
1833 2422 65 349
1901 2422 48 349
1952 2422 68 349
2022 2422 68 349
2093 2422 80 349
2176 2422 167 349
2346 2422 545 349
11 2774 44 349
58 2774 190 349
251 2774 133 349
387 2774 65 349
455 2774 48 349
506 2774 68 349
577 2774 68 349
648 2774 79 349
730 2774 167 349
900 2774 546 349
1457 2774 1434 60
1457 2836 44 60
1504 2836 190 60
1696 2836 134 60
1833 2836 65 60
1901 2836 48 60
1952 2836 68 60
2024 2836 65 60
2093 2836 80 60
2176 2836 167 60
2346 2836 545 60
1457 2899 44 348
1504 2899 190 348
1696 2899 134 348
1833 2899 65 348
1901 2899 48 348
1952 2899 68 348
2022 2899 68 348
2093 2899 80 348
2176 2899 167 348
2346 2899 545 348
11 3125 1435 60
11 3188 44 59
58 3188 190 59
251 3188 133 59
387 3188 65 59
455 3188 48 59
506 3188 68 59
577 3188 68 59
648 3188 79 59
730 3188 167 59
900 3188 546 59
11 3250 44 349
58 3250 190 349
251 3250 133 349
387 3250 65 349
455 3250 48 349
506 3250 68 349
577 3250 68 349
648 3250 79 349
730 3250 167 349
900 3250 546 349
1457 3250 44 349
1504 3250 190 349
1696 3250 134 349
1833 3250 65 349
1901 3250 48 349
1952 3250 68 349
2022 3250 68 349
2093 3250 80 349
2176 3250 167 349
2346 3250 545 349
11 3602 1435 59
1457 3602 44 348
1504 3602 190 348
1696 3602 134 348
1833 3602 65 348
1901 3602 48 348
1952 3602 68 348
2022 3602 68 348
2093 3602 80 348
2176 3602 167 348
2346 3602 545 348
11 3664 44 60
58 3664 190 60
251 3664 133 60
387 3664 65 60
455 3664 48 60
506 3664 68 60
577 3664 68 60
648 3664 79 60
730 3664 167 60
900 3664 546 60
11 3726 44 345
58 3726 190 345
251 3726 133 345
387 3726 65 345
455 3726 48 345
506 3726 68 345
577 3726 68 345
648 3726 79 345
730 3726 167 345
900 3726 546 345
1457 3953 1434 118
