10 10 2253 276
10 290 2253 236
10 530 86 78
100 530 204 78
308 530 199 78
511 530 65 78
580 530 66 78
650 530 117 78
771 530 129 78
904 530 152 78
1060 530 476 78
1540 530 723 78
10 612 86 239
308 612 199 239
511 612 65 239
580 612 66 239
650 612 117 239
771 612 129 239
904 612 152 239
1060 612 476 239
1540 612 723 239
10 855 86 240
100 855 204 174
308 855 199 240
511 855 65 240
580 855 66 240
650 855 117 240
771 855 129 240
904 855 152 240
1060 855 476 240
1540 855 723 240
100 1040 152 22
10 1099 2253 1953
