12 11 1434 56
1457 11 1435 4060
12 70 44 59
58 70 190 59
251 70 133 59
387 70 65 59
455 70 49 59
506 70 71 59
580 70 71 59
654 70 88 59
744 70 151 59
898 70 548 59
12 132 44 417
58 132 190 417
251 132 133 417
387 132 65 417
455 132 49 417
506 132 71 417
580 132 71 417
654 132 88 417
744 132 151 417
898 132 548 417
12 551 44 417
58 551 190 417
251 551 133 417
387 551 65 417
455 551 49 417
506 551 71 417
580 551 71 417
654 551 88 417
744 551 151 417
898 551 548 417
12 971 44 417
58 971 190 417
251 971 133 417
387 971 65 417
455 971 49 417
506 971 71 417
580 971 71 417
654 971 88 417
744 971 151 417
898 971 548 417
12 1390 44 417
58 1390 190 417
251 1390 133 417
387 1390 65 417
455 1390 49 417
506 1390 71 417
580 1390 71 417
654 1390 88 417
744 1390 151 417
898 1390 548 417
12 1810 1434 60
12 1872 44 60
58 1872 190 60
251 1872 133 60
387 1872 65 60
455 1872 49 60
506 1872 71 60
580 1872 71 60
654 1872 88 60
744 1872 151 60
898 1872 548 60
12 1935 44 416
58 1935 190 416
251 1935 133 416
387 1935 65 416
455 1935 49 416
506 1935 71 416
580 1935 71 416
654 1935 88 416
744 1935 151 416
898 1935 548 416
12 2354 44 413
58 2354 190 413
251 2354 133 413
387 2354 65 413
455 2354 49 413
506 2354 71 413
580 2354 71 413
654 2354 88 413
744 2354 151 413
898 2354 548 413
12 2778 1445 1293
