11 312 2880 323
11 646 1435 56
1457 646 1434 56
11 704 44 60
58 704 190 60
251 704 133 60
387 704 65 60
455 704 48 60
506 704 68 60
577 704 68 60
648 704 79 60
730 704 147 60
880 704 566 60
1457 704 44 60
1504 704 190 60
1697 704 133 60
1833 704 65 60
1901 704 48 60
1952 704 68 60
2023 704 68 60
2093 704 80 60
2176 704 147 60
2326 704 565 60
11 767 44 348
58 767 190 348
251 767 133 348
387 767 65 348
455 767 48 348
506 767 68 348
577 767 68 348
648 767 79 348
730 767 147 348
880 767 566 348
1457 767 44 348
1504 767 190 348
1697 767 133 348
1833 767 65 348
1901 767 48 348
1952 767 68 348
2023 767 68 348
2093 767 80 348
2176 767 147 348
2326 767 565 348
11 1118 1435 60
1457 1118 1434 60
11 1181 44 59
58 1181 190 59
251 1181 133 59
387 1181 65 59
455 1181 48 59
506 1181 68 59
577 1181 68 59
648 1181 79 59
730 1181 147 59
880 1181 566 59
1457 1181 44 59
1504 1181 190 59
1697 1181 133 59
1833 1181 65 59
1901 1181 48 59
1952 1181 68 59
2023 1181 68 59
2093 1181 80 59
2176 1181 147 59
2326 1181 565 59
11 1243 44 349
58 1243 190 349
251 1243 133 349
387 1243 65 349
455 1243 48 349
506 1243 68 349
577 1243 68 349
648 1243 79 349
730 1243 147 349
880 1243 566 349
1457 1243 44 349
1504 1243 190 349
1697 1243 133 349
1833 1243 65 349
1901 1243 48 349
1952 1243 68 349
2023 1243 68 349
2093 1243 80 349
2176 1243 147 349
2326 1243 565 349
11 1595 1435 59
1457 1595 1434 59
11 1657 44 59
58 1657 190 59
251 1657 133 59
387 1657 65 59
455 1657 48 59
506 1657 68 59
577 1657 68 59
648 1657 79 59
730 1657 147 59
880 1657 566 59
1457 1657 44 59
1504 1657 190 59
1697 1657 133 59
1833 1657 65 59
1901 1657 48 59
1952 1657 68 59
2023 1657 68 59
2093 1657 80 59
2176 1657 147 59
2326 1657 565 59
11 1719 44 349
58 1719 190 349
251 1719 133 349
387 1719 65 349
455 1719 48 349
506 1719 68 349
577 1719 68 349
648 1719 79 349
730 1719 147 349
880 1719 566 349
1457 1719 44 349
1504 1719 190 349
1697 1719 133 349
1833 1719 65 349
1901 1719 48 349
1952 1719 68 349
2023 1719 68 349
2093 1719 80 349
2176 1719 147 349
2326 1719 565 349
11 2071 44 348
58 2071 190 348
251 2071 133 348
387 2071 65 348
455 2071 48 348
506 2071 68 348
577 2071 68 348
648 2071 79 348
730 2071 147 348
880 2071 566 348
1457 2071 1434 59
1457 2133 44 60
1504 2133 190 60
1697 2133 133 60
1833 2133 65 60
1901 2133 48 60
1952 2133 68 60
2023 2133 68 60
2093 2133 80 60
2176 2133 147 60
2326 2133 565 60
1457 2195 44 349
1504 2195 190 349
1697 2195 133 349
1833 2195 65 349
1901 2195 48 349
1952 2195 68 349
2023 2195 68 349
2093 2195 80 349
2176 2195 147 349
2326 2195 565 349
11 2422 1435 60
11 2485 44 59
58 2485 190 59
251 2485 133 59
387 2485 65 59
455 2485 48 59
506 2485 68 59
577 2485 68 59
648 2485 79 59
730 2485 147 59
880 2485 566 59
11 2547 44 349
58 2547 190 349
251 2547 133 349
387 2547 65 349
455 2547 48 349
506 2547 68 349
577 2547 68 349
648 2547 79 349
730 2547 147 349
880 2547 566 349
1457 2547 1434 60
1457 2609 44 60
1504 2609 190 60
1697 2609 133 60
1833 2609 65 60
1901 2609 48 60
1952 2609 68 60
2023 2609 68 60
2093 2609 80 60
2176 2609 147 60
2326 2609 565 60
1457 2672 44 348
1504 2672 190 348
1697 2672 133 348
1833 2672 65 348
1901 2672 48 348
1952 2672 68 348
2023 2672 68 348
2093 2672 80 348
2176 2672 147 348
2326 2672 565 348
11 2898 44 349
58 2898 190 349
251 2898 133 349
387 2898 65 349
455 2898 48 349
506 2898 68 349
577 2898 68 349
648 2898 79 349
730 2898 147 349
880 2898 566 349
1457 3023 1434 60
1457 3086 44 59
1504 3086 190 59
1697 3086 133 59
1833 3086 65 59
1901 3086 48 59
1952 3086 68 59
2023 3086 68 59
2093 3086 80 59
2176 3086 147 59
2326 3086 565 59
1457 3148 44 349
1504 3148 190 349
1697 3148 133 349
1833 3148 65 349
1901 3148 48 349
1952 3148 68 349
2023 3148 68 349
2093 3148 80 349
2176 3148 147 349
2326 3148 565 349
11 3250 1435 59
11 3312 44 60
58 3312 190 60
251 3312 133 60
387 3312 65 60
455 3312 48 60
506 3312 68 60
577 3312 68 60
648 3312 79 60
730 3312 147 60
880 3312 566 60
11 3375 44 348
58 3375 190 348
251 3375 133 348
387 3375 65 348
455 3375 48 348
506 3375 68 348
577 3375 68 348
648 3375 79 348
730 3375 147 348
880 3375 566 348
1457 3499 44 349
1504 3499 190 349
1697 3499 133 349
1833 3499 65 349
1901 3499 48 349
1952 3499 68 349
2023 3499 68 349
2093 3499 80 349
2176 3499 147 349
2326 3499 565 349
11 3726 44 345
58 3726 190 345
251 3726 133 345
387 3726 65 345
455 3726 48 345
506 3726 68 345
577 3726 68 345
648 3726 79 345
730 3726 147 345
880 3726 566 345
1457 3851 1434 220
