76 150 2887 248
76 406 2887 276
76 684 2886 61
76 747 61 83
139 747 168 83
309 747 122 83
433 747 95 83
530 747 43 83
575 747 83 83
660 747 61 83
723 747 338 83
1063 747 508 83
1573 747 1389 83
76 832 61 170
309 832 122 170
433 832 95 170
530 832 43 170
575 832 83 170
660 832 61 170
723 832 338 170
1063 832 508 170
1573 832 1389 170
139 881 29 35
285 884 21 34
139 918 22 83
76 1004 2886 60
76 1066 61 83
139 1066 168 83
309 1066 122 83
433 1066 95 83
530 1066 43 83
575 1066 83 83
660 1066 61 83
723 1066 338 83
1063 1066 508 83
1573 1066 1389 83
76 1151 61 170
309 1151 122 170
433 1151 95 170
530 1151 43 170
575 1151 83 170
660 1151 61 170
723 1151 338 170
1063 1151 508 170
1573 1151 1389 170
268 1198 39 123
139 1203 26 118
76 1323 2886 61
76 1386 61 83
139 1386 168 83
309 1386 122 83
433 1386 95 83
530 1386 43 83
575 1386 83 83
660 1386 61 83
723 1386 338 83
1063 1386 508 83
1573 1386 1389 83
76 1471 61 170
309 1471 122 170
433 1471 95 170
530 1471 43 170
575 1471 83 170
660 1471 61 170
723 1471 338 170
1063 1471 508 170
1573 1471 1389 170
283 1520 23 89
139 1521 32 88
76 1643 2886 60
76 1705 61 83
139 1705 168 83
309 1705 122 83
433 1705 95 83
530 1705 43 83
575 1705 83 83
660 1705 61 83
723 1705 338 83
1063 1705 508 83
1573 1705 1389 83
76 1790 61 170
309 1790 122 170
433 1790 95 170
530 1790 43 170
575 1790 83 170
660 1790 61 170
723 1790 338 170
1063 1790 508 170
1573 1790 1389 170
271 1830 36 24
139 1833 33 27
276 1859 31 101
139 1862 30 98
76 1962 2886 60
76 2024 61 83
139 2024 168 83
309 2024 122 83
433 2024 95 83
530 2024 43 83
575 2024 83 83
660 2024 61 83
723 2024 338 83
1063 2024 508 83
1573 2024 1389 83
76 2109 61 171
309 2109 122 171
433 2109 95 171
530 2109 43 171
575 2109 83 171
660 2109 61 171
723 2109 338 171
1063 2109 508 171
1573 2109 1389 171
271 2156 36 100
139 2159 28 103
76 2282 61 83
139 2282 168 83
309 2282 122 83
433 2282 95 83
530 2282 43 83
575 2282 83 83
660 2282 61 83
723 2282 338 83
1063 2282 508 83
1573 2282 1389 83
76 2367 61 170
309 2367 122 170
433 2367 95 170
530 2367 43 170
575 2367 83 170
660 2367 61 170
723 2367 338 170
1063 2367 508 170
1573 2367 1389 170
139 2413 31 27
271 2416 35 121
139 2442 27 88
76 2539 61 83
139 2539 168 83
309 2539 122 83
433 2539 95 83
530 2539 43 83
575 2539 83 83
660 2539 61 83
723 2539 338 83
1063 2539 508 83
1573 2539 1389 83
76 2624 61 170
309 2624 122 170
433 2624 95 170
530 2624 43 170
575 2624 83 170
660 2624 61 170
723 2624 338 170
1063 2624 508 170
1573 2624 1389 170
76 2796 2886 60
76 2858 61 83
139 2858 168 83
309 2858 122 83
433 2858 95 83
530 2858 43 83
575 2858 83 83
660 2858 61 83
723 2858 338 83
1063 2858 508 83
1573 2858 1389 83
76 2943 61 170
309 2943 122 170
433 2943 95 170
530 2943 43 170
575 2943 83 170
660 2943 61 170
723 2943 338 170
1063 2943 508 170
1573 2943 1389 170
277 2996 30 97
139 3000 30 100
76 3115 61 83
139 3115 168 83
309 3115 122 83
433 3115 95 83
530 3115 43 83
575 3115 83 83
660 3115 61 83
723 3115 338 83
1063 3115 508 83
1573 3115 1389 83
76 3200 61 170
309 3200 122 170
433 3200 95 170
530 3200 43 170
575 3200 83 170
660 3200 61 170
723 3200 338 170
1063 3200 508 170
1573 3200 1389 170
139 3249 31 122
271 3252 36 118
76 3372 61 83
139 3372 168 83
309 3372 122 83
433 3372 95 83
530 3372 43 83
575 3372 83 83
660 3372 61 83
723 3372 338 83
1063 3372 508 83
1573 3372 1389 83
76 3457 61 170
309 3457 122 170
433 3457 95 170
530 3457 43 170
575 3457 83 170
660 3457 61 170
723 3457 338 170
1063 3457 508 170
1573 3457 1389 170
272 3529 35 61
139 3532 36 58
76 3629 2886 61
76 3692 61 83
139 3692 168 83
309 3692 122 83
433 3692 95 83
530 3692 43 83
575 3692 83 83
660 3692 61 83
723 3692 338 83
1063 3692 508 83
1573 3692 1389 83
76 3777 61 170
309 3777 122 170
433 3777 95 170
530 3777 43 170
575 3777 83 170
660 3777 61 170
723 3777 338 170
1063 3777 508 170
1573 3777 1389 170
272 3817 34 97
139 3819 35 92
76 3949 61 83
139 3949 168 83
309 3949 122 83
433 3949 95 83
530 3949 43 83
575 3949 83 83
660 3949 61 83
723 3949 338 83
1063 3949 508 83
1573 3949 1389 83
76 4034 61 170
309 4034 122 170
433 4034 95 170
530 4034 43 170
575 4034 83 170
660 4034 61 170
723 4034 338 170
1063 4034 508 170
1573 4034 1389 170
139 4078 31 24
267 4097 39 75
139 4104 29 101
