117 173 2828 222
117 399 2828 222
117 626 222 86
341 626 83 86
426 626 196 86
625 626 168 86
795 626 111 86
908 626 83 86
993 626 111 86
1107 626 111 86
1220 626 281 86
1503 626 395 86
1900 626 1045 86
117 717 222 1175
341 717 83 291
625 717 168 291
795 717 111 291
908 717 83 291
993 717 111 291
1107 717 111 291
1220 717 281 291
1503 717 395 291
1900 717 1045 291
426 784 45 28
577 812 46 33
341 1010 83 293
625 1010 168 293
795 1010 111 293
908 1010 83 293
993 1010 111 293
1107 1010 111 293
1220 1010 281 293
1503 1010 395 293
1900 1010 1045 293
426 1023 197 171
341 1305 83 293
426 1305 196 27
625 1305 168 293
795 1305 111 293
908 1305 83 293
993 1305 111 293
1107 1305 111 293
1220 1305 281 293
1503 1305 395 293
1900 1305 1045 293
426 1577 196 21
341 1600 83 292
625 1600 168 292
795 1600 111 292
908 1600 83 292
993 1600 111 292
1107 1600 111 292
1220 1600 281 292
1503 1600 395 292
1900 1600 1045 292
117 1895 222 882
341 1895 83 292
426 1895 196 292
625 1895 168 292
795 1895 111 292
908 1895 83 292
993 1895 111 292
1107 1895 111 292
1220 1895 281 292
1503 1895 395 292
1900 1895 1045 292
341 2189 83 293
625 2189 168 293
795 2189 111 293
908 2189 83 293
993 2189 111 293
1107 2189 111 293
1220 2189 281 293
1503 2189 395 293
1900 2189 1045 293
341 2484 83 293
625 2484 168 293
795 2484 111 293
908 2484 83 293
993 2484 111 293
1107 2484 111 293
1220 2484 281 293
1503 2484 395 293
1900 2484 1045 293
426 2492 197 23
117 2779 222 587
341 2779 83 293
625 2779 168 293
795 2779 111 293
908 2779 83 293
993 2779 111 293
1107 2779 111 293
1220 2779 281 293
1503 2779 395 293
1900 2779 1045 293
426 2791 197 23
341 3074 83 292
625 3074 168 292
795 3074 111 292
908 3074 83 292
993 3074 111 292
1107 3074 111 292
1220 3074 281 292
1503 3074 395 292
1900 3074 1045 292
117 3369 222 292
341 3369 83 292
625 3369 168 292
795 3369 111 292
908 3369 83 292
993 3369 111 292
1107 3369 111 292
1220 3369 281 292
1503 3369 395 292
1900 3369 1045 292
426 3381 197 221
426 3603 197 46
117 3663 222 586
341 3663 83 293
625 3663 168 293
795 3663 111 293
908 3663 83 293
993 3663 111 293
1107 3663 111 293
1220 3663 281 293
1503 3663 395 293
1900 3663 1045 293
426 3667 197 25
341 3958 83 291
625 3958 168 291
795 3958 111 291
908 3958 83 291
993 3958 111 291
1107 3958 111 291
1220 3958 281 291
1503 3958 395 291
1900 3958 1045 291
