163 165 2345 77
2511 165 2345 77
163 245 87 126
253 245 87 126
343 245 208 126
554 245 100 126
656 245 57 126
716 245 57 126
776 245 57 126
836 245 57 126
896 245 255 126
1154 245 327 126
1483 245 1025 126
2511 245 87 126
2601 245 87 126
2691 245 208 126
2902 245 99 126
3004 245 57 126
3064 245 57 126
3124 245 57 126
3184 245 57 126
3244 245 255 126
3502 245 327 126
3831 245 1025 126
163 374 87 679
253 374 87 338
343 374 208 338
554 374 100 338
656 374 57 338
716 374 57 338
776 374 57 338
836 374 57 338
896 374 255 338
1154 374 327 338
1483 374 1025 338
2511 374 87 679
2601 374 87 338
2691 374 208 338
2902 374 99 338
3004 374 57 338
3064 374 57 338
3124 374 57 338
3184 374 57 338
3244 374 255 338
3502 374 327 338
3831 374 1025 338
253 715 87 338
343 715 208 338
554 715 100 338
656 715 57 338
716 715 57 338
776 715 57 338
836 715 57 338
896 715 255 338
1154 715 327 338
1483 715 1025 338
2601 715 87 338
2691 715 208 338
2902 715 99 338
3004 715 57 338
3064 715 57 338
3124 715 57 338
3184 715 57 338
3244 715 255 338
3502 715 327 338
3831 715 1025 338
163 1056 87 679
253 1056 87 338
343 1056 208 338
554 1056 100 338
656 1056 57 338
716 1056 57 338
776 1056 57 338
836 1056 57 338
896 1056 255 338
1154 1056 327 338
1483 1056 1025 338
2511 1056 2345 2438
253 1397 87 338
343 1397 208 338
554 1397 100 338
656 1397 57 338
716 1397 57 338
776 1397 57 338
836 1397 57 338
896 1397 255 338
1154 1397 327 338
1483 1397 1025 338
163 1738 87 679
253 1738 87 338
343 1738 208 338
554 1738 100 338
656 1738 57 338
716 1738 57 338
776 1738 57 338
836 1738 57 338
896 1738 255 338
1154 1738 327 338
1483 1738 1025 338
253 2079 87 338
343 2079 208 338
554 2079 100 338
656 2079 57 338
716 2079 57 338
776 2079 57 338
836 2079 57 338
896 2079 255 338
1154 2079 327 338
1483 2079 1025 338
163 2420 87 679
253 2420 87 338
343 2420 208 338
554 2420 100 338
656 2420 57 338
716 2420 57 338
776 2420 57 338
836 2420 57 338
896 2420 255 338
1154 2420 327 338
1483 2420 1025 338
253 2761 87 338
343 2761 208 338
554 2761 100 338
656 2761 57 338
716 2761 57 338
776 2761 57 338
836 2761 57 338
896 2761 255 338
1154 2761 327 338
1483 2761 1025 338
163 3102 2345 392
