112 112 2259 198
112 313 2259 140
112 456 2259 76
112 535 85 137
199 535 85 137
287 535 231 137
520 535 85 137
608 535 55 137
666 535 56 137
725 535 55 137
783 535 55 137
841 535 249 137
1093 535 318 137
1414 535 957 137
112 675 85 524
199 675 85 256
287 675 231 256
520 675 85 256
608 675 55 256
666 675 56 256
725 675 55 256
783 675 55 256
841 675 249 256
1093 675 318 256
1414 675 957 256
199 934 85 265
287 934 231 265
520 934 85 265
608 934 55 265
666 934 56 265
725 934 55 265
783 934 55 265
841 934 249 265
1093 934 318 265
1414 934 957 265
112 1201 2259 76
112 1280 85 137
199 1280 85 137
287 1280 231 137
520 1280 85 137
608 1280 55 137
666 1280 56 137
725 1280 55 137
783 1280 55 137
841 1280 249 137
1093 1280 318 137
1414 1280 957 137
112 1420 85 774
199 1420 85 256
287 1420 231 256
520 1420 85 256
608 1420 55 256
666 1420 56 256
725 1420 55 256
783 1420 55 256
841 1420 249 256
1093 1420 318 256
1414 1420 957 256
199 1679 85 256
287 1679 231 256
520 1679 85 256
608 1679 55 256
666 1679 56 256
725 1679 55 256
783 1679 55 256
841 1679 249 256
1093 1679 318 256
1414 1679 957 256
199 1938 85 256
287 1938 231 256
520 1938 85 256
608 1938 55 256
666 1938 56 256
725 1938 55 256
783 1938 55 256
841 1938 249 256
1093 1938 318 256
1414 1938 957 256
112 2197 2259 76
112 2276 85 137
199 2276 85 137
287 2276 231 137
520 2276 85 137
608 2276 55 137
666 2276 56 137
725 2276 55 137
783 2276 55 137
841 2276 249 137
1093 2276 318 137
1414 2276 957 137
112 2416 85 1032
199 2416 85 256
287 2416 231 256
520 2416 85 256
608 2416 55 256
666 2416 56 256
725 2416 55 256
783 2416 55 256
841 2416 249 256
1093 2416 318 256
1414 2416 957 256
199 2675 85 256
287 2675 231 256
520 2675 85 256
608 2675 55 256
666 2675 56 256
725 2675 55 256
783 2675 55 256
841 2675 249 256
1093 2675 318 256
1414 2675 957 256
199 2933 85 256
287 2933 231 256
520 2933 85 256
608 2933 55 256
666 2933 56 256
725 2933 55 256
783 2933 55 256
841 2933 249 256
1093 2933 318 256
1414 2933 957 256
199 3192 85 256
287 3192 231 256
520 3192 85 256
608 3192 55 256
666 3192 56 256
725 3192 55 256
783 3192 55 256
841 3192 249 256
1093 3192 318 256
1414 3192 957 256
