170 214 2897 274
170 491 2897 297
170 793 151 137
323 793 89 137
414 793 202 137
618 793 208 137
828 793 225 137
1055 793 111 137
1168 793 112 137
1282 793 156 137
1440 793 293 137
1735 793 293 137
2030 793 1037 137
170 934 151 380
323 934 89 380
414 934 202 380
618 934 208 380
828 934 225 380
1055 934 111 380
1168 934 112 380
1282 934 156 380
1440 934 293 380
1735 934 293 380
2030 934 1037 380
170 1318 151 379
323 1318 89 379
414 1318 202 379
618 1318 208 379
828 1318 225 379
1055 1318 111 379
1168 1318 112 379
1282 1318 156 379
1440 1318 293 379
1735 1318 293 379
2030 1318 1037 379
170 1701 151 379
323 1701 89 379
414 1701 202 379
618 1701 208 379
828 1701 225 379
1055 1701 111 379
1168 1701 112 379
1282 1701 156 379
1440 1701 293 379
1735 1701 293 379
2030 1701 1037 379
170 2085 151 379
323 2085 89 379
414 2085 202 379
618 2085 208 379
828 2085 225 379
1055 2085 111 379
1168 2085 112 379
1282 2085 156 379
1440 2085 293 379
1735 2085 293 379
2030 2085 1037 379
170 2468 151 379
323 2468 89 379
414 2468 202 379
618 2468 208 379
828 2468 225 379
1055 2468 111 379
1168 2468 112 379
1282 2468 156 379
1440 2468 293 379
1735 2468 293 379
2030 2468 1037 379
170 2852 151 379
323 2852 89 379
414 2852 202 379
618 2852 208 379
828 2852 225 379
1055 2852 111 379
1168 2852 112 379
1282 2852 156 379
1440 2852 293 379
1735 2852 293 379
2030 2852 1037 379
170 3235 151 763
323 3235 89 380
414 3235 202 380
618 3235 208 380
828 3235 225 380
1055 3235 111 380
1168 3235 112 380
1282 3235 156 380
1440 3235 293 380
1735 3235 293 380
2030 3235 1037 380
323 3617 89 381
414 3617 202 381
618 3617 208 381
828 3617 225 381
1055 3617 111 381
1168 3617 112 381
1282 3617 156 381
1440 3617 293 381
1735 3617 293 381
2030 3617 1037 381
170 4002 151 380
323 4002 89 380
414 4002 202 380
618 4002 208 380
828 4002 225 380
1055 4002 111 380
1168 4002 112 380
1282 4002 156 380
1440 4002 293 380
1735 4002 293 380
2030 4002 1037 380
