170 804 151 137
323 804 89 137
414 804 202 137
618 804 208 137
828 804 225 137
1055 804 111 137
1168 804 112 137
1282 804 156 137
1440 804 293 137
1735 804 293 137
2030 804 1037 137
170 945 151 379
323 945 89 379
414 945 202 379
618 945 208 379
828 945 225 379
1055 945 111 379
1168 945 112 379
1282 945 156 379
1440 945 293 379
1735 945 293 379
2030 945 1037 379
170 1329 151 763
323 1329 89 380
414 1329 202 380
618 1329 208 380
828 1329 225 380
1055 1329 111 380
1168 1329 112 380
1282 1329 156 380
1440 1329 293 380
1735 1329 293 380
2030 1329 1037 380
323 1711 89 381
414 1711 202 381
618 1711 208 381
828 1711 225 381
1055 1711 111 381
1168 1711 112 381
1282 1711 156 381
1440 1711 293 381
1735 1711 293 381
2030 1711 1037 381
170 2096 151 379
323 2096 89 379
414 2096 202 379
618 2096 208 379
828 2096 225 379
1055 2096 111 379
1168 2096 112 379
1282 2096 156 379
1440 2096 293 379
1735 2096 293 379
2030 2096 1037 379
170 2480 151 763
323 2480 89 380
414 2480 202 380
618 2480 208 380
828 2480 225 380
1055 2480 111 380
1168 2480 112 380
1282 2480 156 380
1440 2480 293 380
1735 2480 293 380
2030 2480 1037 380
323 2862 89 381
414 2862 202 381
618 2862 208 381
828 2862 225 381
1055 2862 111 381
1168 2862 112 381
1282 2862 156 381
1440 2862 293 381
1735 2862 293 381
2030 2862 1037 381
170 3247 151 379
323 3247 89 379
414 3247 202 379
618 3247 208 379
828 3247 225 379
1055 3247 111 379
1168 3247 112 379
1282 3247 156 379
1440 3247 293 379
1735 3247 293 379
2030 3247 1037 379
170 3631 151 751
323 3631 89 380
414 3631 202 380
618 3631 208 380
828 3631 225 380
1055 3631 111 380
1168 3631 112 380
1282 3631 156 380
1440 3631 293 380
1735 3631 293 380
2030 3631 1037 380
323 4013 89 369
414 4013 202 369
618 4013 208 369
828 4013 225 369
1055 4013 111 369
1168 4013 112 369
1282 4013 156 369
1440 4013 293 369
1735 4013 293 369
2030 4013 1037 369
