22 22 2691 314
22 339 2691 274
22 616 99 82
124 616 252 82
379 616 224 82
606 616 134 82
743 616 94 82
840 616 135 82
977 616 134 82
1113 616 243 82
1359 616 527 82
1889 616 824 82
22 701 2691 57
22 761 99 182
124 761 252 182
379 761 224 182
606 761 134 182
743 761 94 182
840 761 135 182
977 761 134 182
1113 761 243 182
1359 761 527 182
1889 761 824 182
22 946 99 175
379 946 224 175
606 946 134 175
743 946 94 175
840 946 135 175
977 946 134 175
1113 946 243 175
1359 946 527 175
1889 946 824 175
124 1073 92 42
22 1124 2691 56
22 1182 99 177
124 1182 252 177
379 1182 224 177
606 1182 134 177
743 1182 94 177
839 1182 135 177
977 1182 133 177
1113 1182 243 177
1358 1182 528 177
1888 1182 825 177
22 1362 99 178
124 1362 252 178
379 1362 224 178
606 1362 134 178
743 1362 94 178
839 1362 135 178
977 1362 133 178
1113 1362 243 178
1358 1362 528 178
1888 1362 825 178
22 1543 99 177
124 1543 252 177
379 1543 224 177
606 1543 134 177
743 1543 94 177
839 1543 135 177
977 1543 133 177
1113 1543 243 177
1358 1543 528 177
1888 1543 825 177
22 1785 99 178
124 1785 252 178
379 1785 224 178
606 1785 134 178
743 1785 94 178
839 1785 135 178
977 1785 133 178
1113 1785 243 178
1358 1785 528 178
1888 1785 825 178
22 1966 99 178
124 1966 252 178
379 1966 224 178
606 1966 134 178
743 1966 94 178
839 1966 135 178
977 1966 133 178
1113 1966 243 178
1358 1966 528 178
1888 1966 825 178
22 2206 99 179
124 2206 252 179
379 2206 224 179
606 2206 134 179
743 2206 94 179
839 2206 135 179
977 2206 133 179
1113 2206 243 179
1358 2206 528 179
1888 2206 825 179
22 2388 99 176
124 2388 252 176
379 2388 224 176
606 2388 134 176
743 2388 94 176
839 2388 135 176
977 2388 133 176
1113 2388 243 176
1358 2388 528 176
1888 2388 825 176
22 2625 99 181
124 2625 252 181
379 2625 224 181
606 2625 134 181
743 2625 94 181
839 2625 135 181
977 2625 133 181
1113 2625 243 181
1358 2625 528 181
1888 2625 825 181
22 2809 2691 56
22 2867 99 180
124 2867 252 180
379 2867 224 180
606 2867 134 180
743 2867 94 180
839 2867 135 180
977 2867 133 180
1113 2867 243 180
1358 2867 528 180
1888 2867 825 180
22 3050 99 176
124 3050 252 176
379 3050 224 176
606 3050 134 176
743 3050 94 176
839 3050 135 176
977 3050 133 176
1113 3050 243 176
1358 3050 528 176
1888 3050 825 176
22 3229 99 177
124 3229 252 177
379 3229 224 177
606 3229 134 177
743 3229 94 177
839 3229 135 177
977 3229 133 177
1113 3229 243 177
1358 3229 528 177
1888 3229 825 177
22 3409 2691 57
22 3468 99 181
124 3468 252 181
379 3468 224 181
606 3468 134 181
743 3468 94 181
839 3468 135 181
977 3468 133 181
1113 3468 243 181
1358 3468 528 181
1888 3468 825 181
22 3652 2691 55
22 3709 99 180
124 3709 252 180
379 3709 224 180
606 3709 134 180
743 3709 94 180
839 3709 135 180
977 3709 133 180
1113 3709 243 180
1358 3709 528 180
1888 3709 825 180
22 3891 99 180
124 3891 252 180
379 3891 224 180
606 3891 134 180
743 3891 94 180
839 3891 135 180
977 3891 133 180
1113 3891 243 180
1358 3891 528 180
1888 3891 825 180
