57 1790 30 76
88 1790 58 76
147 1790 141 76
289 1790 149 76
439 1790 50 76
490 1790 106 76
57 1867 30 1450
88 1867 58 75
147 1867 141 75
289 1867 149 75
439 1867 50 75
490 1867 106 75
88 1943 58 75
147 1943 141 75
289 1943 149 75
439 1943 50 75
490 1943 106 75
88 2019 58 76
147 2019 141 76
289 2019 149 76
439 2019 50 76
490 2019 106 76
88 2096 58 75
147 2096 141 75
289 2096 149 75
439 2096 50 75
490 2096 106 75
88 2172 58 76
147 2172 141 76
289 2172 149 76
439 2172 50 76
490 2172 106 76
88 2249 58 75
147 2249 141 75
289 2249 149 75
439 2249 50 75
490 2249 106 75
88 2325 58 76
147 2325 141 76
289 2325 149 76
439 2325 50 76
490 2325 106 76
88 2402 58 75
147 2402 141 75
289 2402 149 75
439 2402 50 75
490 2402 106 75
88 2478 58 76
147 2478 141 76
289 2478 149 76
439 2478 50 76
490 2478 106 76
88 2555 58 75
147 2555 141 75
289 2555 149 75
439 2555 50 75
490 2555 106 75
88 2631 58 75
147 2631 141 75
289 2631 149 75
439 2631 50 75
490 2631 106 75
88 2707 58 76
147 2707 141 76
289 2707 149 76
439 2707 50 76
490 2707 106 76
88 2784 58 75
147 2784 141 75
289 2784 149 75
439 2784 50 75
490 2784 106 75
88 2860 58 76
147 2860 141 76
289 2860 149 76
439 2860 50 76
490 2860 106 76
88 2937 58 75
147 2937 141 75
289 2937 149 75
439 2937 50 75
490 2937 106 75
88 3013 58 76
147 3013 141 76
289 3013 149 76
439 3013 50 76
490 3013 106 76
88 3090 58 75
147 3090 141 75
289 3090 149 75
439 3090 50 75
490 3090 106 75
88 3166 58 75
147 3166 141 75
289 3166 149 75
439 3166 50 75
490 3166 106 75
88 3242 58 75
147 3242 141 75
289 3242 149 75
439 3242 50 75
490 3242 106 75
57 3319 30 75
88 3319 58 75
147 3319 141 75
289 3319 149 75
439 3319 50 75
490 3319 106 75
57 3395 30 687
88 3395 58 76
147 3395 141 76
289 3395 149 76
439 3395 50 76
490 3395 106 76
88 3472 58 75
147 3472 141 75
289 3472 149 75
439 3472 50 75
490 3472 106 75
88 3548 58 76
147 3548 141 76
289 3548 149 76
439 3548 50 76
490 3548 106 76
88 3625 58 75
147 3625 141 75
289 3625 149 75
439 3625 50 75
490 3625 106 75
88 3701 58 75
147 3701 141 75
289 3701 149 75
439 3701 50 75
490 3701 106 75
88 3777 58 76
147 3777 141 76
289 3777 149 76
439 3777 50 76
490 3777 106 76
88 3854 58 75
147 3854 141 75
289 3854 149 75
439 3854 50 75
490 3854 106 75
88 3930 58 76
147 3930 141 76
289 3930 149 76
439 3930 50 76
490 3930 106 76
88 4007 58 75
147 4007 141 75
289 4007 149 75
439 4007 50 75
490 4007 106 75
634 1790 30 76
665 1790 58 76
724 1790 141 76
866 1790 149 76
1016 1790 50 76
1067 1790 106 76
634 1867 30 533
665 1867 58 75
724 1867 141 75
866 1867 149 75
1016 1867 50 75
1067 1867 106 75
665 1943 58 75
724 1943 141 75
866 1943 149 75
1016 1943 50 75
1067 1943 106 75
665 2019 58 76
724 2019 141 76
866 2019 149 76
1016 2019 50 76
1067 2019 106 76
665 2096 58 75
724 2096 141 75
866 2096 149 75
1016 2096 50 75
1067 2096 106 75
665 2172 58 76
724 2172 141 76
866 2172 149 76
1016 2172 50 76
1067 2172 106 76
665 2249 58 75
724 2249 141 75
866 2249 149 75
1016 2249 50 75
1067 2249 106 75
665 2325 58 75
724 2325 141 75
866 2325 149 75
1016 2325 50 75
1067 2325 106 75
634 2402 30 75
665 2402 58 75
724 2402 141 75
866 2402 149 75
1016 2402 50 75
1067 2402 106 75
634 2478 30 1604
665 2478 58 76
724 2478 141 76
866 2478 149 76
1016 2478 50 76
1067 2478 106 76
665 2555 58 75
724 2555 141 75
866 2555 149 75
1016 2555 50 75
1067 2555 106 75
665 2631 58 75
724 2631 141 75
866 2631 149 75
1016 2631 50 75
1067 2631 106 75
665 2707 58 76
724 2707 141 76
866 2707 149 76
1016 2707 50 76
1067 2707 106 76
665 2784 58 75
724 2784 141 75
866 2784 149 75
1016 2784 50 75
1067 2784 106 75
665 2860 58 76
724 2860 141 76
866 2860 149 76
1016 2860 50 76
1067 2860 106 76
665 2937 58 75
724 2937 141 75
866 2937 149 75
1016 2937 50 75
1067 2937 106 75
665 3013 58 76
724 3013 141 76
866 3013 149 76
1016 3013 50 76
1067 3013 106 76
665 3090 58 75
724 3090 141 75
866 3090 149 75
1016 3090 50 75
1067 3090 106 75
665 3166 58 75
724 3166 141 75
866 3166 149 75
1016 3166 50 75
1067 3166 106 75
665 3242 58 76
724 3242 141 76
866 3242 149 76
1016 3242 50 76
1067 3242 106 76
665 3319 58 75
724 3319 141 75
866 3319 149 75
1016 3319 50 75
1067 3319 106 75
665 3395 58 76
724 3395 141 76
866 3395 149 76
1016 3395 50 76
1067 3395 106 76
665 3472 58 75
724 3472 141 75
866 3472 149 75
1016 3472 50 75
1067 3472 106 75
665 3548 58 76
724 3548 141 76
866 3548 149 76
1016 3548 50 76
1067 3548 106 76
665 3625 58 75
724 3625 141 75
866 3625 149 75
1016 3625 50 75
1067 3625 106 75
665 3701 58 75
724 3701 141 75
866 3701 149 75
1016 3701 50 75
1067 3701 106 75
665 3777 58 76
724 3777 141 76
866 3777 149 76
1016 3777 50 76
1067 3777 106 76
665 3854 58 75
724 3854 141 75
866 3854 149 75
1016 3854 50 75
1067 3854 106 75
665 3930 58 76
724 3930 141 76
866 3930 149 76
1016 3930 50 76
1067 3930 106 76
665 4007 58 75
724 4007 141 75
866 4007 149 75
1016 4007 50 75
1067 4007 106 75
1211 1790 29 73
1241 1790 58 73
1300 1790 142 73
1443 1790 149 73
1593 1790 50 73
1644 1790 105 73
1211 1864 29 2218
1241 1864 58 73
1300 1864 142 73
1443 1864 149 73
1593 1864 50 73
1644 1864 105 73
1241 1938 58 73
1300 1938 142 73
1443 1938 149 73
1593 1938 50 73
1644 1938 105 73
1241 2012 58 73
1300 2012 142 73
1443 2012 149 73
1593 2012 50 73
1644 2012 105 73
1241 2086 58 73
1300 2086 142 73
1443 2086 149 73
1593 2086 50 73
1644 2086 105 73
1241 2160 58 73
1300 2160 142 73
1443 2160 149 73
1593 2160 50 73
1644 2160 105 73
1241 2234 58 73
1300 2234 142 73
1443 2234 149 73
1593 2234 50 73
1644 2234 105 73
1241 2308 58 73
1300 2308 142 73
1443 2308 149 73
1593 2308 50 73
1644 2308 105 73
1241 2382 58 73
1300 2382 142 73
1443 2382 149 73
1593 2382 50 73
1644 2382 105 73
1241 2456 58 73
1300 2456 142 73
1443 2456 149 73
1593 2456 50 73
1644 2456 105 73
1241 2530 58 73
1300 2530 142 73
1443 2530 149 73
1593 2530 50 73
1644 2530 105 73
1241 2604 58 73
1300 2604 142 73
1443 2604 149 73
1593 2604 50 73
1644 2604 105 73
1241 2678 58 73
1300 2678 142 73
1443 2678 149 73
1593 2678 50 73
1644 2678 105 73
1241 2752 58 73
1300 2752 142 73
1443 2752 149 73
1593 2752 50 73
1644 2752 105 73
1241 2826 58 73
1300 2826 142 73
1443 2826 149 73
1593 2826 50 73
1644 2826 105 73
1241 2900 58 73
1300 2900 142 73
1443 2900 149 73
1593 2900 50 73
1644 2900 105 73
1241 2974 58 73
1300 2974 142 73
1443 2974 149 73
1593 2974 50 73
1644 2974 105 73
1241 3048 58 73
1300 3048 142 73
1443 3048 149 73
1593 3048 50 73
1644 3048 105 73
1241 3122 58 73
1300 3122 142 73
1443 3122 149 73
1593 3122 50 73
1644 3122 105 73
1241 3196 58 73
1300 3196 142 73
1443 3196 149 73
1593 3196 50 73
1644 3196 105 73
1241 3270 58 73
1300 3270 142 73
1443 3270 149 73
1593 3270 50 73
1644 3270 105 73
1241 3344 58 73
1300 3344 142 73
1443 3344 149 73
1593 3344 50 73
1644 3344 105 73
1241 3418 58 72
1300 3418 142 72
1443 3418 149 72
1593 3418 50 72
1644 3418 105 72
1241 3491 58 73
1300 3491 142 73
1443 3491 149 73
1593 3491 50 73
1644 3491 105 73
1241 3565 58 73
1300 3565 142 73
1443 3565 149 73
1593 3565 50 73
1644 3565 105 73
1241 3639 58 73
1300 3639 142 73
1443 3639 149 73
1593 3639 50 73
1644 3639 105 73
1241 3713 58 73
1300 3713 142 73
1443 3713 149 73
1593 3713 50 73
1644 3713 105 73
1241 3787 58 73
1300 3787 142 73
1443 3787 149 73
1593 3787 50 73
1644 3787 105 73
1241 3861 58 73
1300 3861 142 73
1443 3861 149 73
1593 3861 50 73
1644 3861 105 73
1241 3935 58 73
1300 3935 142 73
1443 3935 149 73
1593 3935 50 73
1644 3935 105 73
1241 4009 58 73
1300 4009 142 73
1443 4009 149 73
1593 4009 50 73
1644 4009 105 73
1790 1790 29 73
1820 1790 59 73
1880 1790 141 73
2022 1790 149 73
2172 1790 50 73
2223 1790 105 73
1790 1864 29 2218
1820 1864 59 73
1880 1864 141 73
2022 1864 149 73
2172 1864 50 73
2223 1864 105 73
1820 1938 59 73
1880 1938 141 73
2022 1938 149 73
2172 1938 50 73
2223 1938 105 73
1820 2012 59 73
1880 2012 141 73
2022 2012 149 73
2172 2012 50 73
2223 2012 105 73
1820 2086 59 73
1880 2086 141 73
2022 2086 149 73
2172 2086 50 73
2223 2086 105 73
1820 2160 59 73
1880 2160 141 73
2022 2160 149 73
2172 2160 50 73
2223 2160 105 73
1820 2234 59 73
1880 2234 141 73
2022 2234 149 73
2172 2234 50 73
2223 2234 105 73
1820 2308 59 73
1880 2308 141 73
2022 2308 149 73
2172 2308 50 73
2223 2308 105 73
1820 2382 59 73
1880 2382 141 73
2022 2382 149 73
2172 2382 50 73
2223 2382 105 73
1820 2456 59 73
1880 2456 141 73
2022 2456 149 73
2172 2456 50 73
2223 2456 105 73
1820 2530 59 73
1880 2530 141 73
2022 2530 149 73
2172 2530 50 73
2223 2530 105 73
1820 2604 59 73
1880 2604 141 73
2022 2604 149 73
2172 2604 50 73
2223 2604 105 73
1820 2678 59 73
1880 2678 141 73
2022 2678 149 73
2172 2678 50 73
2223 2678 105 73
1820 2752 59 73
1880 2752 141 73
2022 2752 149 73
2172 2752 50 73
2223 2752 105 73
1820 2826 59 73
1880 2826 141 73
2022 2826 149 73
2172 2826 50 73
2223 2826 105 73
1820 2900 59 73
1880 2900 141 73
2022 2900 149 73
2172 2900 50 73
2223 2900 105 73
1820 2974 59 73
1880 2974 141 73
2022 2974 149 73
2172 2974 50 73
2223 2974 105 73
1820 3048 59 73
1880 3048 141 73
2022 3048 149 73
2172 3048 50 73
2223 3048 105 73
1820 3122 59 73
1880 3122 141 73
2022 3122 149 73
2172 3122 50 73
2223 3122 105 73
1820 3196 59 73
1880 3196 141 73
2022 3196 149 73
2172 3196 50 73
2223 3196 105 73
1820 3270 59 73
1880 3270 141 73
2022 3270 149 73
2172 3270 50 73
2223 3270 105 73
1820 3344 59 73
1880 3344 141 73
2022 3344 149 73
2172 3344 50 73
2223 3344 105 73
1820 3418 59 72
1880 3418 141 72
2022 3418 149 72
2172 3418 50 72
2223 3418 105 72
1820 3491 59 73
1880 3491 141 73
2022 3491 149 73
2172 3491 50 73
2223 3491 105 73
1820 3565 59 73
1880 3565 141 73
2022 3565 149 73
2172 3565 50 73
2223 3565 105 73
1820 3639 59 73
1880 3639 141 73
2022 3639 149 73
2172 3639 50 73
2223 3639 105 73
1820 3713 59 73
1880 3713 141 73
2022 3713 149 73
2172 3713 50 73
2223 3713 105 73
1820 3787 59 73
1880 3787 141 73
2022 3787 149 73
2172 3787 50 73
2223 3787 105 73
1820 3861 59 73
1880 3861 141 73
2022 3861 149 73
2172 3861 50 73
2223 3861 105 73
1820 3935 59 73
1880 3935 141 73
2022 3935 149 73
2172 3935 50 73
2223 3935 105 73
1820 4009 59 73
1880 4009 141 73
2022 4009 149 73
2172 4009 50 73
2223 4009 105 73
2367 1790 29 73
2397 1790 58 73
2456 1790 141 73
2598 1790 149 73
2748 1790 51 73
2800 1790 105 73
2367 1864 29 2218
2397 1864 58 73
2456 1864 141 73
2598 1864 149 73
2748 1864 51 73
2800 1864 105 73
2397 1938 58 73
2456 1938 141 73
2598 1938 149 73
2748 1938 51 73
2800 1938 105 73
2397 2012 58 73
2456 2012 141 73
2598 2012 149 73
2748 2012 51 73
2800 2012 105 73
2397 2086 58 73
2456 2086 141 73
2598 2086 149 73
2748 2086 51 73
2800 2086 105 73
2397 2160 58 73
2456 2160 141 73
2598 2160 149 73
2748 2160 51 73
2800 2160 105 73
2397 2234 58 73
2456 2234 141 73
2598 2234 149 73
2748 2234 51 73
2800 2234 105 73
2397 2308 58 73
2456 2308 141 73
2598 2308 149 73
2748 2308 51 73
2800 2308 105 73
2397 2382 58 73
2456 2382 141 73
2598 2382 149 73
2748 2382 51 73
2800 2382 105 73
2397 2456 58 73
2456 2456 141 73
2598 2456 149 73
2748 2456 51 73
2800 2456 105 73
2397 2530 58 73
2456 2530 141 73
2598 2530 149 73
2748 2530 51 73
2800 2530 105 73
2397 2604 58 73
2456 2604 141 73
2598 2604 149 73
2748 2604 51 73
2800 2604 105 73
2397 2678 58 73
2456 2678 141 73
2598 2678 149 73
2748 2678 51 73
2800 2678 105 73
2397 2752 58 73
2456 2752 141 73
2598 2752 149 73
2748 2752 51 73
2800 2752 105 73
2397 2826 58 73
2456 2826 141 73
2598 2826 149 73
2748 2826 51 73
2800 2826 105 73
2397 2900 58 73
2456 2900 141 73
2598 2900 149 73
2748 2900 51 73
2800 2900 105 73
2397 2974 58 73
2456 2974 141 73
2598 2974 149 73
2748 2974 51 73
2800 2974 105 73
2397 3048 58 73
2456 3048 141 73
2598 3048 149 73
2748 3048 51 73
2800 3048 105 73
2397 3122 58 73
2456 3122 141 73
2598 3122 149 73
2748 3122 51 73
2800 3122 105 73
2397 3196 58 73
2456 3196 141 73
2598 3196 149 73
2748 3196 51 73
2800 3196 105 73
2397 3270 58 73
2456 3270 141 73
2598 3270 149 73
2748 3270 51 73
2800 3270 105 73
2397 3344 58 73
2456 3344 141 73
2598 3344 149 73
2748 3344 51 73
2800 3344 105 73
2397 3418 58 72
2456 3418 141 72
2598 3418 149 72
2748 3418 51 72
2800 3418 105 72
2397 3491 58 73
2456 3491 141 73
2598 3491 149 73
2748 3491 51 73
2800 3491 105 73
2397 3565 58 73
2456 3565 141 73
2598 3565 149 73
2748 3565 51 73
2800 3565 105 73
2397 3639 58 73
2456 3639 141 73
2598 3639 149 73
2748 3639 51 73
2800 3639 105 73
2397 3713 58 73
2456 3713 141 73
2598 3713 149 73
2748 3713 51 73
2800 3713 105 73
2397 3787 58 73
2456 3787 141 73
2598 3787 149 73
2748 3787 51 73
2800 3787 105 73
2397 3861 58 73
2456 3861 141 73
2598 3861 149 73
2748 3861 51 73
2800 3861 105 73
2397 3935 58 73
2456 3935 141 73
2598 3935 149 73
2748 3935 51 73
2800 3935 105 73
2397 4009 58 73
2456 4009 141 73
2598 4009 149 73
2748 4009 51 73
2800 4009 105 73
