11 12 2965 310
11 328 2965 312
11 645 2965 219
11 866 84 60
97 866 208 60
307 866 151 60
460 866 89 60
551 866 89 60
642 866 179 60
823 866 180 60
1004 866 282 60
1288 866 338 60
1628 866 1348 60
11 928 84 353
97 928 208 353
307 928 151 353
460 928 89 353
551 928 89 353
642 928 179 353
823 928 180 353
1004 928 282 353
1288 928 338 353
1628 928 1348 353
11 1283 84 354
97 1283 208 354
307 1283 151 354
460 1283 89 354
551 1283 89 354
642 1283 179 354
823 1283 180 354
1004 1283 282 354
1288 1283 338 354
1628 1283 1348 354
11 1639 84 351
97 1639 208 351
307 1639 151 351
460 1639 89 351
551 1639 89 351
642 1639 179 351
823 1639 180 351
1004 1639 282 351
1288 1639 338 351
1628 1639 1348 351
11 1992 84 355
97 1992 208 355
307 1992 151 355
460 1992 89 355
551 1992 89 355
642 1992 179 355
823 1992 180 355
1004 1992 282 355
1288 1992 338 355
1628 1992 1348 355
11 2349 84 352
97 2349 208 352
307 2349 151 352
460 2349 89 352
551 2349 89 352
642 2349 179 352
823 2349 180 352
1004 2349 282 352
1288 2349 338 352
1628 2349 1348 352
11 2703 84 351
97 2703 208 351
307 2703 151 351
460 2703 89 351
551 2703 89 351
642 2703 179 351
823 2703 180 351
1004 2703 282 351
1288 2703 338 351
1628 2703 1348 351
11 3056 84 355
97 3056 208 355
307 3056 151 355
460 3056 89 355
551 3056 89 355
642 3056 179 355
823 3056 180 355
1004 3056 282 355
1288 3056 338 355
1628 3056 1348 355
11 3412 84 355
97 3412 208 355
307 3412 151 355
460 3412 89 355
551 3412 89 355
642 3412 179 355
823 3412 180 355
1004 3412 282 355
1288 3412 338 355
1628 3412 1348 355
11 3769 84 347
97 3769 208 347
307 3769 151 347
460 3769 89 347
551 3769 89 347
642 3769 179 347
823 3769 180 347
1004 3769 282 347
1288 3769 338 347
1628 3769 1348 347
