12 11 1434 61
1457 11 1435 2869
12 75 44 65
58 75 190 65
251 75 133 65
387 75 65 65
455 75 49 65
506 75 66 65
574 75 66 65
642 75 83 65
727 75 156 65
886 75 560 65
12 143 44 462
58 143 190 462
251 143 133 462
387 143 65 462
455 143 49 462
506 143 66 462
574 143 66 462
642 143 83 462
727 143 156 462
886 143 560 462
12 608 1434 65
12 676 44 65
58 676 190 65
251 676 133 65
387 676 65 65
455 676 49 65
506 676 66 65
574 676 66 65
642 676 83 65
727 676 156 65
886 676 560 65
12 744 44 462
58 744 190 462
251 744 133 462
387 744 65 462
455 744 49 462
506 744 66 462
574 744 66 462
642 744 83 462
727 744 156 462
886 744 560 462
12 1209 1434 65
12 1277 44 65
58 1277 190 65
251 1277 133 65
387 1277 65 65
455 1277 49 65
506 1277 66 65
574 1277 66 65
642 1277 83 65
727 1277 156 65
886 1277 560 65
12 1345 44 462
58 1345 190 462
251 1345 133 462
387 1345 65 462
455 1345 49 462
506 1345 66 462
574 1345 66 462
642 1345 83 462
727 1345 156 462
886 1345 560 462
12 1810 44 462
58 1810 190 462
251 1810 133 462
387 1810 65 462
455 1810 49 462
506 1810 66 462
574 1810 66 462
642 1810 83 462
727 1810 156 462
886 1810 560 462
12 2275 1434 65
12 2343 44 65
58 2343 190 65
251 2343 133 65
387 2343 65 65
455 2343 49 65
506 2343 66 65
574 2343 66 65
642 2343 83 65
727 2343 156 65
886 2343 560 65
12 2411 44 458
58 2411 190 458
251 2411 133 458
387 2411 65 458
455 2411 49 458
506 2411 66 458
574 2411 66 458
642 2411 83 458
727 2411 156 458
886 2411 560 458
12 2880 2880 1191
