162 143 3193 311
162 458 3193 322
162 784 98 59
264 784 93 59
362 784 189 59
556 784 278 59
838 784 279 59
1121 784 106 59
1232 784 141 59
1377 784 227 59
1608 784 349 59
1961 784 630 59
2595 784 760 59
162 847 98 1157
264 847 93 228
362 847 189 228
556 847 278 228
838 847 279 228
1121 847 106 228
1232 847 141 228
1377 847 227 228
1608 847 349 228
1961 847 630 228
2595 847 760 228
264 1079 93 228
362 1079 189 228
556 1079 278 228
838 1079 279 228
1121 1079 106 228
1232 1079 141 228
1377 1079 227 228
1608 1079 349 228
1961 1079 630 228
2595 1079 760 228
264 1312 93 228
362 1312 189 228
556 1312 278 228
838 1312 279 228
1121 1312 106 228
1232 1312 141 228
1377 1312 227 228
1608 1312 349 228
1961 1312 630 228
2595 1312 760 228
264 1544 93 228
362 1544 189 228
556 1544 278 228
838 1544 279 228
1121 1544 106 228
1232 1544 141 228
1377 1544 227 228
1608 1544 349 228
1961 1544 630 228
2595 1544 760 228
264 1776 93 228
362 1776 189 228
556 1776 278 228
838 1776 279 228
1121 1776 106 228
1232 1776 141 228
1377 1776 227 228
1608 1776 349 228
1961 1776 630 228
2595 1776 760 228
162 2009 98 925
264 2009 93 228
362 2009 189 228
556 2009 278 228
838 2009 279 228
1121 2009 106 228
1232 2009 141 228
1377 2009 227 228
1608 2009 349 228
1961 2009 630 228
2595 2009 760 228
264 2241 93 228
362 2241 189 228
556 2241 278 228
838 2241 279 228
1121 2241 106 228
1232 2241 141 228
1377 2241 227 228
1608 2241 349 228
1961 2241 630 228
2595 2241 760 228
264 2473 93 228
362 2473 189 228
556 2473 278 228
838 2473 279 228
1121 2473 106 228
1232 2473 141 228
1377 2473 227 228
1608 2473 349 228
1961 2473 630 228
2595 2473 760 228
264 2706 93 228
362 2706 189 228
556 2706 278 228
838 2706 279 228
1121 2706 106 228
1232 2706 141 228
1377 2706 227 228
1608 2706 349 228
1961 2706 630 228
2595 2706 760 228
162 2938 98 693
264 2938 93 228
362 2938 189 228
556 2938 278 228
838 2938 279 228
1121 2938 106 228
1232 2938 141 228
1377 2938 227 228
1608 2938 349 228
1961 2938 630 228
2595 2938 760 228
264 3170 93 228
362 3170 189 228
556 3170 278 228
838 3170 279 228
1121 3170 106 228
1232 3170 141 228
1377 3170 227 228
1608 3170 349 228
1961 3170 630 228
2595 3170 760 228
264 3402 93 229
362 3402 189 229
556 3402 278 229
838 3402 279 229
1121 3402 106 229
1232 3402 141 229
1377 3402 227 229
1608 3402 349 229
1961 3402 630 229
2595 3402 760 229
162 3635 98 925
264 3635 93 228
362 3635 189 228
556 3635 278 228
838 3635 279 228
1121 3635 106 228
1232 3635 141 228
1377 3635 227 228
1608 3635 349 228
1961 3635 630 228
2595 3635 760 228
264 3867 93 228
362 3867 189 228
556 3867 278 228
838 3867 279 228
1121 3867 106 228
1232 3867 141 228
1377 3867 227 228
1608 3867 349 228
1961 3867 630 228
2595 3867 760 228
264 4099 93 229
362 4099 189 229
556 4099 278 229
838 4099 279 229
1121 4099 106 229
1232 4099 141 229
1377 4099 227 229
1608 4099 349 229
1961 4099 630 229
2595 4099 760 229
264 4332 93 228
362 4332 189 228
556 4332 278 228
838 4332 279 228
1121 4332 106 228
1232 4332 141 228
1377 4332 227 228
1608 4332 349 228
1961 4332 630 228
2595 4332 760 228
162 4564 3193 244
