212 461 24 34
237 461 102 34
340 461 104 34
445 461 51 34
497 461 86 34
212 497 371 35
212 533 24 35
237 533 102 35
340 533 104 35
445 533 51 35
497 533 86 35
212 569 24 35
237 569 102 35
340 569 104 35
445 569 51 35
497 569 86 35
212 606 24 35
237 606 102 35
340 606 104 35
445 606 51 35
497 606 86 35
212 642 24 35
237 642 102 35
340 642 104 35
445 642 51 35
497 642 86 35
212 678 24 35
237 678 102 35
340 678 104 35
445 678 51 35
497 678 86 35
212 715 24 34
237 715 102 34
340 715 104 34
445 715 51 34
497 715 86 34
212 751 24 35
237 751 102 35
340 751 104 35
445 751 51 35
497 751 86 35
212 787 24 35
237 787 102 35
340 787 104 35
445 787 51 35
497 787 86 35
212 823 24 35
237 823 102 35
340 823 104 35
445 823 51 35
497 823 86 35
212 860 24 35
237 860 102 35
340 860 104 35
445 860 51 35
497 860 86 35
212 896 24 35
237 896 102 35
340 896 104 35
445 896 51 35
497 896 86 35
212 932 24 35
237 932 102 35
340 932 104 35
445 932 51 35
497 932 86 35
212 969 24 34
237 969 102 34
340 969 104 34
445 969 51 34
497 969 86 34
212 1005 24 35
237 1005 102 35
340 1005 104 35
445 1005 51 35
497 1005 86 35
212 1041 24 35
237 1041 102 35
340 1041 104 35
445 1041 51 35
497 1041 86 35
212 1077 24 35
237 1077 102 35
340 1077 104 35
445 1077 51 35
497 1077 86 35
212 1114 24 35
237 1114 102 35
340 1114 104 35
445 1114 51 35
497 1114 86 35
212 1150 24 35
237 1150 102 35
340 1150 104 35
445 1150 51 35
497 1150 86 35
212 1186 24 35
237 1186 102 35
340 1186 104 35
445 1186 51 35
497 1186 86 35
212 1223 24 34
237 1223 102 34
340 1223 104 34
445 1223 51 34
497 1223 86 34
212 1259 24 35
237 1259 102 35
340 1259 104 35
445 1259 51 35
497 1259 86 35
212 1295 24 35
237 1295 102 35
340 1295 104 35
445 1295 51 35
497 1295 86 35
212 1331 24 35
237 1331 102 35
340 1331 104 35
445 1331 51 35
497 1331 86 35
212 1368 24 35
237 1368 102 35
340 1368 104 35
445 1368 51 35
497 1368 86 35
212 1404 24 35
237 1404 102 35
340 1404 104 35
445 1404 51 35
497 1404 86 35
212 1440 24 35
237 1440 102 35
340 1440 104 35
445 1440 51 35
497 1440 86 35
212 1477 24 34
237 1477 102 34
340 1477 104 34
445 1477 51 34
497 1477 86 34
212 1513 24 35
237 1513 102 35
340 1513 104 35
445 1513 51 35
497 1513 86 35
212 1549 24 35
237 1549 102 35
340 1549 104 35
445 1549 51 35
497 1549 86 35
212 1585 24 35
237 1585 102 35
340 1585 104 35
445 1585 51 35
497 1585 86 35
212 1622 24 35
237 1622 102 35
340 1622 104 35
445 1622 51 35
497 1622 86 35
212 1658 24 35
237 1658 102 35
340 1658 104 35
445 1658 51 35
497 1658 86 35
212 1694 24 35
237 1694 102 35
340 1694 104 35
445 1694 51 35
497 1694 86 35
212 1731 24 34
237 1731 102 34
340 1731 104 34
445 1731 51 34
497 1731 86 34
212 1767 24 35
237 1767 102 35
340 1767 104 35
445 1767 51 35
497 1767 86 35
212 1803 24 35
237 1803 102 35
340 1803 104 35
445 1803 51 35
497 1803 86 35
212 1839 24 35
237 1839 102 35
340 1839 104 35
445 1839 51 35
497 1839 86 35
212 1876 24 35
237 1876 102 35
340 1876 104 35
445 1876 51 35
497 1876 86 35
212 1912 24 35
237 1912 102 35
340 1912 104 35
445 1912 51 35
497 1912 86 35
212 1948 24 35
237 1948 102 35
340 1948 104 35
445 1948 51 35
497 1948 86 35
212 1985 24 34
237 1985 102 34
340 1985 104 34
445 1985 51 34
497 1985 86 34
212 2021 24 35
237 2021 102 35
340 2021 104 35
445 2021 51 35
497 2021 86 35
212 2057 24 35
237 2057 102 35
340 2057 104 35
445 2057 51 35
497 2057 86 35
212 2093 24 35
237 2093 102 35
340 2093 104 35
445 2093 51 35
497 2093 86 35
212 2130 24 35
237 2130 102 35
340 2130 104 35
445 2130 51 35
497 2130 86 35
212 2166 24 35
237 2166 102 35
340 2166 104 35
445 2166 51 35
497 2166 86 35
212 2202 24 35
237 2202 102 35
340 2202 104 35
445 2202 51 35
497 2202 86 35
212 2239 24 34
237 2239 102 34
340 2239 104 34
445 2239 51 34
497 2239 86 34
212 2275 24 35
237 2275 102 35
340 2275 104 35
445 2275 51 35
497 2275 86 35
212 2311 24 35
237 2311 102 35
340 2311 104 35
445 2311 51 35
497 2311 86 35
212 2347 24 35
237 2347 102 35
340 2347 104 35
445 2347 51 35
497 2347 86 35
212 2384 24 35
237 2384 102 35
340 2384 104 35
445 2384 51 35
497 2384 86 35
212 2420 24 35
237 2420 102 35
340 2420 104 35
445 2420 51 35
497 2420 86 35
212 2456 24 35
237 2456 102 35
340 2456 104 35
445 2456 51 35
497 2456 86 35
212 2493 24 34
237 2493 102 34
340 2493 104 34
445 2493 51 34
497 2493 86 34
212 2529 24 35
237 2529 102 35
340 2529 104 35
445 2529 51 35
497 2529 86 35
212 2565 24 35
237 2565 102 35
340 2565 104 35
445 2565 51 35
497 2565 86 35
212 2601 24 35
237 2601 102 35
340 2601 104 35
445 2601 51 35
497 2601 86 35
212 2638 24 35
237 2638 102 35
340 2638 104 35
445 2638 51 35
497 2638 86 35
212 2674 24 35
237 2674 102 35
340 2674 104 35
445 2674 51 35
497 2674 86 35
212 2710 24 35
237 2710 102 35
340 2710 104 35
445 2710 51 35
497 2710 86 35
212 2747 24 34
237 2747 102 34
340 2747 104 34
445 2747 51 34
497 2747 86 34
212 2783 24 35
237 2783 102 35
340 2783 104 35
445 2783 51 35
497 2783 86 35
212 2819 24 35
237 2819 102 35
340 2819 104 35
445 2819 51 35
497 2819 86 35
212 2855 24 35
237 2855 102 35
340 2855 104 35
445 2855 51 35
497 2855 86 35
212 2892 24 35
237 2892 102 35
340 2892 104 35
445 2892 51 35
497 2892 86 35
212 2928 24 35
237 2928 102 35
340 2928 104 35
445 2928 51 35
497 2928 86 35
212 2964 24 35
237 2964 102 35
340 2964 104 35
445 2964 51 35
497 2964 86 35
212 3001 24 34
237 3001 102 34
340 3001 104 34
445 3001 51 34
497 3001 86 34
212 3037 24 35
237 3037 102 35
340 3037 104 35
445 3037 51 35
497 3037 86 35
212 3073 24 35
237 3073 102 35
340 3073 104 35
445 3073 51 35
497 3073 86 35
212 3109 24 35
237 3109 102 35
340 3109 104 35
445 3109 51 35
497 3109 86 35
212 3146 24 34
237 3146 102 34
340 3146 104 34
445 3146 51 34
497 3146 86 34
212 3182 24 35
237 3182 102 35
340 3182 104 35
445 3182 51 35
497 3182 86 35
212 3218 24 35
237 3218 102 35
340 3218 104 35
445 3218 51 35
497 3218 86 35
212 3255 24 34
237 3255 102 34
340 3255 104 34
445 3255 51 34
497 3255 86 34
212 3291 24 35
237 3291 102 35
340 3291 104 35
445 3291 51 35
497 3291 86 35
212 3327 24 35
237 3327 102 35
340 3327 104 35
445 3327 51 35
497 3327 86 35
212 3363 24 35
237 3363 102 35
340 3363 104 35
445 3363 51 35
497 3363 86 35
212 3400 24 34
237 3400 102 34
340 3400 104 34
445 3400 51 34
497 3400 86 34
212 3436 24 35
237 3436 102 35
340 3436 104 35
445 3436 51 35
497 3436 86 35
212 3472 24 35
237 3472 102 35
340 3472 104 35
445 3472 51 35
497 3472 86 35
212 3509 24 34
237 3509 102 34
340 3509 104 34
445 3509 51 34
497 3509 86 34
212 3545 24 35
237 3545 102 35
340 3545 104 35
445 3545 51 35
497 3545 86 35
212 3581 24 35
237 3581 102 35
340 3581 104 35
445 3581 51 35
497 3581 86 35
212 3617 24 35
237 3617 102 35
340 3617 104 35
445 3617 51 35
497 3617 86 35
212 3654 24 34
237 3654 102 34
340 3654 104 34
445 3654 51 34
497 3654 86 34
212 3690 24 35
237 3690 102 35
340 3690 104 35
445 3690 51 35
497 3690 86 35
212 3726 24 35
237 3726 102 35
340 3726 104 35
445 3726 51 35
497 3726 86 35
212 3763 24 34
237 3763 102 34
340 3763 104 34
445 3763 51 34
497 3763 86 34
212 3799 24 35
237 3799 102 35
340 3799 104 35
445 3799 51 35
497 3799 86 35
212 3835 24 35
237 3835 102 35
340 3835 104 35
445 3835 51 35
497 3835 86 35
212 3871 24 35
237 3871 102 35
340 3871 104 35
445 3871 51 35
497 3871 86 35
212 3908 24 34
237 3908 102 34
340 3908 104 34
445 3908 51 34
497 3908 86 34
212 3944 24 35
237 3944 102 35
340 3944 104 35
445 3944 51 35
497 3944 86 35
212 3980 24 35
237 3980 102 35
340 3980 104 35
445 3980 51 35
497 3980 86 35
212 4016 24 35
237 4016 102 35
340 4016 104 35
445 4016 51 35
497 4016 86 35
212 4053 24 35
237 4053 102 35
340 4053 104 35
445 4053 51 35
497 4053 86 35
212 4089 24 35
237 4089 102 35
340 4089 104 35
445 4089 51 35
497 4089 86 35
212 4125 24 35
237 4125 102 35
340 4125 104 35
445 4125 51 35
497 4125 86 35
212 4162 24 34
237 4162 102 34
340 4162 104 34
445 4162 51 34
497 4162 86 34
212 4198 24 34
237 4198 102 34
340 4198 104 34
445 4198 51 34
497 4198 86 34
604 461 24 34
629 461 101 34
731 461 105 34
837 461 50 34
889 461 86 34
604 497 24 35
629 497 101 35
731 497 105 35
837 497 50 35
889 497 86 35
604 533 24 35
629 533 101 35
731 533 105 35
837 533 50 35
889 533 86 35
604 569 24 35
629 569 101 35
731 569 105 35
837 569 50 35
889 569 86 35
604 606 24 35
629 606 101 35
731 606 105 35
837 606 50 35
889 606 86 35
604 642 24 35
629 642 101 35
731 642 105 35
837 642 50 35
889 642 86 35
604 678 24 35
629 678 101 35
731 678 105 35
837 678 50 35
889 678 86 35
604 715 24 34
629 715 101 34
731 715 105 34
837 715 50 34
889 715 86 34
604 751 24 35
629 751 101 35
731 751 105 35
837 751 50 35
889 751 86 35
604 787 24 35
629 787 101 35
731 787 105 35
837 787 50 35
889 787 86 35
604 823 24 35
629 823 101 35
731 823 105 35
837 823 50 35
889 823 86 35
604 860 24 35
629 860 101 35
731 860 105 35
837 860 50 35
889 860 86 35
604 896 24 35
629 896 101 35
731 896 105 35
837 896 50 35
889 896 86 35
604 932 24 35
629 932 101 35
731 932 105 35
837 932 50 35
889 932 86 35
604 969 24 34
629 969 101 34
731 969 105 34
837 969 50 34
889 969 86 34
604 1005 24 35
629 1005 101 35
731 1005 105 35
837 1005 50 35
889 1005 86 35
604 1041 24 35
629 1041 101 35
731 1041 105 35
837 1041 50 35
889 1041 86 35
604 1077 24 35
629 1077 101 35
731 1077 105 35
837 1077 50 35
889 1077 86 35
604 1114 24 35
629 1114 101 35
731 1114 105 35
837 1114 50 35
889 1114 86 35
604 1150 24 35
629 1150 101 35
731 1150 105 35
837 1150 50 35
889 1150 86 35
604 1186 24 35
629 1186 101 35
731 1186 105 35
837 1186 50 35
889 1186 86 35
604 1223 24 34
629 1223 101 34
731 1223 105 34
837 1223 50 34
889 1223 86 34
604 1259 24 35
629 1259 101 35
731 1259 105 35
837 1259 50 35
889 1259 86 35
604 1295 24 35
629 1295 101 35
731 1295 105 35
837 1295 50 35
889 1295 86 35
604 1331 24 35
629 1331 101 35
731 1331 105 35
837 1331 50 35
889 1331 86 35
604 1368 24 35
629 1368 101 35
731 1368 105 35
837 1368 50 35
889 1368 86 35
604 1404 24 35
629 1404 101 35
731 1404 105 35
837 1404 50 35
889 1404 86 35
604 1440 24 35
629 1440 101 35
731 1440 105 35
837 1440 50 35
889 1440 86 35
604 1477 24 34
629 1477 101 34
731 1477 105 34
837 1477 50 34
889 1477 86 34
604 1513 24 35
629 1513 101 35
731 1513 105 35
837 1513 50 35
889 1513 86 35
604 1549 24 35
629 1549 101 35
731 1549 105 35
837 1549 50 35
889 1549 86 35
604 1585 24 35
629 1585 101 35
731 1585 105 35
837 1585 50 35
889 1585 86 35
604 1622 24 35
629 1622 101 35
731 1622 105 35
837 1622 50 35
889 1622 86 35
604 1658 24 35
629 1658 101 35
731 1658 105 35
837 1658 50 35
889 1658 86 35
604 1694 24 35
629 1694 101 35
731 1694 105 35
837 1694 50 35
889 1694 86 35
604 1731 24 34
629 1731 101 34
731 1731 105 34
837 1731 50 34
889 1731 86 34
604 1767 24 35
629 1767 101 35
731 1767 105 35
837 1767 50 35
889 1767 86 35
604 1803 24 35
629 1803 101 35
731 1803 105 35
837 1803 50 35
889 1803 86 35
604 1839 24 35
629 1839 101 35
731 1839 105 35
837 1839 50 35
889 1839 86 35
604 1876 24 35
629 1876 101 35
731 1876 105 35
837 1876 50 35
889 1876 86 35
604 1912 24 35
629 1912 101 35
731 1912 105 35
837 1912 50 35
889 1912 86 35
604 1948 24 35
629 1948 101 35
731 1948 105 35
837 1948 50 35
889 1948 86 35
604 1985 24 34
629 1985 101 34
731 1985 105 34
837 1985 50 34
889 1985 86 34
604 2021 24 35
629 2021 101 35
731 2021 105 35
837 2021 50 35
889 2021 86 35
604 2057 24 35
629 2057 101 35
731 2057 105 35
837 2057 50 35
889 2057 86 35
604 2093 24 35
629 2093 101 35
731 2093 105 35
837 2093 50 35
889 2093 86 35
604 2130 24 35
629 2130 101 35
731 2130 105 35
837 2130 50 35
889 2130 86 35
604 2166 24 35
629 2166 101 35
731 2166 105 35
837 2166 50 35
889 2166 86 35
604 2202 371 35
604 2238 24 35
629 2238 101 35
731 2238 105 35
837 2239 50 34
889 2239 86 34
604 2275 24 35
629 2275 101 35
731 2275 105 35
837 2275 50 35
889 2275 86 35
604 2311 24 35
629 2311 101 35
731 2311 105 35
837 2311 50 35
889 2311 86 35
604 2347 24 35
629 2347 101 35
731 2347 105 35
837 2347 50 35
889 2347 86 35
604 2384 24 34
629 2384 101 34
731 2384 105 34
837 2384 50 35
889 2384 86 35
604 2420 24 35
629 2420 101 35
731 2420 105 35
837 2420 50 35
889 2420 86 35
604 2456 24 35
629 2456 101 35
731 2456 105 35
837 2456 50 35
889 2456 86 35
604 2492 24 35
629 2492 101 35
731 2492 105 35
837 2493 50 34
889 2493 86 34
604 2529 24 35
629 2529 101 35
731 2529 105 35
837 2529 50 35
889 2529 86 35
604 2565 24 35
629 2565 101 35
731 2565 105 35
837 2565 50 35
889 2565 86 35
604 2601 24 35
629 2601 101 35
731 2601 105 35
837 2601 50 35
889 2601 86 35
604 2638 24 34
629 2638 101 34
731 2638 105 34
837 2638 50 35
889 2638 86 35
604 2674 24 35
629 2674 101 35
731 2674 105 35
837 2674 50 35
889 2674 86 35
604 2710 24 35
629 2710 101 35
731 2710 105 35
837 2710 50 35
889 2710 86 35
604 2746 24 35
629 2746 101 35
731 2746 105 35
837 2747 50 34
889 2747 86 34
604 2783 24 35
629 2783 101 35
731 2783 105 35
837 2783 50 35
889 2783 86 35
604 2819 24 35
629 2819 101 35
731 2819 105 35
837 2819 50 35
889 2819 86 35
604 2855 24 35
629 2855 101 35
731 2855 105 35
837 2855 50 35
889 2855 86 35
604 2892 24 34
629 2892 101 34
731 2892 105 34
837 2892 50 35
889 2892 86 35
604 2928 24 35
629 2928 101 35
731 2928 105 35
837 2928 50 35
889 2928 86 35
604 2964 24 35
629 2964 101 35
731 2964 105 35
837 2964 50 35
889 2964 86 35
604 3000 24 35
629 3000 101 35
731 3000 105 35
837 3001 50 34
889 3001 86 34
604 3037 24 35
629 3037 101 35
731 3037 105 35
837 3037 50 35
889 3037 86 35
604 3073 24 35
629 3073 101 35
731 3073 105 35
837 3073 50 35
889 3073 86 35
604 3109 24 35
629 3109 101 35
731 3109 105 35
837 3109 50 35
889 3109 86 35
604 3146 24 34
629 3146 101 34
731 3146 105 34
837 3146 50 34
889 3146 86 34
604 3182 24 35
629 3182 101 35
731 3182 105 35
837 3182 50 35
889 3182 86 35
604 3218 24 35
629 3218 101 35
731 3218 105 35
837 3218 50 35
889 3218 86 35
604 3254 24 35
629 3254 101 35
731 3254 105 35
837 3255 50 34
889 3255 86 34
604 3291 24 35
629 3291 101 35
731 3291 105 35
837 3291 50 35
889 3291 86 35
604 3327 24 35
629 3327 101 35
731 3327 105 35
837 3327 50 35
889 3327 86 35
604 3363 24 35
629 3363 101 35
731 3363 105 35
837 3363 50 35
889 3363 86 35
604 3400 24 34
629 3400 101 34
731 3400 105 34
837 3400 50 34
889 3400 86 34
604 3436 24 35
629 3436 101 35
731 3436 105 35
837 3436 50 35
889 3436 86 35
604 3472 24 35
629 3472 101 35
731 3472 105 35
837 3472 50 35
889 3472 86 35
604 3508 24 35
629 3508 101 35
731 3508 105 35
837 3509 50 34
889 3509 86 34
604 3545 24 35
629 3545 101 35
731 3545 105 35
837 3545 50 35
889 3545 86 35
604 3581 24 35
629 3581 101 35
731 3581 105 35
837 3581 50 35
889 3581 86 35
604 3617 24 35
629 3617 101 35
731 3617 105 35
837 3617 50 35
889 3617 86 35
604 3654 24 34
629 3654 101 34
731 3654 105 34
837 3654 50 34
889 3654 86 34
604 3690 371 35
604 3726 24 35
629 3726 101 35
731 3726 105 35
837 3726 50 35
889 3726 86 35
604 3762 24 35
629 3762 101 35
731 3762 105 35
837 3763 50 34
889 3763 86 34
604 3799 24 35
629 3799 101 35
731 3799 105 35
837 3799 50 35
889 3799 86 35
604 3835 24 35
629 3835 101 35
731 3835 105 35
837 3835 50 35
889 3835 86 35
604 3871 24 35
629 3871 101 35
731 3871 105 35
837 3871 50 35
889 3871 86 35
604 3908 24 34
629 3908 101 34
731 3908 105 34
837 3908 50 34
889 3908 86 34
604 3944 24 35
629 3944 101 35
731 3944 105 35
837 3944 50 35
889 3944 86 35
604 3980 24 35
629 3980 101 35
731 3980 105 35
837 3980 50 35
888 3980 87 35
604 4016 24 35
629 4016 101 35
731 4016 105 35
837 4016 50 35
889 4016 86 35
604 4053 24 35
629 4053 101 35
731 4053 105 35
837 4053 50 35
889 4053 86 35
604 4089 24 35
629 4089 101 35
731 4089 105 35
837 4089 50 35
889 4089 86 35
604 4125 24 35
629 4125 101 35
731 4125 105 35
837 4125 50 35
889 4125 86 35
604 4162 24 34
629 4162 101 34
731 4162 105 34
837 4162 50 34
889 4162 86 34
604 4198 24 34
629 4198 101 34
731 4198 105 34
837 4198 50 34
889 4198 86 34
996 461 24 34
1021 461 101 34
1123 461 105 34
1229 461 50 34
1281 461 86 34
996 497 24 35
1021 497 101 35
1123 497 105 35
1229 497 50 35
1281 497 86 35
996 533 24 35
1021 533 101 35
1123 533 105 35
1229 533 50 35
1281 533 86 35
996 569 24 35
1021 569 101 35
1123 569 105 35
1229 569 50 35
1281 569 86 35
996 606 24 35
1021 606 101 35
1123 606 105 35
1229 606 50 35
1281 606 86 35
996 642 24 35
1021 642 101 35
1123 642 105 35
1229 642 50 35
1281 642 86 35
996 678 24 35
1021 678 101 35
1123 678 105 35
1229 678 50 35
1281 678 86 35
996 715 24 34
1021 715 101 34
1123 715 105 34
1229 715 50 34
1281 715 86 34
996 751 24 35
1021 751 101 35
1123 751 105 35
1229 751 50 35
1281 751 86 35
996 787 24 35
1021 787 101 35
1123 787 105 35
1229 787 50 35
1281 787 86 35
996 823 24 35
1021 823 101 35
1123 823 105 35
1229 823 50 35
1281 823 86 35
996 860 24 35
1021 860 101 35
1123 860 105 35
1229 860 50 35
1281 860 86 35
996 896 24 35
1021 896 101 35
1123 896 105 35
1229 896 50 35
1281 896 86 35
996 932 24 35
1021 932 101 35
1123 932 105 35
1229 932 50 35
1281 932 86 35
996 969 24 34
1021 969 101 34
1123 969 105 34
1229 969 50 34
1281 969 86 34
996 1005 24 35
1021 1005 101 35
1123 1005 105 35
1229 1005 50 35
1281 1005 86 35
996 1041 24 35
1021 1041 101 35
1123 1041 105 35
1229 1041 50 35
1281 1041 86 35
996 1077 24 35
1021 1077 101 35
1123 1077 105 35
1229 1077 50 35
1281 1077 86 35
996 1114 24 35
1021 1114 101 35
1123 1114 105 35
1229 1114 50 35
1281 1114 86 35
996 1150 24 35
1021 1150 101 35
1123 1150 105 35
1229 1150 50 35
1281 1150 86 35
996 1186 24 35
1021 1186 101 35
1123 1186 105 35
1229 1186 50 35
1281 1186 86 35
996 1223 24 34
1021 1223 101 34
1123 1223 105 34
1229 1223 50 34
1281 1223 86 34
996 1259 24 35
1021 1259 101 35
1123 1259 105 35
1229 1259 50 35
1281 1259 86 35
996 1295 371 35
1021 1331 101 35
1123 1331 105 35
1229 1331 50 35
1281 1331 86 35
996 1368 24 34
1021 1368 101 34
1123 1368 105 34
1229 1368 50 35
1281 1368 86 35
996 1404 24 35
1021 1404 101 35
1123 1404 105 35
1229 1404 50 35
1281 1404 86 35
996 1440 24 35
1021 1440 101 35
1123 1440 105 35
1229 1440 50 35
1281 1440 86 35
1021 1476 101 35
1123 1476 105 35
1229 1477 50 34
1281 1477 86 34
996 1513 24 35
1021 1513 101 35
1123 1513 105 35
1229 1513 50 35
1281 1513 86 35
996 1549 24 35
1021 1549 101 35
1123 1549 105 35
1229 1549 50 35
1281 1549 86 35
1021 1585 101 35
1123 1585 105 35
1229 1585 50 35
1281 1585 86 35
996 1622 24 34
1021 1622 101 34
1123 1622 105 34
1229 1622 50 35
1281 1622 86 35
996 1658 24 35
1021 1658 101 35
1123 1658 105 35
1229 1658 50 35
1281 1658 86 35
996 1694 24 35
1021 1694 101 35
1123 1694 105 35
1229 1694 50 35
1281 1694 86 35
1021 1730 101 35
1123 1730 105 35
1229 1731 50 34
1281 1731 86 34
996 1767 24 35
1021 1767 101 35
1123 1767 105 35
1229 1767 50 35
1281 1767 86 35
996 1803 24 35
1021 1803 101 35
1123 1803 105 35
1229 1803 50 35
1281 1803 86 35
1021 1839 101 35
1123 1839 105 35
1229 1839 50 35
1281 1839 86 35
996 1876 24 34
1021 1876 101 34
1123 1876 105 34
1229 1876 50 35
1281 1876 86 35
996 1912 24 35
1021 1912 101 35
1123 1912 105 35
1229 1912 50 35
1281 1912 86 35
996 1948 24 35
1021 1948 101 35
1123 1948 105 35
1229 1948 50 35
1281 1948 86 35
1021 1984 101 35
1123 1984 105 35
1229 1985 50 34
1281 1985 86 34
996 2021 24 35
1021 2021 101 35
1123 2021 105 35
1229 2021 50 35
1281 2021 86 35
996 2057 24 35
1021 2057 101 35
1123 2057 105 35
1229 2057 50 35
1281 2057 86 35
996 2093 24 35
1021 2093 101 35
1123 2093 105 35
1229 2093 50 35
1281 2093 86 35
996 2130 24 34
1021 2130 101 34
1123 2130 105 34
1229 2130 50 35
1281 2130 86 35
996 2166 24 35
1021 2166 101 35
1123 2166 105 35
1229 2166 50 35
1281 2166 86 35
996 2202 24 35
1021 2202 101 35
1123 2202 105 35
1229 2202 50 35
1281 2202 86 35
996 2239 371 34
996 2275 23 35
1021 2275 101 35
1123 2275 104 35
1229 2275 50 35
1281 2275 86 35
996 2311 23 35
1021 2311 101 35
1123 2311 104 35
1229 2311 50 35
1281 2311 86 35
1021 2347 101 35
1123 2347 104 35
1229 2347 50 35
1281 2347 86 35
1021 2384 101 34
1123 2384 104 34
1229 2384 50 35
1281 2384 86 35
996 2420 23 35
1021 2420 101 35
1123 2420 104 35
1229 2420 50 35
1281 2420 86 35
1021 2456 101 35
1123 2456 104 35
1229 2456 50 35
1281 2456 86 35
1021 2492 101 35
1123 2492 104 35
1229 2493 50 34
1281 2493 86 34
1021 2529 101 35
1123 2529 104 35
1229 2529 50 35
1281 2529 86 35
1021 2565 101 35
1123 2565 104 35
1229 2565 50 35
1281 2565 86 35
1021 2601 101 35
1123 2601 104 35
1229 2601 50 35
1281 2601 86 35
1021 2638 101 34
1123 2638 104 34
1229 2638 50 35
1281 2638 86 35
996 2674 23 35
1021 2674 101 35
1123 2674 104 35
1229 2674 50 35
1281 2674 86 35
996 2710 23 35
1021 2710 101 35
1123 2710 104 35
1229 2710 50 35
1281 2710 86 35
1021 2746 101 35
1123 2746 104 35
1229 2747 50 34
1281 2747 86 34
996 2783 23 35
1021 2783 101 35
1123 2783 104 35
1229 2783 50 35
1281 2783 86 35
1021 2819 101 35
1123 2819 104 35
1229 2819 50 35
1281 2819 86 35
1021 2855 101 35
1123 2855 104 35
1229 2855 50 35
1281 2855 86 35
1021 2892 101 34
1123 2892 104 34
1229 2892 50 35
1281 2892 86 35
1021 2928 101 35
1123 2928 104 35
1229 2928 50 35
1281 2928 86 35
1021 2964 101 35
1123 2964 104 35
1229 2964 50 35
1281 2964 86 35
1021 3000 101 35
1123 3000 104 35
1229 3001 50 34
1281 3001 86 34
996 3037 23 35
1021 3037 101 35
1123 3037 104 35
1229 3037 50 35
1281 3037 86 35
996 3073 23 35
1021 3073 101 35
1123 3073 104 35
1229 3073 50 35
1281 3073 86 35
996 3109 23 35
1021 3109 101 35
1123 3109 104 35
1229 3109 50 35
1281 3109 86 35
1021 3146 101 34
1123 3146 104 34
1229 3146 50 34
1281 3146 86 34
1021 3182 101 35
1123 3182 104 35
1229 3182 50 35
1281 3182 86 35
996 3218 23 35
1021 3218 101 35
1123 3218 104 35
1229 3218 50 35
1281 3218 86 35
1021 3254 101 35
1123 3254 104 35
1229 3255 50 34
1281 3255 86 34
1021 3291 101 35
1123 3291 104 35
1229 3291 50 35
1281 3291 86 35
1021 3327 101 35
1123 3327 104 35
1229 3327 50 35
1281 3327 86 35
996 3363 23 35
1021 3363 101 35
1123 3363 104 35
1229 3363 50 35
1281 3363 86 35
1021 3400 101 34
1123 3400 104 34
1229 3400 50 34
1281 3400 86 34
996 3436 23 35
1021 3436 101 35
1123 3436 104 35
1229 3436 50 35
1281 3436 86 35
996 3472 23 35
1021 3472 101 35
1123 3472 104 35
1229 3472 50 35
1281 3472 86 35
1021 3508 101 35
1123 3508 104 35
1229 3509 50 34
1281 3509 86 34
1021 3545 101 35
1123 3545 104 35
1229 3545 50 35
1281 3545 86 35
1021 3581 101 35
1123 3581 104 35
1229 3581 50 35
1281 3581 86 35
1021 3617 101 35
1123 3617 104 35
1229 3617 50 35
1281 3617 86 35
1021 3654 101 34
1123 3654 104 34
1229 3654 50 34
1281 3654 86 34
996 3690 371 35
1021 3726 101 35
1123 3726 104 35
1229 3726 50 35
1281 3726 86 35
1021 3762 101 35
1123 3762 104 35
1229 3763 50 34
1281 3763 86 34
996 3799 23 35
1021 3799 101 35
1123 3799 104 35
1229 3799 50 35
1281 3799 86 35
996 3835 23 35
1021 3835 101 35
1123 3835 104 35
1229 3835 50 35
1281 3835 86 35
1021 3871 101 35
1123 3871 104 35
1229 3871 50 35
1281 3871 86 35
1021 3908 101 34
1123 3908 104 34
1229 3908 50 34
1281 3908 86 34
1021 3944 101 35
1123 3944 104 35
1229 3944 50 35
1281 3944 86 35
996 3980 23 35
1021 3980 101 35
1123 3980 104 35
1229 3980 50 35
1280 3980 87 35
1021 4016 101 35
1123 4016 105 35
1229 4016 50 35
1281 4016 86 35
996 4053 24 35
1021 4053 101 35
1123 4053 105 35
1229 4053 50 35
1281 4053 86 35
996 4089 24 35
1021 4089 101 35
1123 4089 105 35
1229 4089 50 35
1281 4089 86 35
996 4125 23 35
1020 4125 102 35
1123 4125 104 35
1229 4125 50 35
1281 4125 86 35
996 4162 23 34
1020 4162 102 34
1123 4162 104 34
1229 4162 50 34
1281 4162 86 34
996 4198 23 34
1020 4198 102 34
1123 4198 104 34
1229 4198 50 34
1281 4198 86 34
1387 461 25 34
1413 461 101 34
1515 461 105 34
1621 461 50 34
1672 461 87 34
1387 497 25 35
1413 497 101 35
1515 497 104 35
1621 497 50 35
1672 497 87 35
1387 533 25 35
1413 533 101 35
1515 533 104 35
1621 533 50 35
1672 533 87 35
1387 569 25 35
1413 569 101 35
1515 569 104 35
1621 569 50 35
1672 569 87 35
1387 606 25 35
1413 606 101 35
1515 606 104 35
1621 606 50 35
1672 606 87 35
1387 642 25 35
1413 642 101 35
1515 642 104 35
1621 642 50 35
1672 642 87 35
1387 678 25 35
1413 678 101 35
1515 678 104 35
1621 678 50 35
1672 678 87 35
1387 715 25 34
1413 715 101 34
1515 715 104 34
1621 715 50 34
1672 715 87 34
1387 751 25 35
1413 751 101 35
1515 751 104 35
1621 751 50 35
1672 751 87 35
1387 787 372 35
1387 823 25 35
1413 823 101 35
1515 823 104 35
1621 823 50 35
1672 823 87 35
1387 860 25 35
1413 860 101 35
1515 860 104 35
1621 860 50 35
1672 860 87 35
1387 896 25 35
1413 896 101 35
1515 896 104 35
1621 896 50 35
1672 896 87 35
1387 932 25 35
1413 932 101 35
1515 932 104 35
1621 932 50 35
1672 932 87 35
1387 969 25 34
1413 969 101 34
1515 969 104 34
1621 969 50 34
1672 969 87 34
1387 1005 25 35
1413 1005 101 35
1515 1005 104 35
1621 1005 50 35
1672 1005 87 35
1387 1041 25 35
1413 1041 101 35
1515 1041 104 35
1621 1041 50 35
1672 1041 87 35
1387 1077 25 35
1413 1077 101 35
1515 1077 104 35
1621 1077 50 35
1672 1077 87 35
1387 1114 25 35
1413 1114 101 35
1515 1114 104 35
1621 1114 50 35
1672 1114 87 35
1387 1150 25 35
1413 1150 101 35
1515 1150 104 35
1621 1150 50 35
1672 1150 87 35
1387 1186 372 35
1387 1223 25 34
1413 1223 101 34
1515 1223 104 34
1621 1223 50 34
1672 1223 87 34
1387 1259 25 35
1413 1259 101 35
1515 1259 104 35
1621 1259 50 35
1672 1259 87 35
1387 1295 25 35
1413 1295 101 35
1515 1295 104 35
1621 1295 50 35
1672 1295 87 35
1387 1331 25 35
1413 1331 101 35
1515 1331 104 35
1621 1331 50 35
1672 1331 87 35
1387 1368 25 35
1413 1368 101 35
1515 1368 104 35
1621 1368 50 35
1672 1368 87 35
1387 1404 25 35
1413 1404 101 35
1515 1404 104 35
1621 1404 50 35
1672 1404 87 35
1387 1440 25 35
1413 1440 101 35
1515 1440 104 35
1621 1440 50 35
1672 1440 87 35
1387 1477 25 34
1413 1477 101 34
1515 1477 104 34
1621 1477 50 34
1672 1477 87 34
1387 1513 25 35
1413 1513 101 35
1515 1513 104 35
1621 1513 50 35
1672 1513 87 35
1387 1549 25 35
1413 1549 101 35
1515 1549 104 35
1621 1549 50 35
1672 1549 87 35
1387 1585 25 35
1413 1585 101 35
1515 1585 104 35
1621 1585 50 35
1672 1585 87 35
1387 1622 25 35
1413 1622 101 35
1515 1622 104 35
1621 1622 50 35
1672 1622 87 35
1387 1658 25 35
1413 1658 101 35
1515 1658 104 35
1621 1658 50 35
1672 1658 87 35
1387 1694 25 35
1413 1694 101 35
1515 1694 104 35
1621 1694 50 35
1672 1694 87 35
1387 1731 25 34
1413 1731 101 34
1515 1731 104 34
1621 1731 50 34
1672 1731 87 34
1387 1767 372 35
1387 1803 25 35
1413 1803 101 35
1515 1803 104 35
1621 1803 50 35
1672 1803 87 35
1387 1839 25 35
1413 1839 101 35
1515 1839 104 35
1621 1839 50 35
1672 1839 87 35
1387 1876 25 35
1413 1876 101 35
1515 1876 104 35
1621 1876 50 35
1672 1876 87 35
1387 1912 25 35
1413 1912 101 35
1515 1912 104 35
1621 1912 50 35
1672 1912 87 35
1387 1948 25 35
1413 1948 101 35
1515 1948 104 35
1621 1948 50 35
1672 1948 87 35
1387 1985 25 34
1413 1985 101 34
1515 1985 104 34
1621 1985 50 34
1672 1985 87 34
1387 2021 25 35
1413 2021 101 35
1515 2021 104 35
1621 2021 50 35
1672 2021 87 35
1387 2057 25 35
1413 2057 101 35
1515 2057 104 35
1621 2057 50 35
1672 2057 87 35
1387 2093 25 35
1413 2093 101 35
1515 2093 104 35
1621 2093 50 35
1672 2093 87 35
1387 2130 25 35
1413 2130 101 35
1515 2130 104 35
1621 2130 50 35
1672 2130 87 35
1387 2166 25 35
1413 2166 101 35
1515 2166 104 35
1621 2166 50 35
1672 2166 87 35
1387 2202 25 35
1413 2202 101 35
1515 2202 104 35
1621 2202 50 35
1672 2202 87 35
1387 2239 25 34
1413 2239 101 34
1515 2239 104 34
1621 2239 50 34
1672 2239 87 34
1387 2275 25 35
1413 2275 101 35
1515 2275 104 35
1621 2275 50 35
1672 2275 87 35
1387 2311 25 35
1413 2311 101 35
1515 2311 104 35
1621 2311 50 35
1672 2311 87 35
1387 2347 25 35
1413 2347 101 35
1515 2347 104 35
1621 2347 50 35
1672 2347 87 35
1387 2384 25 35
1413 2384 101 35
1515 2384 104 35
1621 2384 50 35
1672 2384 87 35
1387 2420 25 35
1413 2420 101 35
1515 2420 104 35
1621 2420 50 35
1672 2420 87 35
1387 2456 25 35
1413 2456 101 35
1515 2456 104 35
1621 2456 50 35
1672 2456 87 35
1387 2493 25 34
1413 2493 101 34
1515 2493 104 34
1621 2493 50 34
1672 2493 87 34
1387 2529 372 35
1387 2565 25 35
1413 2565 101 35
1515 2565 104 35
1621 2565 50 35
1672 2565 87 35
1387 2601 25 35
1413 2601 101 35
1515 2601 104 35
1621 2601 50 35
1672 2601 87 35
1387 2638 25 35
1413 2638 101 35
1515 2638 104 35
1621 2638 50 35
1672 2638 87 35
1387 2674 25 35
1413 2674 101 35
1515 2674 104 35
1621 2674 50 35
1672 2674 87 35
1387 2710 25 35
1413 2710 101 35
1515 2710 104 35
1621 2710 50 35
1672 2710 87 35
1387 2747 25 34
1413 2747 101 34
1515 2747 104 34
1621 2747 50 34
1672 2747 87 34
1387 2783 25 35
1413 2783 101 35
1515 2783 104 35
1621 2783 50 35
1672 2783 87 35
1387 2819 25 35
1413 2819 101 35
1515 2819 104 35
1621 2819 50 35
1672 2819 87 35
1387 2855 25 35
1413 2855 101 35
1515 2855 104 35
1621 2855 50 35
1672 2855 87 35
1387 2892 25 35
1413 2892 101 35
1515 2892 104 35
1621 2892 50 35
1672 2892 87 35
1387 2928 25 35
1413 2928 101 35
1515 2928 104 35
1621 2928 50 35
1672 2928 87 35
1387 2964 25 35
1413 2964 101 35
1515 2964 104 35
1621 2964 50 35
1672 2964 87 35
1387 3001 25 34
1413 3001 101 34
1515 3001 104 34
1621 3001 50 34
1672 3001 87 34
1387 3037 25 35
1413 3037 101 35
1515 3037 104 35
1621 3037 50 35
1672 3037 87 35
1387 3073 25 35
1413 3073 101 35
1515 3073 104 35
1621 3073 50 35
1672 3073 87 35
1387 3109 25 35
1413 3109 101 35
1515 3109 104 35
1621 3109 50 35
1672 3109 87 35
1387 3146 25 35
1413 3146 101 35
1515 3146 104 35
1621 3146 50 34
1672 3146 87 34
1387 3182 25 35
1413 3182 101 35
1515 3182 104 35
1621 3182 50 35
1672 3182 87 35
1387 3218 372 35
1387 3255 25 34
1413 3255 101 34
1515 3255 104 34
1621 3255 50 34
1672 3255 87 34
1387 3291 25 35
1413 3291 101 35
1515 3291 104 35
1621 3291 50 35
1672 3291 87 35
1387 3327 25 35
1413 3327 101 35
1515 3327 104 35
1621 3327 50 35
1672 3327 87 35
1387 3363 25 35
1413 3363 101 35
1515 3363 104 35
1621 3363 50 35
1672 3363 87 35
1387 3400 25 35
1413 3400 101 35
1515 3400 104 35
1621 3400 50 34
1672 3400 87 34
1387 3436 25 35
1413 3436 101 35
1515 3436 104 35
1621 3436 50 35
1672 3436 87 35
1387 3472 25 35
1413 3472 101 35
1515 3472 104 35
1621 3472 50 35
1672 3472 87 35
1387 3509 25 34
1413 3509 101 34
1515 3509 104 34
1621 3509 50 34
1672 3509 87 34
1387 3545 25 35
1413 3545 101 35
1515 3545 104 35
1621 3545 50 35
1672 3545 87 35
1387 3581 25 35
1413 3581 101 35
1515 3581 104 35
1621 3581 50 35
1672 3581 87 35
1387 3617 25 35
1413 3617 101 35
1515 3617 104 35
1621 3617 50 35
1672 3617 87 35
1387 3654 25 35
1413 3654 101 35
1515 3654 104 35
1621 3654 50 34
1672 3654 87 34
1387 3690 25 35
1413 3690 101 35
1515 3690 104 35
1621 3690 50 35
1672 3690 87 35
1387 3726 25 35
1413 3726 101 35
1515 3726 104 35
1621 3726 50 35
1672 3726 87 35
1387 3763 25 34
1413 3763 101 34
1515 3763 104 34
1621 3763 50 34
1672 3763 87 34
1387 3799 25 35
1413 3799 101 35
1515 3799 104 35
1621 3799 50 35
1672 3799 87 35
1387 3835 25 35
1413 3835 101 35
1515 3835 104 35
1621 3835 50 35
1672 3835 87 35
1387 3871 25 35
1413 3871 101 35
1515 3871 104 35
1621 3871 50 35
1672 3871 87 35
1387 3908 25 34
1413 3908 101 34
1515 3908 104 34
1621 3908 50 34
1672 3908 87 34
1387 3944 24 35
1412 3944 102 35
1515 3944 104 35
1621 3944 50 35
1672 3944 87 35
1387 3980 24 35
1412 3980 102 35
1515 3980 104 35
1621 3980 50 35
1672 3980 87 35
1387 4016 24 35
1412 4016 102 35
1515 4016 104 35
1621 4016 50 35
1672 4016 87 35
1387 4053 372 35
1387 4089 24 35
1412 4089 102 35
1515 4089 104 35
1621 4089 50 35
1672 4089 87 35
1387 4125 24 35
1412 4125 102 35
1515 4125 104 35
1621 4125 50 35
1672 4125 87 35
1387 4162 24 34
1412 4162 102 34
1515 4162 104 34
1621 4162 50 34
1672 4162 87 34
1387 4198 24 34
1412 4198 102 34
1515 4198 104 34
1621 4198 50 34
1672 4198 87 34
1779 461 25 34
1805 461 101 34
1907 461 105 34
2013 461 50 34
2064 461 87 34
1779 497 24 35
1805 497 101 35
1907 497 104 35
2013 497 50 35
2064 497 87 35
1779 533 24 35
1805 533 101 35
1907 533 104 35
2013 533 50 35
2064 533 87 35
1779 569 24 35
1805 569 101 35
1907 569 104 35
2013 569 50 35
2064 569 87 35
1779 606 24 35
1805 606 101 35
1907 606 104 35
2013 606 50 35
2064 606 87 35
1779 642 24 35
1805 642 101 35
1907 642 104 35
2013 642 50 35
2064 642 87 35
1805 678 101 35
1907 678 104 35
2013 678 50 35
2064 678 87 35
1779 715 24 34
1805 715 101 34
1907 715 104 34
2013 715 50 34
2064 715 87 34
1805 751 101 35
1907 751 104 35
2013 751 50 35
2064 751 87 35
1805 787 101 35
1907 787 104 35
2013 787 50 35
2064 787 87 35
1805 823 101 35
1907 823 104 35
2013 823 50 35
2064 823 87 35
1779 860 24 35
1805 860 101 35
1907 860 104 35
2013 860 50 35
2064 860 87 35
1779 896 24 35
1805 896 101 35
1907 896 104 35
2013 896 50 35
2064 896 87 35
1779 932 24 35
1805 932 101 35
1907 932 104 35
2013 932 50 35
2064 932 87 35
1779 969 372 34
1779 1005 24 35
1805 1005 101 35
1907 1005 104 35
2013 1005 50 35
2064 1005 87 35
1779 1041 24 35
1805 1041 101 35
1907 1041 104 35
2013 1041 50 35
2064 1041 87 35
1805 1077 101 35
1907 1077 104 35
2013 1077 50 35
2064 1077 87 35
1805 1114 101 35
1907 1114 104 35
2013 1114 50 35
2064 1114 87 35
1805 1150 101 35
1907 1150 104 35
2013 1150 50 35
2064 1150 87 35
1805 1186 101 35
1907 1186 104 35
2013 1186 50 35
2064 1186 87 35
1805 1223 101 34
1907 1223 104 34
2013 1223 50 34
2064 1223 87 34
1779 1259 24 35
1805 1259 101 35
1907 1259 104 35
2013 1259 50 35
2064 1259 87 35
1779 1295 24 35
1805 1295 101 35
1907 1295 104 35
2013 1295 50 35
2064 1295 87 35
1779 1331 24 35
1805 1331 101 35
1907 1331 104 35
2013 1331 50 35
2064 1331 87 35
1779 1368 24 35
1805 1368 101 35
1907 1368 104 35
2013 1368 50 35
2064 1368 87 35
1779 1404 24 35
1805 1404 101 35
1907 1404 104 35
2013 1404 50 35
2064 1404 87 35
1805 1440 101 35
1907 1440 104 35
2013 1440 50 35
2064 1440 87 35
1779 1477 24 34
1805 1477 101 34
1907 1477 104 34
2013 1477 50 34
2064 1477 87 34
1805 1513 101 35
1907 1513 104 35
2013 1513 50 35
2064 1513 87 35
1805 1549 101 35
1907 1549 104 35
2013 1549 50 35
2064 1549 87 35
1805 1585 101 35
1907 1585 104 35
2013 1585 50 35
2064 1585 87 35
1779 1622 24 35
1805 1622 101 35
1907 1622 104 35
2013 1622 50 35
2064 1622 87 35
1779 1658 24 35
1805 1658 101 35
1907 1658 104 35
2013 1658 50 35
2064 1658 87 35
1779 1694 24 35
1805 1694 101 35
1907 1694 104 35
2013 1694 50 35
2064 1694 87 35
1805 1731 101 34
1907 1731 104 34
2013 1731 50 34
2064 1731 87 34
1779 1767 24 35
1805 1767 101 35
1907 1767 104 35
2013 1767 50 35
2064 1767 87 35
1805 1803 101 35
1907 1803 104 35
2013 1803 50 35
2064 1803 87 35
1779 1839 24 35
1805 1839 101 35
1907 1839 104 35
2013 1839 50 35
2064 1839 87 35
1805 1876 101 35
1907 1876 104 35
2013 1876 50 35
2064 1876 87 35
1805 1912 101 35
1907 1912 104 35
2013 1912 50 35
2064 1912 87 35
1805 1948 101 35
1907 1948 104 35
2013 1948 50 35
2064 1948 87 35
1779 1985 24 34
1805 1985 101 34
1907 1985 104 34
2013 1985 50 34
2064 1985 87 34
1779 2021 24 35
1805 2021 101 35
1907 2021 104 35
2013 2021 50 35
2064 2021 87 35
1779 2057 24 35
1805 2057 101 35
1907 2057 104 35
2013 2057 50 35
2064 2057 87 35
1779 2093 24 35
1805 2093 101 35
1907 2093 104 35
2013 2093 50 35
2064 2093 87 35
1779 2130 24 35
1805 2130 101 35
1907 2130 104 35
2013 2130 50 35
2064 2130 87 35
1805 2166 101 35
1907 2166 104 35
2013 2166 50 35
2064 2166 87 35
1779 2202 24 35
1805 2202 101 35
1907 2202 104 35
2013 2202 50 35
2064 2202 87 35
1805 2239 101 34
1907 2239 104 34
2013 2239 50 34
2064 2239 87 34
1805 2275 101 35
1907 2275 104 35
2013 2275 50 35
2064 2275 87 35
1805 2311 101 35
1907 2311 104 35
2013 2311 50 35
2064 2311 87 35
1779 2347 24 35
1805 2347 101 35
1907 2347 104 35
2013 2347 50 35
2064 2347 87 35
1779 2384 24 35
1805 2384 101 35
1907 2384 104 35
2013 2384 50 35
2064 2384 87 35
1779 2420 24 35
1805 2420 101 35
1907 2420 104 35
2013 2420 50 35
2064 2420 87 35
1779 2456 372 35
1805 2493 101 34
1907 2493 104 34
2013 2493 50 34
2064 2493 87 34
1805 2529 101 35
1907 2529 104 35
2013 2529 50 35
2064 2529 87 35
1805 2565 101 35
1907 2565 104 35
2013 2565 50 35
2064 2565 87 35
1805 2601 101 35
1907 2601 104 35
2013 2601 50 35
2064 2601 87 35
1805 2638 101 35
1907 2638 104 35
2013 2638 50 35
2064 2638 87 35
1805 2674 101 35
1907 2674 104 35
2013 2674 50 35
2064 2674 87 35
1805 2710 101 35
1907 2710 104 35
2013 2710 50 35
2064 2710 87 35
1779 2747 24 34
1805 2747 101 34
1907 2747 104 34
2013 2747 50 34
2064 2747 87 34
1779 2783 24 35
1805 2783 101 35
1907 2783 104 35
2013 2783 50 35
2064 2783 87 35
1805 2819 101 35
1907 2819 104 35
2013 2819 50 35
2064 2819 87 35
1805 2855 101 35
1907 2855 104 35
2013 2855 50 35
2064 2855 87 35
1779 2892 24 35
1805 2892 101 35
1907 2892 104 35
2013 2892 50 35
2064 2892 87 35
1805 2928 101 35
1907 2928 104 35
2013 2928 50 35
2064 2928 87 35
1779 2964 24 35
1805 2964 101 35
1907 2964 104 35
2013 2964 50 35
2064 2964 87 35
1805 3001 101 34
1907 3001 104 34
2013 3001 50 34
2064 3001 87 34
1805 3037 101 35
1907 3037 104 35
2013 3037 50 35
2064 3037 87 35
1779 3073 372 35
1805 3109 101 35
1907 3109 104 35
2013 3109 50 35
2064 3109 87 35
1779 3146 24 35
1805 3146 101 35
1907 3146 104 35
2013 3146 50 34
2064 3146 87 34
1779 3182 24 35
1805 3182 101 35
1907 3182 104 35
2013 3182 50 35
2064 3182 87 35
1779 3218 24 35
1805 3218 101 35
1907 3218 104 35
2013 3218 50 35
2064 3218 87 35
1805 3255 101 34
1907 3255 104 34
2013 3255 50 34
2064 3255 87 34
1779 3291 24 35
1805 3291 101 35
1907 3291 104 35
2013 3291 50 35
2064 3291 87 35
1805 3327 101 35
1907 3327 104 35
2013 3327 50 35
2064 3327 87 35
1779 3363 24 35
1805 3363 101 35
1907 3363 104 35
2013 3363 50 35
2064 3363 87 35
1805 3400 101 35
1907 3400 104 35
2013 3400 50 34
2064 3400 87 34
1805 3436 101 35
1907 3436 104 35
2013 3436 50 35
2064 3436 87 35
1805 3472 101 35
1907 3472 104 35
2013 3472 50 35
2064 3472 87 35
1779 3509 24 34
1805 3509 101 34
1907 3509 104 34
2013 3509 50 34
2064 3509 87 34
1779 3545 372 35
1779 3581 24 35
1805 3581 101 35
1907 3581 104 35
2013 3581 50 35
2064 3581 87 35
1779 3617 24 35
1805 3617 101 35
1907 3617 104 35
2013 3617 50 35
2064 3617 87 35
1779 3654 24 35
1805 3654 101 35
1907 3654 104 35
2013 3654 50 34
2064 3654 87 34
1779 3690 24 35
1805 3690 101 35
1907 3690 104 35
2013 3690 50 35
2064 3690 87 35
1805 3726 101 35
1907 3726 104 35
2013 3726 50 35
2064 3726 87 35
1805 3763 101 34
1907 3763 104 34
2013 3763 50 34
2064 3763 87 34
1805 3799 101 35
1907 3799 104 35
2013 3799 50 35
2064 3799 87 35
1805 3835 101 35
1907 3835 104 35
2013 3835 50 35
2064 3835 87 35
1779 3871 24 35
1804 3871 102 35
1907 3871 104 35
2013 3871 50 35
2064 3871 87 35
1779 3908 24 34
1804 3908 102 34
1907 3908 104 34
2013 3908 50 34
2064 3908 87 34
1779 3944 24 35
1804 3944 102 35
1907 3944 104 35
2013 3944 50 35
2064 3944 87 35
1779 3980 24 35
1804 3980 102 35
1907 3980 104 35
2013 3980 50 35
2064 3980 87 35
1779 4016 24 35
1804 4016 102 35
1907 4016 104 35
2013 4016 50 35
2064 4016 87 35
1779 4053 24 35
1804 4053 102 35
1907 4053 104 35
2013 4053 50 35
2064 4053 87 35
1779 4089 24 35
1804 4089 102 35
1907 4089 104 35
2013 4089 50 35
2064 4089 87 35
1779 4125 24 35
1804 4125 102 35
1907 4125 104 35
2013 4125 50 35
2064 4125 87 35
1779 4162 24 34
1804 4162 102 34
1907 4162 104 34
2013 4162 50 34
2064 4162 87 34
1779 4198 24 34
1804 4198 102 34
1907 4198 104 34
2013 4198 50 34
2064 4198 87 34
2171 461 25 34
2197 461 101 34
2299 461 104 34
2405 461 50 34
2456 461 87 34
2171 497 24 35
2196 497 102 35
2299 497 104 35
2404 497 51 35
2456 497 87 35
2171 533 24 35
2196 533 102 35
2299 533 104 35
2404 533 51 35
2456 533 87 35
2171 569 24 35
2196 569 102 35
2299 569 104 35
2404 569 51 35
2456 569 87 35
2171 606 24 35
2196 606 102 35
2299 606 104 35
2404 606 51 35
2456 606 87 35
2171 642 372 35
2171 678 24 35
2196 678 102 35
2299 678 104 35
2404 678 51 35
2456 678 87 35
2171 715 24 34
2196 715 102 34
2299 715 104 34
2404 715 51 34
2456 715 87 34
2196 751 102 35
2299 751 104 35
2404 751 51 35
2456 751 87 35
2171 787 24 35
2196 787 102 35
2299 787 104 35
2404 787 51 35
2456 787 87 35
2196 823 102 35
2299 823 104 35
2404 823 51 35
2456 823 87 35
2171 860 24 35
2196 860 102 35
2299 860 104 35
2404 860 51 35
2456 860 87 35
2171 896 24 35
2196 896 102 35
2299 896 104 35
2404 896 51 35
2456 896 87 35
2171 932 24 35
2196 932 102 35
2299 932 104 35
2404 932 51 35
2456 932 87 35
2171 969 24 34
2196 969 102 34
2299 969 104 34
2404 969 51 34
2456 969 87 34
2171 1005 24 35
2196 1005 102 35
2299 1005 104 35
2404 1005 51 35
2456 1005 87 35
2171 1041 24 35
2196 1041 102 35
2299 1041 104 35
2404 1041 51 35
2456 1041 87 35
2171 1077 24 35
2196 1077 102 35
2299 1077 104 35
2404 1077 51 35
2456 1077 87 35
2171 1114 24 35
2196 1114 102 35
2299 1114 104 35
2404 1114 51 35
2456 1114 87 35
2171 1150 24 35
2196 1150 102 35
2299 1150 104 35
2404 1150 51 35
2456 1150 87 35
2171 1186 24 35
2196 1186 102 35
2299 1186 104 35
2404 1186 51 35
2456 1186 87 35
2171 1223 24 34
2196 1223 102 34
2299 1223 104 34
2404 1223 51 34
2456 1223 87 34
2171 1259 24 35
2196 1259 102 35
2299 1259 104 35
2404 1259 51 35
2456 1259 87 35
2171 1295 24 35
2196 1295 102 35
2299 1295 104 35
2404 1295 51 35
2456 1295 87 35
2171 1331 24 35
2196 1331 102 35
2299 1331 104 35
2404 1331 51 35
2456 1331 87 35
2171 1368 24 35
2196 1368 102 35
2299 1368 104 35
2404 1368 51 35
2456 1368 87 35
2171 1404 24 35
2196 1404 102 35
2299 1404 104 35
2404 1404 51 35
2456 1404 87 35
2171 1440 24 35
2196 1440 102 35
2299 1440 104 35
2404 1440 51 35
2456 1440 87 35
2171 1477 24 34
2196 1477 102 34
2299 1477 104 34
2404 1477 51 34
2456 1477 87 34
2171 1513 24 35
2196 1513 102 35
2299 1513 104 35
2404 1513 51 35
2456 1513 87 35
2171 1549 24 35
2196 1549 102 35
2299 1549 104 35
2404 1549 51 35
2456 1549 87 35
2171 1585 24 35
2196 1585 102 35
2299 1585 104 35
2404 1585 51 35
2456 1585 87 35
2171 1622 24 35
2196 1622 102 35
2299 1622 104 35
2404 1622 51 35
2456 1622 87 35
2171 1658 24 35
2196 1658 102 35
2299 1658 104 35
2404 1658 51 35
2456 1658 87 35
2171 1694 372 35
2171 1731 24 34
2196 1731 102 34
2299 1731 104 34
2404 1731 51 34
2456 1731 87 34
2171 1767 24 35
2196 1767 102 35
2299 1767 104 35
2404 1767 51 35
2456 1767 87 35
2171 1803 24 35
2196 1803 102 35
2299 1803 104 35
2404 1803 51 35
2456 1803 87 35
2171 1839 24 35
2196 1839 102 35
2299 1839 104 35
2404 1839 51 35
2456 1839 87 35
2171 1876 24 35
2196 1876 102 35
2299 1876 104 35
2404 1876 51 35
2456 1876 87 35
2171 1912 24 35
2196 1912 102 35
2299 1912 104 35
2404 1912 51 35
2456 1912 87 35
2196 1948 102 35
2299 1948 104 35
2404 1948 51 35
2456 1948 87 35
2171 1985 24 34
2196 1985 102 34
2299 1985 104 34
2404 1985 51 34
2456 1985 87 34
2171 2021 24 35
2196 2021 102 35
2299 2021 104 35
2404 2021 51 35
2456 2021 87 35
2171 2057 24 35
2196 2057 102 35
2299 2057 104 35
2404 2057 51 35
2456 2057 87 35
2171 2093 24 35
2196 2093 102 35
2299 2093 104 35
2404 2093 51 35
2456 2093 87 35
2171 2130 372 35
2171 2166 24 35
2196 2166 102 35
2299 2166 104 35
2404 2166 51 35
2456 2166 87 35
2196 2202 102 35
2299 2202 104 35
2404 2202 51 35
2456 2202 87 35
2171 2239 24 34
2196 2239 102 34
2299 2239 104 34
2404 2239 51 34
2456 2239 87 34
2196 2275 102 35
2299 2275 104 35
2404 2275 51 35
2456 2275 87 35
2171 2311 24 35
2196 2311 102 35
2299 2311 104 35
2404 2311 51 35
2456 2311 87 35
2196 2347 102 35
2299 2347 104 35
2404 2347 51 35
2456 2347 87 35
2196 2384 102 35
2299 2384 104 35
2404 2384 51 35
2456 2384 87 35
2196 2420 102 35
2299 2420 104 35
2404 2420 51 35
2456 2420 87 35
2171 2456 24 35
2196 2456 102 35
2299 2456 104 35
2404 2456 51 35
2456 2456 87 35
2171 2493 24 34
2196 2493 102 34
2299 2493 104 34
2404 2493 51 34
2456 2493 87 34
2171 2529 24 35
2196 2529 102 35
2299 2529 104 35
2404 2529 51 35
2456 2529 87 35
2171 2565 24 35
2196 2565 102 35
2299 2565 104 35
2404 2565 51 35
2456 2565 87 35
2171 2601 24 35
2196 2601 102 35
2299 2601 104 35
2404 2601 51 35
2456 2601 87 35
2196 2638 102 35
2299 2638 104 35
2404 2638 51 35
2456 2638 87 35
2171 2674 372 35
2171 2710 24 35
2196 2710 102 35
2299 2710 104 35
2404 2710 51 35
2456 2710 87 35
2196 2747 102 34
2299 2747 104 34
2404 2747 51 34
2456 2747 87 34
2196 2783 102 35
2299 2783 104 35
2404 2783 51 35
2456 2783 87 35
2196 2819 102 35
2299 2819 104 35
2404 2819 51 35
2456 2819 87 35
2171 2855 24 35
2196 2855 102 35
2299 2855 104 35
2404 2855 51 35
2456 2855 87 35
2171 2892 24 35
2196 2892 102 35
2299 2892 104 35
2404 2892 51 35
2456 2892 87 35
2171 2928 24 35
2196 2928 102 35
2299 2928 104 35
2404 2928 51 35
2456 2928 87 35
2171 2964 24 35
2196 2964 102 35
2299 2964 104 35
2404 2964 51 35
2456 2964 87 35
2171 3001 24 34
2196 3001 102 34
2299 3001 104 34
2404 3001 51 34
2456 3001 87 34
2196 3037 102 35
2299 3037 104 35
2404 3037 51 35
2456 3037 87 35
2171 3073 24 35
2196 3073 102 35
2299 3073 104 35
2404 3073 51 35
2456 3073 87 35
2171 3109 372 35
2196 3146 102 35
2299 3146 104 35
2404 3146 51 34
2456 3146 87 34
2196 3182 102 35
2299 3182 104 35
2404 3182 51 35
2456 3182 87 35
2196 3218 102 35
2299 3218 104 35
2404 3218 51 35
2456 3218 87 35
2171 3255 24 34
2196 3255 102 34
2299 3255 104 34
2404 3255 51 34
2456 3255 87 34
2171 3291 24 35
2196 3291 102 35
2299 3291 104 35
2404 3291 51 35
2456 3291 87 35
2171 3327 24 35
2196 3327 102 35
2299 3327 104 35
2404 3327 51 35
2456 3327 87 35
2196 3363 102 35
2299 3363 104 35
2404 3363 51 35
2456 3363 87 35
2171 3400 24 35
2196 3400 102 35
2299 3400 104 35
2404 3400 51 34
2456 3400 87 34
2196 3436 102 35
2299 3436 104 35
2404 3436 51 35
2456 3436 87 35
2171 3472 24 35
2196 3472 102 35
2299 3472 104 35
2404 3472 51 35
2456 3472 87 35
2196 3509 102 34
2299 3509 104 34
2404 3509 51 34
2456 3509 87 34
2196 3545 102 35
2299 3545 104 35
2404 3545 51 35
2456 3545 87 35
2196 3581 102 35
2299 3581 104 35
2404 3581 51 35
2456 3581 87 35
2171 3617 24 35
2196 3617 102 35
2299 3617 104 35
2404 3617 51 35
2456 3617 87 35
2171 3654 24 35
2196 3654 102 35
2299 3654 104 35
2404 3654 51 34
2456 3654 87 34
2171 3690 24 35
2196 3690 102 35
2299 3690 104 35
2404 3690 51 35
2456 3690 87 35
2171 3726 372 35
2196 3763 102 34
2299 3763 104 34
2404 3763 51 34
2456 3763 87 34
2171 3799 24 35
2196 3799 102 35
2299 3799 104 35
2404 3799 51 35
2456 3799 87 35
2171 3835 24 35
2196 3835 102 35
2299 3835 104 35
2404 3835 51 35
2456 3835 87 35
2171 3871 24 35
2196 3871 102 35
2299 3871 104 35
2404 3871 51 35
2456 3871 87 35
2171 3908 24 34
2196 3908 102 34
2299 3908 104 34
2404 3908 51 34
2456 3908 87 34
2171 3944 24 35
2196 3944 102 35
2299 3944 104 35
2404 3944 51 35
2456 3944 87 35
2171 3980 24 35
2196 3980 102 35
2299 3980 104 35
2405 3980 50 35
2456 3980 87 35
2171 4016 24 35
2196 4016 102 35
2299 4016 104 35
2404 4016 51 35
2456 4016 87 35
2171 4053 24 35
2196 4053 102 35
2299 4053 104 35
2404 4053 51 35
2456 4053 87 35
2171 4089 372 35
2171 4125 24 35
2196 4125 102 35
2299 4125 104 35
2404 4125 51 35
2456 4125 87 35
2171 4162 24 34
2196 4162 102 34
2299 4162 104 34
2404 4162 51 34
2456 4162 87 34
2171 4198 24 34
2196 4198 102 34
2299 4198 104 34
2404 4198 51 34
2456 4198 87 34
2563 461 24 34
2588 461 102 34
2691 461 104 34
2796 461 51 34
2848 461 86 34
2563 497 24 35
2588 497 102 35
2691 497 104 35
2796 497 51 35
2848 497 86 35
2563 533 24 35
2588 533 102 35
2691 533 104 35
2796 533 51 35
2848 533 86 35
2563 569 24 35
2588 569 102 35
2691 569 104 35
2796 569 51 35
2848 569 86 35
2563 606 24 35
2588 606 102 35
2691 606 104 35
2796 606 51 35
2848 606 86 35
2563 642 24 35
2588 642 102 35
2691 642 104 35
2796 642 51 35
2848 642 86 35
2563 678 24 35
2588 678 102 35
2691 678 104 35
2796 678 51 35
2848 678 86 35
2563 715 24 34
2588 715 102 34
2691 715 104 34
2796 715 51 34
2848 715 86 34
2563 751 24 35
2588 751 102 35
2691 751 104 35
2796 751 51 35
2848 751 86 35
2563 787 24 35
2588 787 102 35
2691 787 104 35
2796 787 51 35
2848 787 86 35
2563 823 24 35
2588 823 102 35
2691 823 104 35
2796 823 51 35
2848 823 86 35
2563 860 371 35
2563 896 24 35
2588 896 102 35
2691 896 104 35
2796 896 51 35
2848 896 86 35
2563 932 24 35
2588 932 102 35
2691 932 104 35
2796 932 51 35
2848 932 86 35
2563 969 24 34
2588 969 102 34
2691 969 104 34
2796 969 51 34
2848 969 86 34
2563 1005 24 35
2588 1005 102 35
2691 1005 104 35
2796 1005 51 35
2848 1005 86 35
2563 1041 24 35
2588 1041 102 35
2691 1041 104 35
2796 1041 51 35
2848 1041 86 35
2563 1077 24 35
2588 1077 102 35
2691 1077 104 35
2796 1077 51 35
2848 1077 86 35
2563 1114 24 35
2588 1114 102 35
2691 1114 104 35
2796 1114 51 35
2848 1114 86 35
2563 1150 24 35
2588 1150 102 35
2691 1150 104 35
2796 1150 51 35
2848 1150 86 35
2563 1186 371 35
2563 1223 24 34
2588 1223 102 34
2691 1223 104 34
2796 1223 51 34
2848 1223 86 34
2563 1259 24 35
2588 1259 102 35
2691 1259 104 35
2796 1259 51 35
2848 1259 86 35
2563 1295 24 35
2588 1295 102 35
2691 1295 104 35
2796 1295 51 35
2848 1295 86 35
2563 1331 24 35
2588 1331 102 35
2691 1331 104 35
2796 1331 51 35
2848 1331 86 35
2563 1368 24 35
2588 1368 102 35
2691 1368 104 35
2796 1368 51 35
2848 1368 86 35
2563 1404 24 35
2588 1404 102 35
2691 1404 104 35
2796 1404 51 35
2848 1404 86 35
2563 1440 371 35
2563 1477 24 34
2588 1477 102 34
2691 1477 104 34
2796 1477 51 34
2848 1477 86 34
2563 1513 24 35
2588 1513 102 35
2691 1513 104 35
2796 1513 51 35
2848 1513 86 35
2563 1549 24 35
2588 1549 102 35
2691 1549 104 35
2796 1549 51 35
2848 1549 86 35
2563 1585 24 35
2588 1585 102 35
2691 1585 104 35
2796 1585 51 35
2848 1585 86 35
2563 1622 24 35
2588 1622 102 35
2691 1622 104 35
2796 1622 51 35
2848 1622 86 35
2563 1658 24 35
2588 1658 102 35
2691 1658 104 35
2796 1658 51 35
2848 1658 86 35
2563 1694 24 35
2588 1694 102 35
2691 1694 104 35
2796 1694 51 35
2848 1694 86 35
2563 1731 24 34
2588 1731 102 34
2691 1731 104 34
2796 1731 51 34
2848 1731 86 34
2563 1767 24 35
2588 1767 102 35
2691 1767 104 35
2796 1767 51 35
2848 1767 86 35
2563 1803 24 35
2588 1803 102 35
2691 1803 104 35
2796 1803 51 35
2848 1803 86 35
2563 1839 371 35
2563 1876 24 35
2588 1876 102 35
2691 1876 104 35
2796 1876 51 35
2848 1876 86 35
2563 1912 24 35
2588 1912 102 35
2691 1912 104 35
2796 1912 51 35
2848 1912 86 35
2563 1948 24 35
2588 1948 102 35
2691 1948 104 35
2796 1948 51 35
2848 1948 86 35
2563 1985 24 34
2588 1985 102 34
2691 1985 104 34
2796 1985 51 34
2848 1985 86 34
2563 2021 24 35
2588 2021 102 35
2691 2021 104 35
2796 2021 51 35
2848 2021 86 35
2563 2057 24 35
2588 2057 102 35
2691 2057 104 35
2796 2057 51 35
2848 2057 86 35
2563 2093 24 35
2588 2093 102 35
2691 2093 104 35
2796 2093 51 35
2848 2093 86 35
2563 2130 24 35
2588 2130 102 35
2691 2130 104 35
2796 2130 51 35
2848 2130 86 35
2563 2166 371 35
2563 2202 24 35
2588 2202 102 35
2691 2202 104 35
2796 2202 51 35
2848 2202 86 35
2563 2239 24 34
2588 2239 102 34
2691 2239 104 34
2796 2239 51 34
2848 2239 86 34
2563 2275 24 35
2588 2275 102 35
2691 2275 104 35
2796 2275 51 35
2848 2275 86 35
2563 2311 24 35
2588 2311 102 35
2691 2311 104 35
2796 2311 51 35
2848 2311 86 35
2563 2347 24 35
2588 2347 102 35
2691 2347 104 35
2796 2347 51 35
2848 2347 86 35
2563 2384 24 35
2588 2384 102 35
2691 2384 104 35
2796 2384 51 35
2848 2384 86 35
2563 2420 24 35
2588 2420 102 35
2691 2420 104 35
2796 2420 51 35
2848 2420 86 35
2563 2456 24 35
2588 2456 102 35
2691 2456 104 35
2796 2456 51 35
2848 2456 86 35
2563 2493 371 34
2563 2529 24 35
2588 2529 102 35
2691 2529 104 35
2796 2529 51 35
2848 2529 86 35
2563 2565 24 35
2588 2565 102 35
2691 2565 104 35
2796 2565 51 35
2848 2565 86 35
2563 2601 24 35
2588 2601 102 35
2691 2601 104 35
2796 2601 51 35
2848 2601 86 35
2563 2638 24 35
2588 2638 102 35
2691 2638 104 35
2796 2638 51 35
2848 2638 86 35
2563 2674 24 35
2588 2674 102 35
2691 2674 104 35
2796 2674 51 35
2848 2674 86 35
2563 2710 24 35
2588 2710 102 35
2691 2710 104 35
2796 2710 51 35
2848 2710 86 35
2563 2747 24 34
2588 2747 102 34
2691 2747 104 34
2796 2747 51 34
2848 2747 86 34
2563 2783 371 35
2563 2819 24 35
2588 2819 102 35
2691 2819 104 35
2796 2819 51 35
2848 2819 86 35
2563 2855 24 35
2588 2855 102 35
2691 2855 104 35
2796 2855 51 35
2848 2855 86 35
2563 2892 24 35
2588 2892 102 35
2691 2892 104 35
2796 2892 51 35
2848 2892 86 35
2563 2928 24 35
2588 2928 102 35
2691 2928 104 35
2796 2928 51 35
2848 2928 86 35
2563 2964 24 35
2588 2964 102 35
2691 2964 104 35
2796 2964 51 35
2848 2964 86 35
2563 3001 24 34
2588 3001 102 34
2691 3001 104 34
2796 3001 51 34
2848 3001 86 34
2563 3037 24 35
2588 3037 102 35
2691 3037 104 35
2796 3037 51 35
2848 3037 86 35
2563 3073 24 35
2588 3073 102 35
2691 3073 104 35
2796 3073 51 35
2848 3073 86 35
2563 3109 24 35
2588 3109 102 35
2691 3109 104 35
2796 3109 51 35
2848 3109 86 35
2563 3146 371 35
2563 3182 24 35
2588 3182 102 35
2691 3182 104 35
2796 3182 51 35
2848 3182 86 35
2563 3218 24 35
2588 3218 102 35
2691 3218 104 35
2796 3218 51 35
2848 3218 86 35
2563 3255 24 34
2588 3255 102 34
2691 3255 104 34
2796 3255 51 34
2848 3255 86 34
2563 3291 24 35
2588 3291 102 35
2691 3291 104 35
2796 3291 51 35
2848 3291 86 35
2563 3327 24 35
2588 3327 102 35
2691 3327 104 35
2796 3327 51 35
2848 3327 86 35
2563 3363 24 35
2588 3363 102 35
2691 3363 104 35
2796 3363 51 35
2848 3363 86 35
2563 3400 371 34
2563 3436 24 35
2588 3436 102 35
2691 3436 104 35
2796 3436 51 35
2848 3436 86 35
2563 3472 24 35
2588 3472 102 35
2691 3472 104 35
2796 3472 51 35
2848 3472 86 35
2563 3509 24 34
2588 3509 102 34
2691 3509 104 34
2796 3509 51 34
2848 3509 86 34
2563 3545 24 35
2588 3545 102 35
2691 3545 104 35
2796 3545 51 35
2848 3545 86 35
2563 3581 24 35
2588 3581 102 35
2691 3581 104 35
2796 3581 51 35
2848 3581 86 35
2563 3617 24 35
2588 3617 102 35
2691 3617 104 35
2796 3617 51 35
2848 3617 86 35
2563 3654 24 35
2588 3654 102 35
2691 3654 104 35
2796 3654 51 34
2848 3654 86 34
2563 3690 24 35
2588 3690 102 35
2691 3690 104 35
2796 3690 51 35
2848 3690 86 35
2563 3726 371 35
2563 3763 24 34
2588 3763 102 34
2691 3763 104 34
2796 3763 51 34
2848 3763 86 34
2563 3799 24 35
2588 3799 102 35
2691 3799 104 35
2796 3799 51 35
2848 3799 86 35
2563 3835 24 35
2588 3835 102 35
2691 3835 104 35
2796 3835 51 35
2848 3835 86 35
2563 3871 24 35
2588 3871 102 35
2691 3871 104 35
2796 3871 51 35
2848 3871 86 35
2563 3908 24 35
2588 3908 102 35
2691 3908 104 35
2796 3908 51 34
2848 3908 86 34
2563 3944 24 35
2588 3944 102 35
2691 3944 104 35
2796 3944 51 35
2848 3944 86 35
2563 3980 24 35
2588 3980 102 35
2691 3980 104 35
2796 3980 51 35
2848 3980 86 35
2796 4016 51 35
2848 4016 86 35
2563 4017 24 34
2588 4017 102 34
2691 4017 104 34
2563 4053 24 35
2588 4053 102 35
2691 4053 104 35
2796 4053 51 35
2848 4053 86 35
2563 4089 24 35
2588 4089 102 35
2691 4089 104 35
2796 4089 51 35
2848 4089 86 35
2563 4125 24 35
2588 4125 102 35
2691 4125 104 35
2796 4125 51 35
2848 4125 86 35
2563 4162 24 35
2588 4162 102 35
2691 4162 104 35
2796 4162 51 34
2848 4162 86 34
2563 4198 24 34
2588 4198 102 34
2691 4198 104 34
2796 4198 51 34
2848 4198 86 34
