170 214 2897 283
170 500 2897 296
172 800 151 137
325 800 89 137
416 800 202 137
620 800 207 137
829 800 225 137
1056 800 112 137
1170 800 111 137
1283 800 157 137
1442 800 293 137
1737 800 292 137
2031 800 1036 137
172 942 151 1724
325 942 89 573
416 942 202 573
620 942 207 573
829 942 225 573
1056 942 112 573
1170 942 111 573
1283 942 157 573
1442 942 293 573
1737 942 292 573
2031 942 1036 573
325 1517 89 574
416 1517 202 574
620 1517 207 574
829 1517 225 574
1056 1517 112 574
1170 1517 111 574
1283 1517 157 574
1442 1517 293 574
1737 1517 292 574
2031 1517 1036 574
325 2093 89 573
416 2093 202 573
620 2093 207 573
829 2093 225 573
1056 2093 112 573
1170 2093 111 573
1283 2093 157 573
1442 2093 293 573
1737 2093 292 573
2031 2093 1036 573
172 2671 151 1711
325 2671 89 573
416 2671 202 573
620 2671 207 573
829 2671 225 573
1056 2671 112 573
1170 2671 111 573
1283 2671 157 573
1442 2671 293 573
1737 2671 292 573
2031 2671 1036 573
325 3246 89 574
416 3246 202 574
620 3246 207 574
829 3246 225 574
1056 3246 112 574
1170 3246 111 574
1283 3246 157 574
1442 3246 293 574
1737 3246 292 574
2031 3246 1036 574
325 3822 89 560
416 3822 202 560
620 3822 207 560
829 3822 225 560
1056 3822 112 560
1170 3822 111 560
1283 3822 157 560
1442 3822 293 560
1737 3822 292 560
2031 3822 1036 560
