153 153 2072 241
2228 153 2072 74
2228 230 76 118
2307 230 77 118
2387 230 211 118
2601 230 88 118
2692 230 50 118
2745 230 50 118
2798 230 50 118
2851 230 50 118
2904 230 225 118
3132 230 288 118
3423 230 877 118
2228 352 76 1621
2307 352 77 321
2387 352 211 321
2601 352 88 321
2692 352 50 321
2745 352 50 321
2798 352 50 321
2851 352 50 321
2904 352 225 321
3132 352 288 321
3423 352 877 321
153 397 2072 195
153 595 2072 74
153 672 76 119
232 672 77 119
312 672 211 119
526 672 88 119
617 672 50 119
670 672 50 119
723 672 50 119
776 672 50 119
829 672 225 119
1057 672 288 119
1348 672 877 119
2307 676 77 322
2387 676 211 322
2601 676 88 322
2692 676 50 322
2745 676 50 322
2798 676 50 322
2851 676 50 322
2904 676 225 322
3132 676 288 322
3423 676 877 322
153 794 76 647
232 794 77 322
312 794 211 322
526 794 88 322
617 794 50 322
670 794 50 322
723 794 50 322
776 794 50 322
829 794 225 322
1057 794 288 322
1348 794 877 322
2307 1001 77 322
2387 1001 211 322
2601 1001 88 322
2692 1001 50 322
2745 1001 50 322
2798 1001 50 322
2851 1001 50 322
2904 1001 225 322
3132 1001 288 322
3423 1001 877 322
232 1119 77 322
312 1119 211 322
526 1119 88 322
617 1119 50 322
670 1119 50 322
723 1119 50 322
776 1119 50 322
829 1119 225 322
1057 1119 288 322
1348 1119 877 322
2307 1326 77 322
2387 1326 211 322
2601 1326 88 322
2692 1326 50 322
2745 1326 50 322
2798 1326 50 322
2851 1326 50 322
2904 1326 225 322
3132 1326 288 322
3423 1326 877 322
153 1444 2072 74
153 1521 76 119
232 1521 77 119
312 1521 211 119
526 1521 88 119
617 1521 50 119
670 1521 50 119
723 1521 50 119
776 1521 50 119
829 1521 225 119
1057 1521 288 119
1348 1521 877 119
153 1643 76 1297
232 1643 77 322
312 1643 211 322
526 1643 88 322
617 1643 50 322
670 1643 50 322
723 1643 50 322
776 1643 50 322
829 1643 225 322
1057 1643 288 322
1348 1643 877 322
2307 1651 77 322
2387 1651 211 322
2601 1651 88 322
2692 1651 50 322
2745 1651 50 322
2798 1651 50 322
2851 1651 50 322
2904 1651 225 322
3132 1651 288 322
3423 1651 877 322
232 1968 77 322
312 1968 211 322
526 1968 88 322
617 1968 50 322
670 1968 50 322
723 1968 50 322
776 1968 50 322
829 1968 225 322
1057 1968 288 322
1348 1968 877 322
2228 1976 2072 74
2228 2053 76 119
2307 2053 77 119
2387 2053 211 119
2601 2053 88 119
2692 2053 50 119
2745 2053 50 119
2798 2053 50 119
2851 2053 50 119
2904 2053 225 119
3132 2053 288 119
3423 2053 877 119
2228 2175 76 322
2307 2175 77 322
2387 2175 211 322
2601 2175 88 322
2692 2175 50 322
2745 2175 50 322
2798 2175 50 322
2851 2175 50 322
2904 2175 225 322
3132 2175 288 322
3423 2175 877 322
232 2293 77 322
312 2293 211 322
526 2293 88 322
617 2293 50 322
670 2293 50 322
723 2293 50 322
776 2293 50 322
829 2293 225 322
1057 2293 288 322
1348 2293 877 322
2228 2500 2072 439
232 2618 77 322
312 2618 211 322
526 2618 88 322
617 2618 50 322
670 2618 50 322
723 2618 50 322
776 2618 50 322
829 2618 225 322
1057 2618 288 322
1348 2618 877 322
