124 181 1716 84
1846 181 1715 84
124 266 56 56
181 266 224 56
406 266 70 56
477 266 88 56
566 266 70 56
637 266 87 56
725 266 94 56
820 266 226 56
1047 266 226 56
1274 266 566 56
1846 266 1715 56
124 323 56 566
181 323 224 566
406 323 70 566
477 323 88 566
566 323 70 566
637 323 87 566
725 323 94 566
820 323 226 566
1047 323 226 566
1274 323 566 566
1846 323 55 55
1902 323 224 55
2127 323 70 55
2198 323 88 55
2287 323 70 55
2358 323 87 55
2446 323 95 55
2542 323 226 55
2769 323 225 55
2995 323 566 55
1846 379 55 566
1902 379 224 566
2127 379 70 566
2198 379 88 566
2287 379 70 566
2358 379 87 566
2446 379 95 566
2542 379 226 566
2769 379 225 566
2995 379 566 566
124 890 56 566
181 890 224 566
406 890 70 566
477 890 88 566
566 890 70 566
637 890 87 566
725 890 94 566
820 890 226 566
1047 890 226 566
1274 890 566 566
1846 946 1715 56
1846 1003 55 55
1902 1003 224 55
2127 1003 70 55
2198 1003 88 55
2287 1003 70 55
2358 1003 87 55
2446 1003 95 55
2542 1003 226 55
2769 1003 225 55
2995 1003 566 55
1846 1059 55 566
1902 1059 224 566
2127 1059 70 566
2198 1059 88 566
2287 1059 70 566
2358 1059 87 566
2446 1059 95 566
2542 1059 226 566
2769 1059 225 566
2995 1059 566 566
124 1457 56 566
181 1457 224 566
406 1457 70 566
477 1457 88 566
566 1457 70 566
637 1457 87 566
725 1457 94 566
820 1457 226 566
1047 1457 226 566
1274 1457 566 566
1846 1626 1715 56
1846 1683 55 55
1902 1683 224 55
2127 1683 70 55
2198 1683 88 55
2287 1683 70 55
2358 1683 87 55
2446 1683 95 55
2542 1683 226 55
2769 1683 225 55
2995 1683 566 55
1846 1739 55 566
1902 1739 224 566
2127 1739 70 566
2198 1739 88 566
2287 1739 70 566
2358 1739 87 566
2446 1739 95 566
2542 1739 226 566
2769 1739 225 566
2995 1739 566 566
124 2024 56 565
181 2024 224 565
406 2024 70 565
477 2024 88 565
566 2024 70 565
637 2024 87 565
725 2024 94 565
820 2024 226 565
1047 2024 226 565
1274 2024 566 565
1846 2306 1715 56
1846 2363 55 56
1902 2363 224 56
2127 2363 70 56
2198 2363 88 56
2287 2363 70 56
2358 2363 87 56
2446 2363 95 56
2542 2363 226 56
2769 2363 225 56
2995 2363 566 56
1846 2420 55 566
1902 2420 224 566
2127 2420 70 566
2198 2420 88 566
2287 2420 70 566
2358 2420 87 566
2446 2420 95 566
2542 2420 226 566
2769 2420 225 566
2995 2420 566 566
124 2590 1716 2332
1846 2987 1715 55
1846 3043 55 56
1902 3043 224 56
2127 3043 70 56
2198 3043 88 56
2287 3043 70 56
2358 3043 87 56
2446 3043 95 56
2542 3043 226 56
2769 3043 225 56
2995 3043 566 56
1846 3100 55 566
1902 3100 224 566
2127 3100 70 566
2198 3100 88 566
2287 3100 70 566
2358 3100 87 566
2446 3100 95 566
2542 3100 226 566
2769 3100 225 566
2995 3100 566 566
1846 3667 1715 55
1846 3723 55 566
1902 3723 224 566
2127 3723 70 566
2198 3723 88 566
2287 3723 70 566
2358 3723 87 566
2446 3723 95 566
2542 3723 226 566
2769 3723 225 566
2995 3723 566 566
1846 4290 55 566
1902 4290 224 566
2127 4290 70 566
2198 4290 88 566
2287 4290 70 566
2358 4290 87 566
2446 4290 95 566
2542 4290 226 566
2769 4290 225 566
2995 4290 566 566
1846 4857 1715 65
