202 203 2714 100
202 305 55 88
259 305 54 88
316 305 207 88
525 305 83 88
611 305 48 88
662 305 48 88
713 305 48 88
764 305 48 88
815 305 286 88
1104 305 454 88
1560 305 55 88
1617 305 54 88
1673 305 208 88
1883 305 83 88
1968 305 49 88
2019 305 49 88
2070 305 49 88
2121 305 49 88
2172 305 287 88
2462 305 454 88
202 396 55 515
259 396 54 256
316 396 207 256
525 396 83 256
611 396 48 256
662 396 48 256
713 396 48 256
764 396 48 256
815 396 286 256
1104 396 454 256
1560 396 55 774
1617 396 54 256
1673 396 208 256
1883 396 83 256
1968 396 49 256
2019 396 49 256
2070 396 49 256
2121 396 49 256
2172 396 287 256
2462 396 454 256
259 655 54 256
316 655 207 256
525 655 83 256
611 655 48 256
662 655 48 256
713 655 48 256
764 655 48 256
815 655 286 256
1104 655 454 256
1617 655 54 256
1673 655 208 256
1883 655 83 256
1968 655 49 256
2019 655 49 256
2070 655 49 256
2121 655 49 256
2172 655 287 256
2462 655 454 256
202 914 55 774
259 914 54 256
316 914 207 256
525 914 83 256
611 914 48 256
662 914 48 256
713 914 48 256
764 914 48 256
815 914 286 256
1104 914 454 256
1617 914 54 256
1673 914 208 256
1883 914 83 256
1968 914 49 256
2019 914 49 256
2070 914 49 256
2121 914 49 256
2172 914 287 256
2462 914 454 256
259 1172 54 257
316 1172 207 257
525 1172 83 257
611 1172 48 257
662 1172 48 257
713 1172 48 257
764 1172 48 257
815 1172 286 257
1104 1172 454 257
1560 1172 55 257
1617 1172 54 257
1673 1172 208 257
1883 1172 83 257
1968 1172 49 257
2019 1172 49 257
2070 1172 49 257
2121 1172 49 257
2172 1172 287 257
2462 1172 454 257
259 1431 54 257
316 1431 207 257
525 1431 83 257
611 1431 48 257
662 1431 48 257
713 1431 48 257
764 1431 48 257
815 1431 286 257
1104 1431 454 257
1560 1431 55 775
1617 1431 54 257
1673 1431 208 257
1883 1431 83 257
1968 1431 49 257
2019 1431 49 257
2070 1431 49 257
2121 1431 49 257
2172 1431 287 257
2462 1431 454 257
202 1690 55 516
259 1690 54 257
316 1690 207 257
525 1690 83 257
611 1690 48 257
662 1690 48 257
713 1690 48 257
764 1690 48 257
815 1690 286 257
1104 1690 454 257
1617 1690 54 257
1673 1690 208 257
1883 1690 83 257
1968 1690 49 257
2019 1690 49 257
2070 1690 49 257
2121 1690 49 257
2172 1690 287 257
2462 1690 454 257
259 1949 54 257
316 1949 207 257
525 1949 83 257
611 1949 48 257
662 1949 48 257
713 1949 48 257
764 1949 48 257
815 1949 286 257
1104 1949 454 257
1617 1949 54 257
1673 1949 208 257
1883 1949 83 257
1968 1949 49 257
2019 1949 49 257
2070 1949 49 257
2121 1949 49 257
2172 1949 287 257
2462 1949 454 257
202 2208 55 516
259 2208 54 257
316 2208 207 257
525 2208 83 257
611 2208 48 257
662 2208 48 257
713 2208 48 257
764 2208 48 257
815 2208 286 257
1104 2208 454 257
1560 2208 55 257
1617 2208 54 257
1673 2208 208 257
1883 2208 83 257
1968 2208 49 257
2019 2208 49 257
2070 2208 49 257
2121 2208 49 257
2172 2208 287 257
2462 2208 454 257
259 2467 54 257
316 2467 207 257
525 2467 83 257
611 2467 48 257
662 2467 48 257
713 2467 48 257
764 2467 48 257
815 2467 286 257
1104 2467 454 257
1560 2467 55 257
1617 2467 54 257
1673 2467 208 257
1883 2467 83 257
1968 2467 49 257
2019 2467 49 257
2070 2467 49 257
2121 2467 49 257
2172 2467 287 257
2462 2467 454 257
202 2726 55 516
259 2726 54 257
316 2726 207 257
525 2726 83 257
611 2726 48 257
662 2726 48 257
713 2726 48 257
764 2726 48 257
815 2726 286 257
1104 2726 454 257
1560 2726 55 516
1617 2726 54 257
1673 2726 208 257
1883 2726 83 257
1968 2726 49 257
2019 2726 49 257
2070 2726 49 257
2121 2726 49 257
2172 2726 287 257
2462 2726 454 257
259 2985 54 257
316 2985 207 257
525 2985 83 257
611 2985 48 257
662 2985 48 257
713 2985 48 257
764 2985 48 257
815 2985 286 257
1104 2985 454 257
1617 2985 54 257
1673 2985 208 257
1883 2985 83 257
1968 2985 49 257
2019 2985 49 257
2070 2985 49 257
2121 2985 49 257
2172 2985 287 257
2462 2985 454 257
202 3244 55 515
259 3244 54 256
316 3244 207 256
525 3244 83 256
611 3244 48 256
662 3244 48 256
713 3244 48 256
764 3244 48 256
815 3244 286 256
1104 3244 454 256
1560 3244 55 256
1617 3244 54 256
1673 3244 208 256
1883 3244 83 256
1968 3244 49 256
2019 3244 49 256
2070 3244 49 256
2121 3244 49 256
2172 3244 287 256
2462 3244 454 256
259 3503 54 256
316 3503 207 256
525 3503 83 256
611 3503 48 256
662 3503 48 256
713 3503 48 256
764 3503 48 256
815 3503 286 256
1104 3503 454 256
1560 3503 55 515
1617 3503 54 256
1673 3503 208 256
1883 3503 83 256
1968 3503 49 256
2019 3503 49 256
2070 3503 49 256
2121 3503 49 256
2172 3503 287 256
2462 3503 454 256
202 3762 55 259
259 3762 54 256
316 3762 207 256
525 3762 83 256
611 3762 48 256
662 3762 48 256
713 3762 48 256
764 3762 48 256
815 3762 286 256
1104 3762 454 256
1617 3762 54 256
1673 3762 208 256
1883 3762 83 256
1968 3762 49 256
2019 3762 49 256
2070 3762 49 256
2121 3762 49 256
2172 3762 287 256
2462 3762 454 256
202 4021 55 256
259 4021 54 256
316 4021 207 256
525 4021 83 256
611 4021 48 256
662 4021 48 256
713 4021 48 256
764 4021 48 256
815 4021 286 256
1104 4021 454 256
