50 825 99 54
152 825 195 54
350 825 117 54
469 825 117 54
588 825 94 54
685 825 93 54
781 825 94 54
878 825 212 54
1093 825 405 54
1501 825 1324 54
50 882 99 269
350 882 117 269
469 882 117 269
588 882 94 269
685 882 93 269
781 882 94 269
878 882 212 269
1093 882 405 269
1501 882 1324 269
313 976 34 95
152 982 31 96
50 1154 99 269
350 1154 117 269
469 1154 117 269
588 1154 94 269
685 1154 93 269
781 1154 94 269
878 1154 212 269
1093 1154 405 269
1501 1154 1324 269
1530 3690 1334 77
1530 3769 190 66
1721 3769 327 66
2050 3769 367 66
2419 3769 445 66
1530 3837 190 99
1721 3837 327 99
2050 3837 367 99
2419 3837 445 99
