15 15 2140 782
15 799 109 61
126 799 198 61
326 799 171 61
498 799 118 61
618 799 65 61
685 799 93 61
780 799 93 61
875 799 216 61
1093 799 314 61
1408 799 747 61
15 862 109 237
326 862 171 237
498 862 118 237
618 862 65 237
685 862 93 237
780 862 93 237
875 862 216 237
1093 862 314 237
1408 862 747 237
278 929 46 23
15 1101 109 238
126 1101 198 27
326 1101 171 238
498 1101 118 238
618 1101 65 238
685 1101 93 238
780 1101 93 238
875 1101 216 238
1093 1101 314 238
1408 1101 747 238
15 1340 2140 270
15 1612 2140 61
15 1675 109 288
126 1675 198 36
326 1675 171 288
498 1675 118 288
618 1675 65 288
685 1675 93 288
780 1675 93 288
875 1675 216 288
1093 1675 314 288
1408 1675 747 288
126 1770 36 29
15 1965 109 288
126 1965 198 38
326 1965 171 288
498 1965 118 288
618 1965 65 288
685 1965 93 288
780 1965 93 288
875 1965 216 288
1093 1965 314 288
1408 1965 747 288
15 2255 109 289
126 2255 198 48
326 2255 171 289
498 2255 118 289
618 2255 65 289
685 2255 93 289
780 2255 93 289
875 2255 216 289
1093 2255 314 289
1408 2255 747 289
15 2545 109 233
126 2545 198 33
326 2545 171 289
498 2545 118 289
618 2545 65 289
685 2545 93 289
780 2545 93 289
875 2545 216 289
1093 2545 314 289
1408 2545 747 289
126 2625 38 22
15 2785 109 49
2339 15 2140 133
2339 150 2140 61
2339 213 117 288
2458 213 199 288
2658 213 171 288
2831 213 118 288
2950 213 65 288
3017 213 93 288
3112 213 93 288
3207 213 216 288
3425 213 314 288
3740 213 739 288
2339 503 117 288
2658 503 171 288
2831 503 118 288
2950 503 65 288
3017 503 93 288
3112 503 93 288
3207 503 216 288
3425 503 314 288
3740 503 739 288
2458 568 44 22
2339 793 2140 61
2339 856 117 288
2658 856 171 288
2831 856 118 288
2950 856 65 288
3017 856 93 288
3112 856 93 288
3207 856 216 288
3425 856 314 288
3740 856 739 288
2458 956 28 23
2628 958 29 30
2339 1146 117 289
2458 1146 199 289
2658 1146 171 289
2831 1146 118 289
2950 1146 65 289
3017 1146 93 289
3112 1146 93 289
3207 1146 216 289
3425 1146 314 289
3740 1146 739 289
2339 1436 2140 61
2339 1499 117 289
2658 1499 171 289
2831 1499 118 289
2950 1499 65 289
3017 1499 93 289
3112 1499 93 289
3207 1499 216 289
3425 1499 314 289
3740 1499 739 289
2458 1566 40 26
2339 1789 2140 1046
