1540 2214 91 103
1632 2214 189 103
1822 2214 291 103
2114 2214 441 103
2556 2214 146 103
2703 2214 193 103
1540 2318 91 1715
1632 2318 189 107
1822 2318 291 107
2114 2318 441 107
2556 2318 146 107
2703 2318 193 107
1632 2426 189 106
1822 2426 291 106
2114 2426 441 106
2556 2426 146 106
2703 2426 193 106
1632 2533 189 107
1822 2533 291 107
2114 2533 441 107
2556 2533 146 107
2703 2533 193 107
1632 2641 189 106
1822 2641 291 106
2114 2641 441 106
2556 2641 146 106
2703 2641 193 106
1632 2748 189 106
1822 2748 291 106
2114 2748 441 106
2556 2748 146 106
2703 2748 193 106
1632 2855 189 107
1822 2855 291 107
2114 2855 441 107
2556 2855 146 107
2703 2855 193 107
1632 2963 189 106
1822 2963 291 106
2114 2963 441 106
2556 2963 146 106
2703 2963 193 106
1632 3070 189 107
1822 3070 291 107
2114 3070 441 107
2556 3070 146 107
2703 3070 193 107
1632 3178 189 106
1822 3178 291 106
2114 3178 441 106
2556 3178 146 106
2703 3178 193 106
1632 3285 189 107
1822 3285 291 107
2114 3285 441 107
2556 3285 146 107
2703 3285 193 107
1632 3393 189 106
1822 3393 291 106
2114 3393 441 106
2556 3393 146 106
2703 3393 193 106
1632 3500 189 106
1822 3500 291 106
2114 3500 441 106
2556 3500 146 106
2703 3500 193 106
1632 3607 189 107
1822 3607 291 107
2114 3607 441 107
2556 3607 146 107
2703 3607 193 107
1632 3715 189 106
1822 3715 291 106
2114 3715 441 106
2556 3715 146 106
2703 3715 193 106
1632 3822 189 107
1822 3822 291 107
2114 3822 441 107
2556 3822 146 107
2703 3822 193 107
1632 3930 189 103
1822 3930 291 103
2114 3930 441 103
2556 3930 146 103
2703 3930 193 103
