199 2348 62 46
262 2348 189 46
452 2348 186 46
639 2348 113 46
753 2348 139 46
199 2395 62 47
262 2395 189 47
452 2395 186 47
639 2395 113 47
753 2395 139 47
199 2443 62 46
262 2443 189 46
452 2443 186 46
639 2443 113 46
753 2443 139 46
199 2490 62 39
262 2490 189 39
452 2490 186 39
639 2490 113 39
753 2490 139 39
199 2530 62 39
262 2530 189 39
452 2530 186 39
639 2530 113 39
753 2530 139 39
199 2570 62 38
262 2570 189 38
452 2570 186 38
639 2570 113 38
753 2570 139 38
199 2609 62 47
262 2609 189 47
452 2609 186 47
639 2609 113 47
753 2609 139 47
199 2657 62 46
262 2657 189 46
452 2657 186 46
639 2657 113 46
753 2657 139 46
199 2704 62 39
262 2704 189 39
452 2704 186 39
639 2704 113 39
753 2704 139 39
199 2744 62 39
262 2744 189 39
452 2744 186 39
639 2744 113 39
753 2744 139 39
199 2784 62 38
262 2784 189 38
452 2784 186 38
639 2784 113 38
753 2784 139 38
199 2823 62 39
262 2823 189 39
452 2823 186 39
639 2823 113 39
753 2823 139 39
199 2863 62 39
262 2863 189 39
452 2863 186 39
639 2863 113 39
753 2863 139 39
199 2903 62 38
262 2903 189 38
452 2903 186 38
639 2903 113 38
753 2903 139 38
199 2942 62 47
262 2942 189 47
452 2942 186 47
639 2942 113 47
753 2942 139 47
199 2990 62 38
262 2990 189 38
452 2990 186 38
639 2990 113 38
753 2990 139 38
199 3029 62 39
262 3029 189 39
452 3029 186 39
639 3029 113 39
753 3029 139 39
199 3069 62 39
262 3069 189 39
452 3069 186 39
639 3069 113 39
753 3069 139 39
199 3109 62 38
262 3109 189 38
452 3109 186 38
639 3109 113 38
753 3109 139 38
199 3148 62 39
262 3148 189 39
452 3148 186 39
639 3148 113 39
753 3148 139 39
199 3188 62 39
262 3188 189 39
452 3188 186 39
639 3188 113 39
753 3188 139 39
199 3228 62 38
262 3228 189 38
452 3228 186 38
639 3228 113 38
753 3228 139 38
199 3267 62 39
262 3267 189 39
452 3267 186 39
639 3267 113 39
753 3267 139 39
199 3307 62 39
262 3307 189 39
452 3307 186 39
639 3307 113 39
753 3307 139 39
199 3347 62 39
262 3347 189 39
452 3347 186 39
639 3347 113 39
753 3347 139 39
199 3387 62 38
262 3387 189 38
452 3387 186 38
639 3387 113 38
753 3387 139 38
199 3426 62 39
262 3426 189 39
452 3426 186 39
639 3426 113 39
753 3426 139 39
199 3466 62 61
262 3466 189 61
452 3466 186 61
639 3466 113 61
753 3466 139 61
199 3528 62 61
262 3528 189 61
452 3528 186 61
639 3528 113 61
753 3528 139 61
199 3590 62 39
262 3590 189 39
452 3590 186 39
639 3590 113 39
753 3590 139 39
199 3630 62 38
262 3630 189 38
452 3630 186 38
639 3630 113 38
753 3630 139 38
199 3669 62 39
262 3669 189 39
452 3669 186 39
639 3669 113 39
753 3669 139 39
199 3709 62 39
262 3709 189 39
452 3709 186 39
639 3709 113 39
753 3709 139 39
199 3749 62 38
262 3749 189 38
452 3749 186 38
639 3749 113 38
753 3749 139 38
199 3788 62 39
262 3788 189 39
452 3788 186 39
639 3788 113 39
753 3788 139 39
199 3828 62 39
262 3828 189 39
452 3828 186 39
639 3828 113 39
753 3828 139 39
199 3868 62 38
262 3868 189 38
452 3868 186 38
639 3868 113 38
753 3868 139 38
199 3907 62 47
262 3907 189 47
452 3907 186 47
639 3907 113 47
753 3907 139 47
199 3955 62 39
262 3955 189 39
452 3955 186 39
639 3955 113 39
753 3955 139 39
199 3995 62 38
262 3995 189 38
452 3995 186 38
639 3995 113 38
753 3995 139 38
199 4034 62 39
262 4034 189 39
452 4034 186 39
639 4034 113 39
753 4034 139 39
199 4074 62 46
262 4074 189 46
452 4074 186 46
639 4074 113 46
753 4074 139 46
199 4121 62 39
262 4121 189 39
452 4121 186 39
639 4121 113 39
753 4121 139 39
199 4161 62 39
262 4161 189 39
452 4161 186 39
639 4161 113 39
753 4161 139 39
199 4201 62 38
262 4201 189 38
452 4201 186 38
639 4201 113 38
753 4201 139 38
199 4240 62 39
262 4240 189 39
452 4240 186 39
639 4240 113 39
753 4240 139 39
199 4280 62 39
262 4280 189 39
452 4280 186 39
639 4280 113 39
753 4280 139 39
199 4320 62 38
262 4320 189 38
452 4320 186 38
639 4320 113 38
753 4320 139 38
916 2348 62 46
979 2348 189 46
1169 2348 186 46
1356 2348 113 46
1470 2348 139 46
916 2395 62 39
979 2395 189 39
1169 2395 186 39
1356 2395 113 39
1470 2395 139 39
916 2435 62 39
979 2435 189 39
1169 2435 186 39
1356 2435 113 39
1470 2435 139 39
916 2475 62 39
979 2475 189 39
1169 2475 186 39
1356 2475 113 39
1470 2475 139 39
916 2515 62 38
979 2515 189 38
1169 2515 186 38
1356 2515 113 38
1470 2515 139 38
916 2554 62 39
979 2554 189 39
1169 2554 186 39
1356 2554 113 39
1470 2554 139 39
916 2594 62 39
979 2594 189 39
1169 2594 186 39
1356 2594 113 39
1470 2594 139 39
916 2634 62 38
979 2634 189 38
1169 2634 186 38
1356 2634 113 38
1470 2634 139 38
916 2673 62 39
979 2673 189 39
1169 2673 186 39
1356 2673 113 39
1470 2673 139 39
916 2713 62 70
979 2713 189 70
1169 2713 186 70
1356 2713 113 70
1470 2713 139 70
916 2784 62 57
979 2784 189 57
1169 2784 186 57
1356 2784 113 57
1470 2784 139 57
916 2842 62 59
979 2842 189 59
1169 2842 186 59
1356 2842 113 59
1470 2842 139 59
916 2902 62 46
979 2902 189 46
1169 2902 186 46
1356 2902 113 46
1470 2902 139 46
916 2949 62 71
979 2949 189 71
1169 2949 186 71
1356 2949 113 71
1470 2949 139 71
916 3021 62 70
979 3021 189 70
1169 3021 186 70
1356 3021 113 70
1470 3021 139 70
916 3092 62 68
979 3092 189 68
1169 3092 186 68
1356 3092 113 68
1470 3092 139 68
916 3161 62 39
979 3161 189 39
1169 3161 186 39
1356 3161 113 39
1470 3161 139 39
916 3201 62 39
979 3201 189 39
1169 3201 186 39
1356 3201 113 39
1470 3201 139 39
916 3241 62 39
979 3241 189 39
1169 3241 186 39
1356 3241 113 39
1470 3241 139 39
916 3281 62 38
979 3281 189 38
1169 3281 186 38
1356 3281 113 38
1470 3281 139 38
916 3320 62 39
979 3320 189 39
1169 3320 186 39
1356 3320 113 39
1470 3320 139 39
916 3360 62 39
979 3360 189 39
1169 3360 186 39
1356 3360 113 39
1470 3360 139 39
916 3400 62 38
979 3400 189 38
1169 3400 186 38
1356 3400 113 38
1470 3400 139 38
916 3439 62 39
979 3439 189 39
1169 3439 186 39
1356 3439 113 39
1470 3439 139 39
916 3479 62 39
979 3479 189 39
1169 3479 186 39
1356 3479 113 39
1470 3479 139 39
916 3519 62 38
979 3519 189 38
1169 3519 186 38
1356 3519 113 38
1470 3519 139 38
916 3558 62 39
979 3558 189 39
1169 3558 186 39
1356 3558 113 39
1470 3558 139 39
916 3598 62 39
979 3598 189 39
1169 3598 186 39
1356 3598 113 39
1470 3598 139 39
916 3638 62 38
979 3638 189 38
1169 3638 186 38
1356 3638 113 38
1470 3638 139 38
916 3677 62 39
979 3677 189 39
1169 3677 186 39
1356 3677 113 39
1470 3677 139 39
916 3717 62 46
979 3717 189 46
1169 3717 186 46
1356 3717 113 46
1470 3717 139 46
916 3764 62 57
979 3764 189 57
1169 3764 186 57
1356 3764 113 57
1470 3764 139 57
916 3822 62 61
979 3822 189 61
1169 3822 186 61
1356 3822 113 61
1470 3822 139 61
916 3884 62 61
979 3884 189 61
1169 3884 186 61
1356 3884 113 61
1470 3884 139 61
916 3946 62 82
979 3946 189 82
1169 3946 186 82
1356 3946 113 82
1470 3946 139 82
916 4029 62 55
979 4029 189 55
1169 4029 186 55
1356 4029 113 55
1470 4029 139 55
916 4085 62 59
979 4085 189 59
1169 4085 186 59
1356 4085 113 59
1470 4085 139 59
916 4145 62 39
979 4145 189 39
1169 4145 186 39
1356 4145 113 39
1470 4145 139 39
916 4185 62 46
979 4185 189 46
1169 4185 186 46
1356 4185 113 46
1470 4185 139 46
916 4232 62 88
979 4232 189 88
1169 4232 186 88
1356 4232 113 88
1470 4232 139 88
916 4321 62 47
979 4321 189 47
1169 4321 186 47
1356 4321 113 47
1470 4321 139 47
1633 2348 62 46
1696 2348 189 46
1886 2348 186 46
2073 2348 113 46
2187 2348 139 46
1633 2395 62 47
1696 2395 189 47
1886 2395 186 47
2073 2395 113 47
2187 2395 139 47
1633 2443 62 39
1696 2443 189 39
1886 2443 186 39
2073 2443 113 39
2187 2443 139 39
1633 2483 62 38
1696 2483 189 38
1886 2483 186 38
2073 2483 113 38
2187 2483 139 38
1633 2522 62 39
1696 2522 189 39
1886 2522 186 39
2073 2522 113 39
2187 2522 139 39
1633 2562 62 39
1696 2562 189 39
1886 2562 186 39
2073 2562 113 39
2187 2562 139 39
1633 2602 62 46
1696 2602 189 46
1886 2602 186 46
2073 2602 113 46
2187 2602 139 46
1633 2649 62 46
1696 2649 189 46
1886 2649 186 46
2073 2649 113 46
2187 2649 139 46
1633 2696 62 39
1696 2696 189 39
1886 2696 186 39
2073 2696 113 39
2187 2696 139 39
1633 2736 62 47
1696 2736 189 47
1886 2736 186 47
2073 2736 113 47
2187 2736 139 47
1633 2784 62 46
1696 2784 189 46
1886 2784 186 46
2073 2784 113 46
2187 2784 139 46
1633 2831 62 46
1696 2831 189 46
1886 2831 186 46
2073 2831 113 46
2187 2831 139 46
1633 2878 62 47
1696 2878 189 47
1886 2878 186 47
2073 2878 113 47
2187 2878 139 47
1633 2926 62 46
1696 2926 189 46
1886 2926 186 46
2073 2926 113 46
2187 2926 139 46
1633 2973 62 47
1696 2973 189 47
1886 2973 186 47
2073 2973 113 47
2187 2973 139 47
1633 3021 62 38
1696 3021 189 38
1886 3021 186 38
2073 3021 113 38
2187 3021 139 38
1633 3060 62 39
1696 3060 189 39
1886 3060 186 39
2073 3060 113 39
2187 3060 139 39
1633 3100 62 39
1696 3100 189 39
1886 3100 186 39
2073 3100 113 39
2187 3100 139 39
1633 3140 62 38
1696 3140 189 38
1886 3140 186 38
2073 3140 113 38
2187 3140 139 38
1633 3179 62 39
1696 3179 189 39
1886 3179 186 39
2073 3179 113 39
2187 3179 139 39
1633 3219 62 50
1696 3219 189 50
1886 3219 186 50
2073 3219 113 50
2187 3219 139 50
1633 3270 62 50
1696 3270 189 50
1886 3270 186 50
2073 3270 113 50
2187 3270 139 50
1633 3321 62 50
1696 3321 189 50
1886 3321 186 50
2073 3321 113 50
2187 3321 139 50
1633 3372 62 39
1696 3372 189 39
1886 3372 186 39
2073 3372 113 39
2187 3372 139 39
1633 3412 62 38
1696 3412 189 38
1886 3412 186 38
2073 3412 113 38
2187 3412 139 38
1633 3451 62 39
1696 3451 189 39
1886 3451 186 39
2073 3451 113 39
2187 3451 139 39
1633 3491 62 39
1696 3491 189 39
1886 3491 186 39
2073 3491 113 39
2187 3491 139 39
1633 3531 62 38
1696 3531 189 38
1886 3531 186 38
2073 3531 113 38
2187 3531 139 38
1633 3570 62 39
1696 3570 189 39
1886 3570 186 39
2073 3570 113 39
2187 3570 139 39
1633 3610 62 39
1696 3610 189 39
1886 3610 186 39
2073 3610 113 39
2187 3610 139 39
1633 3650 62 39
1696 3650 189 39
1886 3650 186 39
2073 3650 113 39
2187 3650 139 39
1633 3690 62 38
1696 3690 189 38
1886 3690 186 38
2073 3690 113 38
2187 3690 139 38
1633 3729 62 39
1696 3729 189 39
1886 3729 186 39
2073 3729 113 39
2187 3729 139 39
1633 3769 62 39
1696 3769 189 39
1886 3769 186 39
2073 3769 113 39
2187 3769 139 39
1633 3809 62 38
1696 3809 189 38
1886 3809 186 38
2073 3809 113 38
2187 3809 139 38
1633 3848 62 39
1696 3848 189 39
1886 3848 186 39
2073 3848 113 39
2187 3848 139 39
1633 3888 62 39
1696 3888 189 39
1886 3888 186 39
2073 3888 113 39
2187 3888 139 39
1633 3928 62 55
1696 3928 189 55
1886 3928 186 55
2073 3928 113 55
2187 3928 139 55
1633 3984 62 50
1696 3984 189 50
1886 3984 186 50
2073 3984 113 50
2187 3984 139 50
1633 4035 62 39
1696 4035 189 39
1886 4035 186 39
2073 4035 113 39
2187 4035 139 39
1633 4075 62 46
1696 4075 189 46
1886 4075 186 46
2073 4075 113 46
2187 4075 139 46
1633 4122 62 47
1696 4122 189 47
1886 4122 186 47
2073 4122 113 47
2187 4122 139 47
1633 4170 62 38
1696 4170 189 38
1886 4170 186 38
2073 4170 113 38
2187 4170 139 38
1633 4209 62 52
1696 4209 189 52
1886 4209 186 52
2073 4209 113 52
2187 4209 139 52
1633 4262 62 60
1696 4262 189 60
1886 4262 186 60
2073 4262 113 60
2187 4262 139 60
1633 4323 62 47
1696 4323 189 47
1886 4323 186 47
2073 4323 113 47
2187 4323 139 47
2350 2348 62 46
2413 2348 189 46
2603 2348 186 46
2790 2348 113 46
2904 2348 139 46
2350 2395 62 39
2413 2395 189 39
2603 2395 186 39
2790 2395 113 39
2904 2395 139 39
2350 2435 62 39
2413 2435 189 39
2603 2435 186 39
2790 2435 113 39
2904 2435 139 39
2350 2475 62 46
2413 2475 189 46
2603 2475 186 46
2790 2475 113 46
2904 2475 139 46
2350 2522 62 62
2413 2522 189 62
2603 2522 186 62
2790 2522 113 62
2904 2522 139 62
2350 2585 62 38
2413 2585 189 38
2603 2585 186 38
2790 2585 113 38
2904 2585 139 38
2350 2624 62 39
2413 2624 189 39
2603 2624 186 39
2790 2624 113 39
2904 2624 139 39
2350 2664 62 61
2413 2664 189 61
2603 2664 186 61
2790 2664 113 61
2904 2664 139 61
2350 2726 62 56
2413 2726 189 56
2603 2726 186 56
2790 2726 113 56
2904 2726 139 56
2350 2783 62 56
2413 2783 189 56
2603 2783 186 56
2790 2783 113 56
2904 2783 139 56
2350 2840 62 55
2413 2840 189 55
2603 2840 186 55
2790 2840 113 55
2904 2840 139 55
2350 2896 62 62
2413 2896 189 62
2603 2896 186 62
2790 2896 113 62
2904 2896 139 62
2350 2959 62 46
2413 2959 189 46
2603 2959 186 46
2790 2959 113 46
2904 2959 139 46
2350 3006 62 39
2413 3006 189 39
2603 3006 186 39
2790 3006 113 39
2904 3006 139 39
2350 3046 62 61
2413 3046 189 61
2603 3046 186 61
2790 3046 113 61
2904 3046 139 61
2350 3108 62 50
2413 3108 189 50
2603 3108 186 50
2790 3108 113 50
2904 3108 139 50
2350 3159 62 50
2413 3159 189 50
2603 3159 186 50
2790 3159 113 50
2904 3159 139 50
2350 3210 62 53
2413 3210 189 53
2603 3210 186 53
2790 3210 113 53
2904 3210 139 53
2350 3264 62 53
2413 3264 189 53
2603 3264 186 53
2790 3264 113 53
2904 3264 139 53
2350 3318 62 53
2413 3318 189 53
2603 3318 186 53
2790 3318 113 53
2904 3318 139 53
2350 3372 62 53
2413 3372 189 53
2603 3372 186 53
2790 3372 113 53
2904 3372 139 53
2350 3426 62 38
2413 3426 189 38
2603 3426 186 38
2790 3426 113 38
2904 3426 139 38
2350 3465 62 62
2413 3465 189 62
2603 3465 186 62
2790 3465 113 62
2904 3465 139 62
2350 3528 62 38
2413 3528 189 38
2603 3528 186 38
2790 3528 113 38
2904 3528 139 38
2350 3567 62 56
2413 3567 189 56
2603 3567 186 56
2790 3567 113 56
2904 3567 139 56
2350 3624 62 39
2413 3624 189 39
2603 3624 186 39
2790 3624 113 39
2904 3624 139 39
2350 3664 62 39
2413 3664 189 39
2603 3664 186 39
2790 3664 113 39
2904 3664 139 39
2350 3704 62 38
2413 3704 189 38
2603 3704 186 38
2790 3704 113 38
2904 3704 139 38
2350 3743 62 39
2413 3743 189 39
2603 3743 186 39
2790 3743 113 39
2904 3743 139 39
2350 3783 62 39
2413 3783 189 39
2603 3783 186 39
2790 3783 113 39
2904 3783 139 39
2350 3823 62 38
2413 3823 189 38
2603 3823 186 38
2790 3823 113 38
2904 3823 139 38
2350 3862 62 56
2413 3862 189 56
2603 3862 186 56
2790 3862 113 56
2904 3862 139 56
2350 3919 62 39
2413 3919 189 39
2603 3919 186 39
2790 3919 113 39
2904 3919 139 39
2350 3959 62 38
2413 3959 189 38
2603 3959 186 38
2790 3959 113 38
2904 3959 139 38
2350 3998 62 39
2413 3998 189 39
2603 3998 186 39
2790 3998 113 39
2904 3998 139 39
2350 4038 62 39
2413 4038 189 39
2603 4038 186 39
2790 4038 113 39
2904 4038 139 39
2350 4078 62 38
2413 4078 189 38
2603 4078 186 38
2790 4078 113 38
2904 4078 139 38
2350 4117 62 39
2413 4117 189 39
2603 4117 186 39
2790 4117 113 39
2904 4117 139 39
2350 4157 62 39
2413 4157 189 39
2603 4157 186 39
2790 4157 113 39
2904 4157 139 39
2350 4197 62 50
2413 4197 189 50
2603 4197 186 50
2790 4197 113 50
2904 4197 139 50
2350 4248 62 38
2413 4248 189 38
2603 4248 186 38
2790 4248 113 38
2904 4248 139 38
2350 4287 62 39
2413 4287 189 39
2603 4287 186 39
2790 4287 113 39
2904 4287 139 39
2350 4327 62 39
2413 4327 189 39
2603 4327 186 39
2790 4327 113 39
2904 4327 139 39
