170 800 151 137
323 800 89 137
414 800 202 137
618 800 208 137
828 800 225 137
1055 800 111 137
1168 800 112 137
1282 800 156 137
1440 800 293 137
1735 800 293 137
2030 800 1037 137
170 941 151 858
323 941 89 428
414 941 202 428
618 941 208 428
828 941 225 428
1055 941 111 428
1168 941 112 428
1282 941 156 428
1440 941 293 428
1735 941 293 428
2030 941 1037 428
323 1371 89 428
414 1371 202 428
618 1371 208 428
828 1371 225 428
1055 1371 111 428
1168 1371 112 428
1282 1371 156 428
1440 1371 293 428
1735 1371 293 428
2030 1371 1037 428
170 1803 151 857
323 1803 89 428
414 1803 202 428
618 1803 208 428
828 1803 225 428
1055 1803 111 428
1168 1803 112 428
1282 1803 156 428
1440 1803 293 428
1735 1803 293 428
2030 1803 1037 428
323 2232 89 428
414 2232 202 428
618 2232 208 428
828 2232 225 428
1055 2232 111 428
1168 2232 112 428
1282 2232 156 428
1440 2232 293 428
1735 2232 293 428
2030 2232 1037 428
170 2664 151 858
323 2664 89 428
414 2664 202 428
618 2664 208 428
828 2664 225 428
1055 2664 111 428
1168 2664 112 428
1282 2664 156 428
1440 2664 293 428
1735 2664 293 428
2030 2664 1037 428
323 3094 89 428
414 3094 202 428
618 3094 208 428
828 3094 225 428
1055 3094 111 428
1168 3094 112 428
1282 3094 156 428
1440 3094 293 428
1735 3094 293 428
2030 3094 1037 428
170 3526 151 856
323 3526 89 428
414 3526 202 428
618 3526 208 428
828 3526 225 428
1055 3526 111 428
1168 3526 112 428
1282 3526 156 428
1440 3526 293 428
1735 3526 293 428
2030 3526 1037 428
323 3956 89 426
414 3956 202 426
618 3956 208 426
828 3956 225 426
1055 3956 111 426
1168 3956 112 426
1282 3956 156 426
1440 3956 293 426
1735 3956 293 426
2030 3956 1037 426
