176 205 2740 285
176 493 2740 265
176 761 2740 80
176 843 104 129
282 843 104 129
388 843 246 129
637 843 171 129
811 843 67 129
881 843 68 129
952 843 68 129
1023 843 68 129
1094 843 301 129
1398 843 386 129
1787 843 1129 129
176 975 104 916
282 975 104 303
388 975 246 303
637 975 171 303
811 975 67 303
881 975 68 303
952 975 68 303
1023 975 68 303
1094 975 301 303
1398 975 386 303
1787 975 1129 303
282 1281 104 304
388 1281 246 304
637 1281 171 304
811 1281 67 304
881 1281 68 304
952 1281 68 304
1023 1281 68 304
1094 1281 301 304
1398 1281 386 304
1787 1281 1129 304
282 1587 104 304
388 1587 246 304
637 1587 171 304
811 1587 67 304
881 1587 68 304
952 1587 68 304
1023 1587 68 304
1094 1587 301 304
1398 1587 386 304
1787 1587 1129 304
176 1893 2740 80
176 1976 104 129
282 1976 104 129
388 1976 246 129
637 1976 171 129
811 1976 67 129
881 1976 68 129
952 1976 68 129
1023 1976 68 129
1094 1976 301 129
1398 1976 386 129
1787 1976 1129 129
176 2108 104 2139
282 2108 104 303
388 2108 246 303
637 2108 171 303
811 2108 67 303
881 2108 68 303
952 2108 68 303
1023 2108 68 303
1094 2108 301 303
1398 2108 386 303
1787 2108 1129 303
282 2414 104 303
388 2414 246 303
637 2414 171 303
811 2414 67 303
881 2414 68 303
952 2414 68 303
1023 2414 68 303
1094 2414 301 303
1398 2414 386 303
1787 2414 1129 303
282 2720 104 303
388 2720 246 303
637 2720 171 303
811 2720 67 303
881 2720 68 303
952 2720 68 303
1023 2720 68 303
1094 2720 301 303
1398 2720 386 303
1787 2720 1129 303
282 3026 104 303
388 3026 246 303
637 3026 171 303
811 3026 67 303
881 3026 68 303
952 3026 68 303
1023 3026 68 303
1094 3026 301 303
1398 3026 386 303
1787 3026 1129 303
282 3332 104 303
388 3332 246 303
637 3332 171 303
811 3332 67 303
881 3332 68 303
952 3332 68 303
1023 3332 68 303
1094 3332 301 303
1398 3332 386 303
1787 3332 1129 303
282 3638 104 303
388 3638 246 303
637 3638 171 303
811 3638 67 303
881 3638 68 303
952 3638 68 303
1023 3638 68 303
1094 3638 301 303
1398 3638 386 303
1787 3638 1129 303
282 3944 104 303
388 3944 246 303
637 3944 171 303
811 3944 67 303
881 3944 68 303
952 3944 68 303
1023 3944 68 303
1094 3944 301 303
1398 3944 386 303
1787 3944 1129 303
