11 12 2966 339
11 356 2966 263
11 625 2966 112
11 739 77 41
90 739 208 41
299 739 152 41
453 739 88 41
543 739 89 41
634 739 180 41
815 739 180 41
997 739 281 41
1280 739 339 41
1620 739 1357 41
11 782 77 302
90 782 208 302
299 782 152 302
453 782 88 302
543 782 89 302
634 782 180 302
815 782 180 302
997 782 281 302
1280 782 339 302
1620 782 1357 302
11 1085 77 302
90 1085 208 302
299 1085 152 302
453 1085 88 302
543 1085 89 302
634 1085 180 302
815 1085 180 302
997 1085 281 302
1280 1085 339 302
1620 1085 1357 302
11 1389 77 302
90 1389 208 302
299 1389 152 302
453 1389 88 302
543 1389 89 302
634 1389 180 302
815 1389 180 302
997 1389 281 302
1280 1389 339 302
1620 1389 1357 302
11 1693 77 302
90 1693 208 302
299 1693 152 302
453 1693 88 302
543 1693 89 302
634 1693 180 302
815 1693 180 302
997 1693 281 302
1280 1693 339 302
1620 1693 1357 302
11 1997 77 302
90 1997 208 302
299 1997 152 302
453 1997 88 302
543 1997 89 302
634 1997 180 302
815 1997 180 302
997 1997 281 302
1280 1997 339 302
1620 1997 1357 302
11 2300 77 302
90 2300 208 302
299 2300 152 302
453 2300 88 302
543 2300 89 302
634 2300 180 302
815 2300 180 302
997 2300 281 302
1280 2300 339 302
1620 2300 1357 302
11 2604 77 302
90 2604 208 302
299 2604 152 302
453 2604 88 302
543 2604 89 302
634 2604 180 302
815 2604 180 302
997 2604 281 302
1280 2604 339 302
1620 2604 1357 302
11 2908 77 287
90 2908 208 287
299 2908 152 287
453 2908 88 287
543 2908 89 287
634 2908 180 287
815 2908 180 287
997 2908 281 287
1280 2908 339 287
1620 2908 1357 287
11 3197 77 317
90 3197 208 317
299 3197 152 317
453 3197 88 317
543 3197 89 317
634 3197 180 317
815 3197 180 317
997 3197 281 317
1280 3197 339 317
1620 3197 1357 317
11 3515 77 302
90 3515 208 302
299 3515 152 302
453 3515 88 302
543 3515 89 302
634 3515 180 302
815 3515 180 302
997 3515 281 302
1280 3515 339 302
1620 3515 1357 302
11 3819 77 297
90 3819 208 297
299 3819 152 297
453 3819 88 297
543 3819 89 297
634 3819 180 297
815 3819 180 297
997 3819 281 297
1280 3819 339 297
1620 3819 1357 297
