66 2579 365 35
432 2579 516 35
949 2579 996 35
1946 2579 329 35
2276 2579 471 35
66 2615 365 28
432 2615 516 28
949 2615 996 28
1946 2615 329 28
2276 2615 471 28
66 2672 365 28
432 2672 516 28
949 2672 996 28
1946 2672 329 28
2276 2672 471 28
66 2701 365 28
432 2701 516 28
949 2701 996 28
1946 2701 329 28
2276 2701 471 28
66 2730 365 32
432 2730 516 32
949 2730 996 32
1946 2730 329 32
2276 2730 471 32
66 2763 365 27
432 2763 516 27
949 2763 996 27
1946 2763 329 27
2276 2763 471 27
66 2791 365 27
432 2791 516 27
949 2791 996 27
1946 2791 329 27
2276 2791 471 27
66 2819 365 27
432 2819 516 27
949 2819 996 27
1946 2819 329 27
2276 2819 471 27
66 2847 365 28
432 2847 516 28
949 2847 996 28
1946 2847 329 28
2276 2847 471 28
66 2876 365 29
432 2876 516 29
949 2876 996 29
1946 2876 329 29
2276 2876 471 29
66 2906 365 27
432 2906 516 27
949 2906 996 27
1946 2906 329 27
2276 2906 471 27
66 2934 365 27
432 2934 516 27
949 2934 996 27
1946 2934 329 27
2276 2934 471 27
66 2962 365 28
432 2962 516 28
949 2962 996 28
1946 2962 329 28
2276 2962 471 28
66 2991 365 28
432 2991 516 28
949 2991 996 28
1946 2991 329 28
2276 2991 471 28
66 3020 365 32
432 3020 516 32
949 3020 996 32
1946 3020 329 32
2276 3020 471 32
66 3053 365 26
432 3053 516 26
949 3053 996 26
1946 3053 329 26
2276 3053 471 26
66 3080 365 28
432 3080 516 28
949 3080 996 28
1946 3080 329 28
2276 3080 471 28
66 3109 365 26
432 3109 516 26
949 3109 996 26
1946 3109 329 26
2276 3109 471 26
66 3136 365 29
432 3136 516 29
949 3136 996 29
1946 3136 329 29
2276 3136 471 29
66 3166 365 29
432 3166 516 29
949 3166 996 29
1946 3166 329 29
2276 3166 471 29
66 3196 365 29
432 3196 516 29
949 3196 996 29
1946 3196 329 29
2276 3196 471 29
66 3226 365 27
432 3226 516 27
949 3226 996 27
1946 3226 329 27
2276 3226 471 27
66 3254 365 28
432 3254 516 28
949 3254 996 28
1946 3254 329 28
2276 3254 471 28
66 3283 365 28
432 3283 516 28
949 3283 996 28
1946 3283 329 28
2276 3283 471 28
66 3312 365 32
432 3312 516 32
949 3312 996 32
1946 3312 329 32
2276 3312 471 32
66 3345 365 26
432 3345 516 26
949 3345 996 26
1946 3345 329 26
2276 3345 471 26
66 3372 365 28
432 3372 516 28
949 3372 996 28
1946 3372 329 28
2276 3372 471 28
66 3401 365 26
432 3401 516 26
949 3401 996 26
1946 3401 329 26
2276 3401 471 26
66 3428 365 28
432 3428 516 28
949 3428 996 28
1946 3428 329 28
2276 3428 471 28
66 3457 365 30
432 3457 516 30
949 3457 996 30
1946 3457 329 30
2276 3457 471 30
66 3488 365 30
432 3488 516 30
949 3488 996 30
1946 3488 329 30
2276 3488 471 30
66 3519 365 27
432 3519 516 27
949 3519 996 27
1946 3519 329 27
2276 3519 471 27
66 3547 365 28
432 3547 516 28
949 3547 996 28
1946 3547 329 28
2276 3547 471 28
66 3694 365 27
432 3694 516 27
949 3694 996 27
1946 3694 329 27
2276 3694 471 27
66 3722 365 28
432 3722 516 28
949 3722 996 28
1946 3722 329 28
2276 3722 471 28
66 3751 365 29
432 3751 516 29
949 3751 996 29
1946 3751 329 29
2276 3751 471 29
66 3781 365 27
432 3781 516 27
949 3781 996 27
1946 3781 329 27
2276 3781 471 27
66 3809 365 31
432 3809 516 31
949 3809 996 31
1946 3809 329 31
2276 3809 471 31
66 3841 365 27
432 3841 516 27
949 3841 996 27
1946 3841 329 27
2276 3841 471 27
66 3869 365 27
432 3869 516 27
949 3869 996 27
1946 3869 329 27
2276 3869 471 27
66 3897 365 27
432 3897 516 27
949 3897 996 27
1946 3897 329 27
2276 3897 471 27
66 3925 365 28
432 3925 516 28
949 3925 996 28
1946 3925 329 28
2276 3925 471 28
66 3954 365 30
432 3954 516 30
949 3954 996 30
1946 3954 329 30
2276 3954 471 30
