170 747 151 137
323 747 89 137
414 747 202 137
618 747 208 137
828 747 225 137
1055 747 111 137
1168 747 112 137
1282 747 156 137
1440 747 293 137
1735 747 293 137
2030 747 1037 137
170 888 151 774
323 888 89 386
414 888 202 386
618 888 208 386
828 888 225 386
1055 888 111 386
1168 888 112 386
1282 888 156 386
1440 888 293 386
1735 888 293 386
2030 888 1037 386
323 1276 89 386
414 1276 202 386
618 1276 208 386
828 1276 225 386
1055 1276 111 386
1168 1276 112 386
1282 1276 156 386
1440 1276 293 386
1735 1276 293 386
2030 1276 1037 386
170 1666 151 385
323 1666 89 385
414 1666 202 385
618 1666 208 385
828 1666 225 385
1055 1666 111 385
1168 1666 112 385
1282 1666 156 385
1440 1666 293 385
1735 1666 293 385
2030 1666 1037 385
170 2055 151 385
323 2055 89 385
414 2055 202 385
618 2055 208 385
828 2055 225 385
1055 2055 111 385
1168 2055 112 385
1282 2055 156 385
1440 2055 293 385
1735 2055 293 385
2030 2055 1037 385
170 2444 151 385
323 2444 89 385
414 2444 202 385
618 2444 208 385
828 2444 225 385
1055 2444 111 385
1168 2444 112 385
1282 2444 156 385
1440 2444 293 385
1735 2444 293 385
2030 2444 1037 385
170 2833 151 385
323 2833 89 385
414 2833 202 385
618 2833 208 385
828 2833 225 385
1055 2833 111 385
1168 2833 112 385
1282 2833 156 385
1440 2833 293 385
1735 2833 293 385
2030 2833 1037 385
170 3222 151 1160
323 3222 89 386
414 3222 202 386
618 3222 208 386
828 3222 225 386
1055 3222 111 386
1168 3222 112 386
1282 3222 156 386
1440 3222 293 386
1735 3222 293 386
2030 3222 1037 386
323 3610 89 387
414 3610 202 387
618 3610 208 387
828 3610 225 387
1055 3610 111 387
1168 3610 112 387
1282 3610 156 387
1440 3610 293 387
1735 3610 293 387
2030 3610 1037 387
323 3999 89 383
414 3999 202 383
618 3999 208 383
828 3999 225 383
1055 3999 111 383
1168 3999 112 383
1282 3999 156 383
1440 3999 293 383
1735 3999 293 383
2030 3999 1037 383
