176 205 2740 285
176 493 2740 265
176 761 2740 88
176 851 104 142
282 851 104 142
388 851 246 142
637 851 171 142
811 851 67 142
881 851 68 142
952 851 68 142
1023 851 68 142
1094 851 301 142
1398 851 386 142
1787 851 1129 142
176 996 104 1003
282 996 104 333
388 996 246 333
637 996 171 333
811 996 67 333
881 996 68 333
952 996 68 333
1023 996 68 333
1094 996 301 333
1398 996 386 333
1787 996 1129 333
282 1331 104 333
388 1331 246 333
637 1331 171 333
811 1331 67 333
881 1331 68 333
952 1331 68 333
1023 1331 68 333
1094 1331 301 333
1398 1331 386 333
1787 1331 1129 333
282 1667 104 332
388 1667 246 332
637 1667 171 332
811 1667 67 332
881 1667 68 332
952 1667 68 332
1023 1667 68 332
1094 1667 301 332
1398 1667 386 332
1787 1667 1129 332
176 2002 2740 88
176 2093 104 142
282 2093 104 142
388 2093 246 142
637 2093 171 142
811 2093 67 142
881 2093 68 142
952 2093 68 142
1023 2093 68 142
1094 2093 301 142
1398 2093 386 142
1787 2093 1129 142
176 2237 104 2010
282 2237 104 333
388 2237 246 333
637 2237 171 333
811 2237 67 333
881 2237 68 333
952 2237 68 333
1023 2237 68 333
1094 2237 301 333
1398 2237 386 333
1787 2237 1129 333
282 2573 104 333
388 2573 246 333
637 2573 171 333
811 2573 67 333
881 2573 68 333
952 2573 68 333
1023 2573 68 333
1094 2573 301 333
1398 2573 386 333
1787 2573 1129 333
282 2908 104 333
388 2908 246 333
637 2908 171 333
811 2908 67 333
881 2908 68 333
952 2908 68 333
1023 2908 68 333
1094 2908 301 333
1398 2908 386 333
1787 2908 1129 333
282 3244 104 332
388 3244 246 332
637 3244 171 332
811 3244 67 332
881 3244 68 332
952 3244 68 332
1023 3244 68 332
1094 3244 301 332
1398 3244 386 332
1787 3244 1129 332
282 3579 104 333
388 3579 246 333
637 3579 171 333
811 3579 67 333
881 3579 68 333
952 3579 68 333
1023 3579 68 333
1094 3579 301 333
1398 3579 386 333
1787 3579 1129 333
282 3915 104 332
388 3915 246 332
637 3915 171 332
811 3915 67 332
881 3915 68 332
952 3915 68 332
1023 3915 68 332
1094 3915 301 332
1398 3915 386 332
1787 3915 1129 332
