47 48 3437 235
47 284 3437 349
1769 634 1715 56
47 691 1716 56
1769 691 55 84
1825 691 224 84
2050 691 70 84
2121 691 88 84
2210 691 70 84
2281 691 87 84
2369 691 95 84
2465 691 226 84
2692 691 225 84
2918 691 566 84
47 748 56 84
104 748 224 84
329 748 70 84
400 748 88 84
489 748 70 84
560 748 87 84
648 748 94 84
743 748 226 84
970 748 226 84
1197 748 566 84
1769 776 55 339
1825 776 224 339
2050 776 70 339
2121 776 88 339
2210 776 70 339
2281 776 87 339
2369 776 95 339
2465 776 226 339
2692 776 225 339
2918 776 566 339
47 833 56 339
104 833 224 339
329 833 70 339
400 833 88 339
489 833 70 339
560 833 87 339
648 833 94 339
743 833 226 339
970 833 226 339
1197 833 566 339
1769 1116 55 339
1825 1116 224 339
2050 1116 70 339
2121 1116 88 339
2210 1116 70 339
2281 1116 87 339
2369 1116 95 339
2465 1116 226 339
2692 1116 225 339
2918 1116 566 339
47 1173 1716 55
47 1229 56 84
104 1229 224 84
329 1229 70 84
400 1229 88 84
489 1229 70 84
560 1229 87 84
648 1229 94 84
743 1229 226 84
970 1229 226 84
1197 1229 566 84
47 1314 56 340
104 1314 224 340
329 1314 70 340
400 1314 88 340
489 1314 70 340
560 1314 87 340
648 1314 94 340
743 1314 226 340
970 1314 226 340
1197 1314 566 340
1769 1456 55 339
1825 1456 224 339
2050 1456 70 339
2121 1456 88 339
2210 1456 70 339
2281 1456 87 339
2369 1456 95 339
2465 1456 226 339
2692 1456 225 339
2918 1456 566 339
47 1655 56 339
104 1655 224 339
329 1655 70 339
400 1655 88 339
489 1655 70 339
560 1655 87 339
648 1655 94 339
743 1655 226 339
970 1655 226 339
1197 1655 566 339
1769 1796 55 340
1825 1796 224 340
2050 1796 70 340
2121 1796 88 340
2210 1796 70 340
2281 1796 87 340
2369 1796 95 340
2465 1796 226 340
2692 1796 225 340
2918 1796 566 340
47 1995 56 339
104 1995 224 339
329 1995 70 339
400 1995 88 339
489 1995 70 339
560 1995 87 339
648 1995 94 339
743 1995 226 339
970 1995 226 339
1197 1995 566 339
1769 2137 55 339
1825 2137 224 339
2050 2137 70 339
2121 2137 88 339
2210 2137 70 339
2281 2137 87 339
2369 2137 95 339
2465 2137 226 339
2692 2137 225 339
2918 2137 566 339
47 2335 1716 56
47 2392 56 84
104 2392 224 84
329 2392 70 84
400 2392 88 84
489 2392 70 84
560 2392 87 84
648 2392 94 84
743 2392 226 84
970 2392 226 84
1197 2392 566 84
47 2477 56 339
104 2477 224 339
329 2477 70 339
400 2477 88 339
489 2477 70 339
560 2477 87 339
648 2477 94 339
743 2477 226 339
970 2477 226 339
1197 2477 566 339
1769 2477 55 339
1825 2477 224 339
2050 2477 70 339
2121 2477 88 339
2210 2477 70 339
2281 2477 87 339
2369 2477 95 339
2465 2477 226 339
2692 2477 225 339
2918 2477 566 339
47 2817 56 339
104 2817 224 339
329 2817 70 339
400 2817 88 339
489 2817 70 339
560 2817 87 339
648 2817 94 339
743 2817 226 339
970 2817 226 339
1197 2817 566 339
1764 2817 1720 55
1769 2874 55 84
1825 2874 224 84
2050 2874 70 84
2121 2874 88 84
2210 2874 70 84
2281 2874 87 84
2369 2874 95 84
2465 2874 226 84
2692 2874 225 84
2918 2874 566 84
1769 2959 55 339
1825 2959 224 339
2050 2959 70 339
2121 2959 88 339
2210 2959 70 339
2281 2959 87 339
2369 2959 95 339
2465 2959 226 339
2692 2959 225 339
2918 2959 566 339
47 3157 1716 56
47 3214 56 84
104 3214 224 84
329 3214 70 84
400 3214 88 84
489 3214 70 84
560 3214 87 84
648 3214 94 84
743 3214 226 84
970 3214 226 84
1197 3214 566 84
47 3299 56 339
104 3299 224 339
329 3299 70 339
400 3299 88 339
489 3299 70 339
560 3299 87 339
648 3299 94 339
743 3299 226 339
970 3299 226 339
1197 3299 566 339
1769 3299 55 339
1825 3299 224 339
2050 3299 70 339
2121 3299 88 339
2210 3299 70 339
2281 3299 87 339
2369 3299 95 339
2465 3299 226 339
2692 3299 225 339
2918 3299 566 339
47 3639 56 339
104 3639 224 339
329 3639 70 339
400 3639 88 339
489 3639 70 339
560 3639 87 339
648 3639 94 339
743 3639 226 339
970 3639 226 339
1197 3639 566 339
1764 3639 1720 55
1769 3696 55 84
1825 3696 224 84
2050 3696 70 84
2121 3696 88 84
2210 3696 70 84
2281 3696 87 84
2369 3696 95 84
2465 3696 226 84
2692 3696 225 84
2918 3696 566 84
1769 3781 55 339
1825 3781 224 339
2050 3781 70 339
2121 3781 88 339
2210 3781 70 339
2281 3781 87 339
2369 3781 95 339
2465 3781 226 339
2692 3781 225 339
2918 3781 566 339
47 3979 1716 56
47 4036 56 339
104 4036 224 339
329 4036 70 339
400 4036 88 339
489 4036 70 339
560 4036 87 339
648 4036 94 339
743 4036 226 339
970 4036 226 339
1197 4036 566 339
1769 4121 55 339
1825 4121 224 339
2050 4121 70 339
2121 4121 88 339
2210 4121 70 339
2281 4121 87 339
2369 4121 95 339
2465 4121 226 339
2692 4121 225 339
2918 4121 566 339
47 4376 56 339
104 4376 224 339
329 4376 70 339
400 4376 88 339
489 4376 70 339
560 4376 87 339
648 4376 94 339
743 4376 226 339
970 4376 226 339
1197 4376 566 339
1769 4461 55 328
1825 4461 224 328
2050 4461 70 328
2121 4461 88 328
2210 4461 70 328
2281 4461 87 328
2369 4461 95 328
2465 4461 226 328
2692 4461 225 328
2918 4461 566 328
47 4716 1716 73
