11 12 2965 274
11 291 2965 236
11 533 2965 86
11 621 84 53
97 621 208 53
307 621 293 53
602 621 80 53
684 621 80 53
766 621 89 53
857 621 146 53
1004 621 282 53
1288 621 338 53
1628 621 1348 53
11 676 84 374
97 676 208 374
307 676 293 374
602 676 80 374
684 676 80 374
766 676 89 374
857 676 146 374
1004 676 282 374
1288 676 338 374
1628 676 1348 374
11 1052 84 375
97 1052 208 375
307 1052 293 375
602 1052 80 375
684 1052 80 375
766 1052 89 375
857 1052 146 375
1004 1052 282 375
1288 1052 338 375
1628 1052 1348 375
11 1429 84 375
97 1429 208 375
307 1429 293 375
602 1429 80 375
684 1429 80 375
766 1429 89 375
857 1429 146 375
1004 1429 282 375
1288 1429 338 375
1628 1429 1348 375
11 1805 84 375
97 1805 208 375
307 1805 293 375
602 1805 80 375
684 1805 80 375
766 1805 89 375
857 1805 146 375
1004 1805 282 375
1288 1805 338 375
1628 1805 1348 375
11 2182 84 375
97 2182 208 375
307 2182 293 375
602 2182 80 375
684 2182 80 375
766 2182 89 375
857 2182 146 375
1004 2182 282 375
1288 2182 338 375
1628 2182 1348 375
11 2559 84 365
97 2559 208 365
307 2559 293 365
602 2559 80 365
684 2559 80 365
766 2559 89 365
857 2559 146 365
1004 2559 282 365
1288 2559 338 365
1628 2559 1348 365
11 2930 2965 93
11 3024 84 50
97 3024 208 50
307 3024 293 50
602 3024 80 50
684 3024 80 50
766 3024 89 50
857 3024 146 50
1004 3024 282 50
1288 3024 338 50
1628 3024 1348 50
11 3076 84 339
97 3076 208 339
307 3076 293 339
602 3076 80 339
684 3076 80 339
766 3076 89 339
857 3076 146 339
1004 3076 282 339
1288 3076 338 339
1628 3076 1348 339
11 3417 84 351
97 3417 208 351
307 3417 293 351
602 3417 80 351
684 3417 80 351
766 3417 89 351
857 3417 146 351
1004 3417 282 351
1288 3417 338 351
1628 3417 1348 351
11 3770 84 346
97 3770 208 346
307 3770 293 346
602 3770 80 346
684 3770 80 346
766 3770 89 346
857 3770 146 346
1004 3770 282 346
1288 3770 338 346
1628 3770 1348 346
