11 12 2965 240
11 257 2965 236
11 499 2965 89
11 590 84 39
97 590 208 39
307 590 151 39
460 590 89 39
551 590 89 39
642 590 179 39
823 590 180 39
1004 590 282 39
1288 590 338 39
1628 590 1348 39
11 631 84 496
97 631 208 496
307 631 151 496
460 631 89 496
551 631 89 496
642 631 179 496
823 631 180 496
1004 631 282 496
1288 631 338 496
1628 631 1348 496
11 1129 84 497
97 1129 208 497
307 1129 151 497
460 1129 89 497
551 1129 89 497
642 1129 179 497
823 1129 180 497
1004 1129 282 497
1288 1129 338 497
1628 1129 1348 497
11 1628 84 497
97 1628 208 497
307 1628 151 497
460 1628 89 497
551 1628 89 497
642 1628 179 497
823 1628 180 497
1004 1628 282 497
1288 1628 338 497
1628 1628 1348 497
11 2126 84 499
97 2126 208 499
307 2126 151 499
460 2126 89 499
551 2126 89 499
642 2126 179 499
823 2126 180 499
1004 2126 282 499
1288 2126 338 499
1628 2126 1348 499
11 2627 84 496
97 2627 208 496
307 2627 151 496
460 2627 89 496
551 2627 89 496
642 2627 179 496
823 2627 180 496
1004 2627 282 496
1288 2627 338 496
1628 2627 1348 496
11 3125 84 501
97 3125 208 501
307 3125 151 501
460 3125 89 501
551 3125 89 501
642 3125 179 501
823 3125 180 501
1004 3125 282 501
1288 3125 338 501
1628 3125 1348 501
11 3628 84 488
97 3628 208 488
307 3628 151 488
460 3628 89 488
551 3628 89 488
642 3628 179 488
823 3628 180 488
1004 3628 282 488
1288 3628 338 488
1628 3628 1348 488
