1491 2439 157 110
1649 2439 167 110
1817 2439 358 110
2176 2439 334 110
2511 2439 190 110
2703 2439 165 110
1491 2552 157 110
1649 2552 167 1448
1817 2552 358 110
2176 2552 334 110
2511 2552 190 110
2703 2552 165 110
1491 2665 157 109
1817 2665 358 109
2176 2665 334 109
2511 2665 190 109
2703 2665 165 109
1491 2777 157 110
1817 2777 358 110
2176 2777 334 110
2511 2777 190 110
2703 2777 165 110
1491 2890 157 109
1817 2890 358 109
2176 2890 334 109
2511 2890 190 109
2703 2890 165 109
1491 3002 157 110
1817 3002 358 110
2176 3002 334 110
2511 3002 190 110
2703 3002 165 110
1491 3114 157 110
1817 3114 358 110
2176 3114 334 110
2511 3114 190 110
2703 3114 165 110
1491 3227 157 110
1817 3227 358 110
2176 3227 334 110
2511 3227 190 110
2703 3227 165 110
1491 3339 157 110
1817 3339 358 110
2176 3339 334 110
2511 3339 190 110
2703 3339 165 110
1491 3452 157 110
1817 3452 358 110
2176 3452 334 110
2511 3452 190 110
2703 3452 165 110
1491 3564 157 110
1817 3564 358 110
2176 3564 334 110
2511 3564 190 110
2703 3564 165 110
1491 3677 157 109
1817 3677 358 109
2176 3677 334 109
2511 3677 190 109
2703 3677 165 109
1491 3789 157 110
1817 3789 358 110
2176 3789 334 110
2511 3789 190 110
2703 3789 165 110
1491 3902 157 98
1817 3902 358 98
2176 3902 334 98
2511 3902 190 98
2703 3902 165 98
