180 265 2860 275
180 545 2860 222
180 772 67 90
249 772 72 90
323 772 179 90
504 772 208 90
714 772 83 90
799 772 66 90
867 772 100 90
969 772 156 90
1127 772 339 90
1468 772 386 90
1856 772 1184 90
180 867 67 740
249 867 72 246
323 867 179 246
504 867 208 246
714 867 83 246
799 867 66 246
867 867 100 246
969 867 156 246
1127 867 339 246
1468 867 386 246
1856 867 1184 246
249 1115 72 245
323 1115 179 245
504 1115 208 245
714 1115 83 245
799 1115 66 245
867 1115 100 245
969 1115 156 245
1127 1115 339 245
1468 1115 386 245
1856 1115 1184 245
249 1362 72 245
323 1362 179 245
504 1362 208 245
714 1362 83 245
799 1362 66 245
867 1362 100 245
969 1362 156 245
1127 1362 339 245
1468 1362 386 245
1856 1362 1184 245
180 1612 67 490
249 1612 72 244
323 1612 179 244
504 1612 208 244
714 1612 83 244
799 1612 66 244
867 1612 100 244
969 1612 156 244
1127 1612 339 244
1468 1612 386 244
1856 1612 1184 244
249 1858 72 244
323 1858 179 244
504 1858 208 244
714 1858 83 244
799 1858 66 244
867 1858 100 244
969 1858 156 244
1127 1858 339 244
1468 1858 386 244
1856 1858 1184 244
180 2107 67 490
249 2107 72 244
504 2107 208 244
714 2107 83 244
799 2107 66 244
867 2107 100 244
969 2107 156 244
1127 2107 339 244
1468 2107 386 244
1856 2107 1184 244
249 2353 72 244
323 2353 179 244
504 2353 208 244
714 2353 83 244
799 2353 66 244
867 2353 100 244
969 2353 156 244
1127 2353 339 244
1468 2353 386 244
1856 2353 1184 244
180 2602 67 490
249 2602 72 244
504 2602 208 244
714 2602 83 244
799 2602 66 244
867 2602 100 244
969 2602 156 244
1127 2602 339 244
1468 2602 386 244
1856 2602 1184 244
249 2848 72 244
323 2848 179 244
504 2848 208 244
714 2848 83 244
799 2848 66 244
867 2848 100 244
969 2848 156 244
1127 2848 339 244
1468 2848 386 244
1856 2848 1184 244
180 3097 67 242
249 3097 72 242
504 3097 208 242
714 3097 83 242
799 3097 66 242
867 3097 100 242
969 3097 156 242
1127 3097 339 242
1468 3097 386 242
1856 3097 1184 242
180 3344 67 243
249 3344 72 243
504 3344 208 243
714 3344 83 243
799 3344 66 243
867 3344 100 243
969 3344 156 243
1127 3344 339 243
1468 3344 386 243
1856 3344 1184 243
180 3592 67 242
249 3592 72 242
504 3592 208 242
714 3592 83 242
799 3592 66 242
867 3592 100 242
969 3592 156 242
1127 3592 339 242
1468 3592 386 242
1856 3592 1184 242
180 3839 67 243
249 3839 72 243
323 3839 179 243
504 3839 208 243
714 3839 83 243
799 3839 66 243
867 3839 100 243
969 3839 156 243
1127 3839 339 243
1468 3839 386 243
1856 3839 1184 243
180 4087 67 241
249 4087 72 241
504 4087 208 241
714 4087 83 241
799 4087 66 241
867 4087 100 241
969 4087 156 241
1127 4087 339 241
1468 4087 386 241
1856 4087 1184 241
