180 265 2857 275
180 545 2857 222
180 772 67 86
249 772 72 86
323 772 179 86
504 772 208 86
714 772 83 86
799 772 66 86
867 772 100 86
969 772 157 86
1128 772 338 86
1468 772 386 86
1856 772 1181 86
180 863 67 741
249 863 72 246
323 863 179 246
504 863 208 246
714 863 83 246
799 863 66 246
867 863 100 246
969 863 157 246
1128 863 338 246
1468 863 386 246
1856 863 1181 246
249 1111 72 246
323 1111 179 221
504 1111 208 246
714 1111 83 246
799 1111 66 246
867 1111 100 246
969 1111 157 246
1128 1111 338 246
1468 1111 386 246
1856 1111 1181 246
249 1359 72 245
504 1359 208 245
714 1359 83 245
799 1359 66 245
867 1359 100 245
969 1359 157 245
1128 1359 338 245
1468 1359 386 245
1856 1359 1181 245
180 1609 67 492
249 1609 72 245
323 1609 179 136
504 1609 208 245
714 1609 83 245
799 1609 66 245
867 1609 100 245
969 1609 157 245
1128 1609 338 245
1468 1609 386 245
1856 1609 1181 245
249 1856 72 245
323 1856 179 206
504 1856 208 245
714 1856 83 245
799 1856 66 245
867 1856 100 245
969 1856 157 245
1128 1856 338 245
1468 1856 386 245
1856 1856 1181 245
180 2106 67 491
249 2106 72 244
504 2106 208 244
714 2106 83 244
799 2106 66 244
867 2106 100 244
969 2106 157 244
1128 2106 338 244
1468 2106 386 244
1856 2106 1181 244
249 2352 72 245
323 2352 179 236
504 2352 208 245
714 2352 83 245
799 2352 66 245
867 2352 100 245
969 2352 157 245
1128 2352 338 245
1468 2352 386 245
1856 2352 1181 245
180 2602 67 492
249 2602 72 245
504 2602 208 245
714 2602 83 245
799 2602 66 245
867 2602 100 245
969 2602 157 245
1128 2602 338 245
1468 2602 386 245
1856 2602 1181 245
249 2849 72 245
504 2849 208 245
714 2849 83 245
799 2849 66 245
867 2849 100 245
969 2849 157 245
1128 2849 338 245
1468 2849 386 245
1856 2849 1181 245
477 2912 25 26
323 2917 26 23
180 3099 67 243
249 3099 72 243
504 3099 208 243
714 3099 83 243
799 3099 66 243
867 3099 100 243
969 3099 157 243
1128 3099 338 243
1468 3099 386 243
1856 3099 1181 243
180 3347 67 244
249 3347 72 244
323 3347 179 235
504 3347 208 244
714 3347 83 244
799 3347 66 244
867 3347 100 244
969 3347 157 244
1128 3347 338 244
1468 3347 386 244
1856 3347 1181 244
180 3596 67 244
249 3596 72 244
504 3596 208 244
714 3596 83 244
799 3596 66 244
867 3596 100 244
969 3596 157 244
1128 3596 338 244
1468 3596 386 244
1856 3596 1181 244
180 3845 67 244
249 3845 72 244
504 3845 208 244
714 3845 83 244
799 3845 66 244
867 3845 100 244
969 3845 157 244
1128 3845 338 244
1468 3845 386 244
1856 3845 1181 244
323 3900 21 29
180 4094 67 243
249 4094 72 243
504 4094 208 243
714 4094 83 243
799 4094 66 243
867 4094 100 243
969 4094 157 243
1128 4094 338 243
1468 4094 386 243
1856 4094 1181 243
