153 153 2072 56
2228 153 2072 2786
153 212 76 92
232 212 77 92
312 212 183 92
498 212 88 92
589 212 50 92
641 212 51 92
694 212 51 92
747 212 50 92
800 212 225 92
1028 212 289 92
1319 212 906 92
153 307 76 216
232 307 77 216
312 307 183 216
498 307 88 216
589 307 50 216
641 307 51 216
694 307 51 216
747 307 50 216
800 307 225 216
1028 307 289 216
1319 307 906 216
153 526 76 437
232 526 77 217
312 526 183 217
498 526 88 217
589 526 50 217
641 526 51 217
694 526 51 217
747 526 50 217
800 526 225 217
1028 526 289 217
1319 526 906 217
232 746 77 217
312 746 183 217
498 746 88 217
589 746 50 217
641 746 51 217
694 746 51 217
747 746 50 217
800 746 225 217
1028 746 289 217
1319 746 906 217
153 966 76 436
232 966 77 216
312 966 183 216
498 966 88 216
589 966 50 216
641 966 51 216
694 966 51 216
747 966 50 216
800 966 225 216
1028 966 289 216
1319 966 906 216
232 1185 77 217
312 1185 183 217
498 1185 88 217
589 1185 50 217
641 1185 51 217
694 1185 51 217
747 1185 50 217
800 1185 225 217
1028 1185 289 217
1319 1185 906 217
153 1405 76 436
232 1405 77 217
312 1405 183 217
498 1405 88 217
589 1405 50 217
641 1405 51 217
694 1405 51 217
747 1405 50 217
800 1405 225 217
1028 1405 289 217
1319 1405 906 217
232 1624 77 217
312 1624 183 217
498 1624 88 217
589 1624 50 217
641 1624 51 217
694 1624 51 217
747 1624 50 217
800 1624 225 217
1028 1624 289 217
1319 1624 906 217
153 1844 76 436
232 1844 77 217
312 1844 183 217
498 1844 88 217
589 1844 50 217
641 1844 51 217
694 1844 51 217
747 1844 50 217
800 1844 225 217
1028 1844 289 217
1319 1844 906 217
232 2064 77 216
312 2064 183 216
498 2064 88 216
589 2064 50 216
641 2064 51 216
694 2064 51 216
747 2064 50 216
800 2064 225 216
1028 2064 289 216
1319 2064 906 216
153 2283 76 217
232 2283 77 217
312 2283 183 217
498 2283 88 217
589 2283 50 217
641 2283 51 217
694 2283 51 217
747 2283 50 217
800 2283 225 217
1028 2283 289 217
1319 2283 906 217
153 2503 76 217
232 2503 77 217
312 2503 183 217
498 2503 88 217
589 2503 50 217
641 2503 51 217
694 2503 51 217
747 2503 50 217
800 2503 225 217
1028 2503 289 217
1319 2503 906 217
153 2722 2072 217
