112 112 2259 214
112 329 2259 160
112 492 2259 75
112 570 85 136
199 570 85 136
287 570 231 136
520 570 85 136
608 570 55 136
666 570 56 136
725 570 55 136
783 570 55 136
841 570 249 136
1093 570 318 136
1414 570 957 136
112 709 85 510
199 709 85 254
287 709 231 254
520 709 85 254
608 709 55 254
666 709 56 254
725 709 55 254
783 709 55 254
841 709 249 254
1093 709 318 254
1414 709 957 254
199 966 85 253
287 966 231 253
520 966 85 253
608 966 55 253
666 966 56 253
725 966 55 253
783 966 55 253
841 966 249 253
1093 966 318 253
1414 966 957 253
112 1222 2259 75
112 1300 85 136
199 1300 85 136
287 1300 231 136
520 1300 85 136
608 1300 55 136
666 1300 56 136
725 1300 55 136
783 1300 55 136
841 1300 249 136
1093 1300 318 136
1414 1300 957 136
112 1439 85 1023
199 1439 85 254
287 1439 231 254
520 1439 85 254
608 1439 55 254
666 1439 56 254
725 1439 55 254
783 1439 55 254
841 1439 249 254
1093 1439 318 254
1414 1439 957 254
199 1695 85 254
287 1695 231 254
520 1695 85 254
608 1695 55 254
666 1695 56 254
725 1695 55 254
783 1695 55 254
841 1695 249 254
1093 1695 318 254
1414 1695 957 254
199 1952 85 254
287 1952 231 254
520 1952 85 254
608 1952 55 254
666 1952 56 254
725 1952 55 254
783 1952 55 254
841 1952 249 254
1093 1952 318 254
1414 1952 957 254
199 2208 85 254
287 2208 231 254
520 2208 85 254
608 2208 55 254
666 2208 56 254
725 2208 55 254
783 2208 55 254
841 2208 249 254
1093 2208 318 254
1414 2208 957 254
112 2465 2259 75
112 2543 85 136
199 2543 85 136
287 2543 231 136
520 2543 85 136
608 2543 55 136
666 2543 56 136
725 2543 55 136
783 2543 55 136
841 2543 249 136
1093 2543 318 136
1414 2543 957 136
112 2682 85 253
199 2682 85 253
287 2682 231 253
520 2682 85 253
608 2682 55 253
666 2682 56 253
725 2682 55 253
783 2682 55 253
841 2682 249 253
1093 2682 318 253
1414 2682 957 253
112 2938 85 510
199 2938 85 254
287 2938 231 254
520 2938 85 254
608 2938 55 254
666 2938 56 254
725 2938 55 254
783 2938 55 254
841 2938 249 254
1093 2938 318 254
1414 2938 957 254
199 3195 85 253
287 3195 231 253
520 3195 85 253
608 3195 55 253
666 3195 56 253
725 3195 55 253
783 3195 55 253
841 3195 249 253
1093 3195 318 253
1414 3195 957 253
