12 323 2880 278
12 612 1434 61
1457 612 1435 61
12 676 44 65
58 676 190 65
251 676 133 65
387 676 65 65
455 676 49 65
506 676 66 65
574 676 66 65
642 676 83 65
727 676 156 65
886 676 560 65
1457 676 44 65
1504 676 190 65
1697 676 133 65
1833 676 65 65
1901 676 48 65
1952 676 65 65
2020 676 65 65
2088 676 82 65
2173 676 156 65
2332 676 560 65
12 744 44 462
58 744 190 462
251 744 133 462
387 744 65 462
455 744 49 462
506 744 66 462
574 744 66 462
642 744 83 462
727 744 156 462
886 744 560 462
1457 744 44 462
1504 744 190 462
1697 744 133 462
1833 744 65 462
1901 744 48 462
1952 744 65 462
2020 744 65 462
2088 744 82 462
2173 744 156 462
2332 744 560 462
12 1209 44 462
58 1209 190 462
251 1209 133 462
387 1209 65 462
455 1209 49 462
506 1209 66 462
574 1209 66 462
642 1209 83 462
727 1209 156 462
886 1209 560 462
1457 1209 1435 65
1457 1277 44 65
1504 1277 190 65
1697 1277 133 65
1833 1277 65 65
1901 1277 48 65
1952 1277 65 65
2020 1277 65 65
2088 1277 82 65
2173 1277 156 65
2332 1277 560 65
1457 1345 44 462
1504 1345 190 462
1697 1345 133 462
1833 1345 65 462
1901 1345 48 462
1952 1345 65 462
2020 1345 65 462
2088 1345 82 462
2173 1345 156 462
2332 1345 560 462
12 1674 1434 65
12 1742 44 65
58 1742 190 65
251 1742 133 65
387 1742 65 65
455 1742 49 65
506 1742 66 65
574 1742 66 65
642 1742 83 65
727 1742 156 65
886 1742 560 65
12 1810 44 462
58 1810 190 462
251 1810 133 462
387 1810 65 462
455 1810 49 462
506 1810 66 462
574 1810 66 462
642 1810 83 462
727 1810 156 462
886 1810 560 462
1457 1810 1435 65
1457 1878 44 65
1504 1878 190 65
1697 1878 133 65
1833 1878 65 65
1901 1878 48 65
1952 1878 65 65
2020 1878 65 65
2088 1878 82 65
2173 1878 156 65
2332 1878 560 65
1457 1946 44 462
1504 1946 190 462
1697 1946 133 462
1833 1946 65 462
1901 1946 48 462
1952 1946 65 462
2020 1946 65 462
2088 1946 82 462
2173 1946 156 462
2332 1946 560 462
12 2275 1434 65
12 2343 44 65
58 2343 190 65
251 2343 133 65
387 2343 65 65
455 2343 49 65
506 2343 66 65
574 2343 66 65
642 2343 83 65
727 2343 156 65
886 2343 560 65
12 2411 44 462
58 2411 190 462
251 2411 133 462
387 2411 65 462
455 2411 49 462
506 2411 66 462
574 2411 66 462
642 2411 83 462
727 2411 156 462
886 2411 560 462
1457 2411 44 462
1504 2411 190 462
1697 2411 133 462
1833 2411 65 462
1901 2411 48 462
1952 2411 65 462
2020 2411 65 462
2088 2411 82 462
2173 2411 156 462
2332 2411 560 462
12 2876 1434 65
1457 2876 1435 65
12 2944 44 65
58 2944 190 65
251 2944 133 65
387 2944 65 65
455 2944 49 65
506 2944 66 65
574 2944 66 65
642 2944 83 65
727 2944 156 65
886 2944 560 65
1457 2944 44 65
1504 2944 190 65
1697 2944 133 65
1833 2944 65 65
1901 2944 48 65
1952 2944 65 65
2020 2944 65 65
2088 2944 82 65
2173 2944 156 65
2332 2944 560 65
12 3012 44 462
58 3012 190 462
251 3012 133 462
387 3012 65 462
455 3012 49 462
506 3012 66 462
574 3012 66 462
642 3012 83 462
727 3012 156 462
886 3012 560 462
1457 3012 44 462
1504 3012 190 462
1697 3012 133 462
1833 3012 65 462
1901 3012 48 462
1952 3012 65 462
2020 3012 65 462
2088 3012 82 462
2173 3012 156 462
2332 3012 560 462
12 3477 1434 65
1457 3477 44 462
1504 3477 190 462
1697 3477 133 462
1833 3477 65 462
1901 3477 48 462
1952 3477 65 462
2020 3477 65 462
2088 3477 82 462
2173 3477 156 462
2332 3477 560 462
12 3545 44 65
58 3545 190 65
251 3545 133 65
387 3545 65 65
455 3545 49 65
506 3545 66 65
574 3545 66 65
642 3545 83 65
727 3545 156 65
886 3545 560 65
12 3613 44 458
58 3613 190 458
251 3613 133 458
387 3613 65 458
455 3613 49 458
506 3613 66 458
574 3613 66 458
642 3613 83 458
727 3613 156 458
886 3613 560 458
1457 3942 1435 129
