76 150 2887 248
76 406 2887 184
76 592 2886 60
76 654 61 83
139 654 168 83
309 654 122 83
433 654 95 83
530 654 43 83
575 654 83 83
660 654 61 83
723 654 338 83
1063 654 508 83
1573 654 1389 83
76 739 61 170
139 739 168 138
309 739 122 170
433 739 95 170
530 739 43 170
575 739 83 170
660 739 61 170
723 739 338 170
1063 739 508 170
1573 739 1389 170
76 911 2886 61
76 974 61 83
139 974 168 83
309 974 122 83
433 974 95 83
530 974 43 83
575 974 83 83
660 974 61 83
723 974 338 83
1063 974 508 83
1573 974 1389 83
76 1059 61 170
309 1059 122 170
433 1059 95 170
530 1059 43 170
575 1059 83 170
660 1059 61 170
723 1059 338 170
1063 1059 508 170
1573 1059 1389 170
139 1109 35 21
274 1112 32 22
139 1136 31 68
276 1142 30 60
76 1231 61 83
139 1231 168 83
309 1231 122 83
433 1231 95 83
530 1231 43 83
575 1231 83 83
660 1231 61 83
723 1231 338 83
1063 1231 508 83
1573 1231 1389 83
76 1316 61 170
309 1316 122 170
433 1316 95 170
530 1316 43 170
575 1316 83 170
660 1316 61 170
723 1316 338 170
1063 1316 508 170
1573 1316 1389 170
274 1365 32 28
139 1371 32 21
139 1392 31 94
275 1393 31 83
76 1488 2886 60
76 1550 61 83
139 1550 168 83
309 1550 122 83
433 1550 95 83
530 1550 43 83
575 1550 83 83
660 1550 61 83
723 1550 338 83
1063 1550 508 83
1573 1550 1389 83
76 1635 61 170
309 1635 122 170
433 1635 95 170
530 1635 43 170
575 1635 83 170
660 1635 61 170
723 1635 338 170
1063 1635 508 170
1573 1635 1389 170
283 1693 24 112
139 1719 30 87
76 1807 61 83
139 1807 168 83
309 1807 122 83
433 1807 95 83
530 1807 43 83
575 1807 83 83
660 1807 61 83
723 1807 338 83
1063 1807 508 83
1573 1807 1389 83
76 1892 61 170
309 1892 122 170
433 1892 95 170
530 1892 43 170
575 1892 83 170
660 1892 61 170
723 1892 338 170
1063 1892 508 170
1573 1892 1389 170
271 1952 36 90
139 1954 30 94
76 2065 2886 60
76 2127 61 83
139 2127 168 83
309 2127 122 83
433 2127 95 83
530 2127 43 83
575 2127 83 83
660 2127 61 83
723 2127 338 83
1063 2127 508 83
1573 2127 1389 83
76 2212 61 170
309 2212 122 170
433 2212 95 170
530 2212 43 170
575 2212 83 170
660 2212 61 170
723 2212 338 170
1063 2212 508 170
1573 2212 1389 170
139 2260 34 28
275 2289 31 66
139 2295 28 62
76 2384 61 83
139 2384 168 83
309 2384 122 83
433 2384 95 83
530 2384 43 83
575 2384 83 83
660 2384 61 83
723 2384 338 83
1063 2384 508 83
1573 2384 1389 83
76 2469 61 170
309 2469 122 170
433 2469 95 170
530 2469 43 170
575 2469 83 170
660 2469 61 170
723 2469 338 170
1063 2469 508 170
1573 2469 1389 170
281 2583 26 30
139 2594 24 27
76 2641 61 83
139 2641 168 83
309 2641 122 83
433 2641 95 83
530 2641 43 83
575 2641 83 83
660 2641 61 83
723 2641 338 83
1063 2641 508 83
1573 2641 1389 83
76 2726 61 170
309 2726 122 170
433 2726 95 170
530 2726 43 170
575 2726 83 170
660 2726 61 170
723 2726 338 170
1063 2726 508 170
1573 2726 1389 170
273 2782 34 114
139 2785 32 111
76 2898 2886 61
76 2961 61 83
139 2961 168 83
309 2961 122 83
433 2961 95 83
530 2961 43 83
575 2961 83 83
660 2961 61 83
723 2961 338 83
1063 2961 508 83
1573 2961 1389 83
76 3046 61 170
309 3046 122 170
433 3046 95 170
530 3046 43 170
575 3046 83 170
660 3046 61 170
723 3046 338 170
1063 3046 508 170
1573 3046 1389 170
269 3090 37 102
139 3092 33 37
139 3129 32 65
76 3218 2886 60
76 3280 61 83
139 3280 168 83
309 3280 122 83
433 3280 95 83
530 3280 43 83
575 3280 83 83
660 3280 61 83
723 3280 338 83
1063 3280 508 83
1573 3280 1389 83
76 3365 61 170
309 3365 122 170
433 3365 95 170
530 3365 43 170
575 3365 83 170
660 3365 61 170
723 3365 338 170
1063 3365 508 170
1573 3365 1389 170
76 3537 61 83
139 3537 168 83
309 3537 122 83
433 3537 95 83
530 3537 43 83
575 3537 83 83
660 3537 61 83
723 3537 338 83
1063 3537 508 83
1573 3537 1389 83
76 3622 61 170
139 3622 168 138
309 3622 122 170
433 3622 95 170
530 3622 43 170
575 3622 83 170
660 3622 61 170
723 3622 338 170
1063 3622 508 170
1573 3622 1389 170
76 3794 61 83
139 3794 168 83
309 3794 122 83
433 3794 95 83
530 3794 43 83
575 3794 83 83
660 3794 61 83
723 3794 338 83
1063 3794 508 83
1573 3794 1389 83
76 3879 61 170
309 3879 122 170
433 3879 95 170
530 3879 43 170
575 3879 83 170
660 3879 61 170
723 3879 338 170
1063 3879 508 170
1573 3879 1389 170
271 3927 36 27
139 3936 28 113
272 3954 35 94
76 4051 2887 153
