19 194 1559 94
19 290 60 95
81 290 60 95
143 290 132 95
278 290 132 95
413 290 87 95
502 290 37 95
542 290 82 95
626 290 82 95
710 290 110 95
823 290 228 95
1053 290 525 95
19 387 60 381
81 387 60 381
143 387 132 381
278 387 132 381
413 387 87 381
502 387 37 381
542 387 82 381
626 387 82 381
710 387 110 381
823 387 228 381
1053 387 525 381
19 770 60 1531
81 770 60 381
143 770 132 92
278 770 132 381
413 770 87 381
502 770 37 381
542 770 82 381
626 770 82 381
710 770 110 381
823 770 228 381
1053 770 525 381
143 1060 132 91
81 1153 60 381
143 1153 132 95
278 1153 132 381
413 1153 87 381
502 1153 37 381
542 1153 82 381
626 1153 82 381
710 1153 110 381
823 1153 228 381
1053 1153 525 381
143 1443 132 91
81 1537 60 381
143 1537 132 283
278 1537 132 381
413 1537 87 381
502 1537 37 381
542 1537 82 381
626 1537 82 381
710 1537 110 381
823 1537 228 381
1053 1537 525 381
143 1825 132 93
81 1920 60 381
143 1920 132 96
278 1920 132 381
413 1920 87 381
502 1920 37 381
542 1920 82 381
626 1920 82 381
710 1920 110 381
823 1920 228 381
1053 1920 525 381
143 2210 132 91
19 2303 60 764
81 2303 60 381
143 2303 132 95
278 2303 132 381
413 2303 87 381
502 2303 37 381
542 2303 82 381
626 2303 82 381
710 2303 110 381
823 2303 228 381
1053 2303 525 381
143 2593 132 91
81 2686 60 381
143 2686 132 381
278 2686 132 381
413 2686 87 381
502 2686 37 381
542 2686 82 381
626 2686 82 381
710 2686 110 381
823 2686 228 381
1053 2686 525 381
19 3070 60 764
81 3070 60 381
143 3070 132 93
278 3070 132 381
413 3070 87 381
502 3070 37 381
542 3070 82 381
626 3070 82 381
710 3070 110 381
823 3070 228 381
1053 3070 525 381
143 3360 132 91
81 3453 60 381
143 3453 132 95
278 3453 132 381
413 3453 87 381
502 3453 37 381
542 3453 82 381
626 3453 82 381
710 3453 110 381
823 3453 228 381
1053 3453 525 381
143 3743 132 91
19 3836 60 381
81 3836 60 381
143 3836 132 92
278 3836 132 381
413 3836 87 381
502 3836 37 381
542 3836 82 381
626 3836 82 381
710 3836 110 381
823 3836 228 381
1053 3836 525 381
143 4126 132 91
19 4220 60 381
81 4220 60 381
143 4220 132 93
278 4220 132 381
413 4220 87 381
502 4220 37 381
542 4220 82 381
626 4220 82 381
710 4220 110 381
823 4220 228 381
1053 4220 525 381
143 4510 132 91
1603 194 1559 94
1603 290 60 95
1665 290 59 95
1727 290 132 95
1862 290 132 95
1996 290 88 95
2086 290 37 95
2126 290 81 95
2210 290 82 95
2294 290 110 95
2406 290 228 95
2637 290 525 95
1603 387 60 381
1665 387 59 381
1727 387 132 94
1862 387 132 381
1996 387 88 381
2086 387 37 381
2126 387 81 381
2210 387 82 381
2294 387 110 381
2406 387 228 381
2637 387 525 381
1727 677 132 91
1603 770 60 381
1665 770 59 381
1727 770 132 91
1862 770 132 381
1996 770 88 381
2086 770 37 381
2126 770 81 381
2210 770 82 381
2294 770 110 381
2406 770 228 381
2637 770 525 381
1727 1060 132 91
1603 1153 60 381
1665 1153 59 381
1727 1153 132 96
1862 1153 132 381
1996 1153 88 381
2086 1153 37 381
2126 1153 81 381
2210 1153 82 381
2294 1153 110 381
2406 1153 228 381
2637 1153 525 381
1727 1444 132 90
1603 1537 60 381
1665 1537 59 381
1727 1537 132 216
1862 1537 132 381
1996 1537 88 381
2086 1537 37 381
2126 1537 81 381
2210 1537 82 381
2294 1537 110 381
2406 1537 228 381
2637 1537 525 381
1727 1827 132 91
1603 1920 60 381
1665 1920 59 381
1727 1920 132 94
1862 1920 132 381
1996 1920 88 381
2086 1920 37 381
2126 1920 81 381
2210 1920 82 381
2294 1920 110 381
2406 1920 228 381
2637 1920 525 381
1727 2210 132 91
1603 2303 60 381
1665 2303 59 381
1727 2303 132 95
1862 2303 132 381
1996 2303 88 381
2086 2303 37 381
2126 2303 81 381
2210 2303 82 381
2294 2303 110 381
2406 2303 228 381
2637 2303 525 381
1727 2593 132 91
1603 2686 60 381
1665 2686 59 381
1727 2686 132 93
1862 2686 132 381
1996 2686 88 381
2086 2686 37 381
2126 2686 81 381
2210 2686 82 381
2294 2686 110 381
2406 2686 228 381
2637 2686 525 381
1727 2977 132 90
1603 3070 60 381
1665 3070 59 381
1727 3070 132 92
1862 3070 132 381
1996 3070 88 381
2086 3070 37 381
2126 3070 81 381
2210 3070 82 381
2294 3070 110 381
2406 3070 228 381
2637 3070 525 381
1727 3360 132 91
1603 3453 60 381
1665 3453 59 381
1727 3453 132 220
1862 3453 132 381
1996 3453 88 381
2086 3453 37 381
2126 3453 81 381
2210 3453 82 381
2294 3453 110 381
2406 3453 228 381
2637 3453 525 381
1727 3678 132 156
1603 3836 60 381
1665 3836 59 381
1727 3836 132 96
1862 3836 132 381
1996 3836 88 381
2086 3836 37 381
2126 3836 81 381
2210 3836 82 381
2294 3836 110 381
2406 3836 228 381
2637 3836 525 381
1727 4126 132 91
1603 4220 60 381
1665 4220 59 381
1727 4220 132 211
1862 4220 132 381
1996 4220 88 381
2086 4220 37 381
2126 4220 81 381
2210 4220 82 381
2294 4220 110 381
2406 4220 228 381
2637 4220 525 381
1727 4470 132 131
