103 103 2068 60
2183 103 2068 60
103 165 77 96
183 165 76 96
262 165 184 96
448 165 88 96
539 165 50 96
592 165 50 96
645 165 50 96
698 165 50 96
751 165 225 96
979 165 288 96
1270 165 901 96
2183 165 72 96
2258 165 76 96
2337 165 184 96
2523 165 88 96
2614 165 50 96
2667 165 50 96
2720 165 50 96
2773 165 50 96
2826 165 225 96
3054 165 288 96
3345 165 906 96
103 264 77 546
183 264 76 271
262 264 184 271
448 264 88 271
539 264 50 271
592 264 50 271
645 264 50 271
698 264 50 271
751 264 225 271
979 264 288 271
1270 264 901 271
2183 264 72 271
2258 264 76 271
2337 264 184 271
2523 264 88 271
2614 264 50 271
2667 264 50 271
2720 264 50 271
2773 264 50 271
2826 264 225 271
3054 264 288 271
3345 264 906 271
183 538 76 272
262 538 184 272
448 538 88 272
539 538 50 272
592 538 50 272
645 538 50 272
698 538 50 272
751 538 225 272
979 538 288 272
1270 538 901 272
2183 538 72 546
2258 538 76 272
2337 538 184 272
2523 538 88 272
2614 538 50 272
2667 538 50 272
2720 538 50 272
2773 538 50 272
2826 538 225 272
3054 538 288 272
3345 538 906 272
103 813 77 545
183 813 76 271
262 813 184 271
448 813 88 271
539 813 50 271
592 813 50 271
645 813 50 271
698 813 50 271
751 813 225 271
979 813 288 271
1270 813 901 271
2258 813 76 271
2337 813 184 271
2523 813 88 271
2614 813 50 271
2667 813 50 271
2720 813 50 271
2773 813 50 271
2826 813 225 271
3054 813 288 271
3345 813 906 271
183 1087 76 271
262 1087 184 271
448 1087 88 271
539 1087 50 271
592 1087 50 271
645 1087 50 271
698 1087 50 271
751 1087 225 271
979 1087 288 271
1270 1087 901 271
2183 1087 72 545
2258 1087 76 271
2337 1087 184 271
2523 1087 88 271
2614 1087 50 271
2667 1087 50 271
2720 1087 50 271
2773 1087 50 271
2826 1087 225 271
3054 1087 288 271
3345 1087 906 271
103 1361 77 546
183 1361 76 271
262 1361 184 271
448 1361 88 271
539 1361 50 271
592 1361 50 271
645 1361 50 271
698 1361 50 271
751 1361 225 271
979 1361 288 271
1270 1361 901 271
2258 1361 76 271
2337 1361 184 271
2523 1361 88 271
2614 1361 50 271
2667 1361 50 271
2720 1361 50 271
2773 1361 50 271
2826 1361 225 271
3054 1361 288 271
3345 1361 906 271
183 1635 76 272
262 1635 184 272
448 1635 88 272
539 1635 50 272
592 1635 50 272
645 1635 50 272
698 1635 50 272
751 1635 225 272
979 1635 288 272
1270 1635 901 272
2183 1635 2068 272
103 1909 4148 981
