43 219 1381 114
43 335 55 114
100 335 55 114
157 335 140 114
299 335 112 114
414 335 83 114
499 335 32 114
533 335 84 114
619 335 83 114
704 335 135 114
841 335 152 114
995 335 429 114
43 451 55 1044
100 451 55 521
157 451 140 154
299 451 112 521
414 451 83 521
499 451 32 521
533 451 84 521
619 451 83 521
704 451 135 521
841 451 152 521
995 451 429 521
157 820 140 152
100 975 55 520
157 975 140 292
299 975 112 520
414 975 83 520
499 975 32 520
533 975 84 520
619 975 83 520
704 975 135 520
841 975 152 520
995 975 429 520
157 1343 140 152
43 1498 55 520
100 1498 55 520
157 1498 140 155
299 1498 112 520
414 1498 83 520
499 1498 32 520
533 1498 84 520
619 1498 83 520
704 1498 135 520
841 1498 152 520
995 1498 429 520
157 1866 140 152
43 2021 55 1044
100 2021 55 520
157 2021 140 162
299 2021 112 520
414 2021 83 520
499 2021 32 520
533 2021 84 520
619 2021 83 520
704 2021 135 520
841 2021 152 520
995 2021 429 520
157 2389 140 152
100 2544 55 521
157 2544 140 154
299 2544 112 521
414 2544 83 521
499 2544 32 521
533 2544 84 521
619 2544 83 521
704 2544 135 521
841 2544 152 120
995 2544 429 521
841 2717 152 44
841 2814 152 78
841 2911 152 44
157 2912 140 153
841 2976 152 89
43 3067 55 1044
100 3067 55 521
157 3067 140 155
299 3067 112 521
414 3067 83 521
499 3067 32 521
533 3067 84 521
619 3067 83 521
704 3067 135 521
841 3067 152 521
995 3067 429 521
157 3435 140 153
100 3590 55 521
157 3590 140 156
299 3590 112 521
414 3590 83 521
499 3590 32 521
533 3590 84 521
619 3590 83 521
704 3590 135 521
841 3590 152 521
995 3590 429 521
157 3958 140 153
1452 219 1380 114
1452 335 54 114
1509 335 54 114
1566 335 140 114
1708 335 112 114
1822 335 83 114
1908 335 32 114
1942 335 83 114
2028 335 83 114
2113 335 135 114
2250 335 152 114
2404 335 428 114
1452 451 54 456
1509 451 54 456
1566 451 140 123
1708 451 112 456
1822 451 83 456
1908 451 32 456
1942 451 83 456
2028 451 83 456
2113 451 135 456
2250 451 152 456
2404 451 428 456
1566 788 140 119
1452 909 54 1372
1509 909 54 456
1566 909 140 120
1708 909 112 456
1822 909 83 456
1908 909 32 456
1942 909 83 456
2028 909 83 456
2113 909 135 456
2250 909 152 456
2404 909 428 456
1566 1245 140 120
1509 1367 54 456
1566 1367 140 123
1708 1367 112 456
1822 1367 83 456
1908 1367 32 456
1942 1367 83 456
2028 1367 83 456
2113 1367 135 456
2250 1367 152 456
2404 1367 428 456
1566 1703 140 120
1509 1825 54 456
1566 1825 140 122
1708 1825 112 456
1822 1825 83 456
1908 1825 32 456
1942 1825 83 456
2028 1825 83 456
2113 1825 135 456
2250 1825 152 456
2404 1825 428 456
1566 2161 140 120
1452 2283 54 914
1509 2283 54 456
1566 2283 140 123
1708 2283 112 456
1822 2283 83 456
1908 2283 32 456
1942 2283 83 456
2028 2283 83 456
2113 2283 135 456
2250 2283 152 456
2404 2283 428 456
1566 2619 140 120
1509 2741 54 456
1566 2741 140 124
1708 2741 112 456
1822 2741 83 456
1908 2741 32 456
1942 2741 83 456
2028 2741 83 456
2113 2741 135 456
2250 2741 152 456
2404 2741 428 456
1685 2901 21 26
1566 3077 140 120
1452 3199 54 914
1509 3199 54 456
1566 3199 140 128
1708 3199 112 456
1822 3199 83 456
1908 3199 32 456
1942 3199 83 456
2028 3199 83 456
2113 3199 135 456
2250 3199 152 456
2404 3199 428 456
1566 3532 140 123
1509 3657 54 456
1566 3657 140 123
1708 3657 112 456
1822 3657 83 456
1908 3657 32 456
1942 3657 83 456
2028 3657 83 456
2113 3657 135 456
2250 3657 152 456
2404 3657 428 456
1566 3993 140 120
