176 205 2740 285
176 493 2740 265
176 761 2740 88
176 851 104 142
282 851 104 142
388 851 246 142
637 851 111 142
751 851 68 142
821 851 68 142
892 851 68 142
963 851 68 142
1034 851 301 142
1338 851 387 142
1727 851 1189 142
176 996 104 1154
282 996 104 383
388 996 246 383
637 996 111 383
751 996 68 383
821 996 68 383
892 996 68 383
963 996 68 383
1034 996 301 383
1338 996 387 383
1727 996 1189 383
282 1381 104 383
388 1381 246 383
637 1381 111 383
751 1381 68 383
821 1381 68 383
892 1381 68 383
963 1381 68 383
1034 1381 301 383
1338 1381 387 383
1727 1381 1189 383
282 1767 104 383
388 1767 246 383
637 1767 111 383
751 1767 68 383
821 1767 68 383
892 1767 68 383
963 1767 68 383
1034 1767 301 383
1338 1767 387 383
1727 1767 1189 383
176 2152 2740 88
176 2243 104 142
282 2243 104 142
388 2243 246 142
637 2243 111 142
751 2243 68 142
821 2243 68 142
892 2243 68 142
963 2243 68 142
1034 2243 301 142
1338 2243 387 142
1727 2243 1189 142
176 2388 104 1539
282 2388 104 382
388 2388 246 382
637 2388 111 382
751 2388 68 382
821 2388 68 382
892 2388 68 382
963 2388 68 382
1034 2388 301 382
1338 2388 387 382
1727 2388 1189 382
282 2773 104 383
388 2773 246 383
637 2773 111 383
751 2773 68 383
821 2773 68 383
892 2773 68 383
963 2773 68 383
1034 2773 301 383
1338 2773 387 383
1727 2773 1189 383
282 3159 104 382
388 3159 246 382
637 3159 111 382
751 3159 68 382
821 3159 68 382
892 3159 68 382
963 3159 68 382
1034 3159 301 382
1338 3159 387 382
1727 3159 1189 382
282 3544 104 383
388 3544 246 383
637 3544 111 383
751 3544 68 383
821 3544 68 383
892 3544 68 383
963 3544 68 383
1034 3544 301 383
1338 3544 387 383
1727 3544 1189 383
176 3930 2740 317
