108 558 2823 235
108 796 2823 65
108 864 61 94
172 864 201 94
376 864 167 94
546 864 93 94
642 864 66 94
710 864 83 94
795 864 66 94
863 864 338 94
1204 864 490 94
1697 864 1234 94
108 961 61 258
376 961 167 258
546 961 93 258
642 961 66 258
710 961 83 258
795 961 66 258
863 961 338 258
1204 961 490 258
1697 961 1234 258
108 1221 61 94
172 1221 201 94
376 1221 167 94
546 1221 93 94
642 1221 66 94
710 1221 83 94
795 1221 66 94
863 1221 338 94
1204 1221 490 94
1697 1221 1234 94
108 1318 61 258
376 1318 167 258
546 1318 93 258
642 1318 66 258
710 1318 83 258
795 1318 66 258
863 1318 338 258
1204 1318 490 258
1697 1318 1234 258
108 1579 2823 65
108 1647 61 93
172 1647 201 93
376 1647 167 93
546 1647 93 93
642 1647 66 93
710 1647 83 93
795 1647 66 93
863 1647 338 93
1204 1647 490 93
1697 1647 1234 93
108 1743 61 258
376 1743 167 258
546 1743 93 258
642 1743 66 258
710 1743 83 258
795 1743 66 258
863 1743 338 258
1204 1743 490 258
1697 1743 1234 258
172 1803 36 28
108 2004 61 93
172 2004 201 93
376 2004 167 93
546 2004 93 93
642 2004 66 93
710 2004 83 93
795 2004 66 93
863 2004 338 93
1204 2004 490 93
1697 2004 1234 93
108 2100 61 258
172 2100 201 258
376 2100 167 258
546 2100 93 258
642 2100 66 258
710 2100 83 258
795 2100 66 258
863 2100 338 258
1204 2100 490 258
1697 2100 1234 258
108 2361 2823 65
108 2429 61 93
172 2429 201 93
376 2429 167 93
546 2429 93 93
642 2429 66 93
710 2429 83 93
795 2429 66 93
863 2429 338 93
1204 2429 490 93
1697 2429 1234 93
108 2525 61 258
376 2525 167 258
546 2525 93 258
642 2525 66 258
710 2525 83 258
795 2525 66 258
863 2525 338 258
1204 2525 490 258
1697 2525 1234 258
108 2786 2823 65
108 2854 61 94
172 2854 201 94
376 2854 167 94
546 2854 93 94
642 2854 66 94
710 2854 83 94
795 2854 66 94
863 2854 338 94
1204 2854 490 94
1697 2854 1234 94
108 2951 61 257
376 2951 167 257
546 2951 93 257
642 2951 66 257
710 2951 83 257
795 2951 66 257
863 2951 338 257
1204 2951 490 257
1697 2951 1234 257
346 3012 27 25
108 3211 61 94
172 3211 201 94
376 3211 167 94
546 3211 93 94
642 3211 66 94
710 3211 83 94
795 3211 66 94
863 3211 338 94
1204 3211 490 94
1697 3211 1234 94
108 3308 61 258
376 3308 167 258
546 3308 93 258
642 3308 66 258
710 3308 83 258
795 3308 66 258
863 3308 338 258
1204 3308 490 258
1697 3308 1234 258
340 3358 33 21
108 3568 2823 66
108 3636 61 94
172 3636 201 94
376 3636 167 94
546 3636 93 94
642 3636 66 94
710 3636 83 94
795 3636 66 94
863 3636 338 94
1204 3636 490 94
1697 3636 1234 94
108 3733 61 258
376 3733 167 258
546 3733 93 258
642 3733 66 258
710 3733 83 258
795 3733 66 258
863 3733 338 258
1204 3733 490 258
1697 3733 1234 258
108 3994 61 93
172 3994 201 93
376 3994 167 93
546 3994 93 93
642 3994 66 93
710 3994 83 93
795 3994 66 93
863 3994 338 93
1204 3994 490 93
1697 3994 1234 93
108 4090 61 254
172 4090 201 199
376 4090 167 254
546 4090 93 254
642 4090 66 254
710 4090 83 254
795 4090 66 254
863 4090 338 254
1204 4090 490 254
1697 4090 1234 254
172 4294 179 27
