59 514 1412 53
59 570 56 57
118 570 53 57
174 570 149 57
326 570 63 57
392 570 107 57
502 570 79 57
584 570 107 57
694 570 91 57
788 570 101 57
892 570 293 57
1188 570 283 57
59 630 56 653
118 630 53 325
174 630 149 325
326 630 63 325
392 630 107 325
502 630 79 325
584 630 107 325
694 630 91 325
788 630 101 325
892 630 293 325
1188 630 283 325
118 958 53 325
174 958 149 325
326 958 63 325
392 958 107 325
502 958 79 325
584 958 107 325
694 958 91 325
788 958 101 325
892 958 293 325
1188 958 283 325
1511 514 1411 53
1511 570 56 57
1570 570 53 57
1626 570 149 57
1778 570 63 57
1844 570 107 57
1954 570 79 57
2036 570 107 57
2146 570 91 57
2240 570 101 57
2344 570 293 57
2640 570 282 57
1511 630 56 653
1570 630 53 325
1626 630 149 325
1778 630 63 325
1844 630 107 325
1954 630 79 325
2036 630 107 325
2146 630 91 325
2240 630 101 325
2344 630 293 325
2640 630 282 325
1570 958 53 325
1626 958 149 325
1778 958 63 325
1844 958 107 325
1954 958 79 325
2036 958 107 325
2146 958 91 325
2240 958 101 325
2344 958 293 325
2640 958 282 325
60 1324 1411 54
60 1381 56 56
119 1381 53 56
175 1381 149 56
327 1381 63 56
393 1381 107 56
503 1381 79 56
585 1381 107 56
695 1381 91 56
789 1381 101 56
893 1381 293 56
1189 1381 282 56
60 1440 56 654
119 1440 53 326
175 1440 149 326
327 1440 63 326
393 1440 107 326
503 1440 79 326
585 1440 107 326
695 1440 91 326
789 1440 101 326
893 1440 293 326
1189 1440 282 326
119 1769 53 325
175 1769 149 325
327 1769 63 325
393 1769 107 325
503 1769 79 325
585 1769 107 325
695 1769 91 325
789 1769 101 325
893 1769 293 325
1189 1769 282 325
1512 1324 1411 54
1512 1381 55 56
1570 1381 53 56
1626 1381 149 56
1778 1381 63 56
1844 1381 107 56
1954 1381 79 56
2036 1381 107 56
2146 1381 91 56
2240 1381 101 56
2344 1381 293 56
2640 1381 283 56
1512 1440 55 654
1570 1440 53 326
1626 1440 149 326
1778 1440 63 326
1844 1440 107 326
1954 1440 79 326
2036 1440 107 326
2146 1440 91 326
2240 1440 101 326
2344 1440 293 326
2640 1440 283 326
1570 1769 53 325
1626 1769 149 325
1778 1769 63 325
1844 1769 107 325
1954 1769 79 325
2036 1769 107 325
2146 1769 91 325
2240 1769 101 325
2344 1769 293 325
2640 1769 283 325
59 2135 1412 54
59 2192 56 56
118 2192 53 56
174 2192 149 56
326 2192 63 56
392 2192 107 56
502 2192 79 56
584 2192 107 56
694 2192 91 56
788 2192 101 56
892 2192 293 56
1188 2192 283 56
59 2251 56 654
118 2251 53 326
174 2251 149 326
326 2251 63 326
392 2251 107 326
502 2251 79 326
584 2251 107 326
694 2251 91 326
788 2251 101 326
892 2251 293 326
1188 2251 283 326
118 2580 53 325
174 2580 149 325
326 2580 63 325
392 2580 107 325
502 2580 79 325
584 2580 107 325
694 2580 91 325
788 2580 101 325
892 2580 293 325
1188 2580 283 325
1511 2135 1411 54
1511 2192 56 56
1570 2192 53 56
1626 2192 149 56
1778 2192 63 56
1844 2192 107 56
1954 2192 79 56
2036 2192 107 56
2146 2192 91 56
2240 2192 101 56
2344 2192 293 56
2640 2192 282 56
1511 2251 56 654
1570 2251 53 326
1626 2251 149 326
1778 2251 63 326
1844 2251 107 326
1954 2251 79 326
2036 2251 107 326
2146 2251 91 326
2240 2251 101 326
2344 2251 293 326
2640 2251 282 326
1570 2580 53 325
1626 2580 149 325
1778 2580 63 325
1844 2580 107 325
1954 2580 79 325
2036 2580 107 325
2146 2580 91 325
2240 2580 101 325
2344 2580 293 325
2640 2580 282 325
60 3003 56 56
119 3003 53 56
175 3003 149 56
327 3003 63 56
393 3003 107 56
503 3003 79 56
585 3003 107 56
695 3003 91 56
789 3003 101 56
893 3003 293 56
1189 3003 282 56
59 3062 57 293
119 3062 53 293
175 3062 149 293
327 3062 63 293
393 3062 107 293
503 3062 79 293
585 3062 107 293
695 3062 91 293
789 3062 101 293
893 3062 293 293
1189 3062 282 293
1512 3003 55 56
1570 3003 53 56
1626 3003 149 56
1778 3003 63 56
1844 3003 107 56
1954 3003 79 56
2036 3003 107 56
2146 3003 91 56
2240 3003 101 56
2344 3003 293 56
2640 3003 283 56
1511 3062 56 293
1570 3062 53 293
1626 3062 149 293
1778 3062 63 293
1844 3062 107 293
1954 3062 79 293
2036 3062 107 293
2146 3062 91 293
2240 3062 101 293
2344 3062 293 293
2640 3062 283 293
59 3397 1412 53
59 3453 56 57
118 3453 53 57
174 3453 149 57
326 3453 63 57
392 3453 107 57
502 3453 79 57
584 3453 107 57
694 3453 91 57
788 3453 101 57
892 3453 293 57
1188 3453 283 57
59 3513 56 293
118 3513 53 293
174 3513 149 293
326 3513 63 293
392 3513 107 293
502 3513 79 293
584 3513 107 293
694 3513 91 293
788 3513 101 293
892 3513 293 293
1188 3513 283 293
1511 3397 1411 53
1511 3453 56 57
1570 3453 53 57
1626 3453 149 57
1778 3453 63 57
1844 3453 107 57
1954 3453 79 57
2036 3453 107 57
2146 3453 91 57
2240 3453 101 57
2344 3453 293 57
2640 3453 282 57
1511 3513 56 293
1570 3513 53 293
1626 3513 149 293
1778 3513 63 293
1844 3513 107 293
1954 3513 79 293
2036 3513 107 293
2146 3513 91 293
2240 3513 101 293
2344 3513 293 293
2640 3513 282 293
59 3847 1412 54
59 3904 56 56
118 3904 53 56
174 3904 149 56
326 3904 63 56
392 3904 107 56
502 3904 79 56
584 3904 107 56
694 3904 91 56
788 3904 101 56
892 3904 293 56
1188 3904 283 56
59 3963 56 294
118 3963 53 294
174 3963 149 294
326 3963 63 294
392 3963 107 294
502 3963 79 294
584 3963 107 294
694 3963 91 294
788 3963 101 294
892 3963 293 294
1188 3963 283 294
1511 3847 1411 54
1511 3904 56 56
1570 3904 53 56
1626 3904 149 56
1778 3904 63 56
1844 3904 107 56
1954 3904 79 56
2036 3904 107 56
2146 3904 91 56
2240 3904 101 56
2344 3904 293 56
2640 3904 282 56
1511 3963 56 294
1570 3963 53 294
1626 3963 149 294
1778 3963 63 294
1844 3963 107 294
1954 3963 79 294
2036 3963 107 294
2146 3963 91 294
2240 3963 101 294
2344 3963 293 294
2640 3963 282 294
