53 801 99 42
155 801 195 42
353 801 82 42
438 801 83 42
523 801 83 42
608 801 83 42
693 801 83 42
778 801 168 42
949 801 167 42
1119 801 348 42
1470 801 99 42
1572 801 196 42
1771 801 82 42
1856 801 82 42
1941 801 82 42
2026 801 82 42
2111 801 82 42
2196 801 167 42
2366 801 167 42
2536 801 349 42
53 846 99 235
353 846 82 235
438 846 83 235
523 846 83 235
608 846 83 235
693 846 83 235
778 846 168 235
949 846 167 235
1119 846 348 235
1470 846 99 235
1771 846 82 235
1856 846 82 235
1941 846 82 235
2026 846 82 235
2111 846 82 235
2196 846 167 235
2366 846 167 235
2536 846 349 235
1733 908 35 31
155 911 34 21
1573 916 31 25
313 941 37 96
1573 944 27 86
155 947 30 92
1742 947 26 81
155 1045 30 36
53 1183 99 42
155 1183 195 42
353 1183 82 42
438 1183 83 42
523 1183 83 42
608 1183 83 42
693 1183 83 42
778 1183 168 42
949 1183 167 42
1119 1183 348 42
1470 1183 99 42
1572 1183 196 42
1771 1183 82 42
1856 1183 82 42
1941 1183 82 42
2026 1183 82 42
2111 1183 82 42
2196 1183 167 42
2366 1183 167 42
2536 1183 349 42
53 1228 99 235
353 1228 82 235
438 1228 83 235
523 1228 83 235
608 1228 83 235
693 1228 83 235
778 1228 168 235
949 1228 167 235
1119 1228 348 235
1470 1228 99 235
1771 1228 82 235
1856 1228 82 235
1941 1228 82 235
2026 1228 82 235
2111 1228 82 235
2196 1228 167 235
2366 1228 167 235
2536 1228 349 235
155 1284 26 34
1573 1295 36 24
1736 1295 32 21
314 1318 36 84
155 1322 23 86
1740 1322 28 141
1573 1325 30 100
53 1565 99 42
155 1565 195 42
353 1565 82 42
438 1565 83 42
523 1565 83 42
608 1565 83 42
693 1565 83 42
778 1565 168 42
949 1565 167 42
1119 1565 348 42
1470 1565 99 42
1572 1565 196 42
1771 1565 82 42
1856 1565 82 42
1941 1565 82 42
2026 1565 82 42
2111 1565 82 42
2196 1565 167 42
2366 1565 167 42
2536 1565 349 42
53 1610 99 235
155 1610 195 235
353 1610 82 235
438 1610 83 235
523 1610 83 235
608 1610 83 235
693 1610 83 235
778 1610 168 235
949 1610 167 235
1119 1610 348 235
1470 1610 99 235
1771 1610 82 235
1856 1610 82 235
1941 1610 82 235
2026 1610 82 235
2111 1610 82 235
2196 1610 167 235
2366 1610 167 235
2536 1610 349 235
1572 1666 37 32
1738 1699 30 93
1572 1701 35 92
53 1947 99 42
155 1947 195 42
353 1947 82 42
438 1947 83 42
523 1947 83 42
608 1947 83 42
693 1947 83 42
778 1947 168 42
949 1947 167 42
1119 1947 348 42
1470 1947 99 42
1572 1947 196 42
1771 1947 82 42
1856 1947 82 42
1941 1947 82 42
2026 1947 82 42
2111 1947 82 42
2196 1947 167 42
2366 1947 167 42
2536 1947 349 42
53 1992 99 235
353 1992 82 235
438 1992 83 235
523 1992 83 235
608 1992 83 235
693 1992 83 235
778 1992 168 235
949 1992 167 235
1119 1992 348 235
1470 1992 99 235
1771 1992 82 235
1856 1992 82 235
1941 1992 82 235
2026 1992 82 235
2111 1992 82 235
2196 1992 167 235
2366 1992 167 235
2536 1992 349 235
311 2044 39 34
155 2049 35 30
1745 2069 23 130
313 2082 37 74
155 2085 31 72
314 2156 36 31
155 2163 25 64
320 2200 30 27
1533 3088 1334 77
1533 3166 190 66
1724 3166 327 66
2053 3166 367 66
2422 3166 445 66
1533 3236 190 65
1724 3236 327 65
2053 3236 367 65
2422 3236 445 65
1533 3302 190 66
1724 3302 327 66
2053 3302 367 66
2422 3302 445 66
1533 3372 190 64
1724 3372 327 64
2053 3372 367 64
2422 3372 445 64
1533 3440 190 64
1724 3440 327 64
2053 3440 367 64
2422 3440 445 64
1533 3508 190 64
1724 3508 327 64
2053 3508 367 64
2422 3508 445 64
1533 3576 190 65
1724 3576 327 65
2053 3576 367 65
2422 3576 445 65
1533 3643 190 65
1724 3643 327 65
2053 3643 367 65
2422 3643 445 65
1533 3712 190 65
1724 3712 327 65
2053 3712 367 65
2422 3712 445 65
1533 3779 190 65
1724 3779 327 65
2053 3779 367 65
2422 3779 445 65
1533 3848 190 64
1724 3848 327 64
2053 3848 367 64
2422 3848 445 64
1533 3916 190 65
1724 3916 327 65
2053 3916 367 65
2422 3916 445 65
1533 3983 190 65
1724 3983 327 65
2053 3983 367 65
2422 3983 445 65
