1969 60 36 21
1914 64 40 32
1969 223 36 21
2464 322 34 23
11 374 2794 198
11 583 1391 64
1413 583 1392 64
11 650 42 69
56 650 184 69
243 650 129 69
441 650 47 69
491 650 63 24
557 650 63 69
623 650 112 69
738 650 151 69
892 650 510 69
1413 650 43 69
1459 650 184 69
1646 650 129 69
1844 650 46 24
1893 650 63 24
1959 650 63 69
2025 650 113 69
2141 650 151 69
2295 650 510 69
375 681 63 38
491 695 63 24
1844 695 46 24
1893 695 63 24
11 722 42 349
56 722 184 349
243 722 129 349
375 722 63 349
441 722 47 349
491 722 63 349
557 722 63 349
623 722 112 349
738 722 151 349
892 722 510 349
1413 722 43 349
1459 722 184 349
1646 722 129 349
1778 722 63 349
1844 722 46 349
1893 722 63 349
1959 722 63 349
2025 722 113 349
2141 722 151 349
2295 722 510 349
11 1074 1391 68
1413 1074 1392 68
11 1145 42 69
56 1145 184 69
243 1145 129 69
441 1145 47 69
491 1145 63 24
557 1145 63 69
623 1145 112 69
738 1145 151 69
892 1145 510 69
1413 1145 43 69
1459 1145 184 69
1646 1145 129 69
1844 1145 46 24
1893 1145 63 24
1959 1145 63 69
2025 1145 113 69
2141 1145 151 69
2295 1145 510 69
375 1176 63 38
491 1190 63 24
1844 1190 46 24
1893 1190 63 24
11 1217 43 340
56 1217 184 340
243 1217 129 340
375 1217 63 340
441 1217 47 340
491 1217 63 340
557 1217 63 340
623 1217 112 340
738 1217 152 340
892 1217 510 340
1413 1217 43 340
1459 1217 184 340
1646 1217 129 340
1778 1217 63 340
1844 1217 47 340
1894 1217 62 340
1959 1217 63 340
2025 1217 112 340
2140 1217 152 340
2294 1217 511 340
11 1560 1391 77
1413 1560 43 340
1459 1560 184 339
1646 1560 129 339
1778 1560 63 338
1844 1560 47 338
1894 1560 62 340
1959 1560 63 340
2025 1560 112 340
2140 1560 152 340
2294 1560 511 340
11 1640 42 69
56 1640 184 69
243 1640 129 69
441 1640 47 69
491 1640 63 24
557 1640 63 69
623 1640 112 69
738 1640 151 69
892 1640 510 69
375 1671 63 38
491 1685 63 24
11 1712 42 349
56 1712 184 349
243 1712 129 349
375 1712 63 349
441 1712 47 349
491 1712 63 349
557 1712 63 349
623 1712 112 349
738 1712 151 349
892 1712 510 349
1413 1904 1392 75
1413 1982 40 24
1456 1982 184 69
1643 1982 129 69
1841 1982 47 69
1890 1982 64 24
1956 1982 64 69
2022 1982 113 69
2138 1982 151 69
2292 1982 513 69
1775 2012 63 39
1413 2027 40 24
1890 2027 64 24
1413 2053 40 350
1456 2053 184 350
1643 2053 129 350
1775 2053 63 350
1841 2053 47 350
1890 2053 64 350
1956 2053 64 350
2022 2053 113 350
2138 2053 151 350
2292 2053 513 350
11 2064 1391 69
11 2135 42 69
56 2135 184 69
243 2135 129 69
441 2135 47 69
491 2135 63 24
557 2135 63 69
623 2135 112 69
738 2135 151 69
892 2135 510 69
375 2166 63 38
491 2180 63 24
11 2207 42 349
56 2207 184 349
243 2207 130 349
375 2207 63 349
441 2207 47 349
491 2207 63 349
556 2207 64 349
622 2207 113 349
738 2207 151 349
892 2207 510 349
1413 2406 1392 68
1413 2477 43 29
1459 2477 184 69
1646 2477 129 69
1844 2477 47 69
1894 2477 63 24
1960 2477 63 69
2026 2477 112 69
2141 2477 151 69
2295 2477 510 69
1778 2508 63 38
1894 2522 63 24
1413 2523 43 23
1413 2549 43 343
1459 2549 184 343
1646 2549 129 343
1778 2549 63 343
1844 2549 47 343
1894 2549 63 343
1960 2549 63 343
2026 2549 112 343
2141 2549 152 343
2295 2549 510 343
11 2559 42 340
56 2559 184 340
243 2559 130 340
375 2559 63 340
441 2559 47 340
491 2559 63 340
556 2559 64 340
622 2559 113 340
738 2559 151 340
892 2559 510 340
1413 2895 43 340
1459 2895 184 340
1646 2895 129 340
1778 2895 63 340
1844 2895 47 340
1894 2895 63 340
1960 2895 63 340
2026 2895 112 340
2141 2895 152 340
2295 2895 510 340
11 2902 1391 67
11 2972 39 24
53 2972 184 69
240 2972 129 69
438 2972 46 24
487 2972 64 24
553 2972 64 69
619 2972 113 69
735 2972 151 69
889 2972 513 69
11 3017 39 24
438 3017 46 24
487 3017 64 24
11 3044 39 344
53 3044 184 344
240 3044 129 344
371 3044 64 344
438 3044 46 344
487 3044 64 344
553 3044 64 344
619 3044 113 344
734 3044 152 344
889 3044 513 344
1413 3239 1392 721
11 3391 39 342
53 3391 184 342
240 3391 129 341
371 3391 64 341
438 3391 46 342
487 3391 64 342
553 3391 64 342
619 3391 113 342
734 3391 152 342
889 3391 513 342
11 3735 1391 225
