112 112 2259 275
112 390 2259 206
112 599 2259 97
112 699 85 175
199 699 85 175
287 699 231 175
520 699 85 175
608 699 55 175
666 699 56 175
725 699 55 175
783 699 55 175
841 699 249 175
1093 699 318 175
1414 699 957 175
112 876 85 1310
199 876 85 326
287 876 231 326
520 876 85 326
608 876 55 326
666 876 56 326
725 876 55 326
783 876 55 326
841 876 249 326
1093 876 318 326
1414 876 957 326
199 1205 85 325
287 1205 231 325
520 1205 85 325
608 1205 55 325
666 1205 56 325
725 1205 55 325
783 1205 55 325
841 1205 249 325
1093 1205 318 325
1414 1205 957 325
199 1533 85 325
287 1533 231 325
520 1533 85 325
608 1533 55 325
666 1533 56 325
725 1533 55 325
783 1533 55 325
841 1533 249 325
1093 1533 318 325
1414 1533 957 325
199 1861 85 325
287 1861 231 325
520 1861 85 325
608 1861 55 325
666 1861 56 325
725 1861 55 325
783 1861 55 325
841 1861 249 325
1093 1861 318 325
1414 1861 957 325
112 2189 2259 97
112 2289 85 175
199 2289 85 175
287 2289 231 175
520 2289 85 175
608 2289 55 175
666 2289 56 175
725 2289 55 175
783 2289 55 175
841 2289 249 175
1093 2289 318 175
1414 2289 957 175
112 2467 85 981
199 2467 85 325
287 2467 231 325
520 2467 85 325
608 2467 55 325
666 2467 56 325
725 2467 55 325
783 2467 55 325
841 2467 249 325
1093 2467 318 325
1414 2467 957 325
199 2795 85 325
287 2795 231 325
520 2795 85 325
608 2795 55 325
666 2795 56 325
725 2795 55 325
783 2795 55 325
841 2795 249 325
1093 2795 318 325
1414 2795 957 325
199 3123 85 325
287 3123 231 325
520 3123 85 325
608 3123 55 325
666 3123 56 325
725 3123 55 325
783 3123 55 325
841 3123 249 325
1093 3123 318 325
1414 3123 957 325
