1495 2686 157 64
1654 2686 497 64
2153 2686 338 64
2493 2686 157 64
2652 2686 202 64
1495 2752 157 63
1654 2752 497 63
2153 2752 338 63
2493 2752 157 63
2652 2752 202 63
1495 2817 157 63
1654 2817 497 63
2153 2817 338 63
2493 2817 157 63
2652 2817 202 63
1495 2882 157 64
1654 2882 497 64
2153 2882 338 64
2493 2882 157 64
2652 2882 202 64
1495 2947 157 64
1654 2947 497 64
2153 2947 338 64
2493 2947 157 64
2652 2947 202 64
1495 3012 157 64
1654 3012 497 64
2153 3012 338 64
2493 3012 157 64
2652 3012 202 64
1495 3078 157 63
1654 3078 497 63
2153 3078 338 63
2493 3078 157 63
2652 3078 202 63
1495 3143 157 63
1654 3143 497 63
2153 3143 338 63
2493 3143 157 63
2652 3143 202 63
1495 3208 157 64
1654 3208 497 64
2153 3208 338 64
2493 3208 157 64
2652 3208 202 64
1495 3273 157 64
1654 3273 497 64
2153 3273 338 64
2493 3273 157 64
2652 3273 202 64
1495 3338 157 64
1654 3338 497 64
2153 3338 338 64
2493 3338 157 64
2652 3338 202 64
1495 3404 157 63
1654 3404 497 63
2153 3404 338 63
2493 3404 157 63
2652 3404 202 63
1495 3469 157 63
1654 3469 497 63
2153 3469 338 63
2493 3469 157 63
2652 3469 202 63
1495 3534 157 63
1654 3534 497 63
2153 3534 338 63
2493 3534 157 63
2652 3534 202 63
1495 3599 157 64
1654 3599 497 64
2153 3599 338 64
2493 3599 157 64
2652 3599 202 64
1495 3664 157 64
1654 3664 497 64
2153 3664 338 64
2493 3664 157 64
2652 3664 202 64
1495 3730 157 63
1654 3730 497 63
2153 3730 338 63
2493 3730 157 63
2652 3730 202 63
1495 3795 157 63
1654 3795 497 63
2153 3795 338 63
2493 3795 157 63
2652 3795 202 63
1495 3860 157 63
1654 3860 497 63
2153 3860 338 63
2493 3860 157 63
2652 3860 202 63
