202 203 2714 100
202 305 55 88
259 305 54 88
316 305 207 88
525 305 83 88
611 305 48 88
662 305 48 88
713 305 48 88
764 305 48 88
815 305 286 88
1104 305 454 88
1560 305 55 88
1617 305 54 88
1673 305 208 88
1883 305 83 88
1968 305 49 88
2019 305 49 88
2070 305 49 88
2121 305 49 88
2172 305 287 88
2462 305 454 88
202 396 55 2587
259 396 54 429
316 396 207 429
525 396 83 429
611 396 48 429
662 396 48 429
713 396 48 429
764 396 48 429
815 396 286 429
1104 396 454 429
1560 396 55 1724
1617 396 54 429
1673 396 208 429
1883 396 83 429
1968 396 49 429
2019 396 49 429
2070 396 49 429
2121 396 49 429
2172 396 287 429
2462 396 454 429
259 828 54 429
316 828 207 429
525 828 83 429
611 828 48 429
662 828 48 429
713 828 48 429
764 828 48 429
815 828 286 429
1104 828 454 429
1617 828 54 429
1673 828 208 429
1883 828 83 429
1968 828 49 429
2019 828 49 429
2070 828 49 429
2121 828 49 429
2172 828 287 429
2462 828 454 429
259 1259 54 429
316 1259 207 429
525 1259 83 429
611 1259 48 429
662 1259 48 429
713 1259 48 429
764 1259 48 429
815 1259 286 429
1104 1259 454 429
1617 1259 54 429
1673 1259 208 429
1883 1259 83 429
1968 1259 49 429
2019 1259 49 429
2070 1259 49 429
2121 1259 49 429
2172 1259 287 429
2462 1259 454 429
259 1691 54 429
316 1691 207 429
525 1691 83 429
611 1691 48 429
662 1691 48 429
713 1691 48 429
764 1691 48 429
815 1691 286 429
1104 1691 454 429
1617 1691 54 429
1673 1691 208 429
1883 1691 83 429
1968 1691 49 429
2019 1691 49 429
2070 1691 49 429
2121 1691 49 429
2172 1691 287 429
2462 1691 454 429
259 2122 54 429
316 2122 207 429
525 2122 83 429
611 2122 48 429
662 2122 48 429
713 2122 48 429
764 2122 48 429
815 2122 286 429
1104 2122 454 429
1560 2122 55 2155
1617 2122 54 429
1673 2122 208 429
1883 2122 83 429
1968 2122 49 429
2019 2122 49 429
2070 2122 49 429
2121 2122 49 429
2172 2122 287 429
2462 2122 454 429
259 2553 54 430
316 2553 207 430
525 2553 83 430
611 2553 48 430
662 2553 48 430
713 2553 48 430
764 2553 48 430
815 2553 286 430
1104 2553 454 430
1617 2553 54 430
1673 2553 208 430
1883 2553 83 430
1968 2553 49 430
2019 2553 49 430
2070 2553 49 430
2121 2553 49 430
2172 2553 287 430
2462 2553 454 430
202 2985 55 1292
259 2985 54 429
316 2985 207 429
525 2985 83 429
611 2985 48 429
662 2985 48 429
713 2985 48 429
764 2985 48 429
815 2985 286 429
1104 2985 454 429
1617 2985 54 429
1673 2985 208 429
1883 2985 83 429
1968 2985 49 429
2019 2985 49 429
2070 2985 49 429
2121 2985 49 429
2172 2985 287 429
2462 2985 454 429
259 3416 54 429
316 3416 207 429
525 3416 83 429
611 3416 48 429
662 3416 48 429
713 3416 48 429
764 3416 48 429
815 3416 286 429
1104 3416 454 429
1617 3416 54 429
1673 3416 208 429
1883 3416 83 429
1968 3416 49 429
2019 3416 49 429
2070 3416 49 429
2121 3416 49 429
2172 3416 287 429
2462 3416 454 429
259 3848 54 429
316 3848 207 429
525 3848 83 429
611 3848 48 429
662 3848 48 429
713 3848 48 429
764 3848 48 429
815 3848 286 429
1104 3848 454 429
1617 3848 54 429
1673 3848 208 429
1883 3848 83 429
1968 3848 49 429
2019 3848 49 429
2070 3848 49 429
2121 3848 49 429
2172 3848 287 429
2462 3848 454 429
