198 2837 123 35
323 2837 95 35
419 2837 469 35
890 2837 418 35
1309 2837 118 35
1428 2837 169 35
198 2873 123 36
323 2873 95 36
419 2873 469 36
890 2873 418 36
1309 2873 118 36
1428 2873 169 36
198 2910 123 36
323 2910 95 36
419 2910 469 36
890 2910 418 36
1309 2910 118 36
1428 2910 169 36
198 2947 123 35
323 2947 95 35
419 2947 469 35
890 2947 418 35
1309 2947 118 35
1428 2947 169 35
198 2984 123 35
323 2984 95 35
419 2984 469 35
890 2984 418 35
1309 2984 118 35
1428 2984 169 35
198 3021 123 35
323 3021 95 35
419 3021 469 35
890 3021 418 35
1309 3021 118 35
1428 3021 169 35
198 3058 123 35
323 3058 95 35
419 3058 469 35
890 3058 418 35
1309 3058 118 35
1428 3058 169 35
198 3095 123 35
323 3095 95 35
419 3095 469 35
890 3095 418 35
1309 3095 118 35
1428 3095 169 35
198 3131 123 36
323 3131 95 36
419 3131 469 36
890 3131 418 36
1309 3131 118 36
1428 3131 169 36
198 3168 123 36
323 3168 95 36
419 3168 469 36
890 3168 418 36
1309 3168 118 36
1428 3168 169 36
198 3205 123 35
323 3205 95 35
419 3205 469 35
890 3205 418 35
1309 3205 118 35
1428 3205 169 35
198 3242 123 35
323 3242 95 35
419 3242 469 35
890 3242 418 35
1309 3242 118 35
1428 3242 169 35
198 3279 123 35
323 3279 95 35
419 3279 469 35
890 3279 418 35
1309 3279 118 35
1428 3279 169 35
198 3316 123 35
323 3316 95 35
419 3316 469 35
890 3316 418 35
1309 3316 118 35
1428 3316 169 35
198 3352 123 36
323 3352 95 36
419 3352 469 36
890 3352 418 36
1309 3352 118 36
1428 3352 169 36
198 3389 123 36
323 3389 95 36
419 3389 469 36
890 3389 418 36
1309 3389 118 36
1428 3389 169 36
198 3426 123 36
323 3426 95 36
419 3426 469 36
890 3426 418 36
1309 3426 118 36
1428 3426 169 36
198 3463 123 35
323 3463 95 35
419 3463 469 35
890 3463 418 35
1309 3463 118 35
1428 3463 169 35
198 3500 123 35
323 3500 95 35
419 3500 469 35
890 3500 418 35
1309 3500 118 35
1428 3500 169 35
198 3537 123 35
323 3537 95 35
419 3537 469 35
890 3537 418 35
1309 3537 118 35
1428 3537 169 35
198 3574 123 35
323 3574 95 35
419 3574 469 35
890 3574 418 35
1309 3574 118 35
1428 3574 169 35
198 3610 123 36
323 3610 95 36
419 3610 469 36
890 3610 418 36
1309 3610 118 36
1428 3610 169 36
198 3647 123 36
323 3647 95 36
419 3647 469 36
890 3647 418 36
1309 3647 118 36
1428 3647 169 36
198 3684 123 35
323 3684 95 35
419 3684 469 35
890 3684 418 35
1309 3684 118 35
1428 3684 169 35
198 3721 123 35
323 3721 95 35
419 3721 469 35
890 3721 418 35
1309 3721 118 35
1428 3721 169 35
198 3758 123 35
323 3758 95 35
419 3758 469 35
890 3758 418 35
1309 3758 118 35
1428 3758 169 35
198 3795 123 35
323 3795 95 35
419 3795 469 35
890 3795 418 35
1309 3795 118 35
1428 3795 169 35
198 3832 123 35
323 3832 95 35
419 3832 469 35
890 3832 418 35
1309 3832 118 35
1428 3832 169 35
198 3868 123 36
323 3868 95 36
419 3868 469 36
890 3868 418 36
1309 3868 118 36
1428 3868 169 36
198 3905 123 36
323 3905 95 36
419 3905 469 36
890 3905 418 36
1309 3905 118 36
1428 3905 169 36
198 3942 123 35
323 3942 95 35
419 3942 469 35
890 3942 418 35
1309 3942 118 35
1428 3942 169 35
198 3979 123 35
323 3979 95 35
419 3979 469 35
890 3979 418 35
1309 3979 118 35
1428 3979 169 35
198 4016 123 35
323 4016 95 35
419 4016 469 35
890 4016 418 35
1309 4016 118 35
1428 4016 169 35
198 4053 123 35
323 4053 95 35
419 4053 469 35
890 4053 418 35
1309 4053 118 35
1428 4053 169 35
198 4089 123 36
323 4089 95 36
419 4089 469 36
890 4089 418 36
1309 4089 118 36
1428 4089 169 36
1617 2837 123 35
1741 2837 95 35
1838 2837 469 35
2308 2837 418 35
2728 2837 117 35
2847 2837 168 35
1617 2873 123 36
1741 2873 95 36
1838 2873 469 36
2308 2873 418 36
2728 2873 117 36
2847 2873 168 36
1617 2910 123 36
1741 2910 95 36
1838 2910 469 36
2308 2910 418 36
2728 2910 117 36
2847 2910 168 36
1617 2947 123 35
1741 2947 95 35
1838 2947 469 35
2308 2947 418 35
2728 2947 117 35
2847 2947 168 35
1617 2984 123 35
1741 2984 95 35
1838 2984 469 35
2308 2984 418 35
2728 2984 117 35
2847 2984 168 35
1617 3021 123 35
1741 3021 95 35
1838 3021 469 35
2308 3021 418 35
2728 3021 117 35
2847 3021 168 35
1617 3058 123 35
1741 3058 95 35
1838 3058 469 35
2308 3058 418 35
2728 3058 117 35
2847 3058 168 35
1617 3095 123 35
1741 3095 95 35
1838 3095 469 35
2308 3095 418 35
2728 3095 117 35
2847 3095 168 35
1617 3131 123 36
1741 3131 95 36
1838 3131 469 36
2308 3131 418 36
2728 3131 117 36
2847 3131 168 36
1617 3168 123 36
1741 3168 95 36
1838 3168 469 36
2308 3168 418 36
2728 3168 117 36
2847 3168 168 36
1617 3205 123 35
1741 3205 95 35
1838 3205 469 35
2308 3205 418 35
2728 3205 117 35
2847 3205 168 35
1617 3242 123 35
1741 3242 95 35
1838 3242 469 35
2308 3242 418 35
2728 3242 117 35
2847 3242 168 35
1617 3279 123 35
1741 3279 95 35
1838 3279 469 35
2308 3279 418 35
2728 3279 117 35
2847 3279 168 35
1617 3316 123 35
1741 3316 95 35
1838 3316 469 35
2308 3316 418 35
2728 3316 117 35
2847 3316 168 35
1617 3352 123 36
1741 3352 95 36
1838 3352 469 36
2308 3352 418 36
2728 3352 117 36
2847 3352 168 36
1617 3389 123 36
1741 3389 95 36
1838 3389 469 36
2308 3389 418 36
2728 3389 117 36
2847 3389 168 36
1617 3426 123 36
1741 3426 95 36
1838 3426 469 36
2308 3426 418 36
2728 3426 117 36
2847 3426 168 36
1617 3463 123 35
1741 3463 95 35
1838 3463 469 35
2308 3463 418 35
2728 3463 117 35
2847 3463 168 35
1617 3500 123 35
1741 3500 95 35
1838 3500 469 35
2308 3500 418 35
2728 3500 117 35
2847 3500 168 35
1617 3537 123 35
1741 3537 95 35
1838 3537 469 35
2308 3537 418 35
2728 3537 117 35
2847 3537 168 35
1617 3574 123 35
1741 3574 95 35
1838 3574 469 35
2308 3574 418 35
2728 3574 117 35
2847 3574 168 35
1617 3610 123 36
1741 3610 95 36
1838 3610 469 36
2308 3610 418 36
2728 3610 117 36
2847 3610 168 36
1617 3647 123 36
1741 3647 95 36
1838 3647 469 36
2308 3647 418 36
2728 3647 117 36
2847 3647 168 36
1617 3684 123 35
1741 3684 95 35
1838 3684 469 35
2308 3684 418 35
2728 3684 117 35
2847 3684 168 35
1617 3721 123 35
1741 3721 95 35
1838 3721 469 35
2308 3721 418 35
2728 3721 117 35
2847 3721 168 35
1617 3758 123 35
1741 3758 95 35
1838 3758 469 35
2308 3758 418 35
2728 3758 117 35
2847 3758 168 35
1617 3795 123 35
1741 3795 95 35
1838 3795 469 35
2308 3795 418 35
2728 3795 117 35
2847 3795 168 35
1617 3832 123 35
1741 3832 95 35
1838 3832 469 35
2308 3832 418 35
2728 3832 117 35
2847 3832 168 35
1617 3868 123 36
1741 3868 95 36
1838 3868 469 36
2308 3868 418 36
2728 3868 117 36
2847 3868 168 36
1617 3905 123 36
1741 3905 95 36
1838 3905 469 36
2308 3905 418 36
2728 3905 117 36
2847 3905 168 36
1617 3942 123 35
1741 3942 95 35
1838 3942 469 35
2308 3942 418 35
2728 3942 117 35
2847 3942 168 35
1617 3979 123 35
1741 3979 95 35
1838 3979 469 35
2308 3979 418 35
2728 3979 117 35
2847 3979 168 35
1617 4016 123 35
1741 4016 95 35
1838 4016 469 35
2308 4016 418 35
2728 4016 117 35
2847 4016 168 35
1617 4053 123 35
1741 4053 95 35
1838 4053 469 35
2308 4053 418 35
2728 4053 117 35
2847 4053 168 35
1617 4089 123 36
1741 4089 95 36
1838 4089 469 36
2308 4089 418 36
2728 4089 117 36
2847 4089 168 36
