162 162 2825 258
162 422 2825 175
162 600 82 143
247 600 224 143
474 600 111 143
587 600 54 143
644 600 54 143
701 600 54 143
757 600 54 143
814 600 337 143
1154 600 678 143
1835 600 1152 143
162 746 82 237
247 746 224 237
474 746 111 237
587 746 54 237
644 746 54 237
701 746 54 237
757 746 54 237
814 746 337 237
1154 746 678 237
1835 746 1152 237
162 986 82 237
247 986 224 237
474 986 111 237
587 986 54 237
644 986 54 237
701 986 54 237
757 986 54 237
814 986 337 237
1154 986 678 237
1835 986 1152 237
162 1226 82 238
247 1226 224 238
474 1226 111 238
587 1226 54 238
644 1226 54 238
701 1226 54 238
757 1226 54 238
814 1226 337 238
1154 1226 678 238
1835 1226 1152 238
162 1466 82 238
247 1466 224 238
474 1466 111 238
587 1466 54 238
644 1466 54 238
701 1466 54 238
757 1466 54 238
814 1466 337 238
1154 1466 678 238
1835 1466 1152 238
162 1706 82 238
247 1706 224 238
474 1706 111 238
587 1706 54 238
644 1706 54 238
701 1706 54 238
757 1706 54 238
814 1706 337 238
1154 1706 678 238
1835 1706 1152 238
162 1947 82 237
247 1947 224 237
474 1947 111 237
587 1947 54 237
644 1947 54 237
701 1947 54 237
757 1947 54 237
814 1947 337 237
1154 1947 678 237
1835 1947 1152 237
162 2187 82 237
247 2187 224 237
474 2187 111 237
587 2187 54 237
644 2187 54 237
701 2187 54 237
757 2187 54 237
814 2187 337 237
1154 2187 678 237
1835 2187 1152 237
162 2427 82 237
247 2427 224 237
474 2427 111 237
587 2427 54 237
644 2427 54 237
701 2427 54 237
757 2427 54 237
814 2427 337 237
1154 2427 678 237
1835 2427 1152 237
162 2667 82 237
247 2667 224 237
474 2667 111 237
587 2667 54 237
644 2667 54 237
701 2667 54 237
757 2667 54 237
814 2667 337 237
1154 2667 678 237
1835 2667 1152 237
162 2907 82 237
247 2907 224 237
474 2907 111 237
587 2907 54 237
644 2907 54 237
701 2907 54 237
757 2907 54 237
814 2907 337 237
1154 2907 678 237
1835 2907 1152 237
162 3147 82 237
247 3147 224 237
474 3147 111 237
587 3147 54 237
644 3147 54 237
701 3147 54 237
757 3147 54 237
814 3147 337 237
1154 3147 678 237
1835 3147 1152 237
162 3387 82 237
247 3387 224 237
474 3387 111 237
587 3387 54 237
644 3387 54 237
701 3387 54 237
757 3387 54 237
814 3387 337 237
1154 3387 678 237
1835 3387 1152 237
162 3627 82 237
247 3627 224 237
474 3627 111 237
587 3627 54 237
644 3627 54 237
701 3627 54 237
757 3627 54 237
814 3627 337 237
1154 3627 678 237
1835 3627 1152 237
162 3867 82 238
247 3867 224 238
474 3867 111 238
587 3867 54 238
644 3867 54 238
701 3867 54 238
757 3867 54 238
814 3867 337 238
1154 3867 678 238
1835 3867 1152 238
162 4107 82 238
247 4107 224 238
474 4107 111 238
587 4107 54 238
644 4107 54 238
701 4107 54 238
757 4107 54 238
814 4107 337 238
1154 4107 678 238
1835 4107 1152 238
