112 112 2259 75
112 190 85 136
199 190 85 136
287 190 231 136
520 190 85 136
608 190 55 136
666 190 56 136
725 190 55 136
783 190 55 136
841 190 249 136
1093 190 318 136
1414 190 957 136
112 329 85 510
199 329 85 253
287 329 231 253
520 329 85 253
608 329 55 253
666 329 56 253
725 329 55 253
783 329 55 253
841 329 249 253
1093 329 318 253
1414 329 957 253
199 585 85 254
287 585 231 254
520 585 85 254
608 585 55 254
666 585 56 254
725 585 55 254
783 585 55 254
841 585 249 254
1093 585 318 254
1414 585 957 254
112 842 85 510
199 842 85 253
287 842 231 253
520 842 85 253
608 842 55 253
666 842 56 253
725 842 55 253
783 842 55 253
841 842 249 253
1093 842 318 253
1414 842 957 253
199 1098 85 254
287 1098 231 254
520 1098 85 254
608 1098 55 254
666 1098 56 254
725 1098 55 254
783 1098 55 254
841 1098 249 254
1093 1098 318 254
1414 1098 957 254
112 1355 85 510
199 1355 85 253
287 1355 231 253
520 1355 85 253
608 1355 55 253
666 1355 56 253
725 1355 55 253
783 1355 55 253
841 1355 249 253
1093 1355 318 253
1414 1355 957 253
199 1611 85 254
287 1611 231 254
520 1611 85 254
608 1611 55 254
666 1611 56 254
725 1611 55 254
783 1611 55 254
841 1611 249 254
1093 1611 318 254
1414 1611 957 254
112 1868 85 510
199 1868 85 253
287 1868 231 253
520 1868 85 253
608 1868 55 253
666 1868 56 253
725 1868 55 253
783 1868 55 253
841 1868 249 253
1093 1868 318 253
1414 1868 957 253
199 2124 85 254
287 2124 231 254
520 2124 85 254
608 2124 55 254
666 2124 56 254
725 2124 55 254
783 2124 55 254
841 2124 249 254
1093 2124 318 254
1414 2124 957 254
112 2381 85 510
199 2381 85 253
287 2381 231 253
520 2381 85 253
608 2381 55 253
666 2381 56 253
725 2381 55 253
783 2381 55 253
841 2381 249 253
1093 2381 318 253
1414 2381 957 253
199 2637 85 254
287 2637 231 254
520 2637 85 254
608 2637 55 254
666 2637 56 254
725 2637 55 254
783 2637 55 254
841 2637 249 254
1093 2637 318 254
1414 2637 957 254
112 2894 2259 554
