153 153 2072 74
2228 153 2072 2786
153 230 76 118
232 230 77 118
312 230 211 118
526 230 88 118
617 230 50 118
670 230 50 118
723 230 50 118
776 230 50 118
829 230 225 118
1057 230 288 118
1348 230 877 118
153 352 76 646
232 352 77 321
312 352 211 321
526 352 88 321
617 352 50 321
670 352 50 321
723 352 50 321
776 352 50 321
829 352 225 321
1057 352 288 321
1348 352 877 321
232 676 77 322
312 676 211 322
526 676 88 322
617 676 50 322
670 676 50 322
723 676 50 322
776 676 50 322
829 676 225 322
1057 676 288 322
1348 676 877 322
153 1001 76 647
232 1001 77 322
312 1001 211 322
526 1001 88 322
617 1001 50 322
670 1001 50 322
723 1001 50 322
776 1001 50 322
829 1001 225 322
1057 1001 288 322
1348 1001 877 322
232 1326 77 322
312 1326 211 322
526 1326 88 322
617 1326 50 322
670 1326 50 322
723 1326 50 322
776 1326 50 322
829 1326 225 322
1057 1326 288 322
1348 1326 877 322
153 1651 76 647
232 1651 77 322
312 1651 211 322
526 1651 88 322
617 1651 50 322
670 1651 50 322
723 1651 50 322
776 1651 50 322
829 1651 225 322
1057 1651 288 322
1348 1651 877 322
232 1976 77 322
312 1976 211 322
526 1976 88 322
617 1976 50 322
670 1976 50 322
723 1976 50 322
776 1976 50 322
829 1976 225 322
1057 1976 288 322
1348 1976 877 322
153 2301 76 322
232 2301 77 322
312 2301 211 322
526 2301 88 322
617 2301 50 322
670 2301 50 322
723 2301 50 322
776 2301 50 322
829 2301 225 322
1057 2301 288 322
1348 2301 877 322
153 2626 2072 313
