114 194 2857 308
114 508 2857 225
115 738 72 206
188 738 217 206
407 738 210 206
619 738 70 206
690 738 70 206
762 738 70 206
833 738 70 206
904 738 279 206
1184 738 358 206
1544 738 1427 206
115 946 72 528
188 946 217 528
407 946 210 528
619 946 70 528
690 946 70 528
762 946 70 528
833 946 70 528
904 946 279 528
1184 946 358 528
1544 946 1427 528
115 1476 72 528
188 1476 217 528
407 1476 210 528
619 1476 70 528
690 1476 70 528
762 1476 70 528
833 1476 70 528
904 1476 279 528
1184 1476 358 528
1544 1476 1427 528
115 2006 72 528
188 2006 217 528
407 2006 210 528
619 2006 70 528
690 2006 70 528
762 2006 70 528
833 2006 70 528
904 2006 279 528
1184 2006 358 528
1544 2006 1427 528
114 2552 2857 1712
