22 97 99 82
124 97 252 82
379 97 224 82
606 97 134 82
743 97 94 82
840 97 132 82
975 97 131 82
1108 97 248 82
1358 97 528 82
1888 97 825 82
22 182 2691 100
22 285 100 301
125 285 252 301
380 285 224 301
606 285 135 301
743 285 95 301
840 285 135 301
978 285 133 301
1114 285 243 301
1359 285 528 301
1889 285 824 301
22 589 100 301
125 589 252 301
380 589 224 301
606 589 135 301
743 589 95 301
840 589 135 301
978 589 133 301
1114 589 243 301
1359 589 528 301
1889 589 824 301
22 892 100 303
125 892 252 303
380 892 224 303
606 892 135 303
743 892 95 303
840 892 135 303
978 892 133 303
1114 892 243 303
1359 892 528 303
1889 892 824 303
22 1197 100 301
125 1197 252 301
380 1197 224 301
606 1197 135 301
743 1197 95 301
840 1197 135 301
978 1197 133 301
1114 1197 243 301
1359 1197 528 301
1889 1197 824 301
22 1501 2691 98
22 1602 99 302
124 1602 252 302
379 1602 224 302
606 1602 134 302
743 1602 94 302
840 1602 132 302
975 1602 131 302
1108 1602 248 302
1358 1602 528 302
1888 1602 825 302
22 1906 99 301
124 1906 252 301
379 1906 224 301
606 1906 134 301
743 1906 94 301
840 1906 132 301
975 1906 131 301
1108 1906 248 301
1358 1906 528 301
1888 1906 825 301
22 2210 99 302
124 2210 252 302
379 2210 224 302
606 2210 134 302
743 2210 94 302
840 2210 132 302
975 2210 131 302
1108 2210 248 302
1358 2210 528 302
1888 2210 825 302
22 2514 99 302
124 2514 252 302
379 2514 224 302
606 2514 134 302
743 2514 94 302
840 2514 132 302
975 2514 131 302
1108 2514 248 302
1358 2514 528 302
1888 2514 825 302
22 2819 99 301
124 2819 252 301
379 2819 224 301
606 2819 134 301
743 2819 94 301
840 2819 132 301
975 2819 131 301
1108 2819 248 301
1358 2819 528 301
1888 2819 825 301
22 3123 99 303
124 3123 252 303
379 3123 224 303
606 3123 134 303
743 3123 94 303
840 3123 132 303
975 3123 131 303
1108 3123 248 303
1358 3123 528 303
1888 3123 825 303
22 3429 99 299
124 3429 252 299
379 3429 224 299
606 3429 134 299
743 3429 94 299
840 3429 132 299
975 3429 131 299
1108 3429 248 299
1358 3429 528 299
1888 3429 825 299
22 3731 2691 417
