108 558 2823 235
108 796 2823 65
108 864 61 94
172 864 201 94
376 864 167 94
546 864 93 94
642 864 66 94
710 864 83 94
795 864 66 94
863 864 338 94
1204 864 490 94
1697 864 1234 94
108 961 61 258
376 961 167 258
546 961 93 258
642 961 66 258
710 961 83 258
795 961 66 258
863 961 338 258
1204 961 490 258
1697 961 1234 258
108 1221 61 94
172 1221 201 94
376 1221 167 94
546 1221 93 94
642 1221 66 94
710 1221 83 94
795 1221 66 94
863 1221 338 94
1204 1221 490 94
1697 1221 1234 94
108 1318 61 258
376 1318 167 258
546 1318 93 258
642 1318 66 258
710 1318 83 258
795 1318 66 258
863 1318 338 258
1204 1318 490 258
1697 1318 1234 258
333 1367 40 34
108 1579 2823 65
108 1647 61 93
172 1647 201 93
376 1647 167 93
546 1647 93 93
642 1647 66 93
710 1647 83 93
795 1647 66 93
863 1647 338 93
1204 1647 490 93
1697 1647 1234 93
108 1743 61 258
376 1743 167 258
546 1743 93 258
642 1743 66 258
710 1743 83 258
795 1743 66 258
863 1743 338 258
1204 1743 490 258
1697 1743 1234 258
108 2004 2823 65
108 2072 61 93
172 2072 201 93
376 2072 167 93
546 2072 93 93
642 2072 66 93
710 2072 83 93
795 2072 66 93
863 2072 338 93
1204 2072 490 93
1697 2072 1234 93
108 2168 61 258
376 2168 167 258
546 2168 93 258
642 2168 66 258
710 2168 83 258
795 2168 66 258
863 2168 338 258
1204 2168 490 258
1697 2168 1234 258
108 2429 2823 65
108 2497 61 94
172 2497 201 94
376 2497 167 94
546 2497 93 94
642 2497 66 94
710 2497 83 94
795 2497 66 94
863 2497 338 94
1204 2497 490 94
1697 2497 1234 94
108 2593 61 258
376 2593 167 258
546 2593 93 258
642 2593 66 258
710 2593 83 258
795 2593 66 258
863 2593 338 258
1204 2593 490 258
1697 2593 1234 258
108 2854 2823 65
108 2922 61 94
172 2922 201 94
376 2922 167 94
546 2922 93 94
642 2922 66 94
710 2922 83 94
795 2922 66 94
863 2922 338 94
1204 2922 490 94
1697 2922 1234 94
108 3019 61 257
376 3019 167 257
546 3019 93 257
642 3019 66 257
710 3019 83 257
795 3019 66 257
863 3019 338 257
1204 3019 490 257
1697 3019 1234 257
108 3279 61 94
172 3279 201 94
376 3279 167 94
546 3279 93 94
642 3279 66 94
710 3279 83 94
795 3279 66 94
863 3279 338 94
1204 3279 490 94
1697 3279 1234 94
108 3376 61 258
376 3376 167 258
546 3376 93 258
642 3376 66 258
710 3376 83 258
795 3376 66 258
863 3376 338 258
1204 3376 490 258
1697 3376 1234 258
108 3636 2823 66
108 3705 61 93
172 3705 201 93
376 3705 167 93
546 3705 93 93
642 3705 66 93
710 3705 83 93
795 3705 66 93
863 3705 338 93
1204 3705 490 93
1697 3705 1234 93
108 3801 61 258
376 3801 167 258
546 3801 93 258
642 3801 66 258
710 3801 83 258
795 3801 66 258
863 3801 338 258
1204 3801 490 258
1697 3801 1234 258
172 3841 41 33
108 4062 2823 281
