162 162 2825 256
162 421 2825 192
162 616 82 150
247 616 281 150
531 616 110 150
644 616 54 150
701 616 54 150
757 616 54 150
814 616 54 150
871 616 337 150
1211 616 677 150
1891 616 1096 150
162 769 82 296
247 769 281 296
531 769 110 296
644 769 54 296
701 769 54 296
757 769 54 296
814 769 54 296
871 769 337 296
1211 769 677 296
1891 769 1096 296
162 1068 82 295
247 1068 281 295
531 1068 110 295
644 1068 54 295
701 1068 54 295
757 1068 54 295
814 1068 54 295
871 1068 337 295
1211 1068 677 295
1891 1068 1096 295
162 1366 82 295
247 1366 281 295
531 1366 110 295
644 1366 54 295
701 1366 54 295
757 1366 54 295
814 1366 54 295
871 1366 337 295
1211 1366 677 295
1891 1366 1096 295
162 1664 82 295
247 1664 281 295
531 1664 110 295
644 1664 54 295
701 1664 54 295
757 1664 54 295
814 1664 54 295
871 1664 337 295
1211 1664 677 295
1891 1664 1096 295
162 1962 82 296
247 1962 281 296
531 1962 110 296
644 1962 54 296
701 1962 54 296
757 1962 54 296
814 1962 54 296
871 1962 337 296
1211 1962 677 296
1891 1962 1096 296
162 2260 82 296
247 2260 281 296
531 2260 110 296
644 2260 54 296
701 2260 54 296
757 2260 54 296
814 2260 54 296
871 2260 337 296
1211 2260 677 296
1891 2260 1096 296
162 2559 82 295
247 2559 281 295
531 2559 110 295
644 2559 54 295
701 2559 54 295
757 2559 54 295
814 2559 54 295
871 2559 337 295
1211 2559 677 295
1891 2559 1096 295
162 2857 82 295
247 2857 281 295
531 2857 110 295
644 2857 54 295
701 2857 54 295
757 2857 54 295
814 2857 54 295
871 2857 337 295
1211 2857 677 295
1891 2857 1096 295
162 3155 82 295
247 3155 281 295
531 3155 110 295
644 3155 54 295
701 3155 54 295
757 3155 54 295
814 3155 54 295
871 3155 337 295
1211 3155 677 295
1891 3155 1096 295
162 3453 82 296
247 3453 281 296
531 3453 110 296
644 3453 54 296
701 3453 54 296
757 3453 54 296
814 3453 54 296
871 3453 337 296
1211 3453 677 296
1891 3453 1096 296
162 3751 82 296
247 3751 281 296
531 3751 110 296
644 3751 54 296
701 3751 54 296
757 3751 54 296
814 3751 54 296
871 3751 337 296
1211 3751 677 296
1891 3751 1096 296
162 4050 82 295
247 4050 281 295
531 4050 110 295
644 4050 54 295
701 4050 54 295
757 4050 54 295
814 4050 54 295
871 4050 337 295
1211 4050 677 295
1891 4050 1096 295
