57 1790 30 75
88 1790 58 75
147 1790 141 75
289 1790 149 75
439 1790 50 75
490 1790 106 75
57 1866 30 791
88 1866 58 78
147 1866 141 78
289 1866 149 78
439 1866 50 78
490 1866 106 78
88 1945 58 79
147 1945 141 79
289 1945 149 79
439 1945 50 79
490 1945 106 79
88 2025 58 78
147 2025 141 78
289 2025 149 78
439 2025 50 78
490 2025 106 78
88 2104 58 78
147 2104 141 78
289 2104 149 78
439 2104 50 78
490 2104 106 78
88 2183 58 78
147 2183 141 78
289 2183 149 78
439 2183 50 78
490 2183 106 78
88 2262 58 78
147 2262 141 78
289 2262 149 78
439 2262 50 78
490 2262 106 78
88 2341 58 79
147 2341 141 79
289 2341 149 79
439 2341 50 79
490 2341 106 79
88 2421 58 78
147 2421 141 78
289 2421 149 78
439 2421 50 78
490 2421 106 78
88 2500 58 78
147 2500 141 78
289 2500 149 78
439 2500 50 78
490 2500 106 78
88 2579 58 78
147 2579 141 78
289 2579 149 78
439 2579 50 78
490 2579 106 78
57 2659 30 77
88 2659 58 77
147 2659 141 77
289 2659 149 77
439 2659 50 77
490 2659 106 77
57 2737 30 1345
88 2737 58 79
147 2737 141 79
289 2737 149 79
439 2737 50 79
490 2737 106 79
88 2817 58 78
147 2817 141 78
289 2817 149 78
439 2817 50 78
490 2817 106 78
88 2896 58 78
147 2896 141 78
289 2896 149 78
439 2896 50 78
490 2896 106 78
88 2975 58 78
147 2975 141 78
289 2975 149 78
439 2975 50 78
490 2975 106 78
88 3054 58 78
147 3054 141 78
289 3054 149 78
439 3054 50 78
490 3054 106 78
88 3133 58 79
147 3133 141 79
289 3133 149 79
439 3133 50 79
490 3133 106 79
88 3213 58 78
147 3213 141 78
289 3213 149 78
439 3213 50 78
490 3213 106 78
88 3292 58 78
147 3292 141 78
289 3292 149 78
439 3292 50 78
490 3292 106 78
88 3371 58 78
147 3371 141 78
289 3371 149 78
439 3371 50 78
490 3371 106 78
88 3450 58 78
147 3450 141 78
289 3450 149 78
439 3450 50 78
490 3450 106 78
88 3529 58 79
147 3529 141 79
289 3529 149 79
439 3529 50 79
490 3529 106 79
88 3609 58 78
147 3609 141 78
289 3609 149 78
439 3609 50 78
490 3609 106 78
88 3688 58 78
147 3688 141 78
289 3688 149 78
439 3688 50 78
490 3688 106 78
88 3767 58 78
147 3767 141 78
289 3767 149 78
439 3767 50 78
490 3767 106 78
88 3846 58 78
147 3846 141 78
289 3846 149 78
439 3846 50 78
490 3846 106 78
88 3925 58 78
147 3925 141 78
289 3925 149 78
439 3925 50 78
490 3925 106 78
88 4004 58 78
147 4004 141 78
289 4004 149 78
439 4004 50 78
490 4004 106 78
635 1790 30 75
666 1790 58 75
725 1790 141 75
867 1790 149 75
1017 1790 50 75
1068 1790 106 75
635 1866 30 78
666 1866 58 78
725 1866 141 78
867 1866 149 78
1017 1866 50 78
1068 1866 106 78
635 1946 30 78
666 1946 58 78
725 1946 141 78
867 1946 149 78
1017 1946 50 78
1068 1946 106 78
635 2025 30 2057
666 2025 58 78
725 2025 141 78
867 2025 149 78
1017 2025 50 78
1068 2025 106 78
666 2104 58 78
725 2104 141 78
867 2104 149 78
1017 2104 50 78
1068 2104 106 78
666 2183 58 78
725 2183 141 78
867 2183 149 78
1017 2183 50 78
1068 2183 106 78
666 2262 58 78
725 2262 141 78
867 2262 149 78
1017 2262 50 78
1068 2262 106 78
666 2341 58 79
725 2341 141 79
867 2341 149 79
1017 2341 50 79
1068 2341 106 79
666 2421 58 78
725 2421 141 78
867 2421 149 78
1017 2421 50 78
1068 2421 106 78
666 2500 58 78
725 2500 141 78
867 2500 149 78
1017 2500 50 78
1068 2500 106 78
666 2579 58 78
725 2579 141 78
867 2579 149 78
1017 2579 50 78
1068 2579 106 78
666 2658 58 78
725 2658 141 78
867 2658 149 78
1017 2658 50 78
1068 2658 106 78
666 2737 58 79
725 2737 141 79
867 2737 149 79
1017 2737 50 79
1068 2737 106 79
666 2817 58 78
725 2817 141 78
867 2817 149 78
1017 2817 50 78
1068 2817 106 78
666 2896 58 78
725 2896 141 78
867 2896 149 78
1017 2896 50 78
1068 2896 106 78
666 2975 58 78
725 2975 141 78
867 2975 149 78
1017 2975 50 78
1068 2975 106 78
666 3054 58 78
725 3054 141 78
867 3054 149 78
1017 3054 50 78
1068 3054 106 78
666 3133 58 79
725 3133 141 79
867 3133 149 79
1017 3133 50 79
1068 3133 106 79
666 3213 58 78
725 3213 141 78
867 3213 149 78
1017 3213 50 78
1068 3213 106 78
666 3292 58 78
725 3292 141 78
867 3292 149 78
1017 3292 50 78
1068 3292 106 78
666 3371 58 78
725 3371 141 78
867 3371 149 78
1017 3371 50 78
1068 3371 106 78
666 3450 58 78
725 3450 141 78
867 3450 149 78
1017 3450 50 78
1068 3450 106 78
666 3529 58 79
725 3529 141 79
867 3529 149 79
1017 3529 50 79
1068 3529 106 79
666 3609 58 78
725 3609 141 78
867 3609 149 78
1017 3609 50 78
1068 3609 106 78
666 3688 58 78
725 3688 141 78
867 3688 149 78
1017 3688 50 78
1068 3688 106 78
666 3767 58 78
725 3767 141 78
867 3767 149 78
1017 3767 50 78
1068 3767 106 78
666 3846 58 78
725 3846 141 78
867 3846 149 78
1017 3846 50 78
1068 3846 106 78
666 3925 58 78
725 3925 141 78
867 3925 149 78
1017 3925 50 78
1068 3925 106 78
666 4004 58 78
725 4004 141 78
867 4004 149 78
1017 4004 50 78
1068 4004 106 78
1212 1790 30 75
1243 1790 58 75
1302 1790 141 75
1444 1790 149 75
1594 1790 50 75
1645 1790 106 75
1212 1866 30 2217
1243 1866 58 78
1302 1866 141 78
1444 1866 149 78
1594 1866 50 78
1645 1866 106 78
1243 1945 58 79
1302 1945 141 79
1444 1945 149 79
1594 1945 50 79
1645 1945 106 79
1243 2025 58 78
1302 2025 141 78
1444 2025 149 78
1594 2025 50 78
1645 2025 106 78
1243 2104 58 78
1302 2104 141 78
1444 2104 149 78
1594 2104 50 78
1645 2104 106 78
1243 2183 58 78
1302 2183 141 78
1444 2183 149 78
1594 2183 50 78
1645 2183 106 78
1243 2262 58 78
1302 2262 141 78
1444 2262 149 78
1594 2262 50 78
1645 2262 106 78
1243 2341 58 79
1302 2341 141 79
1444 2341 149 79
1594 2341 50 79
1645 2341 106 79
1243 2421 58 78
1302 2421 141 78
1444 2421 149 78
1594 2421 50 78
1645 2421 106 78
1243 2500 58 78
1302 2500 141 78
1444 2500 149 78
1594 2500 50 78
1645 2500 106 78
1243 2579 58 78
1302 2579 141 78
1444 2579 149 78
1594 2579 50 78
1645 2579 106 78
1243 2658 58 78
1302 2658 141 78
1444 2658 149 78
1594 2658 50 78
1645 2658 106 78
1243 2737 58 79
1302 2737 141 79
1444 2737 149 79
1594 2737 50 79
1645 2737 106 79
1243 2817 58 78
1302 2817 141 78
1444 2817 149 78
1594 2817 50 78
1645 2817 106 78
1243 2896 58 78
1302 2896 141 78
1444 2896 149 78
1594 2896 50 78
1645 2896 106 78
1243 2975 58 78
1302 2975 141 78
1444 2975 149 78
1594 2975 50 78
1645 2975 106 78
1243 3054 58 78
1302 3054 141 78
1444 3054 149 78
1594 3054 50 78
1645 3054 106 78
1243 3133 58 79
1302 3133 141 79
1444 3133 149 79
1594 3133 50 79
1645 3133 106 79
1243 3213 58 78
1302 3213 141 78
1444 3213 149 78
1594 3213 50 78
1645 3213 106 78
1243 3292 58 78
1302 3292 141 78
1444 3292 149 78
1594 3292 50 78
1645 3292 106 78
1243 3371 58 78
1302 3371 141 78
1444 3371 149 78
1594 3371 50 78
1645 3371 106 78
1243 3450 58 78
1302 3450 141 78
1444 3450 149 78
1594 3450 50 78
1645 3450 106 78
1243 3529 58 79
1302 3529 141 79
1444 3529 149 79
1594 3529 50 79
1645 3529 106 79
1243 3609 58 78
1302 3609 141 78
1444 3609 149 78
1594 3609 50 78
1645 3609 106 78
1243 3688 58 78
1302 3688 141 78
1444 3688 149 78
1594 3688 50 78
1645 3688 106 78
1243 3767 58 78
1302 3767 141 78
1444 3767 149 78
1594 3767 50 78
1645 3767 106 78
1243 3846 58 78
1302 3846 141 78
1444 3846 149 78
1594 3846 50 78
1645 3846 106 78
1243 3925 58 78
1302 3925 141 78
1444 3925 149 78
1594 3925 50 78
1645 3925 106 78
1243 4004 58 79
1302 4004 141 79
1444 4004 149 79
1594 4004 50 79
1645 4004 106 79
1788 1790 29 75
1818 1790 59 75
1878 1790 141 75
2020 1790 149 75
2170 1790 50 75
2221 1790 106 75
1788 1866 29 2216
1818 1866 59 78
1878 1866 141 78
2020 1866 149 78
2170 1866 50 78
2221 1866 106 78
1818 1945 59 79
1878 1945 141 79
2020 1945 149 79
2170 1945 50 79
2221 1945 106 79
1818 2025 59 78
1878 2025 141 78
2020 2025 149 78
2170 2025 50 78
2221 2025 106 78
1818 2104 59 78
1878 2104 141 78
2020 2104 149 78
2170 2104 50 78
2221 2104 106 78
1818 2183 59 78
1878 2183 141 78
2020 2183 149 78
2170 2183 50 78
2221 2183 106 78
1818 2262 59 78
1878 2262 141 78
2020 2262 149 78
2170 2262 50 78
2221 2262 106 78
1818 2341 59 79
1878 2341 141 79
2020 2341 149 79
2170 2341 50 79
2221 2341 106 79
1818 2421 59 78
1878 2421 141 78
2020 2421 149 78
2170 2421 50 78
2221 2421 106 78
1818 2500 59 78
1878 2500 141 78
2020 2500 149 78
2170 2500 50 78
2221 2500 106 78
1818 2579 59 78
1878 2579 141 78
2020 2579 149 78
2170 2579 50 78
2221 2579 106 78
1818 2658 59 78
1878 2658 141 78
2020 2658 149 78
2170 2658 50 78
2221 2658 106 78
1818 2737 59 79
1878 2737 141 79
2020 2737 149 79
2170 2737 50 79
2221 2737 106 79
1818 2817 59 78
1878 2817 141 78
2020 2817 149 78
2170 2817 50 78
2221 2817 106 78
1818 2896 59 78
1878 2896 141 78
2020 2896 149 78
2170 2896 50 78
2221 2896 106 78
1818 2975 59 78
1878 2975 141 78
2020 2975 149 78
2170 2975 50 78
2221 2975 106 78
1818 3054 59 78
1878 3054 141 78
2020 3054 149 78
2170 3054 50 78
2221 3054 106 78
1818 3133 59 79
1878 3133 141 79
2020 3133 149 79
2170 3133 50 79
2221 3133 106 79
1818 3213 59 78
1878 3213 141 78
2020 3213 149 78
2170 3213 50 78
2221 3213 106 78
1818 3292 59 78
1878 3292 141 78
2020 3292 149 78
2170 3292 50 78
2221 3292 106 78
1818 3371 59 78
1878 3371 141 78
2020 3371 149 78
2170 3371 50 78
2221 3371 106 78
1818 3450 59 78
1878 3450 141 78
2020 3450 149 78
2170 3450 50 78
2221 3450 106 78
1818 3529 59 79
1878 3529 141 79
2020 3529 149 79
2170 3529 50 79
2221 3529 106 79
1818 3609 59 78
1878 3609 141 78
2020 3609 149 78
2170 3609 50 78
2221 3609 106 78
1818 3688 59 78
1878 3688 141 78
2020 3688 149 78
2170 3688 50 78
2221 3688 106 78
1818 3767 59 78
1878 3767 141 78
2020 3767 149 78
2170 3767 50 78
2221 3767 106 78
1818 3846 59 78
1878 3846 141 78
2020 3846 149 78
2170 3846 50 78
2221 3846 106 78
1818 3925 59 78
1878 3925 141 78
2020 3925 149 78
2170 3925 50 78
2221 3925 106 78
1818 4004 59 78
1878 4004 141 78
2020 4004 149 78
2170 4004 50 78
2221 4004 106 78
2364 1790 29 75
2394 1790 59 75
2454 1790 141 75
2596 1790 149 75
2746 1790 50 75
2797 1790 105 75
2364 1866 29 711
2394 1866 59 78
2454 1866 141 78
2596 1866 149 78
2746 1866 50 78
2797 1866 105 78
2394 1945 59 79
2454 1945 141 79
2596 1945 149 79
2746 1945 50 79
2797 1945 105 79
2394 2025 59 78
2454 2025 141 78
2596 2025 149 78
2746 2025 50 78
2797 2025 105 78
2394 2104 59 78
2454 2104 141 78
2596 2104 149 78
2746 2104 50 78
2797 2104 105 78
2394 2183 59 78
2454 2183 141 78
2596 2183 149 78
2746 2183 50 78
2797 2183 105 78
2394 2262 59 78
2454 2262 141 78
2596 2262 149 78
2746 2262 50 78
2797 2262 105 78
2394 2341 59 79
2454 2341 141 79
2596 2341 149 79
2746 2341 50 79
2797 2341 105 79
2394 2421 59 78
2454 2421 141 78
2596 2421 149 78
2746 2421 50 78
2797 2421 105 78
2394 2500 59 77
2454 2500 141 77
2596 2500 149 77
2746 2500 50 77
2797 2500 105 77
2364 2579 29 78
2394 2579 59 78
2454 2579 141 78
2596 2579 149 78
2746 2579 50 78
2797 2579 105 78
2364 2658 29 1424
2394 2658 59 78
2454 2658 141 78
2596 2658 149 78
2746 2658 50 78
2797 2658 105 78
2394 2737 59 79
2454 2737 141 79
2596 2737 149 79
2746 2737 50 79
2797 2737 105 79
2394 2817 59 78
2454 2817 141 78
2596 2817 149 78
2746 2817 50 78
2797 2817 105 78
2394 2896 59 78
2454 2896 141 78
2596 2896 149 78
2746 2896 50 78
2797 2896 105 78
2394 2975 59 78
2454 2975 141 78
2596 2975 149 78
2746 2975 50 78
2797 2975 105 78
2394 3054 59 78
2454 3054 141 78
2596 3054 149 78
2746 3054 50 78
2797 3054 105 78
2394 3133 59 79
2454 3133 141 79
2596 3133 149 79
2746 3133 50 79
2797 3133 105 79
2394 3213 59 78
2454 3213 141 78
2596 3213 149 78
2746 3213 50 78
2797 3213 105 78
2394 3292 59 78
2454 3292 141 78
2596 3292 149 78
2746 3292 50 78
2797 3292 105 78
2394 3371 59 78
2454 3371 141 78
2596 3371 149 78
2746 3371 50 78
2797 3371 105 78
2394 3450 59 78
2454 3450 141 78
2596 3450 149 78
2746 3450 50 78
2797 3450 105 78
2394 3529 59 79
2454 3529 141 79
2596 3529 149 79
2746 3529 50 79
2797 3529 105 79
2394 3609 59 78
2454 3609 141 78
2596 3609 149 78
2746 3609 50 78
2797 3609 105 78
2394 3688 59 78
2454 3688 141 78
2596 3688 149 78
2746 3688 50 78
2797 3688 105 78
2394 3767 59 78
2454 3767 141 78
2596 3767 149 78
2746 3767 50 78
2797 3767 105 78
2394 3846 59 78
2454 3846 141 78
2596 3846 149 78
2746 3846 50 78
2797 3846 105 78
2394 3925 59 78
2454 3925 141 78
2596 3925 149 78
2746 3925 50 78
2797 3925 105 78
2394 4004 59 78
2454 4004 141 78
2596 4004 149 78
2746 4004 50 78
2797 4004 105 78
