11 11 2256 203
11 216 2256 174
11 393 81 240
94 393 240 240
337 393 95 240
434 393 95 240
532 393 94 240
629 393 94 240
726 393 94 240
823 393 289 240
1115 393 442 240
1560 393 707 240
11 636 81 442
94 636 240 73
337 636 95 442
434 636 95 442
532 636 94 442
629 636 94 442
726 636 94 442
823 636 289 442
1115 636 442 442
1560 636 707 442
94 771 37 176
301 775 33 172
95 1013 24 65
152 1014 45 64
203 1014 85 64
298 1014 29 64
11 1080 81 438
94 1080 240 69
337 1080 95 438
434 1080 95 438
532 1080 94 438
629 1080 94 438
726 1080 94 438
823 1080 289 438
1115 1080 442 438
1560 1080 707 438
94 1235 26 178
297 1245 37 163
279 1455 30 63
11 1529 2256 1693
