63 105 1631 140
63 248 1631 206
1103 457 591 73
63 458 45 72
110 458 182 72
295 458 46 72
343 458 46 72
391 458 46 72
439 458 46 72
487 458 46 72
536 458 234 72
772 458 328 72
63 533 45 230
295 533 46 230
343 533 46 230
391 533 46 230
439 533 46 230
487 533 46 230
536 533 234 230
772 533 328 230
1103 533 591 230
63 766 45 230
295 766 46 230
343 766 46 230
391 766 46 230
439 766 46 230
487 766 46 230
536 766 234 230
772 766 328 230
1103 766 591 230
63 999 45 229
295 999 46 229
343 999 46 229
391 999 46 229
439 999 46 229
487 999 46 229
536 999 234 229
772 999 328 229
1103 999 591 229
63 1231 1631 1130
