11 12 2255 202
11 217 2255 174
11 394 79 240
92 394 240 240
335 394 95 240
432 394 95 240
530 394 94 240
627 394 94 240
724 394 94 240
821 394 289 240
1112 394 443 240
1558 394 708 240
11 636 79 442
92 636 240 442
335 636 95 442
432 636 95 442
530 636 94 442
627 636 94 442
724 636 94 442
821 636 289 442
1112 636 443 442
1558 636 708 442
11 1081 79 438
92 1081 240 82
335 1081 95 438
432 1081 95 438
530 1081 94 438
627 1081 94 438
724 1081 94 438
821 1081 289 438
1112 1081 443 438
1558 1081 708 438
273 1210 59 43
92 1213 40 146
278 1261 54 86
92 1455 240 64
11 1530 2256 1692
