107 212 2877 306
107 519 2877 157
107 691 1434 89
1550 691 1434 89
107 781 72 153
180 781 56 153
237 781 197 153
435 781 56 153
492 781 55 153
549 781 55 153
605 781 56 153
662 781 56 153
719 781 112 153
832 781 186 153
1019 781 522 153
1550 781 75 153
1626 781 55 153
1683 781 197 153
1881 781 55 153
1938 781 55 153
1994 781 56 153
2051 781 56 153
2108 781 55 153
2164 781 113 153
2278 781 186 153
2465 781 519 153
107 936 72 675
180 936 56 339
237 936 197 339
435 936 56 339
492 936 56 339
549 936 55 339
605 936 56 339
662 936 56 339
719 936 112 339
832 936 186 339
1019 936 522 339
1550 936 75 675
1626 936 55 339
1683 936 197 339
1881 936 56 339
1938 936 55 339
1994 936 56 339
2051 936 56 339
2108 936 55 339
2164 936 113 339
2278 936 186 339
2465 936 519 339
180 1276 56 335
237 1276 197 335
435 1276 56 335
492 1276 56 335
549 1276 55 335
605 1276 56 335
662 1276 56 335
719 1276 112 335
832 1276 186 335
1019 1276 522 335
1626 1276 55 335
1683 1276 197 335
1881 1276 56 335
1938 1276 55 335
1994 1276 56 335
2051 1276 56 335
2108 1276 55 335
2164 1276 113 335
2278 1276 186 335
2465 1276 519 335
107 1620 1434 95
1550 1620 1434 95
107 1717 72 153
180 1717 56 153
237 1717 197 153
435 1717 56 153
492 1717 55 153
549 1717 55 153
605 1717 56 153
662 1717 56 153
719 1717 112 153
832 1717 186 153
1019 1717 522 153
1550 1717 75 153
1626 1717 55 153
1683 1717 197 153
1881 1717 55 153
1938 1717 55 153
1994 1717 56 153
2051 1717 56 153
2108 1717 55 153
2164 1717 113 153
2278 1717 186 153
2465 1717 519 153
107 1871 72 2380
180 1871 56 339
237 1871 197 339
435 1871 56 339
492 1871 56 339
549 1871 55 339
605 1871 56 339
662 1871 56 339
719 1871 112 339
832 1871 186 339
1019 1871 522 339
1550 1871 75 335
1626 1871 55 335
1683 1871 197 335
1881 1871 56 335
1938 1871 55 335
1994 1871 56 335
2051 1871 56 335
2108 1871 55 335
2164 1871 113 335
2278 1871 186 335
2465 1871 519 335
180 2211 56 339
237 2211 197 339
435 2211 56 339
492 2211 56 339
549 2211 55 339
605 2211 56 339
662 2211 56 339
719 2211 112 339
832 2211 186 339
1019 2211 522 339
1550 2215 1434 96
1550 2312 75 153
1626 2312 55 153
1683 2312 197 153
1881 2312 55 153
1938 2312 55 153
1994 2312 56 153
2051 2312 56 153
2108 2312 55 153
2164 2312 113 153
2278 2312 186 153
2465 2312 519 153
1550 2466 75 336
1626 2466 55 336
1683 2466 197 336
1881 2466 56 336
1938 2466 55 336
1994 2466 56 336
2051 2466 56 336
2108 2466 55 336
2164 2466 113 336
2278 2466 186 336
2465 2466 519 336
180 2551 56 339
237 2551 197 339
435 2551 56 339
492 2551 56 339
549 2551 55 339
605 2551 56 339
662 2551 56 339
719 2551 112 339
832 2551 186 339
1019 2551 522 339
1550 2810 1434 96
180 2891 56 340
237 2891 197 340
435 2891 56 340
492 2891 56 340
549 2891 55 340
605 2891 56 340
662 2891 56 340
719 2891 112 340
832 2891 186 340
1019 2891 522 340
1550 2907 75 153
1626 2907 55 153
1683 2907 197 153
1881 2907 55 153
1938 2907 55 153
1994 2907 56 153
2051 2907 56 153
2108 2907 55 153
2164 2907 113 153
2278 2907 186 153
2465 2907 519 153
1550 3062 75 675
1626 3062 55 339
1683 3062 197 339
1881 3062 56 339
1938 3062 55 339
1994 3062 56 339
2051 3062 56 339
2108 3062 55 339
2164 3062 113 339
2278 3062 186 339
2465 3062 519 339
180 3232 56 339
237 3232 197 339
435 3232 56 339
492 3232 56 339
549 3232 55 339
605 3232 56 339
662 3232 56 339
719 3232 112 339
832 3232 186 339
1019 3232 522 339
1626 3402 55 335
1683 3402 197 335
1881 3402 56 335
1938 3402 55 335
1994 3402 56 335
2051 3402 56 335
2108 3402 55 335
2164 3402 113 335
2278 3402 186 335
2465 3402 519 335
180 3572 56 339
237 3572 197 339
435 3572 56 339
492 3572 56 339
549 3572 55 339
605 3572 56 339
662 3572 56 339
719 3572 112 339
832 3572 186 339
1019 3572 522 339
1550 3746 1434 506
181 3912 55 339
238 3912 197 339
436 3912 56 339
493 3912 55 339
549 3912 56 339
606 3912 56 339
663 3912 55 339
719 3912 113 339
833 3912 186 339
1020 3912 521 339
