107 212 2878 195
107 408 2878 105
107 521 1434 62
1550 521 1435 62
107 585 71 101
179 585 56 101
236 585 197 101
435 585 55 101
491 585 56 101
548 585 55 101
605 585 55 101
661 585 56 101
718 585 112 101
831 585 186 101
1019 585 522 101
1550 585 75 101
1626 585 55 101
1683 585 197 101
1881 585 55 101
1938 585 55 101
1994 585 56 101
2051 585 56 101
2108 585 55 101
2164 585 113 101
2278 585 186 101
2465 585 520 101
107 688 71 2376
179 688 56 339
236 688 197 339
435 688 55 339
491 688 56 339
548 688 55 339
605 688 55 339
661 688 56 339
718 688 112 339
831 688 186 339
1018 688 523 339
1550 688 75 1355
1626 688 55 339
1683 688 197 339
1881 688 56 339
1938 688 55 339
1994 688 56 339
2051 688 56 339
2108 688 55 339
2164 688 113 339
2278 688 186 339
2465 688 520 339
179 1028 56 339
236 1028 197 339
435 1028 55 339
491 1028 56 339
548 1028 55 339
605 1028 55 339
661 1028 56 339
718 1028 112 339
831 1028 186 339
1018 1028 523 339
1626 1028 55 339
1683 1028 197 339
1881 1028 56 339
1938 1028 55 339
1994 1028 56 339
2051 1028 56 339
2108 1028 55 339
2164 1028 113 339
2278 1028 186 339
2465 1028 520 339
179 1368 56 339
236 1368 197 339
435 1368 55 339
491 1368 56 339
548 1368 55 339
605 1368 55 339
661 1368 56 339
718 1368 112 339
831 1368 186 339
1018 1368 523 339
1626 1368 55 339
1683 1368 197 339
1881 1368 56 339
1938 1368 55 339
1994 1368 56 339
2051 1368 56 339
2108 1368 55 339
2164 1368 113 339
2278 1368 186 339
2465 1368 520 339
179 1708 56 339
236 1708 197 339
435 1708 55 339
491 1708 56 339
548 1708 55 339
605 1708 55 339
661 1708 56 339
718 1708 112 339
831 1708 186 339
1018 1708 523 339
1626 1708 55 335
1683 1708 197 335
1881 1708 56 335
1938 1708 55 335
1994 1708 56 335
2051 1708 56 335
2108 1708 55 335
2164 1708 113 335
2278 1708 186 335
2465 1708 520 335
179 2048 56 339
236 2048 197 339
435 2048 55 339
491 2048 56 339
548 2048 55 339
605 2048 55 339
661 2048 56 339
718 2048 112 339
831 2048 186 339
1018 2048 523 339
1550 2052 75 332
1626 2052 55 332
1683 2052 197 332
1881 2052 56 332
1938 2052 55 332
1994 2052 56 332
2051 2052 56 332
2108 2052 55 332
2164 2052 113 332
2278 2052 186 332
2465 2052 520 332
179 2388 56 339
236 2388 197 339
435 2388 55 339
491 2388 56 339
548 2388 55 339
605 2388 55 339
661 2388 56 339
718 2388 112 339
831 2388 186 339
1018 2388 523 339
1550 2392 75 332
1626 2392 55 332
1683 2392 197 332
1881 2392 56 332
1938 2392 55 332
1994 2392 56 332
2051 2392 56 332
2108 2392 55 332
2164 2392 113 332
2278 2392 186 332
2465 2392 520 332
179 2728 56 336
236 2728 197 336
435 2728 55 336
491 2728 56 336
548 2728 55 336
605 2728 55 336
661 2728 56 336
718 2728 112 336
831 2728 186 336
1018 2728 523 336
1550 2732 75 332
1626 2732 55 332
1683 2732 197 332
1881 2732 56 332
1938 2732 55 332
1994 2732 56 332
2051 2732 56 332
2108 2732 55 332
2164 2732 113 332
2278 2732 186 332
2465 2732 520 332
107 3072 1434 63
1550 3072 75 1012
1626 3072 55 336
1683 3072 197 336
1881 3072 56 336
1938 3072 55 336
1994 3072 56 336
2051 3072 56 336
2108 3072 55 336
2164 3072 113 336
2278 3072 186 336
2465 3072 520 336
107 3136 71 102
179 3136 56 102
236 3136 197 102
435 3136 55 102
491 3136 56 102
548 3136 55 102
605 3136 55 102
661 3136 56 102
718 3136 112 102
831 3136 186 102
1019 3136 522 102
107 3239 71 335
179 3239 56 335
236 3239 197 335
435 3239 55 335
491 3239 56 335
548 3239 55 335
605 3239 55 335
661 3239 56 335
718 3239 112 335
831 3239 186 335
1018 3239 523 335
1626 3409 55 339
1683 3409 197 339
1881 3409 56 339
1938 3409 55 339
1994 3409 56 339
2051 3409 56 339
2108 3409 55 339
2164 3409 113 339
2278 3409 186 339
2465 3409 520 339
107 3583 71 331
179 3583 56 331
236 3583 197 331
435 3583 55 331
491 3583 56 331
548 3583 55 331
605 3583 55 331
661 3583 56 331
718 3583 112 331
831 3583 186 331
1018 3583 523 331
1626 3749 55 335
1683 3749 197 335
1881 3749 56 335
1938 3749 55 335
1994 3749 56 335
2051 3749 56 335
2108 3749 55 335
2164 3749 113 335
2278 3749 186 335
2465 3749 520 335
107 3923 1434 329
1550 4093 1435 159
