62 133 1633 141
62 277 1633 226
62 506 55 96
119 506 196 96
318 506 54 96
374 506 55 96
431 506 54 96
488 506 54 96
544 506 55 96
601 506 239 96
842 506 324 96
1168 506 527 96
62 605 55 312
119 605 196 40
318 605 54 312
374 605 55 312
431 605 54 312
488 605 54 312
544 605 55 312
601 605 239 312
842 605 324 312
1168 605 527 312
274 683 41 107
119 699 44 26
119 725 43 63
119 891 69 26
245 891 70 26
62 920 55 312
119 920 196 40
318 920 54 312
374 920 55 312
431 920 54 312
488 920 54 312
544 920 55 312
601 920 239 312
842 920 324 312
1168 920 527 312
264 1001 51 28
119 1005 45 23
119 1032 37 90
271 1041 44 80
119 1206 90 26
211 1206 104 26
62 1234 1633 1099
