11 11 1463 152
11 166 1463 212
11 381 61 65
75 381 212 65
290 381 76 65
369 381 57 65
429 381 43 65
475 381 53 65
531 381 58 65
592 381 111 65
705 381 167 65
874 381 600 65
11 449 61 337
75 449 212 337
290 449 76 337
369 449 57 337
429 449 43 337
475 449 53 337
531 449 58 337
592 449 111 337
705 449 167 337
874 449 600 337
11 789 61 337
75 789 212 337
290 789 76 337
369 789 57 337
429 789 43 337
475 789 53 337
531 789 58 337
592 789 111 337
705 789 167 337
874 789 600 337
11 1129 61 337
75 1129 212 337
290 1129 76 337
369 1129 57 337
429 1129 43 337
475 1129 53 337
531 1129 58 337
592 1129 111 337
705 1129 167 337
874 1129 600 337
11 1469 730 1438
744 1469 730 1438
