20 19 2860 80
20 103 51 82
75 103 53 82
132 103 200 82
336 103 52 82
393 103 52 82
450 103 52 82
506 103 52 82
563 103 52 82
620 103 449 82
1073 103 493 82
1571 103 1309 82
20 189 51 972
75 189 53 321
132 189 200 36
336 189 52 321
393 189 52 321
450 189 52 321
506 189 52 321
563 189 52 321
620 189 449 321
1073 189 493 321
1571 189 1309 321
75 514 53 321
132 514 200 23
336 514 52 321
393 514 52 321
450 514 52 321
506 514 52 321
563 514 52 321
620 514 449 321
1073 514 493 321
1571 514 1309 321
75 840 53 321
132 840 200 36
336 840 52 321
393 840 52 321
450 840 52 321
506 840 52 321
563 840 52 321
620 840 449 321
1073 840 493 321
1571 840 1309 321
20 1165 2860 81
20 1251 300 30
322 1251 594 30
918 1251 529 30
1452 1251 303 30
1757 1251 593 30
2352 1251 528 30
20 1283 300 29
322 1283 594 29
918 1283 529 29
1452 1283 303 29
1757 1283 593 29
2352 1283 528 29
20 1314 300 29
322 1314 594 29
918 1314 529 29
1452 1314 303 29
1757 1314 593 29
2352 1314 528 29
20 1345 300 29
322 1345 594 29
918 1345 529 29
1452 1345 303 29
1757 1345 593 29
2352 1345 528 29
20 1376 300 28
322 1376 594 28
918 1376 529 28
1452 1376 303 28
1757 1376 593 28
2352 1376 528 28
20 1406 300 29
322 1406 594 29
918 1406 529 29
1452 1406 303 29
1757 1406 593 29
2352 1406 528 29
20 1437 300 29
322 1437 594 29
918 1437 529 29
1452 1437 303 29
1757 1437 593 29
2352 1437 528 29
20 1468 300 29
322 1468 594 29
918 1468 529 29
1452 1468 303 29
1757 1468 593 29
2352 1468 528 29
20 1499 300 28
322 1499 594 28
918 1499 529 28
1452 1499 303 28
1757 1499 593 28
2352 1499 528 28
20 1529 300 29
322 1529 594 29
918 1529 529 29
1452 1529 303 29
1757 1529 593 29
2352 1529 528 29
20 1560 300 29
322 1560 594 29
918 1560 529 29
1452 1560 303 29
1757 1560 593 29
2352 1560 528 29
20 1591 300 28
322 1591 594 28
918 1591 529 28
1452 1591 303 28
1757 1591 593 28
2352 1591 528 28
20 1621 300 29
322 1621 594 29
918 1621 529 29
1452 1621 303 29
1757 1621 593 29
2352 1621 528 29
20 1652 300 29
322 1652 594 29
918 1652 529 29
1452 1652 303 29
1757 1652 593 29
2352 1652 528 29
20 1683 300 29
322 1683 594 29
918 1683 529 29
1452 1683 303 29
1757 1683 593 29
2352 1683 528 29
20 1714 300 28
322 1714 594 28
918 1714 529 28
1452 1714 303 28
1757 1714 593 28
2352 1714 528 28
20 1744 300 29
322 1744 594 29
918 1744 529 29
1452 1744 303 29
1757 1744 593 29
2352 1744 528 29
20 1775 300 29
322 1775 594 29
918 1775 529 29
1452 1775 303 29
1757 1775 593 29
2352 1775 528 29
20 1806 300 29
322 1806 594 29
918 1806 529 29
1452 1806 303 29
1757 1806 593 29
2352 1806 528 29
20 1837 300 28
322 1837 594 28
918 1837 529 28
1452 1837 303 28
1757 1837 593 28
2352 1837 528 28
20 1867 300 29
322 1867 594 29
918 1867 529 29
1452 1867 303 29
1757 1867 593 29
2352 1867 528 29
20 1898 300 29
322 1898 594 29
918 1898 529 29
1452 1898 303 29
1757 1898 593 29
2352 1898 528 29
20 1929 300 28
322 1929 594 28
918 1929 529 28
1452 1929 303 28
1757 1929 593 28
2352 1929 528 28
20 1959 300 29
322 1959 594 29
918 1959 529 29
1452 1959 303 29
1757 1959 593 29
2352 1959 528 29
20 1990 300 29
322 1990 594 29
918 1990 529 29
1452 1990 303 29
1757 1990 593 29
2352 1990 528 29
20 2021 300 29
322 2021 594 29
918 2021 529 29
1452 2021 303 29
1757 2021 593 29
2352 2021 528 29
20 2052 300 28
322 2052 594 28
918 2052 529 28
1452 2052 303 28
1757 2052 593 28
2352 2052 528 28
20 2082 300 29
322 2082 594 29
918 2082 529 29
1452 2082 303 29
1757 2082 593 29
2352 2082 528 29
20 2113 300 29
322 2113 594 29
918 2113 529 29
1452 2113 303 29
1757 2113 593 29
2352 2113 528 29
20 2144 300 29
322 2144 594 29
918 2144 529 29
1452 2144 303 29
1757 2144 593 29
2352 2144 528 29
20 2175 300 28
322 2175 594 28
918 2175 529 28
1452 2175 303 28
1757 2175 593 28
2352 2175 528 28
20 2205 300 29
322 2205 594 29
918 2205 529 29
1452 2205 303 29
1757 2205 593 29
2352 2205 528 29
20 2236 300 29
322 2236 594 29
918 2236 529 29
1452 2236 303 29
1757 2236 593 29
2352 2236 528 29
20 2267 300 28
322 2267 594 28
918 2267 529 28
1452 2267 303 28
1757 2267 593 28
2352 2267 528 28
20 2297 300 29
322 2297 594 29
918 2297 529 29
1452 2297 303 29
1757 2297 593 29
2352 2297 528 29
20 2328 300 29
322 2328 594 29
918 2328 529 29
1452 2328 303 29
1757 2328 593 29
2352 2328 528 29
20 2359 300 29
322 2359 594 29
918 2359 529 29
1452 2359 303 29
1757 2359 593 29
2352 2359 528 29
20 2390 300 28
322 2390 594 28
918 2390 529 28
1452 2390 303 28
1757 2390 593 28
2352 2390 528 28
20 2420 300 29
322 2420 594 29
918 2420 529 29
1452 2420 303 29
1757 2420 593 29
2352 2420 528 29
20 2451 300 29
322 2451 594 29
918 2451 529 29
1452 2451 303 29
1757 2451 593 29
2352 2451 528 29
20 2482 300 29
322 2482 594 29
918 2482 529 29
1452 2482 303 29
1757 2482 593 29
2352 2482 528 29
20 2513 300 28
322 2513 594 28
918 2513 529 28
1452 2513 303 28
1757 2513 593 28
2352 2513 528 28
20 2543 300 29
322 2543 594 29
918 2543 529 29
1452 2543 303 29
1757 2543 593 29
2352 2543 528 29
20 2574 300 29
322 2574 594 29
918 2574 529 29
1452 2574 303 29
1757 2574 593 29
2352 2574 528 29
20 2605 300 28
322 2605 594 28
918 2605 529 28
1452 2605 303 28
1757 2605 593 28
2352 2605 528 28
20 2635 300 29
322 2635 594 29
918 2635 529 29
1452 2635 303 29
1757 2635 593 29
2352 2635 528 29
20 2666 300 29
322 2666 594 29
918 2666 529 29
1452 2666 303 29
1757 2666 593 29
2352 2666 528 29
20 2697 300 29
322 2697 594 29
918 2697 529 29
1452 2697 303 29
1757 2697 593 29
2352 2697 528 29
20 2728 300 28
322 2728 594 28
918 2728 529 28
1452 2728 303 28
1757 2728 593 28
2352 2728 528 28
20 2758 300 29
322 2758 594 29
918 2758 529 29
1452 2758 303 29
1757 2758 593 29
2352 2758 528 29
20 2789 300 29
322 2789 594 29
918 2789 529 29
1452 2789 303 29
1757 2789 593 29
2352 2789 528 29
20 2820 300 29
322 2820 594 29
918 2820 529 29
1452 2820 303 29
1757 2820 593 29
2352 2820 528 29
20 2851 300 28
322 2851 594 28
918 2851 529 28
1452 2851 303 28
1757 2851 593 28
2352 2851 528 28
20 2881 300 29
322 2881 594 29
918 2881 529 29
1452 2881 303 29
1757 2881 593 29
2352 2881 528 29
20 2912 300 29
322 2912 594 29
918 2912 529 29
1452 2912 303 29
1757 2912 593 29
2352 2912 528 29
20 2943 300 28
322 2943 594 28
918 2943 529 28
1452 2943 303 28
1757 2943 593 28
2352 2943 528 28
20 2973 300 29
322 2973 594 29
918 2973 529 29
1452 2973 303 29
1757 2973 593 29
2352 2973 528 29
20 3004 300 29
322 3004 594 29
918 3004 529 29
1452 3004 303 29
1757 3004 593 29
2352 3004 528 29
20 3035 300 29
322 3035 594 29
918 3035 529 29
1452 3035 303 29
1757 3035 593 29
2352 3035 528 29
20 3066 300 28
322 3066 594 28
918 3066 529 28
1452 3066 303 28
1757 3066 593 28
2352 3066 528 28
20 3096 300 29
322 3096 594 29
918 3096 529 29
1452 3096 303 29
1757 3096 593 29
2352 3096 528 29
20 3127 300 29
322 3127 594 29
918 3127 529 29
1452 3127 303 29
1757 3127 593 29
2352 3127 528 29
20 3158 300 29
322 3158 594 29
918 3158 529 29
1452 3158 303 29
1757 3158 593 29
2352 3158 528 29
20 3189 300 28
322 3189 594 28
918 3189 529 28
1452 3189 303 28
1757 3189 593 28
2352 3189 528 28
20 3219 300 29
322 3219 594 29
918 3219 529 29
1452 3219 303 29
1757 3219 593 29
2352 3219 528 29
20 3250 300 29
322 3250 594 29
918 3250 529 29
1452 3250 303 29
1757 3250 593 29
2352 3250 528 29
20 3281 300 28
322 3281 594 28
918 3281 529 28
1452 3281 303 28
1757 3281 593 28
2352 3281 528 28
20 3311 300 29
322 3311 594 29
918 3311 529 29
1452 3311 303 29
1757 3311 593 29
2352 3311 528 29
20 3342 300 29
322 3342 594 29
918 3342 529 29
1452 3342 303 29
1757 3342 593 29
2352 3342 528 29
20 3373 300 29
322 3373 594 29
918 3373 529 29
1452 3373 303 29
1757 3373 593 29
2352 3373 528 29
20 3404 300 28
322 3404 594 28
918 3404 529 28
1452 3404 303 28
1757 3404 593 28
2352 3404 528 28
20 3434 300 29
322 3434 594 29
918 3434 529 29
1452 3434 303 29
1757 3434 593 29
2352 3434 528 29
20 3465 300 29
322 3465 594 29
918 3465 529 29
1452 3465 303 29
1757 3465 593 29
2352 3465 528 29
20 3496 300 29
322 3496 594 29
918 3496 529 29
1452 3496 303 29
1757 3496 593 29
2352 3496 528 29
20 3527 300 28
322 3527 594 28
918 3527 529 28
1452 3527 303 28
1757 3527 593 28
2352 3527 528 28
20 3557 300 29
322 3557 594 29
918 3557 529 29
1452 3557 303 29
1757 3557 593 29
2352 3557 528 29
20 3588 300 29
322 3588 594 29
918 3588 529 29
1452 3588 303 29
1757 3588 593 29
2352 3588 528 29
20 3619 300 28
322 3619 594 28
918 3619 529 28
1452 3619 303 28
1757 3619 593 28
2352 3619 528 28
20 3649 300 29
322 3649 594 29
918 3649 529 29
1452 3649 303 29
1757 3649 593 29
2352 3649 528 29
20 3680 300 29
322 3680 594 29
918 3680 529 29
1452 3680 303 29
1757 3680 593 29
2352 3680 528 29
20 3711 300 29
322 3711 594 29
918 3711 529 29
1452 3711 303 29
1757 3711 593 29
2352 3711 528 29
20 3742 300 28
322 3742 594 28
918 3742 529 28
1452 3742 303 28
1757 3742 593 28
2352 3742 528 28
20 3772 300 29
322 3772 594 29
918 3772 529 29
1452 3772 303 29
1757 3772 593 29
2352 3772 528 29
20 3803 300 29
322 3803 594 29
918 3803 529 29
1452 3803 303 29
1757 3803 593 29
2352 3803 528 29
20 3834 300 29
322 3834 594 29
918 3834 529 29
1452 3834 303 29
1757 3834 593 29
2352 3834 528 29
20 3865 300 28
322 3865 594 28
918 3865 529 28
1452 3865 303 28
1757 3865 593 28
2352 3865 528 28
20 3895 300 29
322 3895 594 29
918 3895 529 29
1452 3895 303 29
1757 3895 593 29
2352 3895 528 29
20 3926 300 29
322 3926 594 29
918 3926 529 29
1452 3926 303 29
1757 3926 593 29
2352 3926 528 29
20 3957 300 28
322 3957 594 28
918 3957 529 28
1452 3957 303 28
1757 3957 593 28
2352 3957 528 28
20 3987 300 29
322 3987 594 29
918 3987 529 29
1452 3987 303 29
1757 3987 593 29
2352 3987 528 29
20 4018 300 29
322 4018 594 29
918 4018 529 29
1452 4018 303 29
1757 4018 593 29
2352 4018 528 29
20 4049 300 29
322 4049 594 29
918 4049 529 29
1452 4049 303 29
1757 4049 593 29
2352 4049 528 29
20 4080 300 28
322 4080 594 28
918 4080 529 28
1452 4080 303 28
1757 4080 593 28
2352 4080 528 28
