14 97 2877 214
14 312 2877 114
14 435 1434 52
1456 435 1435 52
14 488 71 67
86 488 56 67
143 488 197 67
342 488 55 67
398 488 56 67
455 488 56 67
512 488 55 67
568 488 56 67
625 488 112 67
738 488 186 67
926 488 522 67
1456 488 75 67
1532 488 56 67
1589 488 197 67
1787 488 56 67
1844 488 56 67
1901 488 55 67
1957 488 56 67
2014 488 56 67
2071 488 112 67
2184 488 186 67
2371 488 520 67
14 556 71 930
86 556 56 311
143 556 197 311
342 556 55 311
398 556 56 311
455 556 56 311
512 556 55 311
568 556 56 311
625 556 112 311
738 556 186 311
926 556 522 311
1456 556 75 562
1532 556 56 282
1589 556 197 282
1787 556 56 282
1844 556 56 282
1901 556 55 282
1957 556 56 282
2014 556 56 282
2071 556 112 282
2184 556 186 282
2371 556 520 282
1532 839 56 279
1589 839 197 279
1787 839 56 279
1844 839 56 279
1901 839 55 279
1957 839 56 279
2014 839 56 279
2071 839 112 279
2184 839 186 279
2371 839 520 279
86 868 56 310
143 868 197 310
342 868 55 310
398 868 56 310
455 868 56 310
512 868 55 310
568 868 56 310
625 868 112 310
738 868 186 310
926 868 522 310
1456 1126 1435 52
86 1180 56 306
143 1180 197 306
342 1180 55 306
398 1180 56 306
455 1180 56 306
512 1180 55 306
568 1180 56 306
625 1180 112 306
738 1180 186 306
926 1180 522 306
1456 1180 75 66
1532 1180 56 66
1589 1180 197 66
1787 1180 56 66
1844 1180 56 66
1901 1180 55 66
1957 1180 56 66
2014 1180 56 66
2071 1180 112 66
2184 1180 186 66
2371 1180 520 66
1456 1248 75 562
1532 1248 56 282
1589 1248 197 282
1787 1248 56 282
1844 1248 56 282
1901 1248 55 282
1957 1248 56 282
2014 1248 56 282
2071 1248 112 282
2184 1248 186 282
2371 1248 520 282
14 1495 1434 52
1532 1531 56 279
1589 1531 197 279
1787 1531 56 279
1844 1531 56 279
1901 1531 55 279
1957 1531 56 279
2014 1531 56 279
2071 1531 112 279
2184 1531 186 279
2371 1531 520 279
14 1548 71 67
86 1548 56 67
143 1548 197 67
342 1548 55 67
398 1548 56 67
455 1548 56 67
512 1548 55 67
568 1548 56 67
625 1548 112 67
738 1548 186 67
926 1548 522 67
14 1616 71 1413
86 1616 56 282
143 1616 197 282
342 1616 55 282
398 1616 56 282
455 1616 56 282
512 1616 55 282
568 1616 56 282
625 1616 112 282
738 1616 186 282
926 1616 522 282
1456 1818 1435 52
1456 1871 75 67
1532 1871 56 67
1589 1871 197 67
1787 1871 56 67
1844 1871 56 67
1901 1871 55 67
1957 1871 56 67
2014 1871 56 67
2071 1871 112 67
2184 1871 186 67
2371 1871 520 67
86 1900 56 282
143 1900 197 282
342 1900 55 282
398 1900 56 282
455 1900 56 282
512 1900 55 282
568 1900 56 282
625 1900 112 282
738 1900 186 282
926 1900 522 282
1456 1939 75 279
1532 1939 56 279
1589 1939 197 279
1787 1939 56 279
1844 1939 56 279
1901 1939 55 279
1957 1939 56 279
2014 1939 56 279
2071 1939 112 279
2184 1939 186 279
2371 1939 520 279
86 2183 56 282
143 2183 197 282
342 2183 55 282
398 2183 56 282
455 2183 56 282
512 2183 55 282
568 2183 56 282
625 2183 112 282
738 2183 186 282
926 2183 522 282
1456 2226 1435 52
1456 2279 75 67
1532 2279 56 67
1589 2279 197 67
1787 2279 56 67
1844 2279 56 67
1901 2279 55 67
1957 2279 56 67
2014 2279 56 67
2071 2279 112 67
2184 2279 186 67
2371 2279 520 67
1456 2347 75 562
1532 2347 56 283
1589 2347 197 283
1787 2347 56 283
1844 2347 56 283
1901 2347 55 283
1957 2347 56 283
2014 2347 56 283
2071 2347 112 283
2184 2347 186 283
2371 2347 520 283
86 2466 56 283
143 2466 197 283
342 2466 55 283
398 2466 56 283
455 2466 56 283
512 2466 55 283
568 2466 56 283
625 2466 112 283
738 2466 186 283
926 2466 522 283
1532 2631 56 278
1589 2631 197 278
1787 2631 56 278
1844 2631 56 278
1901 2631 55 278
1957 2631 56 278
2014 2631 56 278
2071 2631 112 278
2184 2631 186 278
2371 2631 520 278
86 2750 56 279
143 2750 197 279
342 2750 55 279
398 2750 56 279
455 2750 56 279
512 2750 55 279
568 2750 56 279
625 2750 112 279
738 2750 186 279
926 2750 522 279
1456 2918 1435 52
1456 2971 76 67
1533 2971 55 67
1590 2971 197 67
1788 2971 56 67
1845 2971 55 67
1901 2971 56 67
1958 2971 56 67
2015 2971 55 67
2071 2971 113 67
2185 2971 186 67
2372 2971 519 67
14 3037 1434 52
1456 3039 75 846
1532 3039 56 282
1589 3039 197 282
1787 3039 56 282
1844 3039 56 282
1901 3039 55 282
1957 3039 56 282
2014 3039 56 282
2071 3039 112 282
2184 3039 186 282
2371 3039 520 282
14 3090 71 67
86 3090 56 67
143 3090 197 67
342 3090 55 67
398 3090 56 67
455 3090 56 67
512 3090 55 67
568 3090 56 67
625 3090 112 67
738 3090 186 67
926 3090 522 67
14 3158 71 846
86 3158 56 282
143 3158 198 282
342 3158 55 282
398 3158 56 282
455 3158 56 282
512 3158 55 282
568 3158 56 282
625 3158 112 282
738 3158 186 282
926 3158 522 282
1532 3322 56 283
1589 3322 197 283
1787 3322 56 283
1844 3322 56 283
1901 3322 55 283
1957 3322 56 283
2014 3322 56 283
2071 3322 112 283
2184 3322 186 283
2371 3322 520 283
86 3442 56 282
143 3442 198 282
342 3442 55 282
398 3442 56 282
455 3442 56 282
512 3442 55 282
568 3442 56 282
625 3442 112 282
738 3442 186 282
926 3442 522 282
1532 3606 56 279
1589 3606 197 279
1787 3606 56 279
1844 3606 56 279
1901 3606 55 279
1957 3606 56 279
2014 3606 56 279
2071 3606 112 279
2184 3606 186 279
2371 3606 520 279
86 3725 56 279
143 3725 198 279
342 3725 55 279
398 3725 56 279
455 3725 56 279
512 3725 55 279
568 3725 56 279
625 3725 112 279
738 3725 186 279
926 3725 522 279
1456 3893 1435 244
14 4012 1434 125
