14 88 2877 242
14 331 2877 143
14 483 1434 96
1457 483 1434 96
14 580 72 153
87 580 55 153
143 580 198 153
342 580 55 153
398 580 56 153
455 580 56 153
512 580 55 153
569 580 55 153
625 580 113 153
739 580 186 153
926 580 522 153
1457 580 74 153
1532 580 56 153
1589 580 197 153
1787 580 56 153
1844 580 56 153
1901 580 55 153
1958 580 55 153
2014 580 56 153
2071 580 112 153
2184 580 186 153
2371 580 520 153
14 734 71 846
86 734 56 424
143 734 197 424
342 734 55 424
398 734 56 424
455 734 56 424
512 734 55 424
568 734 56 424
625 734 112 424
738 734 186 424
926 734 522 424
1457 734 74 846
1532 734 56 424
1589 734 197 424
1787 734 56 424
1844 734 56 424
1901 734 55 424
1958 734 55 424
2014 734 56 424
2071 734 112 424
2184 734 186 424
2371 734 520 424
86 1159 56 421
143 1159 197 421
342 1159 55 421
398 1159 56 421
455 1159 56 421
512 1159 55 421
568 1159 56 421
625 1159 112 421
738 1159 186 421
926 1159 522 421
1532 1159 56 421
1589 1159 197 421
1787 1159 56 421
1844 1159 56 421
1901 1159 55 421
1958 1159 55 421
2014 1159 56 421
2071 1159 112 421
2184 1159 186 421
2371 1159 520 421
14 1588 72 2118
87 1588 55 421
143 1588 198 421
342 1588 55 421
398 1588 56 421
455 1588 56 421
512 1588 55 421
569 1588 55 421
625 1588 113 421
739 1588 186 421
926 1588 522 421
1457 1588 74 842
1532 1588 56 421
1589 1588 197 421
1787 1588 56 421
1844 1588 56 421
1901 1588 55 421
1958 1588 55 421
2014 1588 56 421
2071 1588 112 421
2184 1588 186 421
2371 1588 520 421
87 2010 55 424
143 2010 198 424
342 2010 55 424
398 2010 56 424
455 2010 56 424
512 2010 55 424
569 2010 55 424
625 2010 113 424
739 2010 186 424
926 2010 522 424
1532 2010 56 420
1589 2010 197 420
1787 2010 56 420
1844 2010 56 420
1901 2010 55 420
1958 2010 55 420
2014 2010 56 420
2071 2010 112 420
2184 2010 186 420
2371 2010 520 420
87 2435 55 424
143 2435 198 424
342 2435 55 424
398 2435 56 424
455 2435 56 424
512 2435 55 424
569 2435 55 424
625 2435 113 424
739 2435 186 424
926 2435 522 424
1457 2439 74 841
1532 2439 56 420
1589 2439 197 420
1787 2439 56 420
1844 2439 56 420
1901 2439 55 420
1957 2439 56 420
2014 2439 56 420
2071 2439 112 420
2184 2439 186 420
2371 2439 520 420
87 2860 55 424
143 2860 198 424
342 2860 55 424
398 2860 56 424
455 2860 56 424
512 2860 55 424
569 2860 55 424
625 2860 113 424
739 2860 186 424
926 2860 522 424
1532 2860 56 420
1589 2860 197 420
1787 2860 56 420
1844 2860 56 420
1901 2860 55 420
1957 2860 56 420
2014 2860 56 420
2071 2860 112 420
2184 2860 186 420
2371 2860 520 420
87 3285 55 421
143 3285 198 421
342 3285 55 421
398 3285 56 421
455 3285 56 421
512 3285 55 421
569 3285 55 421
625 3285 113 421
739 3285 186 421
926 3285 522 421
1457 3289 1434 839
14 3714 71 414
86 3714 56 414
143 3714 197 414
342 3714 55 414
398 3714 56 414
455 3714 56 414
512 3714 55 414
568 3714 56 414
625 3714 112 414
738 3714 186 414
926 3714 522 414
