14 89 2877 237
14 327 2877 131
14 467 1434 74
1457 467 1434 74
14 542 54 67
69 542 198 67
268 542 55 67
325 542 55 67
381 542 56 67
438 542 56 67
495 542 55 67
551 542 113 67
665 542 186 67
852 542 596 67
1457 542 51 67
1509 542 198 67
1708 542 55 67
1765 542 55 67
1821 542 56 67
1878 542 56 67
1935 542 55 67
1991 542 113 67
2105 542 186 67
2292 542 599 67
14 610 54 555
69 610 198 555
268 610 55 555
325 610 55 555
381 610 56 555
438 610 56 555
495 610 55 555
551 610 113 555
665 610 186 555
852 610 596 555
1457 610 51 322
1509 610 198 322
1708 610 55 322
1765 610 55 322
1821 610 56 322
1878 610 56 322
1935 610 55 322
1991 610 113 322
2105 610 186 322
2292 610 599 322
1457 933 51 322
1509 933 198 322
1708 933 55 322
1765 933 55 322
1821 933 56 322
1878 933 56 322
1935 933 55 322
1991 933 113 322
2105 933 186 322
2292 933 599 322
14 1166 54 553
69 1166 198 553
268 1166 55 553
325 1166 55 553
381 1166 56 553
438 1166 56 553
495 1166 55 553
551 1166 113 553
665 1166 186 553
852 1166 596 553
1457 1257 51 322
1509 1257 198 322
1708 1257 55 322
1765 1257 55 322
1821 1257 56 322
1878 1257 56 322
1935 1257 55 322
1991 1257 113 322
2105 1257 186 322
2292 1257 599 322
1457 1580 51 318
1509 1580 198 318
1708 1580 55 318
1765 1580 55 318
1821 1580 56 318
1878 1580 56 318
1935 1580 55 318
1991 1580 113 318
2105 1580 186 318
2292 1580 599 318
14 1728 1434 77
14 1806 49 67
64 1806 197 67
262 1806 56 67
319 1806 55 67
376 1806 55 67
432 1806 56 67
489 1806 56 67
546 1806 112 67
659 1806 186 67
846 1806 602 67
14 1874 49 323
64 1874 197 323
262 1874 56 323
319 1874 55 323
376 1874 55 323
432 1874 56 323
489 1874 56 323
546 1874 112 323
659 1874 186 323
846 1874 602 323
1457 1907 1434 74
1457 1982 51 67
1509 1982 198 67
1708 1982 55 67
1765 1982 55 67
1821 1982 56 67
1878 1982 56 67
1935 1982 55 67
1991 1982 113 67
2105 1982 186 67
2292 1982 599 67
1457 2050 51 322
1509 2050 198 322
1708 2050 55 322
1765 2050 55 322
1821 2050 56 322
1878 2050 56 322
1935 2050 55 322
1991 2050 113 322
2105 2050 186 322
2292 2050 599 322
14 2198 49 322
64 2198 197 322
262 2198 56 322
319 2198 56 322
376 2198 55 322
433 2198 55 322
489 2198 56 322
546 2198 112 322
659 2198 186 322
846 2198 602 322
1457 2373 51 319
1509 2373 198 319
1708 2373 55 319
1765 2373 55 319
1821 2373 56 319
1878 2373 56 319
1935 2373 55 319
1991 2373 113 319
2105 2373 186 319
2292 2373 599 319
14 2521 49 322
64 2521 197 322
262 2521 56 322
319 2521 56 322
376 2521 55 322
433 2521 55 322
489 2521 56 322
546 2521 112 322
659 2521 186 322
846 2521 602 322
1457 2700 1434 75
1457 2776 51 67
1509 2776 198 67
1708 2776 55 67
1765 2776 55 67
1821 2776 56 67
1878 2776 56 67
1935 2776 55 67
1991 2776 113 67
2105 2776 186 67
2292 2776 599 67
14 2844 49 322
64 2844 197 322
262 2844 56 322
319 2844 56 322
376 2844 55 322
433 2844 55 322
489 2844 56 322
546 2844 112 322
659 2844 186 322
846 2844 602 322
1457 2844 51 322
1509 2844 198 322
1708 2844 55 322
1765 2844 55 322
1821 2844 56 322
1878 2844 56 322
1935 2844 55 322
1991 2844 113 322
2105 2844 186 322
2292 2844 599 322
14 3167 49 322
64 3167 197 322
262 3167 56 322
319 3167 56 322
376 3167 55 322
433 3167 55 322
489 3167 56 322
546 3167 112 322
659 3167 186 322
846 3167 602 322
1457 3167 51 318
1509 3167 198 318
1708 3167 55 318
1765 3167 55 318
1821 3167 56 318
1878 3167 56 318
1935 3167 55 318
1991 3167 113 318
2105 3167 186 318
2292 3167 599 318
14 3490 49 322
64 3490 197 322
262 3490 56 322
319 3490 56 322
376 3490 55 322
433 3490 55 322
489 3490 56 322
546 3490 112 322
659 3490 186 322
846 3490 602 322
1457 3494 1434 74
1457 3570 51 67
1509 3570 198 67
1708 3570 55 67
1765 3570 55 67
1821 3570 56 67
1878 3570 56 67
1935 3570 55 67
1991 3570 113 67
2105 3570 186 67
2292 3570 599 67
1457 3638 51 318
1509 3638 198 318
1708 3638 55 318
1765 3638 55 318
1821 3638 56 318
1878 3638 56 318
1935 3638 55 318
1991 3638 113 318
2105 3638 186 318
2292 3638 599 318
14 3813 49 316
64 3813 197 316
262 3813 56 316
319 3813 56 316
376 3813 55 316
433 3813 55 316
489 3813 56 316
546 3813 112 316
659 3813 186 316
846 3813 602 144
846 3959 599 170
1457 3964 1434 165
