51 94 1601 132
51 228 1601 128
51 358 51 167
104 358 168 167
274 358 64 167
340 358 63 167
405 358 64 167
471 358 63 167
536 358 63 167
601 358 206 167
809 358 292 167
1103 358 549 167
51 527 51 339
104 527 168 72
274 527 64 339
340 527 63 339
405 527 64 339
471 527 63 339
536 527 63 339
601 527 206 339
809 527 292 339
1103 527 549 339
104 658 31 68
232 658 40 69
104 799 163 67
51 868 51 335
104 868 168 67
274 868 64 335
340 868 63 335
405 868 64 335
471 868 63 335
536 868 63 335
601 868 206 335
809 868 292 335
1103 868 549 335
233 979 39 106
104 984 31 106
104 1137 64 66
212 1137 60 66
51 1211 1601 1194
