14 89 2878 214
14 304 2878 114
14 427 1435 72
1457 427 1435 72
14 501 72 102
87 501 56 102
144 501 197 102
342 501 56 102
399 501 56 102
456 501 55 102
512 501 56 102
569 501 56 102
626 501 140 102
767 501 198 102
966 501 483 102
1457 501 75 102
1533 501 55 102
1590 501 197 102
1788 501 56 102
1845 501 55 102
1901 501 56 102
1958 501 56 102
2015 501 55 102
2071 501 141 102
2213 501 197 102
2412 501 480 102
14 604 72 1118
87 604 56 280
144 604 197 280
342 604 56 280
399 604 56 280
456 604 55 280
512 604 56 280
569 604 56 280
626 604 140 280
767 604 198 280
966 604 483 280
1457 604 75 557
1533 604 55 280
1590 604 197 280
1788 604 56 280
1845 604 55 280
1901 604 56 280
1958 604 56 280
2015 604 55 280
2071 604 141 280
2213 604 197 280
2412 604 480 280
87 885 56 279
144 885 197 279
342 885 56 279
399 885 56 279
456 885 55 279
512 885 56 279
569 885 56 279
626 885 140 279
767 885 198 279
966 885 483 279
1533 885 55 276
1590 885 197 276
1788 885 56 276
1845 885 55 276
1901 885 56 276
1958 885 56 276
2015 885 55 276
2071 885 141 276
2213 885 197 276
2412 885 480 276
87 1165 56 280
144 1165 197 280
342 1165 56 280
399 1165 56 280
456 1165 55 280
512 1165 56 280
569 1165 56 280
626 1165 140 280
767 1165 198 280
966 1165 483 280
1457 1169 1435 73
1457 1243 75 103
1533 1243 55 103
1590 1243 197 103
1788 1243 56 103
1845 1243 55 103
1901 1243 56 103
1958 1243 56 103
2015 1243 55 103
2071 1243 141 103
2213 1243 197 103
2412 1243 480 103
1457 1347 75 556
1533 1347 55 279
1590 1347 197 279
1788 1347 56 279
1845 1347 55 279
1901 1347 56 279
1958 1347 56 279
2015 1347 55 279
2071 1347 141 279
2213 1347 197 279
2412 1347 480 279
87 1446 56 276
144 1446 197 276
342 1446 56 276
399 1446 56 276
456 1446 55 276
512 1446 56 276
569 1446 56 276
626 1446 140 276
767 1446 198 276
966 1446 483 276
1533 1627 55 276
1590 1627 197 276
1788 1627 56 276
1845 1627 55 276
1901 1627 56 276
1958 1627 56 276
2015 1627 55 276
2071 1627 141 276
2213 1627 197 276
2412 1627 480 276
14 1731 1435 72
14 1805 72 102
87 1805 56 102
144 1805 197 102
342 1805 56 102
399 1805 56 102
456 1805 55 102
512 1805 56 102
569 1805 56 102
626 1805 140 102
767 1805 198 102
966 1805 483 102
14 1908 72 276
87 1908 56 276
144 1908 197 276
342 1908 56 276
399 1908 56 276
456 1908 55 276
512 1908 56 276
569 1908 56 276
626 1908 140 276
767 1908 198 276
966 1908 483 276
1457 1912 1435 73
1457 1986 75 102
1533 1986 55 102
1590 1986 197 102
1788 1986 56 102
1845 1986 55 102
1901 1986 56 102
1958 1986 56 102
2015 1986 55 102
2071 1986 141 102
2213 1986 197 102
2412 1986 480 102
1457 2090 75 276
1533 2090 55 276
1590 2090 197 276
1788 2090 56 276
1845 2090 55 276
1901 2090 56 276
1958 2090 56 276
2015 2090 55 276
2071 2090 141 276
2213 2090 197 276
2412 2090 480 276
14 2193 1435 72
14 2267 72 102
87 2267 56 102
144 2267 197 102
342 2267 56 102
399 2267 56 102
456 2267 55 102
512 2267 56 102
569 2267 56 102
626 2267 140 102
767 2267 198 102
966 2267 483 102
14 2370 72 276
87 2370 56 276
144 2370 197 276
342 2370 56 276
399 2370 56 276
456 2370 55 276
512 2370 56 276
569 2370 56 276
626 2370 140 276
767 2370 198 276
966 2370 483 276
1457 2374 1435 73
1457 2448 75 103
1533 2448 55 103
1590 2448 197 103
1788 2448 56 103
1845 2448 55 103
1901 2448 56 103
1958 2448 56 103
2015 2448 55 103
2071 2448 141 103
2213 2448 197 103
2412 2448 480 103
1457 2552 75 556
1533 2552 55 279
1590 2552 197 279
1788 2552 56 279
1845 2552 55 279
1901 2552 56 279
1958 2552 56 279
2015 2552 55 279
2071 2552 141 279
2213 2552 197 279
2412 2552 480 279
14 2655 1435 72
14 2729 72 102
87 2729 56 102
144 2729 197 102
342 2729 56 102
399 2729 56 102
456 2729 55 102
512 2729 56 102
569 2729 56 102
626 2729 140 102
767 2729 198 102
966 2729 483 102
14 2832 72 276
87 2832 56 276
144 2832 197 276
342 2832 56 276
399 2832 56 276
456 2832 55 276
512 2832 56 276
569 2832 56 276
626 2832 140 276
767 2832 198 276
966 2832 483 276
1533 2832 55 276
1590 2832 197 276
1788 2832 56 276
1845 2832 55 276
1901 2832 56 276
1958 2832 56 276
2015 2832 55 276
2071 2832 141 276
2213 2832 197 276
2412 2832 480 276
14 3117 2878 1012
