8 8 1601 131
8 141 1601 128
8 271 51 168
61 271 168 168
231 271 64 168
297 271 63 168
362 271 64 168
428 271 63 168
493 271 63 168
558 271 206 168
766 271 292 168
1060 271 549 168
8 441 51 338
61 441 168 70
231 441 64 338
297 441 63 338
362 441 64 338
428 441 63 338
493 441 63 338
558 441 206 338
766 441 292 338
1060 441 549 338
61 710 168 69
8 781 51 335
61 781 168 335
231 781 64 335
297 781 63 335
362 781 64 335
428 781 63 335
493 781 63 335
558 781 206 335
766 781 292 335
1060 781 549 335
8 1124 1601 1195
