107 212 2878 379
107 593 2878 202
107 806 1435 115
1550 806 1435 115
107 922 71 161
179 922 56 161
236 922 197 161
435 922 55 161
491 922 56 161
548 922 55 161
605 922 55 161
661 922 56 161
718 922 112 161
831 922 186 161
1019 922 523 161
1550 923 74 160
1625 923 56 160
1682 923 197 160
1880 923 56 160
1937 923 55 160
1994 923 55 160
2050 923 56 160
2107 923 55 160
2164 923 112 160
2277 923 186 160
2464 923 521 160
107 1085 71 1355
180 1085 55 678
236 1085 197 678
435 1085 55 678
491 1085 56 678
548 1085 55 678
605 1085 55 678
662 1085 55 678
718 1085 112 678
832 1085 185 678
1019 1085 523 678
1550 1085 74 1809
1625 1085 56 452
1682 1085 197 452
1880 1085 56 452
1937 1085 55 452
1994 1085 55 452
2050 1085 56 452
2107 1085 55 452
2164 1085 112 452
2277 1085 186 452
2464 1085 521 452
1625 1538 56 452
1682 1538 197 452
1880 1538 56 452
1937 1538 55 452
1994 1538 55 452
2050 1538 56 452
2107 1538 55 452
2164 1538 112 452
2277 1538 186 452
2464 1538 521 452
180 1765 55 675
236 1765 197 675
435 1765 55 675
491 1765 56 675
548 1765 55 675
605 1765 55 675
662 1765 55 675
718 1765 112 675
832 1765 185 675
1019 1765 523 675
1625 1992 56 452
1682 1992 197 452
1880 1992 56 452
1937 1992 55 452
1994 1992 55 452
2050 1992 56 452
2107 1992 55 452
2164 1992 112 452
2277 1992 186 452
2464 1992 521 452
1625 2445 56 449
1682 2445 197 449
1880 2445 56 449
1937 2445 55 449
1994 2445 55 449
2050 2445 56 449
2107 2445 55 449
2164 2445 112 449
2277 2445 186 449
2464 2445 521 449
107 2449 1435 116
107 2567 71 160
180 2567 55 160
236 2567 197 160
435 2567 55 160
491 2567 56 160
548 2567 55 160
605 2567 55 160
661 2567 56 160
718 2567 112 160
832 2567 185 160
1019 2567 523 160
107 2729 71 1355
180 2729 55 452
236 2729 197 452
435 2729 55 452
491 2729 56 452
548 2729 55 452
605 2729 55 452
661 2729 56 452
718 2729 112 452
831 2729 186 452
1019 2729 523 452
1550 2902 1435 117
1550 3020 74 161
1625 3020 55 161
1682 3020 197 161
1880 3020 56 161
1937 3020 55 161
1994 3020 55 161
2050 3020 56 161
2107 3020 55 161
2164 3020 112 161
2277 3020 186 161
2464 3020 521 161
180 3182 55 452
236 3182 197 452
435 3182 55 452
491 3182 56 452
548 3182 55 452
605 3182 55 452
661 3182 56 452
718 3182 112 452
831 3182 186 452
1019 3182 523 452
1550 3182 74 902
1625 3182 56 452
1682 3182 197 452
1880 3182 56 452
1937 3182 55 452
1994 3182 55 452
2050 3182 56 452
2107 3182 55 452
2164 3182 112 452
2277 3182 186 452
2464 3182 521 452
180 3636 55 448
236 3636 197 448
435 3636 55 448
491 3636 56 448
548 3636 55 448
605 3636 55 448
661 3636 56 448
718 3636 112 448
831 3636 186 448
1019 3636 523 448
1625 3636 56 448
1682 3636 197 448
1880 3636 56 448
1937 3636 55 448
1994 3636 55 448
2050 3636 56 448
2107 3636 55 448
2164 3636 112 448
2277 3636 186 448
2464 3636 521 448
107 4093 1435 159
1550 4093 1435 159
