14 88 2877 277
14 366 2877 193
14 568 1434 95
1456 568 1435 95
14 665 71 153
86 665 56 153
143 665 197 153
342 665 55 153
398 665 56 153
455 665 56 153
512 665 55 153
568 665 56 153
625 665 112 153
738 665 186 153
926 665 522 153
1456 665 75 153
1532 665 56 153
1589 665 197 153
1787 665 56 153
1844 665 56 153
1901 665 55 153
1957 665 56 153
2014 665 56 153
2071 665 112 153
2184 665 186 153
2371 665 520 153
14 819 71 420
86 819 56 420
143 819 197 420
342 819 55 420
398 819 56 420
455 819 56 420
512 819 55 420
568 819 56 420
625 819 112 420
738 819 186 420
926 819 522 420
1456 819 75 423
1532 819 56 424
1589 819 197 424
1787 819 56 424
1844 819 56 424
1901 819 55 424
1957 819 56 424
2014 819 56 424
2071 819 112 424
2184 819 186 424
2371 819 520 424
1532 1244 56 424
1589 1244 197 424
1787 1244 56 424
1844 1244 56 424
1901 1244 55 424
1957 1244 56 424
2014 1244 56 424
2071 1244 112 424
2184 1244 186 424
2371 1244 520 424
1456 1245 75 845
14 1248 1434 96
14 1345 71 153
87 1345 55 153
143 1345 197 153
342 1345 55 153
398 1345 56 153
455 1345 56 153
512 1345 55 153
568 1345 56 153
625 1345 112 153
738 1345 186 153
926 1345 522 153
14 1499 71 846
87 1499 55 424
143 1499 197 424
342 1499 55 424
398 1499 56 424
455 1499 56 424
512 1499 55 424
568 1499 56 424
625 1499 112 424
738 1499 186 424
926 1499 522 424
1532 1669 56 421
1589 1669 197 421
1787 1669 56 421
1844 1669 56 421
1901 1669 55 421
1957 1669 56 421
2014 1669 56 421
2071 1669 112 421
2184 1669 186 421
2371 1669 520 421
87 1925 55 420
143 1925 197 420
342 1925 55 420
398 1925 56 420
455 1925 56 420
512 1925 55 420
568 1925 56 420
625 1925 112 420
738 1925 186 420
926 1925 522 420
1456 2098 1435 96
1456 2195 75 153
1532 2195 56 154
1589 2195 197 154
1787 2195 56 154
1844 2195 56 154
1901 2195 55 154
1957 2195 56 154
2014 2195 56 154
2071 2195 112 154
2184 2195 186 154
2371 2195 520 154
1456 2350 75 679
1532 2350 56 424
1589 2350 197 424
1787 2350 56 424
1844 2350 56 424
1901 2350 55 424
1957 2350 56 424
2014 2350 56 424
2071 2350 112 424
2184 2350 186 424
2371 2350 520 424
14 2353 1434 96
14 2450 71 154
86 2450 56 154
143 2450 197 154
342 2450 55 154
398 2450 56 154
455 2450 56 154
512 2450 55 154
568 2450 56 154
625 2450 112 154
738 2450 186 154
926 2450 522 154
14 2605 71 420
86 2605 56 420
143 2605 197 420
342 2605 55 420
398 2605 56 420
455 2605 56 420
512 2605 55 420
568 2605 56 420
625 2605 112 420
738 2605 186 420
926 2605 522 420
1532 2775 56 420
1589 2775 197 420
1787 2775 56 420
1844 2775 56 420
1901 2775 55 420
1957 2775 56 420
2014 2775 56 420
2071 2775 112 420
2184 2775 186 420
2371 2775 520 420
1456 3030 75 165
14 3034 1434 96
14 3131 71 153
87 3131 55 153
143 3131 197 153
342 3131 55 153
398 3131 56 153
455 3131 56 153
512 3131 55 153
568 3131 56 153
625 3131 112 153
738 3131 186 153
926 3131 522 153
1456 3204 1435 96
14 3285 71 843
87 3285 55 424
143 3285 197 424
342 3285 55 424
398 3285 56 424
455 3285 56 424
512 3285 55 424
568 3285 56 424
625 3285 112 424
738 3285 186 424
926 3285 522 424
1456 3301 75 153
1532 3301 56 153
1589 3301 197 153
1787 3301 56 153
1844 3301 56 153
1901 3301 55 153
1957 3301 56 153
2014 3301 56 153
2071 3301 112 153
2184 3301 186 153
2371 3301 520 153
1456 3455 75 421
1532 3455 56 421
1589 3455 197 421
1787 3455 56 421
1844 3455 56 421
1901 3455 55 421
1957 3455 56 421
2014 3455 56 421
2071 3455 112 421
2184 3455 186 421
2371 3455 520 421
87 3710 55 418
143 3710 197 418
342 3710 55 418
398 3710 56 418
455 3710 56 418
512 3710 55 418
568 3710 56 418
625 3710 112 418
738 3710 186 418
926 3710 522 418
1456 3884 1435 244
