6 6 1437 67
1460 6 1437 67
6 75 65 146
72 75 245 146
319 75 44 146
364 75 44 146
409 75 44 146
455 75 44 146
500 75 44 146
545 75 175 146
721 75 259 146
982 75 461 146
1460 75 65 146
1527 75 245 146
1773 75 44 146
1819 75 44 146
1864 75 44 146
1909 75 44 146
1955 75 44 146
2000 75 174 146
2176 75 259 146
2437 75 460 146
6 222 65 395
72 222 245 395
319 222 44 395
364 222 44 395
409 222 44 395
455 222 44 395
500 222 44 395
545 222 175 395
721 222 259 395
982 222 461 395
1460 222 65 395
1527 222 245 395
1773 222 44 395
1819 222 44 395
1864 222 44 395
1909 222 44 395
1955 222 44 395
2000 222 174 395
2176 222 259 395
2437 222 460 395
6 619 65 394
72 619 245 394
319 619 44 394
364 619 44 394
409 619 44 394
455 619 44 394
500 619 44 394
545 619 175 394
721 619 259 394
982 619 461 394
1460 619 65 394
1527 619 245 394
1773 619 44 394
1819 619 44 394
1864 619 44 394
1909 619 44 394
1955 619 44 394
2000 619 174 394
2176 619 259 394
2437 619 460 394
6 1017 1437 67
1460 1017 1437 67
6 1086 65 146
72 1086 245 146
319 1086 44 146
364 1086 44 146
409 1086 44 146
455 1086 44 146
500 1086 44 146
545 1086 175 146
721 1086 259 146
982 1086 461 146
1460 1086 65 146
1527 1086 245 146
1773 1086 44 146
1819 1086 44 146
1864 1086 44 146
1909 1086 44 146
1955 1086 44 146
2000 1086 174 146
2176 1086 259 146
2437 1086 460 146
6 1233 65 396
72 1233 245 396
319 1233 44 396
364 1233 44 396
409 1233 44 396
455 1233 44 396
500 1233 44 396
545 1233 175 396
721 1233 259 396
982 1233 461 396
1460 1233 65 396
1527 1233 245 396
1773 1233 44 396
1819 1233 44 396
1864 1233 44 396
1909 1233 44 396
1955 1233 44 396
2000 1233 174 396
2176 1233 259 396
2437 1233 460 396
6 1630 65 394
72 1630 245 394
319 1630 44 394
364 1630 44 394
409 1630 44 394
455 1630 44 394
500 1630 44 394
545 1630 175 394
721 1630 259 394
982 1630 461 394
1460 1630 65 395
1527 1630 245 395
1773 1630 44 395
1819 1630 44 395
1864 1630 44 395
1909 1630 44 395
1955 1630 44 395
2000 1630 174 395
2176 1630 259 395
2437 1630 460 395
1460 2027 65 394
1527 2027 245 394
1773 2027 44 394
1819 2027 44 394
1864 2027 44 394
1909 2027 44 394
1955 2027 44 394
2000 2027 174 394
2176 2027 259 394
2437 2027 460 394
6 2028 1437 69
6 2099 65 146
72 2099 245 146
319 2099 44 146
364 2099 44 146
409 2099 44 146
455 2099 44 146
500 2099 44 146
545 2099 175 146
721 2099 259 146
982 2099 461 146
6 2246 65 396
72 2246 245 396
319 2246 44 396
364 2246 44 396
409 2246 44 396
455 2246 44 396
500 2246 44 396
545 2246 175 396
721 2246 259 396
982 2246 461 396
1460 2425 1437 67
1460 2494 65 146
1527 2494 245 146
1773 2494 44 146
1819 2494 44 146
1864 2494 44 146
1909 2494 44 146
1955 2494 44 146
2000 2494 174 146
2176 2494 259 146
2437 2494 460 146
1460 2641 65 396
1527 2641 245 396
1773 2641 44 396
1819 2641 44 396
1864 2641 44 396
1909 2641 44 396
1955 2641 44 396
2000 2641 174 396
2176 2641 259 396
2437 2641 460 396
6 2643 65 394
72 2643 245 394
319 2643 44 394
364 2643 44 394
409 2643 44 394
455 2643 44 394
500 2643 44 394
545 2643 175 394
721 2643 259 394
982 2643 461 394
1460 3038 65 395
1527 3038 245 395
1773 3038 44 395
1819 3038 44 395
1864 3038 44 395
1909 3038 44 395
1955 3038 44 395
2000 3038 174 395
2176 3038 259 395
2437 3038 460 395
6 3041 1437 69
6 3111 65 146
72 3111 245 146
319 3111 44 146
364 3111 44 146
409 3111 44 146
455 3111 44 146
500 3111 44 146
545 3111 175 146
721 3111 259 146
982 3111 461 146
6 3258 65 396
72 3258 245 396
319 3258 44 396
364 3258 44 396
409 3258 44 396
455 3258 44 396
500 3258 44 396
545 3258 175 396
721 3258 259 396
982 3258 461 396
1460 3435 65 394
1527 3435 245 394
1773 3435 44 394
1819 3435 44 394
1864 3435 44 394
1909 3435 44 394
1955 3435 44 394
2000 3435 174 394
2176 3435 259 394
2437 3435 460 394
6 3655 65 394
72 3655 245 394
319 3655 44 394
364 3655 44 394
409 3655 44 394
455 3655 44 394
500 3655 44 394
545 3655 175 394
721 3655 259 394
982 3655 461 394
1460 3833 1437 343
6 4053 1437 123
