14 88 2877 214
14 303 2877 114
14 426 1434 73
1456 426 1435 73
14 500 71 102
86 500 56 102
143 500 197 102
342 500 55 102
398 500 56 102
455 500 56 102
512 500 55 102
568 500 56 102
625 500 112 102
738 500 186 102
926 500 522 102
1456 500 75 102
1532 500 56 102
1589 500 197 102
1787 500 56 102
1844 500 56 102
1901 500 55 102
1957 500 56 102
2014 500 56 102
2071 500 112 102
2184 500 186 102
2371 500 520 102
14 604 71 732
86 604 56 367
143 604 197 367
342 604 55 367
398 604 56 367
455 604 56 367
512 604 55 367
568 604 56 367
625 604 112 367
738 604 186 367
926 604 522 367
1456 604 75 735
1532 604 56 367
1589 604 197 367
1787 604 56 367
1844 604 56 367
1901 604 55 367
1957 604 56 367
2014 604 56 367
2071 604 112 367
2184 604 186 367
2371 604 520 367
86 972 56 364
143 972 197 364
342 972 55 364
398 972 56 364
455 972 56 364
512 972 55 364
568 972 56 364
625 972 112 364
738 972 186 364
926 972 522 364
1532 972 56 367
1589 972 197 367
1787 972 56 367
1844 972 56 367
1901 972 55 367
1957 972 56 367
2014 972 56 367
2071 972 112 367
2184 972 186 367
2371 972 520 367
1456 1341 75 363
1532 1341 56 363
1589 1341 197 363
1787 1341 56 363
1844 1341 56 363
1901 1341 55 363
1957 1341 56 363
2014 1341 56 363
2071 1341 112 363
2184 1341 186 363
2371 1341 520 363
14 1344 71 1097
87 1344 55 364
143 1344 197 364
342 1344 55 364
398 1344 56 364
455 1344 56 364
512 1344 55 364
568 1344 56 364
625 1344 112 364
738 1344 186 364
926 1344 522 364
87 1709 55 367
143 1709 197 367
342 1709 55 367
398 1709 56 367
455 1709 56 367
512 1709 55 367
568 1709 56 367
625 1709 112 367
738 1709 186 367
926 1709 522 367
1456 1713 1435 73
1456 1787 75 102
1532 1787 56 102
1589 1787 197 102
1787 1787 56 102
1844 1787 56 102
1901 1787 55 102
1957 1787 56 102
2014 1787 56 102
2071 1787 112 102
2184 1787 186 102
2371 1787 520 102
1456 1891 75 554
1532 1891 56 367
1589 1891 197 367
1787 1891 56 367
1844 1891 56 367
1901 1891 55 367
1957 1891 56 367
2014 1891 56 367
2071 1891 112 367
2184 1891 186 367
2371 1891 520 367
87 2078 55 363
143 2078 197 363
342 2078 55 363
398 2078 56 363
455 2078 56 363
512 2078 55 363
568 2078 56 363
625 2078 112 363
738 2078 186 363
926 2078 522 363
1532 2259 56 367
1589 2259 197 367
1787 2259 56 367
1844 2259 56 367
1901 2259 55 367
1957 2259 56 367
2014 2259 56 367
2071 2259 112 367
2184 2259 186 367
2371 2259 520 367
1456 2446 75 545
14 2450 71 728
86 2450 56 363
143 2450 197 363
342 2450 55 363
398 2450 56 363
455 2450 56 363
512 2450 55 363
568 2450 56 363
625 2450 112 363
738 2450 186 363
926 2450 522 363
1532 2628 56 363
1589 2628 197 363
1787 2628 56 363
1844 2628 56 363
1901 2628 55 363
1957 2628 56 363
2014 2628 56 363
2071 2628 112 363
2184 2628 186 363
2371 2628 520 363
86 2815 56 363
143 2815 197 363
342 2815 55 363
398 2815 56 363
455 2815 56 363
512 2815 55 363
568 2815 56 363
625 2815 112 363
738 2815 186 363
926 2815 522 363
1456 3000 75 182
1532 3000 56 360
1589 3000 197 360
1787 3000 56 360
1844 3000 56 360
1901 3000 55 360
1957 3000 56 360
2014 3000 56 360
2071 3000 112 360
2184 3000 186 360
2371 3000 520 360
1456 3183 75 177
14 3187 1434 941
1456 3368 75 729
1532 3368 56 364
1589 3368 197 364
1787 3368 56 364
1844 3368 56 364
1901 3368 55 364
1957 3368 56 364
2014 3368 56 364
2071 3368 112 364
2184 3368 186 364
2371 3368 520 364
1532 3733 56 364
1589 3733 197 364
1787 3733 56 364
1844 3733 56 364
1901 3733 55 364
1957 3733 56 364
2014 3733 56 364
2071 3733 112 364
2184 3733 186 364
2371 3733 520 364
1456 4105 1435 23
