11 11 1576 136
11 150 1576 142
11 295 48 164
62 295 193 164
257 295 66 164
326 295 65 164
394 295 66 164
462 295 66 164
531 295 65 164
599 295 169 164
771 295 280 164
1054 295 533 164
11 462 48 335
62 462 193 335
257 462 66 335
326 462 65 335
394 462 66 335
462 462 66 335
531 462 65 335
599 462 169 335
771 462 280 335
1054 462 533 335
11 799 48 335
62 799 193 335
257 799 66 335
326 799 65 335
394 799 66 335
462 799 66 335
531 799 65 335
599 799 169 335
771 799 280 335
1054 799 533 335
11 1137 48 337
62 1137 193 337
257 1137 66 337
326 1137 65 337
394 1137 66 337
462 1137 66 337
531 1137 65 337
599 1137 169 337
771 1137 280 337
1054 1137 533 337
11 1477 1576 791
