107 212 2878 306
107 519 2878 157
107 691 1435 89
1550 691 1435 89
107 781 71 153
179 781 56 153
236 781 197 153
435 781 55 153
491 781 56 153
548 781 55 153
605 781 55 153
661 781 56 153
718 781 112 153
831 781 186 153
1019 781 523 153
1550 781 75 153
1626 781 55 153
1683 781 197 153
1881 781 55 153
1938 781 55 153
1994 781 56 153
2051 781 56 153
2108 781 55 153
2164 781 113 153
2278 781 186 153
2465 781 520 153
107 936 71 675
179 936 56 339
236 936 197 339
435 936 55 339
491 936 56 339
548 936 55 339
605 936 55 339
661 936 56 339
718 936 112 339
831 936 186 339
1018 936 524 339
1550 936 75 1015
1626 936 55 339
1683 936 197 339
1881 936 56 339
1938 936 55 339
1994 936 56 339
2051 936 56 339
2108 936 55 339
2164 936 113 339
2278 936 186 339
2465 936 520 339
179 1276 56 335
236 1276 197 335
435 1276 55 335
491 1276 56 335
548 1276 55 335
605 1276 55 335
661 1276 56 335
718 1276 112 335
831 1276 186 335
1018 1276 524 335
1626 1276 55 339
1683 1276 197 339
1881 1276 56 339
1938 1276 55 339
1994 1276 56 339
2051 1276 56 339
2108 1276 55 339
2164 1276 113 339
2278 1276 186 339
2465 1276 520 339
1626 1616 55 335
1683 1616 197 335
1881 1616 56 335
1938 1616 55 335
1994 1616 56 335
2051 1616 56 335
2108 1616 55 335
2164 1616 113 335
2278 1616 186 335
2465 1616 520 335
107 1620 1435 95
107 1717 71 153
179 1717 56 153
236 1717 197 153
435 1717 55 153
491 1717 56 153
548 1717 55 153
605 1717 55 153
661 1717 56 153
718 1717 112 153
831 1717 186 153
1019 1717 523 153
107 1871 71 676
179 1871 56 339
236 1871 197 339
435 1871 55 339
491 1871 56 339
548 1871 55 339
605 1871 55 339
661 1871 56 339
718 1871 112 339
831 1871 186 339
1018 1871 524 339
1550 1960 1435 96
1550 2057 75 153
1626 2057 55 153
1683 2057 197 153
1881 2057 55 153
1938 2057 55 153
1994 2057 56 153
2051 2057 56 153
2108 2057 55 153
2164 2057 113 153
2278 2057 186 153
2465 2057 520 153
179 2211 56 336
236 2211 197 336
435 2211 55 336
491 2211 56 336
548 2211 55 336
605 2211 55 336
661 2211 56 336
718 2211 112 336
831 2211 186 336
1018 2211 524 336
1550 2211 75 336
1626 2211 55 336
1683 2211 197 336
1881 2211 56 336
1938 2211 55 336
1994 2211 56 336
2051 2211 56 336
2108 2211 55 336
2164 2211 113 336
2278 2211 186 336
2465 2211 520 336
107 2555 2878 1697
