44 104 1593 145
44 251 1593 215
44 468 50 63
97 468 245 63
344 468 100 63
446 468 71 63
519 468 71 63
593 468 71 63
666 468 71 63
739 468 168 63
910 468 235 63
1148 468 489 63
44 533 50 319
97 533 245 319
344 533 100 319
446 533 71 319
519 533 72 319
593 533 71 319
666 533 71 319
739 533 169 319
910 533 235 319
1148 533 489 319
44 853 50 319
97 853 245 244
344 853 100 319
446 853 71 319
519 853 72 319
593 853 71 319
666 853 71 319
739 853 169 319
910 853 235 319
1148 853 489 319
44 1174 50 319
97 1174 245 213
344 1174 100 319
446 1174 71 319
519 1174 72 319
593 1174 71 319
666 1174 71 319
739 1174 169 319
910 1174 235 319
1148 1174 489 319
44 1495 50 319
97 1495 245 214
344 1495 100 319
446 1495 71 319
519 1495 72 319
593 1495 71 319
666 1495 71 319
739 1495 169 319
910 1495 235 319
1148 1495 489 319
44 1816 1593 461
