20 19 2860 80
20 103 45 81
70 103 46 81
121 103 199 81
325 103 46 81
376 103 41 81
421 103 41 81
467 103 40 81
512 103 41 81
557 103 449 81
1011 103 551 81
1566 103 1314 81
20 188 45 719
70 188 46 358
121 188 199 358
325 188 46 358
376 188 41 358
421 188 41 358
467 188 40 358
512 188 41 358
557 188 449 358
1011 188 551 358
1566 188 1314 358
70 550 46 357
121 550 199 48
325 550 46 357
376 550 41 357
421 550 41 357
467 550 40 357
512 550 41 357
557 550 449 357
1011 550 551 357
1566 550 1314 357
121 873 199 34
20 914 2860 86
20 1005 300 36
322 1005 594 36
918 1005 529 36
1452 1005 303 36
1757 1005 593 36
2352 1005 528 36
20 1043 300 31
322 1043 594 31
918 1043 529 31
1452 1043 303 31
1757 1043 593 31
2352 1043 528 31
20 1076 300 32
322 1076 594 32
918 1076 529 32
1452 1076 303 32
1757 1076 593 32
2352 1076 528 32
20 1110 300 31
322 1110 594 31
918 1110 529 31
1452 1110 303 31
1757 1110 593 31
2352 1110 528 31
20 1143 300 32
322 1143 594 32
918 1143 529 32
1452 1143 303 32
1757 1143 593 32
2352 1143 528 32
20 1177 300 31
322 1177 594 31
918 1177 529 31
1452 1177 303 31
1757 1177 593 31
2352 1177 528 31
20 1210 300 31
322 1210 594 31
918 1210 529 31
1452 1210 303 31
1757 1210 593 31
2352 1210 528 31
20 1243 300 32
322 1243 594 32
918 1243 529 32
1452 1243 303 32
1757 1243 593 32
2352 1243 528 32
20 1277 300 31
322 1277 594 31
918 1277 529 31
1452 1277 303 31
1757 1277 593 31
2352 1277 528 31
20 1310 300 32
322 1310 594 32
918 1310 529 32
1452 1310 303 32
1757 1310 593 32
2352 1310 528 32
20 1344 300 31
322 1344 594 31
918 1344 529 31
1452 1344 303 31
1757 1344 593 31
2352 1344 528 31
20 1377 300 31
322 1377 594 31
918 1377 529 31
1452 1377 303 31
1757 1377 593 31
2352 1377 528 31
20 1410 300 32
322 1410 594 32
918 1410 529 32
1452 1410 303 32
1757 1410 593 32
2352 1410 528 32
20 1444 300 31
322 1444 594 31
918 1444 529 31
1452 1444 303 31
1757 1444 593 31
2352 1444 528 31
20 1477 300 32
322 1477 594 32
918 1477 529 32
1452 1477 303 32
1757 1477 593 32
2352 1477 528 32
20 1511 300 31
322 1511 594 31
918 1511 529 31
1452 1511 303 31
1757 1511 593 31
2352 1511 528 31
20 1544 300 31
322 1544 594 31
918 1544 529 31
1452 1544 303 31
1757 1544 593 31
2352 1544 528 31
20 1577 300 32
322 1577 594 32
918 1577 529 32
1452 1577 303 32
1757 1577 593 32
2352 1577 528 32
20 1611 300 31
322 1611 594 31
918 1611 529 31
1452 1611 303 31
1757 1611 593 31
2352 1611 528 31
20 1644 300 32
322 1644 594 32
918 1644 529 32
1452 1644 303 32
1757 1644 593 32
2352 1644 528 32
20 1678 300 31
322 1678 594 31
918 1678 529 31
1452 1678 303 31
1757 1678 593 31
2352 1678 528 31
20 1711 300 31
322 1711 594 31
918 1711 529 31
1452 1711 303 31
1757 1711 593 31
2352 1711 528 31
20 1744 300 32
322 1744 594 32
918 1744 529 32
1452 1744 303 32
1757 1744 593 32
2352 1744 528 32
20 1778 300 31
322 1778 594 31
918 1778 529 31
1452 1778 303 31
1757 1778 593 31
2352 1778 528 31
20 1811 300 32
322 1811 594 32
918 1811 529 32
1452 1811 303 32
1757 1811 593 32
2352 1811 528 32
20 1845 300 31
322 1845 594 31
918 1845 529 31
1452 1845 303 31
1757 1845 593 31
2352 1845 528 31
20 1878 300 31
322 1878 594 31
918 1878 529 31
1452 1878 303 31
1757 1878 593 31
2352 1878 528 31
20 1911 300 32
322 1911 594 32
918 1911 529 32
1452 1911 303 32
1757 1911 593 32
2352 1911 528 32
20 1945 300 31
322 1945 594 31
918 1945 529 31
1452 1945 303 31
1757 1945 593 31
2352 1945 528 31
20 1978 300 31
322 1978 594 31
918 1978 529 31
1452 1978 303 31
1757 1978 593 31
2352 1978 528 31
20 2011 300 32
322 2011 594 32
918 2011 529 32
1452 2011 303 32
1757 2011 593 32
2352 2011 528 32
20 2045 300 31
322 2045 594 31
918 2045 529 31
1452 2045 303 31
1757 2045 593 31
2352 2045 528 31
20 2078 300 32
322 2078 594 32
918 2078 529 32
1452 2078 303 32
1757 2078 593 32
2352 2078 528 32
20 2112 300 31
322 2112 594 31
918 2112 529 31
1452 2112 303 31
1757 2112 593 31
2352 2112 528 31
20 2145 300 31
322 2145 594 31
918 2145 529 31
1452 2145 303 31
1757 2145 593 31
2352 2145 528 31
20 2178 300 32
322 2178 594 32
918 2178 529 32
1452 2178 303 32
1757 2178 593 32
2352 2178 528 32
20 2212 300 31
322 2212 594 31
918 2212 529 31
1452 2212 303 31
1757 2212 593 31
2352 2212 528 31
20 2245 300 32
322 2245 594 32
918 2245 529 32
1452 2245 303 32
1757 2245 593 32
2352 2245 528 32
20 2279 300 31
322 2279 594 31
918 2279 529 31
1452 2279 303 31
1757 2279 593 31
2352 2279 528 31
20 2312 300 31
322 2312 594 31
918 2312 529 31
1452 2312 303 31
1757 2312 593 31
2352 2312 528 31
20 2345 300 32
322 2345 594 32
918 2345 529 32
1452 2345 303 32
1757 2345 593 32
2352 2345 528 32
20 2379 300 31
322 2379 594 31
918 2379 529 31
1452 2379 303 31
1757 2379 593 31
2352 2379 528 31
20 2412 300 32
322 2412 594 32
918 2412 529 32
1452 2412 303 32
1757 2412 593 32
2352 2412 528 32
20 2446 300 31
322 2446 594 31
918 2446 529 31
1452 2446 303 31
1757 2446 593 31
2352 2446 528 31
20 2479 300 31
322 2479 594 31
918 2479 529 31
1452 2479 303 31
1757 2479 593 31
2352 2479 528 31
20 2512 300 32
322 2512 594 32
918 2512 529 32
1452 2512 303 32
1757 2512 593 32
2352 2512 528 32
20 2546 300 31
322 2546 594 31
918 2546 529 31
1452 2546 303 31
1757 2546 593 31
2352 2546 528 31
20 2579 300 32
322 2579 594 32
918 2579 529 32
1452 2579 303 32
1757 2579 593 32
2352 2579 528 32
20 2613 300 31
322 2613 594 31
918 2613 529 31
1452 2613 303 31
1757 2613 593 31
2352 2613 528 31
20 2646 300 31
322 2646 594 31
918 2646 529 31
1452 2646 303 31
1757 2646 593 31
2352 2646 528 31
20 2679 300 32
322 2679 594 32
918 2679 529 32
1452 2679 303 32
1757 2679 593 32
2352 2679 528 32
20 2713 300 31
322 2713 594 31
918 2713 529 31
1452 2713 303 31
1757 2713 593 31
2352 2713 528 31
20 2746 300 31
322 2746 594 31
918 2746 529 31
1452 2746 303 31
1757 2746 593 31
2352 2746 528 31
20 2779 300 32
322 2779 594 32
918 2779 529 32
1452 2779 303 32
1757 2779 593 32
2352 2779 528 32
20 2813 300 31
322 2813 594 31
918 2813 529 31
1452 2813 303 31
1757 2813 593 31
2352 2813 528 31
20 2846 300 32
322 2846 594 32
918 2846 529 32
1452 2846 303 32
1757 2846 593 32
2352 2846 528 32
20 2880 300 31
322 2880 594 31
918 2880 529 31
1452 2880 303 31
1757 2880 593 31
2352 2880 528 31
20 2913 300 31
322 2913 594 31
918 2913 529 31
1452 2913 303 31
1757 2913 593 31
2352 2913 528 31
20 2946 300 32
322 2946 594 32
918 2946 529 32
1452 2946 303 32
1757 2946 593 32
2352 2946 528 32
20 2980 300 31
322 2980 594 31
918 2980 529 31
1452 2980 303 31
1757 2980 593 31
2352 2980 528 31
20 3013 300 32
322 3013 594 32
918 3013 529 32
1452 3013 303 32
1757 3013 593 32
2352 3013 528 32
20 3047 300 31
322 3047 594 31
918 3047 529 31
1452 3047 303 31
1757 3047 593 31
2352 3047 528 31
20 3080 300 31
322 3080 594 31
918 3080 529 31
1452 3080 303 31
1757 3080 593 31
2352 3080 528 31
20 3113 300 32
322 3113 594 32
918 3113 529 32
1452 3113 303 32
1757 3113 593 32
2352 3113 528 32
20 3147 300 31
322 3147 594 31
918 3147 529 31
1452 3147 303 31
1757 3147 593 31
2352 3147 528 31
20 3180 300 32
322 3180 594 32
918 3180 529 32
1452 3180 303 32
1757 3180 593 32
2352 3180 528 32
20 3214 300 31
322 3214 594 31
918 3214 529 31
1452 3214 303 31
1757 3214 593 31
2352 3214 528 31
20 3247 300 31
322 3247 594 31
918 3247 529 31
1452 3247 303 31
1757 3247 593 31
2352 3247 528 31
20 3280 300 32
322 3280 594 32
918 3280 529 32
1452 3280 303 32
1757 3280 593 32
2352 3280 528 32
20 3314 300 31
322 3314 594 31
918 3314 529 31
1452 3314 303 31
1757 3314 593 31
2352 3314 528 31
20 3347 300 32
322 3347 594 32
918 3347 529 32
1452 3347 303 32
1757 3347 593 32
2352 3347 528 32
20 3381 300 31
322 3381 594 31
918 3381 529 31
1452 3381 303 31
1757 3381 593 31
2352 3381 528 31
20 3414 300 31
322 3414 594 31
918 3414 529 31
1452 3414 303 31
1757 3414 593 31
2352 3414 528 31
20 3447 300 32
322 3447 594 32
918 3447 529 32
1452 3447 303 32
1757 3447 593 32
2352 3447 528 32
20 3481 300 31
322 3481 594 31
918 3481 529 31
1452 3481 303 31
1757 3481 593 31
2352 3481 528 31
20 3514 300 32
322 3514 594 32
918 3514 529 32
1452 3514 303 32
1757 3514 593 32
2352 3514 528 32
20 3548 300 31
322 3548 594 31
918 3548 529 31
1452 3548 303 31
1757 3548 593 31
2352 3548 528 31
20 3581 300 31
322 3581 594 31
918 3581 529 31
1452 3581 303 31
1757 3581 593 31
2352 3581 528 31
20 3614 300 32
322 3614 594 32
918 3614 529 32
1452 3614 303 32
1757 3614 593 32
2352 3614 528 32
20 3648 300 31
322 3648 594 31
918 3648 529 31
1452 3648 303 31
1757 3648 593 31
2352 3648 528 31
20 3681 300 31
322 3681 594 31
918 3681 529 31
1452 3681 303 31
1757 3681 593 31
2352 3681 528 31
20 3714 300 32
322 3714 594 32
918 3714 529 32
1452 3714 303 32
1757 3714 593 32
2352 3714 528 32
20 3748 300 31
322 3748 594 31
918 3748 529 31
1452 3748 303 31
1757 3748 593 31
2352 3748 528 31
20 3781 300 32
322 3781 594 32
918 3781 529 32
1452 3781 303 32
1757 3781 593 32
2352 3781 528 32
20 3815 300 31
322 3815 594 31
918 3815 529 31
1452 3815 303 31
1757 3815 593 31
2352 3815 528 31
20 3848 300 31
322 3848 594 31
918 3848 529 31
1452 3848 303 31
1757 3848 593 31
2352 3848 528 31
20 3881 300 32
322 3881 594 32
918 3881 529 32
1452 3881 303 32
1757 3881 593 32
2352 3881 528 32
20 3915 300 31
322 3915 594 31
918 3915 529 31
1452 3915 303 31
1757 3915 593 31
2352 3915 528 31
20 3948 300 32
322 3948 594 32
918 3948 529 32
1452 3948 303 32
1757 3948 593 32
2352 3948 528 32
20 3982 300 31
322 3982 594 31
918 3982 529 31
1452 3982 303 31
1757 3982 593 31
2352 3982 528 31
20 4015 300 31
322 4015 594 31
918 4015 529 31
1452 4015 303 31
1757 4015 593 31
2352 4015 528 31
20 4048 300 32
322 4048 594 32
918 4048 529 32
1452 4048 303 32
1757 4048 593 32
2352 4048 528 32
20 4082 300 28
322 4082 594 28
918 4082 529 28
1452 4082 303 28
1757 4082 593 28
2352 4082 528 28
