14 88 2877 237
14 326 2877 131
14 466 1434 74
1456 466 1435 74
14 541 54 67
69 541 198 67
268 541 55 67
325 541 55 67
381 541 56 67
438 541 56 67
495 541 55 67
551 541 113 67
665 541 186 67
852 541 596 67
1456 541 55 67
1512 541 198 67
1711 541 55 67
1767 541 56 67
1824 541 56 67
1881 541 55 67
1938 541 55 67
1994 541 112 67
2108 541 186 67
2295 541 596 67
14 609 54 322
69 609 198 322
268 609 55 322
325 609 55 322
381 609 56 322
438 609 56 322
495 609 55 322
551 609 113 322
665 609 186 322
852 609 596 322
1456 609 55 322
1512 609 198 322
1711 609 55 322
1767 609 56 322
1824 609 56 322
1881 609 55 322
1938 609 55 322
1994 609 112 322
2108 609 186 322
2295 609 596 322
14 932 54 319
69 932 198 319
268 932 55 319
325 932 55 319
381 932 56 319
438 932 56 319
495 932 55 319
551 932 113 319
665 932 186 319
852 932 596 319
1456 932 55 322
1512 932 198 322
1711 932 55 322
1767 932 56 322
1824 932 56 322
1881 932 55 322
1938 932 55 322
1994 932 112 322
2108 932 186 322
2295 932 596 322
1456 1256 55 322
1512 1256 198 322
1711 1256 55 322
1767 1256 56 322
1824 1256 56 322
1881 1256 55 322
1938 1256 55 322
1994 1256 112 322
2108 1256 186 322
2295 1256 596 322
14 1259 1434 75
14 1335 54 67
69 1335 198 67
268 1335 55 67
325 1335 55 67
381 1335 56 67
438 1335 56 67
495 1335 55 67
551 1335 113 67
665 1335 186 67
852 1335 596 67
14 1403 54 322
69 1403 198 322
268 1403 55 322
325 1403 55 322
381 1403 56 322
438 1403 56 322
495 1403 55 322
551 1403 113 322
665 1403 186 322
852 1403 596 322
1456 1579 55 322
1512 1579 198 322
1711 1579 55 322
1767 1579 56 322
1824 1579 56 322
1881 1579 55 322
1938 1579 55 322
1994 1579 112 322
2108 1579 186 322
2295 1579 596 322
14 1726 54 318
69 1726 198 318
268 1726 55 318
325 1726 55 318
381 1726 56 318
438 1726 56 318
495 1726 55 318
551 1726 113 318
665 1726 186 318
852 1726 596 318
1456 1902 55 146
1512 1902 198 318
1711 1902 55 318
1767 1902 56 318
1824 1902 56 318
1881 1902 55 318
1938 1902 55 318
1994 1902 112 318
2108 1902 186 318
2295 1902 596 318
1457 2048 54 172
14 2053 1434 74
14 2129 54 67
69 2129 198 67
268 2129 55 67
325 2129 55 67
381 2129 56 67
438 2129 56 67
495 2129 55 67
551 2129 113 67
665 2129 186 67
852 2129 596 67
14 2197 54 318
69 2197 198 318
268 2197 55 318
325 2197 55 318
381 2197 56 318
438 2197 56 318
495 2197 55 318
551 2197 113 318
665 2197 186 318
852 2197 596 318
1456 2228 1435 75
1456 2304 55 67
1512 2304 198 67
1711 2304 55 67
1767 2304 56 67
1824 2304 56 67
1881 2304 55 67
1938 2304 55 67
1994 2304 112 67
2108 2304 186 67
2295 2304 596 67
1456 2372 55 146
1512 2372 198 322
1711 2372 55 322
1767 2372 56 322
1824 2372 56 322
1881 2372 55 322
1938 2372 55 322
1994 2372 112 322
2108 2372 186 322
2295 2372 596 322
1457 2518 54 176
14 2523 1434 75
14 2599 54 67
69 2599 198 67
268 2599 55 67
325 2599 55 67
381 2599 56 67
438 2599 56 67
495 2599 55 67
551 2599 113 67
665 2599 186 67
852 2599 596 67
14 2667 54 322
69 2667 198 322
268 2667 55 322
325 2667 55 322
381 2667 56 322
438 2667 56 322
495 2667 55 322
551 2667 113 322
665 2667 186 322
852 2667 596 322
1456 2696 55 318
1512 2696 198 318
1711 2696 55 318
1767 2696 56 318
1824 2696 56 318
1881 2696 55 318
1938 2696 55 318
1994 2696 112 318
2108 2696 186 318
2295 2696 596 318
14 2990 54 319
69 2990 198 319
268 2990 55 319
325 2990 55 319
381 2990 56 319
438 2990 56 319
495 2990 55 319
551 2990 113 319
665 2990 186 319
852 2990 596 319
1456 3022 1435 75
1456 3098 55 67
1512 3098 198 67
1711 3098 55 67
1767 3098 56 67
1824 3098 56 67
1881 3098 55 67
1938 3098 55 67
1994 3098 112 67
2108 3098 186 67
2295 3098 596 67
1456 3166 55 146
1512 3166 198 322
1711 3166 55 322
1767 3166 56 322
1824 3166 56 322
1881 3166 55 322
1938 3166 55 322
1994 3166 112 322
2108 3166 186 322
2295 3166 596 322
1457 3312 54 176
14 3317 1434 75
14 3393 54 67
69 3393 198 67
268 3393 55 67
325 3393 55 67
381 3393 56 67
438 3393 56 67
495 3393 55 67
551 3393 113 67
665 3393 186 67
852 3393 596 67
14 3461 54 322
69 3461 198 322
268 3461 55 322
325 3461 55 322
381 3461 56 322
438 3461 56 322
495 3461 55 322
551 3461 113 322
665 3461 185 322
852 3461 596 322
1456 3489 55 322
1512 3489 198 322
1711 3489 55 322
1767 3489 56 322
1824 3489 56 322
1881 3489 55 322
1938 3489 55 322
1994 3489 112 322
2108 3489 186 322
2295 3489 596 322
14 3784 54 322
69 3784 198 322
268 3784 55 322
325 3784 55 322
381 3784 56 322
438 3784 56 322
495 3784 55 322
551 3784 113 322
665 3784 185 322
852 3784 596 322
1456 3812 55 316
1512 3812 198 316
1711 3812 55 316
1767 3812 56 316
1824 3812 56 316
1881 3812 55 316
1938 3812 55 316
1994 3812 112 316
2108 3812 186 316
2295 3812 596 316
14 4107 1434 21
