15 90 2877 241
15 332 2877 143
15 484 1434 95
1457 484 1435 95
15 581 71 153
87 581 56 153
144 581 197 153
343 581 55 153
399 581 56 153
456 581 56 153
513 581 55 153
569 581 56 153
626 581 112 153
739 581 186 153
927 581 522 153
1457 581 75 153
1533 581 56 153
1590 581 197 153
1788 581 56 153
1845 581 56 153
1902 581 55 153
1958 581 56 153
2015 581 56 153
2072 581 112 153
2185 581 186 153
2372 581 520 153
15 735 71 1696
87 735 56 424
144 735 197 424
343 735 55 424
399 735 56 424
456 735 56 424
513 735 55 424
569 735 56 424
626 735 112 424
739 735 186 424
927 735 522 424
1457 735 75 846
1533 735 56 424
1590 735 197 424
1788 735 56 424
1845 735 56 424
1902 735 55 424
1958 735 56 424
2015 735 56 424
2072 735 112 424
2185 735 186 424
2372 735 520 424
87 1160 56 424
144 1160 197 424
343 1160 55 424
399 1160 56 424
456 1160 56 424
513 1160 55 424
569 1160 56 424
626 1160 112 424
739 1160 186 424
927 1160 522 424
1533 1160 56 421
1590 1160 197 421
1788 1160 56 421
1845 1160 56 421
1902 1160 55 421
1958 1160 56 421
2015 1160 56 421
2072 1160 112 421
2185 1160 186 421
2372 1160 520 421
87 1585 56 424
144 1585 197 424
343 1585 55 424
399 1585 56 424
456 1585 56 424
513 1585 55 424
569 1585 56 424
626 1585 112 424
739 1585 186 424
927 1585 522 424
1457 1589 1435 96
1457 1686 75 153
1533 1686 56 153
1590 1686 197 153
1788 1686 56 153
1845 1686 56 153
1902 1686 55 153
1958 1686 56 153
2015 1686 56 153
2072 1686 112 153
2185 1686 186 153
2372 1686 520 153
1457 1840 75 594
1533 1840 56 425
1590 1840 197 425
1788 1840 56 425
1845 1840 56 425
1902 1840 55 425
1958 1840 56 425
2015 1840 56 425
2072 1840 112 425
2185 1840 186 425
2372 1840 520 425
87 2011 56 420
144 2011 197 420
343 2011 55 420
399 2011 56 420
456 2011 56 420
513 2011 55 420
569 2011 56 420
626 2011 112 420
739 2011 186 420
927 2011 522 420
1533 2266 56 420
1590 2266 197 420
1788 2266 56 420
1845 2266 56 420
1902 2266 55 420
1958 2266 56 420
2015 2266 56 420
2072 2266 112 420
2185 2266 186 420
2372 2266 520 420
1457 2436 75 250
15 2439 1434 96
15 2536 71 154
87 2536 56 154
144 2536 197 154
343 2536 55 154
399 2536 56 154
456 2536 56 154
513 2536 55 154
569 2536 56 154
626 2536 112 154
739 2536 186 154
927 2536 522 154
15 2691 71 1271
87 2691 56 424
144 2691 197 424
343 2691 55 424
399 2691 56 424
456 2691 56 424
513 2691 55 424
569 2691 56 424
626 2691 112 424
739 2691 186 424
927 2691 522 424
1457 2695 75 416
1533 2695 56 416
1590 2695 197 416
1788 2695 56 416
1845 2695 56 416
1902 2695 55 416
1958 2695 56 416
2015 2695 56 416
2072 2695 112 416
2185 2695 186 416
2372 2695 520 416
87 3116 56 424
144 3116 197 424
343 3116 55 424
399 3116 56 424
456 3116 56 424
513 3116 55 424
569 3116 56 424
626 3116 112 424
739 3116 186 424
927 3116 522 424
1457 3120 75 842
1533 3120 56 420
1590 3120 197 420
1788 3120 56 420
1845 3120 56 420
1902 3120 55 420
1958 3120 56 420
2015 3120 56 420
2072 3120 112 420
2185 3120 186 420
2372 3120 520 420
87 3541 56 421
144 3541 197 421
343 3541 55 421
399 3541 56 421
456 3541 56 421
513 3541 55 421
569 3541 56 421
626 3541 112 421
739 3541 186 421
927 3541 522 421
1533 3541 56 421
1590 3541 197 421
1788 3541 56 421
1845 3541 56 421
1902 3541 55 421
1958 3541 56 421
2015 3541 56 421
2072 3541 112 421
2185 3541 186 421
2372 3541 520 421
15 3970 2877 159
