14 90 2877 276
14 367 2877 193
14 569 1434 80
1456 569 1435 80
14 650 72 112
87 650 55 112
143 650 198 112
342 650 55 112
398 650 56 112
455 650 56 112
512 650 55 112
569 650 55 112
625 650 113 112
739 650 186 112
926 650 522 112
1456 650 75 112
1532 650 56 112
1589 650 197 112
1787 650 56 112
1844 650 56 112
1901 650 55 112
1957 650 56 112
2014 650 56 112
2071 650 112 112
2184 650 186 112
2371 650 520 112
1456 763 75 849
1532 763 56 424
1589 763 197 424
1787 763 56 424
1844 763 56 424
1901 763 55 424
1957 763 56 424
2014 763 56 424
2071 763 112 424
2184 763 186 424
2371 763 520 424
14 764 72 845
87 764 55 424
143 764 198 424
342 764 55 424
398 764 56 424
455 764 56 424
512 764 55 424
569 764 55 424
625 764 113 424
739 764 186 424
926 764 522 424
87 1189 55 420
143 1189 198 420
342 1189 55 420
398 1189 56 420
455 1189 56 420
512 1189 55 420
569 1189 55 420
625 1189 113 420
739 1189 186 420
926 1189 522 420
1532 1189 56 424
1589 1189 197 424
1787 1189 56 424
1844 1189 56 424
1901 1189 55 424
1957 1189 56 424
2014 1189 56 424
2071 1189 112 424
2184 1189 186 424
2371 1189 520 424
1532 1614 56 420
1589 1614 197 420
1787 1614 56 420
1844 1614 56 420
1901 1614 55 420
1957 1614 56 420
2014 1614 56 420
2071 1614 112 420
2184 1614 186 420
2371 1614 520 420
1456 1615 75 419
14 1618 1434 80
14 1699 72 112
87 1699 55 112
143 1699 198 112
342 1699 55 112
398 1699 56 112
455 1699 56 112
512 1699 55 112
569 1699 55 112
625 1699 113 112
739 1699 186 112
926 1699 522 112
14 1812 72 2121
87 1812 55 424
143 1812 198 424
342 1812 55 424
398 1812 56 424
455 1812 56 424
512 1812 55 424
569 1812 55 424
625 1812 113 424
739 1812 186 424
926 1812 522 424
1456 2043 1435 80
1456 2124 75 112
1532 2124 56 112
1589 2124 197 112
1787 2124 56 112
1844 2124 56 112
1901 2124 55 112
1957 2124 56 112
2014 2124 56 112
2071 2124 112 112
2184 2124 186 112
2371 2124 520 112
1456 2237 75 846
1532 2237 56 424
1589 2237 197 424
1787 2237 56 424
1844 2237 56 424
1901 2237 55 424
1957 2237 56 424
2014 2237 56 424
2071 2237 112 424
2184 2237 186 424
2371 2237 520 424
87 2238 55 424
143 2238 198 424
342 2238 55 424
398 2238 56 424
455 2238 56 424
512 2238 55 424
569 2238 55 424
625 2238 113 424
739 2238 186 424
926 2238 522 424
87 2663 55 424
143 2663 198 424
342 2663 55 424
398 2663 56 424
455 2663 56 424
512 2663 55 424
569 2663 55 424
625 2663 113 424
739 2663 186 424
926 2663 522 424
1532 2663 56 420
1589 2663 197 420
1787 2663 56 420
1844 2663 56 420
1901 2663 55 420
1957 2663 56 420
2014 2663 56 420
2071 2663 112 420
2184 2663 186 420
2371 2663 520 420
87 3088 55 424
143 3088 198 424
342 3088 55 424
398 3088 56 424
455 3088 56 424
512 3088 55 424
569 3088 55 424
625 3088 113 424
739 3088 186 424
926 3088 522 424
1456 3091 1435 81
1456 3173 75 112
1532 3173 56 112
1589 3173 197 112
1787 3173 56 112
1844 3173 56 112
1901 3173 55 112
1957 3173 56 112
2014 3173 56 112
2071 3173 112 112
2184 3173 186 112
2371 3173 520 112
1456 3286 75 421
1532 3286 56 421
1589 3286 197 421
1787 3286 56 421
1844 3286 56 421
1901 3286 55 421
1957 3286 56 421
2014 3286 56 421
2071 3286 112 421
2184 3286 186 421
2371 3286 520 421
87 3513 55 420
143 3513 198 420
342 3513 55 420
398 3513 56 420
455 3513 56 420
512 3513 55 420
569 3513 55 420
625 3513 113 420
739 3513 186 420
926 3513 522 420
1456 3715 1435 222
1456 3938 1435 191
14 3942 1434 187
