105 212 2878 195
105 408 2878 105
105 521 1434 68
1548 521 1435 68
105 590 72 96
178 590 56 96
235 590 197 96
433 590 56 96
490 590 56 96
547 590 55 96
603 590 56 96
660 590 56 96
717 590 112 96
830 590 186 96
1017 590 522 96
1548 590 74 96
1623 590 56 96
1680 590 197 96
1879 590 55 96
1935 590 56 96
1992 590 56 96
2049 590 55 96
2105 590 56 96
2162 590 112 96
2275 590 186 96
2463 590 520 96
105 688 72 845
178 688 56 424
235 688 197 424
433 688 56 424
490 688 56 424
547 688 55 424
603 688 56 424
660 688 56 424
717 688 112 424
830 688 186 424
1017 688 522 424
1548 688 74 1270
1623 688 56 424
1680 688 197 424
1879 688 55 424
1935 688 56 424
1992 688 56 424
2049 688 55 424
2105 688 56 424
2162 688 112 424
2275 688 186 424
2463 688 520 424
178 1113 56 420
235 1113 197 420
433 1113 56 420
490 1113 56 420
547 1113 55 420
603 1113 56 420
660 1113 56 420
717 1113 112 420
830 1113 186 420
1017 1113 522 420
1623 1113 56 424
1680 1113 197 424
1879 1113 55 424
1935 1113 56 424
1992 1113 56 424
2049 1113 55 424
2105 1113 56 424
2162 1113 112 424
2275 1113 186 424
2463 1113 520 424
1623 1538 56 420
1680 1538 197 420
1879 1538 55 420
1935 1538 56 420
1992 1538 56 420
2049 1538 55 420
2105 1538 56 420
2162 1538 112 420
2275 1538 186 420
2463 1538 520 420
105 1542 1434 68
105 1611 72 96
178 1611 56 96
235 1611 197 96
433 1611 56 96
490 1611 56 96
547 1611 55 96
603 1611 56 96
660 1611 56 96
717 1611 112 96
830 1611 186 96
1017 1611 522 96
105 1708 72 2121
178 1708 56 424
235 1708 197 424
433 1708 56 424
490 1708 56 424
547 1708 55 424
603 1708 56 424
660 1708 56 424
717 1708 112 424
830 1708 186 424
1017 1708 522 424
1548 1967 1435 68
1548 2036 74 96
1623 2036 56 96
1680 2036 197 96
1879 2036 55 96
1935 2036 56 96
1992 2036 56 96
2049 2036 55 96
2105 2036 56 96
2162 2036 112 96
2275 2036 186 96
2463 2036 520 96
178 2133 56 424
235 2133 197 424
433 2133 56 424
490 2133 56 424
547 2133 55 424
603 2133 56 424
660 2133 56 424
717 2133 112 424
830 2133 186 424
1017 2133 522 424
1548 2133 74 421
1623 2133 56 421
1680 2133 197 421
1879 2133 55 421
1935 2133 56 421
1992 2133 56 421
2049 2133 55 421
2105 2133 56 421
2162 2133 112 421
2275 2133 186 421
2463 2133 520 421
178 2558 56 424
235 2558 197 424
433 2558 56 424
490 2558 56 424
547 2558 55 424
603 2558 56 424
660 2558 56 424
717 2558 112 424
830 2558 186 424
1017 2558 522 424
1548 2562 74 417
1623 2562 56 417
1680 2562 197 417
1879 2562 55 417
1935 2562 56 417
1992 2562 56 417
2049 2562 55 417
2105 2562 56 417
2162 2562 112 417
2275 2562 186 417
2463 2562 520 417
178 2984 56 424
235 2984 197 424
433 2984 56 424
490 2984 56 424
547 2984 55 424
603 2984 56 424
660 2984 56 424
717 2984 112 424
830 2984 186 424
1017 2984 522 424
1548 2987 74 842
1623 2987 56 421
1680 2987 197 421
1879 2987 55 421
1935 2987 56 421
1992 2987 56 421
2049 2987 55 421
2105 2987 56 421
2162 2987 112 421
2275 2987 186 421
2463 2987 520 421
178 3409 56 420
235 3409 197 420
433 3409 56 420
490 3409 56 420
547 3409 55 420
603 3409 56 420
660 3409 56 420
717 3409 112 420
830 3409 186 420
1017 3409 522 420
1623 3409 56 420
1680 3409 197 420
1879 3409 55 420
1935 3409 56 420
1992 3409 56 420
2049 3409 55 420
2105 3409 56 420
2162 3409 112 420
2275 3409 186 420
2463 3409 520 420
105 3838 1434 414
1548 3838 74 414
1623 3838 56 414
1680 3838 197 414
1879 3838 55 414
1935 3838 56 414
1992 3838 56 414
2049 3838 55 414
2105 3838 56 414
2162 3838 112 414
2275 3838 186 414
2463 3838 520 414
