20 19 2860 80
20 103 45 81
70 103 46 81
121 103 199 81
325 103 46 81
376 103 41 81
421 103 41 81
467 103 40 81
512 103 41 81
557 103 449 81
1011 103 551 81
1566 103 1314 81
20 188 45 1215
70 188 46 402
121 188 199 57
325 188 46 402
376 188 41 402
421 188 41 402
467 188 40 402
512 188 41 402
557 188 449 402
1011 188 551 402
1566 188 1314 402
121 475 199 115
70 595 46 402
121 595 199 75
325 595 46 402
376 595 41 402
421 595 41 402
467 595 40 402
512 595 41 402
557 595 449 402
1011 595 551 402
1566 595 1314 402
121 943 199 54
70 1001 46 402
121 1001 199 79
325 1001 46 402
376 1001 41 402
421 1001 41 402
467 1001 40 402
512 1001 41 402
557 1001 449 402
1011 1001 551 402
1566 1001 1314 402
121 1311 199 30
121 1352 199 51
20 1408 2860 82
20 1495 300 30
322 1495 594 30
918 1495 529 30
1452 1495 303 30
1757 1495 593 30
2352 1495 528 30
20 1527 300 26
322 1527 594 26
918 1527 529 26
1452 1527 303 26
1757 1527 593 26
2352 1527 528 26
20 1555 300 26
322 1555 594 26
918 1555 529 26
1452 1555 303 26
1757 1555 593 26
2352 1555 528 26
20 1583 300 26
322 1583 594 26
918 1583 529 26
1452 1583 303 26
1757 1583 593 26
2352 1583 528 26
20 1611 300 27
322 1611 594 27
918 1611 529 27
1452 1611 303 27
1757 1611 593 27
2352 1611 528 27
20 1640 300 26
322 1640 594 26
918 1640 529 26
1452 1640 303 26
1757 1640 593 26
2352 1640 528 26
20 1668 300 26
322 1668 594 26
918 1668 529 26
1452 1668 303 26
1757 1668 593 26
2352 1668 528 26
20 1696 300 26
322 1696 594 26
918 1696 529 26
1452 1696 303 26
1757 1696 593 26
2352 1696 528 26
20 1724 300 26
322 1724 594 26
918 1724 529 26
1452 1724 303 26
1757 1724 593 26
2352 1724 528 26
20 1752 300 26
322 1752 594 26
918 1752 529 26
1452 1752 303 26
1757 1752 593 26
2352 1752 528 26
20 1780 300 26
322 1780 594 26
918 1780 529 26
1452 1780 303 26
1757 1780 593 26
2352 1780 528 26
20 1808 300 26
322 1808 594 26
918 1808 529 26
1452 1808 303 26
1757 1808 593 26
2352 1808 528 26
20 1836 300 26
322 1836 594 26
918 1836 529 26
1452 1836 303 26
1757 1836 593 26
2352 1836 528 26
20 1864 300 26
322 1864 594 26
918 1864 529 26
1452 1864 303 26
1757 1864 593 26
2352 1864 528 26
20 1892 300 26
322 1892 594 26
918 1892 529 26
1452 1892 303 26
1757 1892 593 26
2352 1892 528 26
20 1920 300 26
322 1920 594 26
918 1920 529 26
1452 1920 303 26
1757 1920 593 26
2352 1920 528 26
20 1948 300 26
322 1948 594 26
918 1948 529 26
1452 1948 303 26
1757 1948 593 26
2352 1948 528 26
20 1976 300 27
322 1976 594 27
918 1976 529 27
1452 1976 303 27
1757 1976 593 27
2352 1976 528 27
20 2005 300 26
322 2005 594 26
918 2005 529 26
1452 2005 303 26
1757 2005 593 26
2352 2005 528 26
20 2033 300 26
322 2033 594 26
918 2033 529 26
1452 2033 303 26
1757 2033 593 26
2352 2033 528 26
20 2061 300 26
322 2061 594 26
918 2061 529 26
1452 2061 303 26
1757 2061 593 26
2352 2061 528 26
20 2089 300 26
322 2089 594 26
918 2089 529 26
1452 2089 303 26
1757 2089 593 26
2352 2089 528 26
20 2117 300 26
322 2117 594 26
918 2117 529 26
1452 2117 303 26
1757 2117 593 26
2352 2117 528 26
20 2145 300 26
322 2145 594 26
918 2145 529 26
1452 2145 303 26
1757 2145 593 26
2352 2145 528 26
20 2173 300 26
322 2173 594 26
918 2173 529 26
1452 2173 303 26
1757 2173 593 26
2352 2173 528 26
20 2201 300 26
322 2201 594 26
918 2201 529 26
1452 2201 303 26
1757 2201 593 26
2352 2201 528 26
20 2229 300 26
322 2229 594 26
918 2229 529 26
1452 2229 303 26
1757 2229 593 26
2352 2229 528 26
20 2257 300 26
322 2257 594 26
918 2257 529 26
1452 2257 303 26
1757 2257 593 26
2352 2257 528 26
20 2285 300 26
322 2285 594 26
918 2285 529 26
1452 2285 303 26
1757 2285 593 26
2352 2285 528 26
20 2313 300 26
322 2313 594 26
918 2313 529 26
1452 2313 303 26
1757 2313 593 26
2352 2313 528 26
20 2341 300 26
322 2341 594 26
918 2341 529 26
1452 2341 303 26
1757 2341 593 26
2352 2341 528 26
20 2369 300 27
322 2369 594 27
918 2369 529 27
1452 2369 303 27
1757 2369 593 27
2352 2369 528 27
20 2398 300 26
322 2398 594 26
918 2398 529 26
1452 2398 303 26
1757 2398 593 26
2352 2398 528 26
20 2426 300 26
322 2426 594 26
918 2426 529 26
1452 2426 303 26
1757 2426 593 26
2352 2426 528 26
20 2454 300 26
322 2454 594 26
918 2454 529 26
1452 2454 303 26
1757 2454 593 26
2352 2454 528 26
20 2482 300 26
322 2482 594 26
918 2482 529 26
1452 2482 303 26
1757 2482 593 26
2352 2482 528 26
20 2510 300 26
322 2510 594 26
918 2510 529 26
1452 2510 303 26
1757 2510 593 26
2352 2510 528 26
20 2538 300 26
322 2538 594 26
918 2538 529 26
1452 2538 303 26
1757 2538 593 26
2352 2538 528 26
20 2566 300 26
322 2566 594 26
918 2566 529 26
1452 2566 303 26
1757 2566 593 26
2352 2566 528 26
20 2594 300 26
322 2594 594 26
918 2594 529 26
1452 2594 303 26
1757 2594 593 26
2352 2594 528 26
20 2622 300 26
322 2622 594 26
918 2622 529 26
1452 2622 303 26
1757 2622 593 26
2352 2622 528 26
20 2650 300 26
322 2650 594 26
918 2650 529 26
1452 2650 303 26
1757 2650 593 26
2352 2650 528 26
20 2678 300 26
322 2678 594 26
918 2678 529 26
1452 2678 303 26
1757 2678 593 26
2352 2678 528 26
20 2706 300 26
322 2706 594 26
918 2706 529 26
1452 2706 303 26
1757 2706 593 26
2352 2706 528 26
20 2734 300 27
322 2734 594 27
918 2734 529 27
1452 2734 303 27
1757 2734 593 27
2352 2734 528 27
20 2763 300 26
322 2763 594 26
918 2763 529 26
1452 2763 303 26
1757 2763 593 26
2352 2763 528 26
20 2791 300 26
322 2791 594 26
918 2791 529 26
1452 2791 303 26
1757 2791 593 26
2352 2791 528 26
20 2819 300 26
322 2819 594 26
918 2819 529 26
1452 2819 303 26
1757 2819 593 26
2352 2819 528 26
20 2847 300 26
322 2847 594 26
918 2847 529 26
1452 2847 303 26
1757 2847 593 26
2352 2847 528 26
20 2875 300 26
322 2875 594 26
918 2875 529 26
1452 2875 303 26
1757 2875 593 26
2352 2875 528 26
20 2903 300 26
322 2903 594 26
918 2903 529 26
1452 2903 303 26
1757 2903 593 26
2352 2903 528 26
20 2931 300 26
322 2931 594 26
918 2931 529 26
1452 2931 303 26
1757 2931 593 26
2352 2931 528 26
20 2959 300 26
322 2959 594 26
918 2959 529 26
1452 2959 303 26
1757 2959 593 26
2352 2959 528 26
20 2987 300 26
322 2987 594 26
918 2987 529 26
1452 2987 303 26
1757 2987 593 26
2352 2987 528 26
20 3015 300 26
322 3015 594 26
918 3015 529 26
1452 3015 303 26
1757 3015 593 26
2352 3015 528 26
20 3043 300 26
322 3043 594 26
918 3043 529 26
1452 3043 303 26
1757 3043 593 26
2352 3043 528 26
20 3071 300 26
322 3071 594 26
918 3071 529 26
1452 3071 303 26
1757 3071 593 26
2352 3071 528 26
20 3099 300 26
322 3099 594 26
918 3099 529 26
1452 3099 303 26
1757 3099 593 26
2352 3099 528 26
20 3127 300 27
322 3127 594 27
918 3127 529 27
1452 3127 303 27
1757 3127 593 27
2352 3127 528 27
20 3156 300 26
322 3156 594 26
918 3156 529 26
1452 3156 303 26
1757 3156 593 26
2352 3156 528 26
20 3184 300 26
322 3184 594 26
918 3184 529 26
1452 3184 303 26
1757 3184 593 26
2352 3184 528 26
20 3212 300 26
322 3212 594 26
918 3212 529 26
1452 3212 303 26
1757 3212 593 26
2352 3212 528 26
20 3240 300 26
322 3240 594 26
918 3240 529 26
1452 3240 303 26
1757 3240 593 26
2352 3240 528 26
20 3268 300 26
322 3268 594 26
918 3268 529 26
1452 3268 303 26
1757 3268 593 26
2352 3268 528 26
20 3296 300 26
322 3296 594 26
918 3296 529 26
1452 3296 303 26
1757 3296 593 26
2352 3296 528 26
20 3324 300 26
322 3324 594 26
918 3324 529 26
1452 3324 303 26
1757 3324 593 26
2352 3324 528 26
20 3352 300 26
322 3352 594 26
918 3352 529 26
1452 3352 303 26
1757 3352 593 26
2352 3352 528 26
20 3380 300 26
322 3380 594 26
918 3380 529 26
1452 3380 303 26
1757 3380 593 26
2352 3380 528 26
20 3408 300 26
322 3408 594 26
918 3408 529 26
1452 3408 303 26
1757 3408 593 26
2352 3408 528 26
20 3436 300 26
322 3436 594 26
918 3436 529 26
1452 3436 303 26
1757 3436 593 26
2352 3436 528 26
20 3464 300 26
322 3464 594 26
918 3464 529 26
1452 3464 303 26
1757 3464 593 26
2352 3464 528 26
20 3492 300 27
322 3492 594 27
918 3492 529 27
1452 3492 303 27
1757 3492 593 27
2352 3492 528 27
20 3521 300 26
322 3521 594 26
918 3521 529 26
1452 3521 303 26
1757 3521 593 26
2352 3521 528 26
20 3549 300 26
322 3549 594 26
918 3549 529 26
1452 3549 303 26
1757 3549 593 26
2352 3549 528 26
20 3577 300 26
322 3577 594 26
918 3577 529 26
1452 3577 303 26
1757 3577 593 26
2352 3577 528 26
20 3605 300 26
322 3605 594 26
918 3605 529 26
1452 3605 303 26
1757 3605 593 26
2352 3605 528 26
20 3633 300 26
322 3633 594 26
918 3633 529 26
1452 3633 303 26
1757 3633 593 26
2352 3633 528 26
20 3661 300 26
322 3661 594 26
918 3661 529 26
1452 3661 303 26
1757 3661 593 26
2352 3661 528 26
20 3689 300 26
322 3689 594 26
918 3689 529 26
1452 3689 303 26
1757 3689 593 26
2352 3689 528 26
20 3717 300 26
322 3717 594 26
918 3717 529 26
1452 3717 303 26
1757 3717 593 26
2352 3717 528 26
20 3745 300 26
322 3745 594 26
918 3745 529 26
1452 3745 303 26
1757 3745 593 26
2352 3745 528 26
20 3773 300 26
322 3773 594 26
918 3773 529 26
1452 3773 303 26
1757 3773 593 26
2352 3773 528 26
20 3801 300 26
322 3801 594 26
918 3801 529 26
1452 3801 303 26
1757 3801 593 26
2352 3801 528 26
20 3829 300 26
322 3829 594 26
918 3829 529 26
1452 3829 303 26
1757 3829 593 26
2352 3829 528 26
20 3857 300 26
322 3857 594 26
918 3857 529 26
1452 3857 303 26
1757 3857 593 26
2352 3857 528 26
20 3885 300 27
322 3885 594 27
918 3885 529 27
1452 3885 303 27
1757 3885 593 27
2352 3885 528 27
20 3914 300 26
322 3914 594 26
918 3914 529 26
1452 3914 303 26
1757 3914 593 26
2352 3914 528 26
20 3942 300 26
322 3942 594 26
918 3942 529 26
1452 3942 303 26
1757 3942 593 26
2352 3942 528 26
20 3970 300 26
322 3970 594 26
918 3970 529 26
1452 3970 303 26
1757 3970 593 26
2352 3970 528 26
20 3998 300 26
322 3998 594 26
918 3998 529 26
1452 3998 303 26
1757 3998 593 26
2352 3998 528 26
20 4026 300 26
322 4026 594 26
918 4026 529 26
1452 4026 303 26
1757 4026 593 26
2352 4026 528 26
20 4054 300 26
322 4054 594 26
918 4054 529 26
1452 4054 303 26
1757 4054 593 26
2352 4054 528 26
20 4082 300 26
322 4082 594 26
918 4082 529 26
1452 4082 303 26
1757 4082 593 26
2352 4082 528 26
