105 212 2878 269
105 482 2878 144
105 635 1434 92
1548 635 1435 92
105 728 72 128
178 728 56 128
235 728 197 128
433 728 56 128
490 728 56 128
547 728 55 128
603 728 56 128
660 728 56 128
717 728 112 128
830 728 186 128
1017 728 522 128
1548 728 74 128
1623 728 56 128
1680 728 197 128
1879 728 55 128
1935 728 56 128
1992 728 56 128
2049 728 55 128
2105 728 56 128
2162 728 112 128
2275 728 186 128
2463 728 520 128
105 858 72 2546
178 858 56 424
235 858 197 424
433 858 56 424
490 858 56 424
547 858 55 424
603 858 56 424
660 858 56 424
717 858 112 424
830 858 186 424
1017 858 522 424
1548 858 74 420
1623 858 56 420
1680 858 197 420
1879 858 55 420
1935 858 56 420
1992 858 56 420
2049 858 55 420
2105 858 56 420
2162 858 112 420
2275 858 186 420
2463 858 520 420
178 1283 56 424
235 1283 197 424
433 1283 56 424
490 1283 56 424
547 1283 55 424
603 1283 56 424
660 1283 56 424
717 1283 112 424
830 1283 186 424
1017 1283 522 424
1548 1287 74 841
1623 1287 56 420
1680 1287 197 420
1879 1287 55 420
1935 1287 56 420
1992 1287 56 420
2049 1287 55 420
2105 1287 56 420
2162 1287 112 420
2275 1287 186 420
2463 1287 520 420
178 1708 56 424
235 1708 197 424
433 1708 56 424
490 1708 56 424
547 1708 55 424
603 1708 56 424
660 1708 56 424
717 1708 112 424
830 1708 186 424
1017 1708 522 424
1623 1708 56 420
1680 1708 197 420
1879 1708 55 420
1935 1708 56 420
1992 1708 56 420
2049 1708 55 420
2105 1708 56 420
2162 1708 112 420
2275 1708 186 420
2463 1708 520 420
178 2133 56 424
235 2133 197 424
433 2133 56 424
490 2133 56 424
547 2133 55 424
603 2133 56 424
660 2133 56 424
717 2133 112 424
830 2133 186 424
1017 2133 522 424
1548 2137 74 842
1623 2137 56 420
1680 2137 197 420
1879 2137 55 420
1935 2137 56 420
1992 2137 56 420
2049 2137 55 420
2105 2137 56 420
2162 2137 112 420
2275 2137 186 420
2463 2137 520 420
178 2558 56 424
235 2558 197 424
433 2558 56 424
490 2558 56 424
547 2558 55 424
603 2558 56 424
660 2558 56 424
717 2558 112 424
830 2558 186 424
1017 2558 522 424
1623 2558 56 421
1680 2558 197 421
1879 2558 55 421
1935 2558 56 421
1992 2558 56 421
2049 2558 55 421
2105 2558 56 421
2162 2558 112 421
2275 2558 186 421
2463 2558 520 421
178 2984 56 420
235 2984 197 420
433 2984 56 420
490 2984 56 420
547 2984 55 420
603 2984 56 420
660 2984 56 420
717 2984 112 420
830 2984 186 420
1017 2984 522 420
1548 2987 74 842
1623 2987 56 421
1680 2987 197 421
1879 2987 55 421
1935 2987 56 421
1992 2987 56 421
2049 2987 55 421
2105 2987 56 421
2162 2987 112 421
2275 2987 186 421
2463 2987 520 421
1623 3409 56 420
1680 3409 197 420
1879 3409 55 420
1935 3409 56 420
1992 3409 56 420
2049 3409 55 420
2105 3409 56 420
2162 3409 112 420
2275 3409 186 420
2463 3409 520 420
105 3412 1434 93
105 3506 72 128
178 3506 56 128
235 3506 197 128
433 3506 56 128
490 3506 56 128
547 3506 55 128
603 3506 56 128
660 3506 56 128
717 3506 112 128
830 3506 186 128
1017 3506 522 128
105 3636 72 420
178 3636 56 420
235 3636 197 420
433 3636 56 420
490 3636 56 420
547 3636 55 420
603 3636 56 420
660 3636 56 420
717 3636 112 420
830 3636 186 420
1017 3636 522 420
1548 3838 1435 414
105 4064 1434 188
