103 119 1486 135
103 256 1486 120
103 379 50 150
155 379 150 150
307 379 59 150
368 379 59 150
429 379 59 150
491 379 58 150
552 379 58 150
613 379 180 150
796 379 290 150
1088 379 501 150
103 531 50 242
155 531 150 30
307 531 59 242
368 531 59 242
429 531 59 242
491 531 58 242
552 531 58 242
613 531 180 242
796 531 290 242
1088 531 501 242
155 595 30 24
155 619 29 109
276 619 29 68
103 775 50 242
155 775 150 242
307 775 59 242
368 775 59 242
429 775 59 242
491 775 58 242
552 775 58 242
613 775 180 242
796 775 290 242
1088 775 501 242
103 1019 50 242
155 1019 150 220
307 1019 59 242
368 1019 59 242
429 1019 59 242
491 1019 58 242
552 1019 58 242
613 1019 180 242
796 1019 290 242
1088 1019 501 242
103 1263 1486 983
