138 165 2244 220
138 387 2244 168
138 557 72 112
212 557 169 112
382 557 197 112
580 557 180 112
762 557 83 112
847 557 140 112
989 557 168 112
1159 557 168 112
1329 557 253 112
1584 557 798 112
138 670 72 225
212 670 169 225
382 670 197 225
580 670 180 225
762 670 83 225
847 670 140 225
989 670 168 225
1159 670 168 225
1329 670 253 225
1584 670 798 225
138 897 72 225
212 897 169 225
382 897 197 225
580 897 180 225
762 897 83 225
847 897 140 225
989 897 168 225
1159 897 168 225
1329 897 253 225
1584 897 798 225
138 1124 2244 111
138 1237 2244 112
138 1350 2244 112
138 1464 2244 112
138 1577 2244 112
138 1691 1123 1528
1263 1691 1119 1528
