4 745 90 294
720 745 112 112
833 745 186 112
1020 745 522 112
2165 745 112 112
2278 745 186 112
2466 745 520 112
3000 745 91 294
1551 758 74 99
493 759 56 98
1938 759 56 98
663 760 56 97
2108 760 56 97
108 763 72 94
436 772 56 85
1882 772 55 85
181 773 56 84
550 773 55 84
606 773 56 84
1626 773 56 84
1995 773 56 84
2052 773 55 84
238 774 197 83
1683 774 197 83
108 859 72 180
181 859 56 180
238 859 197 61
436 859 56 152
493 859 56 180
550 859 55 155
606 859 56 171
663 859 56 156
720 859 112 180
833 859 186 180
1020 859 522 180
1551 859 74 149
1626 859 56 180
1683 859 197 58
1882 859 55 160
1938 859 56 180
1995 859 56 155
2052 859 55 171
2108 859 56 177
2165 859 112 180
2278 859 186 180
2466 859 520 180
468 1017 24 22
4 1039 90 559
108 1039 72 825
181 1039 56 159
493 1039 56 159
720 1039 112 159
833 1039 186 159
1020 1039 522 159
1626 1039 56 155
1938 1039 56 155
2165 1039 112 155
2278 1039 186 155
2466 1039 520 155
3000 1039 91 266
606 1042 56 156
663 1042 56 156
2052 1042 55 152
550 1043 55 155
1995 1043 56 151
2108 1043 56 151
436 1048 56 150
1882 1050 55 144
1551 1051 74 143
238 1141 197 57
1683 1141 197 53
181 1199 56 339
238 1199 197 339
436 1199 56 339
493 1199 56 339
550 1199 55 339
606 1199 56 339
663 1199 56 339
720 1199 112 339
833 1199 186 339
1020 1199 522 339
1551 1202 1435 93
1551 1296 74 128
1626 1296 56 128
1683 1296 197 128
1882 1296 55 128
1938 1296 56 128
1995 1296 56 128
2052 1296 55 128
2108 1296 56 128
2165 1296 112 128
2278 1296 186 128
2466 1296 520 128
3000 1305 92 559
1551 1426 74 438
1626 1426 56 339
1683 1426 197 339
1882 1426 55 339
1938 1426 56 339
1995 1426 56 339
2052 1426 55 339
2108 1426 56 339
2165 1426 112 339
2278 1426 186 339
2466 1426 520 339
181 1539 56 325
238 1539 197 325
436 1539 56 325
493 1539 56 325
550 1539 55 325
606 1539 56 325
663 1539 56 325
720 1539 112 325
833 1539 186 325
1020 1539 522 325
5 1598 89 266
1626 1766 56 98
1683 1766 197 61
1882 1766 55 96
1938 1766 56 98
1995 1766 56 98
2052 1766 55 68
2108 1766 56 98
2165 1766 112 98
2278 1766 186 98
2466 1766 520 98
5 1864 89 294
1551 1864 74 294
1626 1864 56 241
1938 1864 56 241
1995 1864 56 241
2108 1864 56 241
2165 1864 112 241
2278 1864 186 241
2466 1864 520 241
3000 1864 92 294
2052 1865 55 240
1835 1882 45 21
108 1883 1434 92
1882 1907 55 198
108 1976 72 129
181 1976 56 129
238 1976 197 129
436 1976 56 129
493 1976 56 129
550 1976 55 129
606 1976 56 129
663 1976 56 129
720 1976 112 129
833 1976 186 129
1020 1976 522 129
1683 1985 47 44
1852 1994 28 24
1683 2048 197 57
108 2106 72 52
181 2106 56 52
238 2106 197 52
436 2106 56 52
493 2106 56 52
550 2106 55 52
606 2106 56 52
663 2106 56 52
720 2106 112 52
833 2106 186 52
1020 2106 522 52
1626 2106 56 52
1683 2106 197 52
1882 2106 55 52
1938 2106 56 52
1995 2106 56 52
2052 2106 55 52
2108 2106 56 52
2165 2106 112 52
2278 2106 186 52
2466 2106 520 52
5 2158 89 559
108 2158 72 283
181 2158 56 283
238 2158 197 283
436 2158 56 283
493 2158 56 283
550 2158 55 283
606 2158 56 283
663 2158 56 283
720 2158 112 283
833 2158 186 283
1020 2158 522 283
1551 2158 74 283
1626 2158 56 283
1683 2158 197 283
1882 2158 55 283
1938 2158 56 283
1995 2158 56 283
2052 2158 55 283
2108 2158 56 283
2165 2158 112 283
2278 2158 186 283
2466 2158 520 283
3000 2158 92 267
3000 2425 93 559
108 2450 1434 92
1551 2450 1435 534
108 2543 72 129
181 2543 56 129
238 2543 197 129
436 2543 56 129
493 2543 56 129
550 2543 55 129
606 2543 56 129
663 2543 56 129
720 2543 112 129
833 2543 186 129
1020 2543 522 129
108 2673 72 311
181 2673 56 311
238 2673 197 311
436 2673 56 311
493 2673 56 311
550 2673 55 311
606 2673 56 311
663 2673 56 311
720 2673 112 311
833 2673 186 311
1020 2673 522 311
6 2717 88 267
6 2984 88 294
108 2984 72 24
181 2984 56 24
238 2984 197 24
436 2984 56 24
493 2984 56 24
550 2984 55 24
606 2984 56 24
663 2984 56 24
720 2984 112 24
833 2984 186 24
1020 2984 522 24
1551 2984 1435 28
3000 2984 93 294
108 3017 2878 192
108 3209 160 69
2825 3209 161 69
274 3215 551 63
826 3215 1441 63
2268 3215 552 63
6 3278 88 559
108 3278 160 825
274 3278 551 56
826 3278 1441 56
2268 3278 552 56
2825 3278 161 825
3000 3278 93 266
274 3335 551 203
826 3335 1441 203
2268 3335 552 203
274 3539 551 203
826 3539 1441 203
2268 3539 552 203
3000 3544 94 559
274 3744 551 280
826 3744 1441 280
2268 3744 552 280
7 3837 87 266
274 4030 549 73
829 4030 1991 73
