14 89 2877 296
14 386 2877 174
14 569 1434 74
1456 569 1435 103
14 644 49 67
64 644 197 67
262 644 56 67
319 644 55 67
376 644 55 67
432 644 56 67
489 644 56 67
546 644 112 67
659 644 186 67
846 644 602 67
1456 673 52 174
1509 673 198 174
1708 673 55 174
1765 673 55 174
1821 673 56 174
1878 673 56 174
1935 673 55 174
1991 673 113 174
2105 673 186 174
2292 673 599 174
14 712 49 555
64 712 197 555
262 712 56 555
319 712 55 555
376 712 55 555
432 712 56 555
489 712 56 555
546 712 112 555
659 712 186 555
846 712 602 555
1456 848 52 339
1509 848 198 339
1708 848 55 339
1765 848 55 339
1821 848 56 339
1878 848 56 339
1935 848 55 339
1991 848 113 339
2105 848 186 339
2292 848 599 339
1456 1189 52 335
1509 1189 198 335
1708 1189 55 335
1765 1189 55 335
1821 1189 56 335
1878 1189 56 335
1935 1189 55 335
1991 1189 113 335
2105 1189 186 335
2292 1189 599 335
14 1268 49 551
64 1268 197 551
262 1268 56 551
319 1268 55 551
376 1268 55 551
432 1268 56 551
489 1268 56 551
546 1268 112 551
659 1268 186 551
846 1268 602 551
1456 1532 1435 104
1456 1637 52 174
1509 1637 198 174
1708 1637 55 174
1765 1637 55 174
1821 1637 56 174
1878 1637 56 174
1935 1637 55 174
1991 1637 113 174
2105 1637 186 174
2292 1637 599 174
1509 1812 198 335
1708 1812 55 335
1765 1812 55 335
1821 1812 56 335
1878 1812 56 335
1935 1812 55 335
1991 1812 113 335
2105 1812 186 335
2292 1812 599 335
1457 1822 51 325
14 1827 1434 104
14 1932 49 174
64 1932 197 174
262 1932 56 174
319 1932 56 174
376 1932 55 174
432 1932 56 174
489 1932 56 174
546 1932 112 174
659 1932 186 174
846 1932 602 174
14 2107 49 339
64 2107 197 339
262 2107 56 339
319 2107 56 339
376 2107 55 339
432 2107 56 339
489 2107 56 339
546 2107 112 339
659 2107 186 339
846 2107 602 339
1456 2156 1435 103
1456 2261 52 174
1509 2261 198 174
1708 2261 55 174
1765 2261 55 174
1821 2261 56 174
1878 2261 56 174
1935 2261 55 174
1991 2261 113 174
2105 2261 185 174
2292 2261 599 173
1456 2436 52 335
1509 2436 198 335
1708 2436 55 335
1765 2436 55 335
1821 2436 56 335
1878 2436 56 335
1935 2436 55 335
1991 2436 113 335
2105 2436 186 335
2292 2436 599 335
14 2447 49 339
64 2447 197 339
262 2447 56 339
319 2447 56 339
376 2447 55 339
432 2447 56 339
489 2447 56 339
546 2447 112 339
659 2447 186 339
846 2447 602 339
1456 2780 1435 103
14 2787 49 336
64 2787 197 336
262 2787 56 336
319 2787 56 336
376 2787 55 336
432 2787 56 336
489 2787 56 336
546 2787 112 336
659 2787 186 336
846 2787 602 336
1456 2884 52 174
1509 2884 198 174
1708 2884 55 174
1765 2884 55 174
1821 2884 56 174
1878 2884 56 174
1935 2884 55 174
1991 2884 113 174
2105 2884 185 174
2292 2885 599 173
1456 3059 52 67
1509 3059 198 336
1708 3059 55 336
1765 3059 55 336
1821 3059 56 336
1878 3059 56 336
1935 3059 55 336
1991 3059 113 336
2105 3059 186 336
2292 3060 599 335
1457 3126 51 269
14 3131 1434 104
14 3236 52 174
67 3236 197 174
265 3236 56 174
322 3236 55 174
378 3236 56 174
435 3236 56 174
492 3236 55 174
549 3236 112 174
662 3236 186 174
849 3236 599 174
1456 3403 1435 347
14 3411 52 335
67 3411 197 335
265 3411 56 335
322 3411 55 335
378 3411 56 335
435 3411 56 335
492 3411 55 335
549 3411 112 335
662 3411 186 335
849 3411 599 335
1457 3750 1434 379
14 3755 1434 374
