14 89 2878 214
14 304 2878 114
14 427 1435 72
1457 427 1435 72
14 501 72 102
87 501 56 102
144 501 197 102
342 501 56 102
399 501 55 102
455 501 56 102
512 501 56 102
569 501 55 102
626 501 140 102
767 501 198 102
966 501 483 102
1457 501 75 102
1533 501 55 102
1590 501 197 102
1788 501 56 102
1845 501 55 102
1901 501 56 102
1958 501 56 102
2015 501 55 102
2071 501 141 102
2213 501 197 102
2412 501 480 102
14 604 72 276
87 604 56 276
144 604 197 276
342 604 56 276
399 604 55 276
455 604 56 276
512 604 56 276
569 604 55 276
626 604 140 276
767 604 198 276
966 604 483 276
1457 604 75 276
1533 604 55 276
1590 604 197 276
1788 604 56 276
1845 604 55 276
1901 604 56 276
1958 604 56 276
2015 604 55 276
2071 604 141 276
2213 604 197 276
2412 604 480 276
1457 888 1435 73
14 889 1435 72
14 963 72 102
87 963 56 102
144 963 197 102
342 963 56 102
399 963 56 102
456 963 55 102
513 963 55 102
569 963 56 102
626 963 141 102
768 963 197 102
966 963 483 102
1457 963 75 102
1533 963 55 102
1590 963 197 102
1788 963 56 102
1845 963 55 102
1901 963 56 102
1958 963 56 102
2015 963 55 102
2071 963 141 102
2213 963 197 102
2412 963 480 102
14 1066 72 276
87 1066 56 276
144 1066 197 276
342 1066 56 276
399 1066 56 276
456 1066 55 276
513 1066 55 276
569 1066 56 276
626 1066 141 276
768 1066 197 276
966 1066 483 276
1457 1066 75 276
1533 1066 55 276
1590 1066 197 276
1788 1066 56 276
1845 1066 55 276
1901 1066 56 276
1958 1066 56 276
2015 1066 55 276
2071 1066 141 276
2213 1066 197 276
2412 1066 480 276
14 1351 1435 72
1457 1351 1435 72
14 1425 72 102
87 1425 56 102
144 1425 197 102
342 1425 56 102
399 1425 56 102
456 1425 55 102
512 1425 56 102
569 1425 56 102
626 1425 140 102
767 1425 198 102
966 1425 483 102
1457 1425 75 102
1533 1425 55 102
1590 1425 197 102
1788 1425 56 102
1845 1425 55 102
1901 1425 56 102
1958 1425 56 102
2015 1425 55 102
2071 1425 141 102
2213 1425 197 102
2412 1425 480 102
14 1528 72 557
87 1528 56 280
144 1528 197 280
342 1528 56 280
399 1528 56 280
456 1528 55 280
512 1528 56 280
569 1528 56 280
626 1528 140 280
767 1528 198 280
966 1528 483 280
1457 1528 75 557
1533 1528 55 280
1590 1528 197 280
1788 1528 56 280
1845 1528 55 280
1901 1528 56 280
1958 1528 56 280
2015 1528 55 280
2071 1528 141 280
2213 1528 197 280
2412 1528 480 280
87 1809 56 276
144 1809 197 276
342 1809 56 276
399 1809 56 276
456 1809 55 276
512 1809 56 276
569 1809 56 276
626 1809 140 276
767 1809 198 276
966 1809 483 276
1533 1809 55 276
1590 1809 197 276
1788 1809 56 276
1845 1809 55 276
1901 1809 56 276
1958 1809 56 276
2015 1809 55 276
2071 1809 141 276
2213 1809 197 276
2412 1809 480 276
14 2093 1435 73
1457 2093 1435 73
14 2167 72 103
87 2167 56 103
144 2167 197 103
342 2167 56 103
399 2167 56 103
456 2167 55 103
512 2167 56 103
569 2167 56 103
626 2167 140 103
767 2167 198 103
966 2167 483 103
1457 2167 75 103
1533 2167 55 103
1590 2167 197 103
1788 2167 56 103
1845 2167 55 103
1901 2167 56 103
1958 2167 56 103
2015 2167 55 103
2071 2167 141 103
2213 2167 197 103
2412 2167 480 103
14 2271 72 1118
87 2271 56 279
144 2271 197 279
342 2271 56 279
399 2271 56 279
456 2271 55 279
512 2271 56 279
569 2271 56 279
626 2271 140 279
767 2271 198 279
966 2271 483 279
1457 2271 75 556
1533 2271 55 279
1590 2271 197 279
1788 2271 56 279
1845 2271 55 279
1901 2271 56 279
1958 2271 56 279
2015 2271 55 279
2071 2271 141 279
2213 2271 197 279
2412 2271 480 279
87 2551 56 280
144 2551 197 280
342 2551 56 280
399 2551 56 280
456 2551 55 280
512 2551 56 280
569 2551 56 280
626 2551 140 280
767 2551 198 280
966 2551 483 280
1533 2551 55 276
1590 2551 197 276
1788 2551 56 276
1845 2551 55 276
1901 2551 56 276
1958 2551 56 276
2015 2551 55 276
2071 2551 141 276
2213 2551 197 276
2412 2551 480 276
87 2832 56 280
144 2832 197 280
342 2832 56 280
399 2832 56 280
456 2832 55 280
512 2832 56 280
569 2832 56 280
626 2832 140 280
767 2832 198 280
966 2832 483 280
1457 2836 1435 73
1457 2910 75 102
1533 2910 55 102
1590 2910 197 102
1788 2910 56 102
1845 2910 55 102
1901 2910 56 102
1958 2910 56 102
2015 2910 55 102
2071 2910 141 102
2213 2910 197 102
2412 2910 480 102
1533 3013 55 280
1590 3013 197 280
1788 3013 56 280
1845 3013 55 280
1901 3013 56 280
1958 3013 56 280
2015 3013 55 280
2071 3013 141 280
2213 3013 197 280
2412 3013 480 280
1457 3014 75 556
87 3113 56 276
144 3113 197 276
342 3113 56 276
399 3113 56 276
456 3113 55 276
512 3113 56 276
569 3113 56 276
626 3113 140 276
767 3113 198 276
966 3113 483 276
1533 3294 55 276
1590 3294 197 276
1788 3294 56 276
1845 3294 55 276
1901 3294 56 276
1958 3294 56 276
2015 3294 55 276
2071 3294 141 276
2213 3294 197 276
2412 3294 480 276
14 3397 1435 73
14 3471 72 102
87 3471 56 102
144 3471 197 102
342 3471 56 102
399 3471 56 102
456 3471 55 102
512 3471 56 102
569 3471 56 102
626 3471 140 102
767 3471 198 102
966 3471 483 102
14 3575 72 554
87 3575 56 279
144 3575 197 279
342 3575 56 279
399 3575 56 279
456 3575 55 279
512 3575 56 279
569 3575 56 279
626 3575 140 279
767 3575 198 279
966 3575 483 279
1457 3579 1435 550
87 3855 56 274
144 3855 197 274
342 3855 56 274
399 3855 56 274
456 3855 55 274
512 3855 56 274
569 3855 56 274
626 3855 140 274
767 3855 198 274
966 3855 483 274
