11 12 2255 207
11 222 2255 174
11 399 83 240
97 399 240 240
340 399 94 240
437 399 95 240
534 399 95 240
632 399 94 240
729 399 94 240
826 399 288 240
1117 399 443 240
1563 399 703 240
11 642 83 310
340 642 94 310
437 642 95 310
534 642 95 310
632 642 94 310
729 642 94 310
826 642 288 310
1117 642 443 310
1563 642 703 310
11 955 83 310
340 955 94 310
437 955 95 310
534 955 95 310
632 955 94 310
729 955 94 310
826 955 288 310
1117 955 443 310
1563 955 703 310
11 1268 83 306
340 1268 94 306
437 1268 95 306
534 1268 95 306
632 1268 94 306
729 1268 94 306
826 1268 288 306
1117 1268 443 306
1563 1268 703 306
11 1586 2255 1636
