62 133 1633 129
62 265 1633 192
62 459 55 86
119 459 196 86
318 459 54 86
374 459 55 86
431 459 54 86
488 459 54 86
544 459 55 86
601 459 239 86
842 459 262 86
1106 459 589 86
62 548 55 340
119 548 196 340
318 548 54 340
374 548 55 340
431 548 54 340
488 548 54 340
544 548 55 340
601 548 239 340
842 548 262 340
1106 548 589 340
62 891 55 341
119 891 196 46
318 891 54 341
374 891 55 341
431 891 54 341
488 891 54 341
544 891 55 341
601 891 239 341
842 891 262 341
1106 891 589 341
119 1043 45 25
119 1204 196 28
62 1234 1633 1099
