138 165 2244 220
138 387 2244 168
138 557 72 112
212 557 169 112
382 557 197 112
580 557 180 112
762 557 83 112
847 557 140 112
989 557 168 112
1159 557 168 112
1329 557 253 112
1584 557 798 112
138 670 72 339
212 670 169 339
382 670 197 339
580 670 180 339
762 670 83 339
847 670 140 339
989 670 168 339
1159 670 168 339
1329 670 253 339
1584 670 798 339
138 1010 72 339
212 1010 169 339
382 1010 197 339
580 1010 180 339
762 1010 83 339
847 1010 140 339
989 1010 168 339
1159 1010 168 339
1329 1010 253 339
1584 1010 798 339
138 1350 2244 112
138 1464 2244 111
138 1577 1123 1529
1263 1577 1119 1529
