11 12 2255 207
11 222 2255 174
11 399 82 240
96 399 240 240
339 399 94 240
436 399 94 240
533 399 94 240
630 399 94 240
727 399 95 240
824 399 289 240
1116 399 442 240
1561 399 705 240
11 642 82 310
339 642 94 310
436 642 94 310
533 642 94 310
630 642 94 310
727 642 95 310
824 642 289 310
1116 642 442 310
1561 642 705 310
96 715 63 22
277 738 59 98
96 739 60 98
97 870 30 44
305 890 31 48
11 955 82 310
339 955 94 310
436 955 94 310
533 955 94 310
630 955 94 310
727 955 95 310
824 955 289 310
1116 955 442 310
1561 955 705 310
311 1030 25 54
96 1031 33 52
96 1086 31 140
313 1086 23 145
11 1268 82 306
339 1268 94 306
436 1268 94 306
533 1268 94 306
630 1268 94 306
727 1268 95 306
824 1268 289 306
1116 1268 442 306
1561 1268 705 306
293 1334 43 43
96 1346 51 28
96 1384 46 93
296 1385 40 133
304 1524 32 23
96 1525 28 26
11 1586 2255 1636
