8 8 1601 132
8 142 1601 128
8 272 51 168
61 272 168 168
231 272 64 168
297 272 63 168
362 272 64 168
428 272 63 168
493 272 63 168
558 272 206 168
766 272 292 168
1060 272 549 168
8 442 51 338
61 442 168 338
231 442 64 338
297 442 63 338
362 442 64 338
428 442 63 338
493 442 63 338
558 442 206 338
766 442 292 338
1060 442 549 338
8 782 51 335
61 782 168 242
231 782 64 335
297 782 63 335
362 782 64 335
428 782 63 335
493 782 63 335
558 782 206 335
766 782 292 335
1060 782 549 335
61 1034 168 83
8 1125 1601 1194
