45 136 1592 179
45 318 1592 293
45 613 49 62
97 613 245 62
345 613 99 62
446 613 71 62
520 613 71 62
593 613 71 62
666 613 71 62
740 613 154 62
896 613 249 62
1148 613 489 62
45 678 49 368
97 678 245 53
344 678 100 368
446 678 71 368
519 678 72 368
593 678 71 368
666 678 71 368
739 678 155 368
896 678 249 368
1148 678 489 368
97 781 51 43
289 791 53 35
295 832 47 86
97 839 46 104
45 1048 49 368
97 1048 245 369
344 1048 100 369
446 1048 71 369
519 1048 72 369
593 1048 71 369
666 1048 71 369
739 1048 155 368
896 1048 249 369
1148 1048 489 368
446 1418 292 827
45 1419 401 826
738 1419 899 826
