13 12 1574 94
13 110 1574 110
13 224 60 115
76 224 229 115
308 224 88 115
399 224 54 115
456 224 53 115
512 224 54 115
569 224 54 115
626 224 241 115
870 224 240 115
1113 224 474 115
13 343 60 336
76 343 229 32
308 343 88 336
399 343 54 336
456 343 53 336
512 343 54 336
569 343 54 336
626 343 241 336
870 343 240 336
1113 343 474 336
13 683 60 336
76 683 229 336
308 683 88 336
399 683 54 336
456 683 53 336
512 683 54 336
569 683 54 336
626 683 241 336
870 683 240 336
1113 683 474 336
13 1023 521 1245
537 1023 526 1245
1066 1023 521 1245
