105 124 1463 152
105 278 1463 213
105 494 61 65
169 494 212 65
384 494 76 65
463 494 57 65
523 494 43 65
569 494 53 65
625 494 58 65
686 494 111 65
799 494 167 65
968 494 600 65
105 562 61 337
169 562 212 337
384 562 76 337
463 562 57 337
523 562 43 337
569 562 53 337
625 562 58 337
686 562 111 337
799 562 167 337
968 562 600 337
105 902 61 337
169 902 212 337
384 902 76 337
463 902 57 337
523 902 43 337
569 902 53 337
625 902 58 337
686 902 111 337
799 902 167 337
968 902 600 337
105 1241 730 1438
838 1241 730 1438
