123 228 1435 82
1566 228 1435 82
123 311 72 136
196 311 56 136
253 311 197 136
451 311 56 136
508 311 56 136
565 311 55 136
621 311 56 136
678 311 56 136
735 311 112 136
848 311 186 136
1035 311 523 136
1566 311 75 136
1642 311 56 136
1699 311 197 136
1897 311 56 136
1954 311 55 136
2011 311 55 136
2067 311 56 136
2124 311 55 136
2181 311 112 136
2294 311 186 136
2481 311 520 136
123 448 72 279
196 448 56 279
253 448 197 279
451 448 56 279
508 448 56 279
565 448 55 279
621 448 56 279
678 448 56 279
735 448 112 279
848 448 186 279
1035 448 523 279
1566 448 75 563
1642 448 56 283
1699 448 197 283
1897 448 56 283
1954 448 55 283
2011 448 55 283
2067 448 56 283
2124 448 55 283
2181 448 112 283
2294 448 186 283
2481 448 520 283
1642 732 56 279
1699 732 197 279
1897 732 56 279
1954 732 55 279
2011 732 55 279
2067 732 56 279
2124 732 55 279
2181 732 112 279
2294 732 186 279
2481 732 520 279
123 736 72 275
196 736 56 275
253 736 197 275
451 736 56 275
508 736 56 275
565 736 55 275
621 736 56 275
678 736 56 275
735 736 112 275
848 736 186 275
1035 736 523 275
123 1019 72 558
196 1019 56 279
253 1019 197 279
451 1019 56 279
508 1019 56 279
565 1019 55 279
622 1019 55 279
678 1019 56 279
735 1019 112 279
848 1019 186 279
1035 1019 523 279
1566 1019 75 275
1642 1019 56 275
1699 1019 197 275
1897 1019 56 275
1954 1019 55 275
2011 1019 55 275
2067 1019 56 275
2124 1019 55 275
2181 1019 112 275
2294 1019 186 275
2481 1019 520 275
196 1299 56 278
253 1299 197 278
451 1299 56 278
508 1299 56 278
565 1299 55 278
622 1299 55 278
678 1299 56 278
735 1299 112 278
848 1299 186 278
1035 1299 523 278
1566 1303 75 841
1642 1303 56 278
1699 1303 197 278
1897 1303 56 278
1954 1303 55 278
2011 1303 55 278
2067 1303 56 278
2124 1303 55 278
2181 1303 112 278
2294 1303 186 278
2481 1303 520 278
1642 1582 56 283
1699 1582 197 283
1897 1582 56 283
1954 1582 55 283
2011 1582 55 283
2067 1582 56 283
2124 1582 55 283
2181 1582 112 283
2294 1582 186 283
2481 1582 520 283
123 1586 72 558
196 1586 56 279
253 1586 197 279
451 1586 56 279
508 1586 56 279
565 1586 55 279
622 1586 55 279
678 1586 56 279
735 1586 112 279
848 1586 186 279
1035 1586 523 279
196 1866 56 278
253 1866 197 278
451 1866 56 278
508 1866 56 278
565 1866 55 278
622 1866 55 278
678 1866 56 278
735 1866 112 278
848 1866 186 278
1035 1866 523 278
1642 1866 56 278
1699 1866 197 278
1897 1866 56 278
1954 1866 55 278
2011 1866 55 278
2067 1866 56 278
2124 1866 55 278
2181 1866 112 278
2294 1866 186 278
2481 1866 520 278
123 2153 72 275
196 2153 56 275
253 2153 197 275
451 2153 56 275
508 2153 56 275
565 2153 55 275
622 2153 55 275
678 2153 56 275
735 2153 112 275
848 2153 186 275
1035 2153 523 275
1566 2153 75 275
1642 2153 56 275
1699 2153 197 275
1897 2153 56 275
1954 2153 55 275
2011 2153 55 275
2067 2153 56 275
2124 2153 55 275
2181 2153 112 275
2294 2153 186 275
2481 2153 520 275
123 2436 72 279
196 2436 56 279
253 2436 197 279
451 2436 56 279
508 2436 56 279
565 2436 55 279
622 2436 55 279
678 2436 56 279
735 2436 112 279
848 2436 186 279
1035 2436 523 279
1566 2436 75 559
1642 2436 56 279
1699 2436 197 279
1897 2436 56 279
1954 2436 55 279
2011 2436 55 279
2067 2436 56 279
2124 2436 55 279
2181 2436 112 279
2294 2436 186 279
2481 2436 520 279
123 2716 72 1129
196 2716 56 282
253 2716 197 282
451 2716 56 282
508 2716 56 282
565 2716 55 282
622 2716 55 282
678 2716 56 282
735 2716 112 282
848 2716 186 282
1035 2716 523 282
1642 2716 56 279
1699 2716 197 279
1897 2716 56 279
1954 2716 55 279
2011 2716 55 279
2067 2716 56 279
2124 2716 55 279
2181 2716 112 279
2294 2716 186 279
2481 2716 520 279
196 3000 56 282
253 3000 197 282
451 3000 56 282
508 3000 56 282
565 3000 55 282
622 3000 55 282
678 3000 56 282
735 3000 112 282
848 3000 186 282
1035 3000 523 282
1566 3003 75 842
1642 3003 56 279
1699 3003 197 279
1897 3003 56 279
1954 3003 55 279
2011 3003 55 279
2067 3003 56 279
2124 3003 55 279
2181 3003 112 279
2294 3003 186 279
2481 3003 520 279
196 3283 56 282
253 3283 197 282
451 3283 56 282
508 3283 56 282
565 3283 55 282
622 3283 55 282
678 3283 56 282
735 3283 112 282
848 3283 186 282
1035 3283 523 282
1642 3283 56 282
1699 3283 197 282
1897 3283 56 282
1954 3283 55 282
2011 3283 55 282
2067 3283 56 282
2124 3283 55 282
2181 3283 112 282
2294 3283 186 282
2481 3283 520 282
196 3567 56 278
253 3567 197 278
451 3567 56 278
508 3567 56 278
565 3567 55 278
622 3567 55 278
678 3567 56 278
735 3567 112 278
848 3567 186 278
1035 3567 523 278
1642 3567 56 278
1699 3567 197 278
1897 3567 56 278
1954 3567 55 278
2011 3567 55 278
2067 3567 56 278
2124 3567 55 278
2181 3567 112 278
2294 3567 186 278
2481 3567 520 278
123 3854 1435 414
1566 3854 75 275
1642 3854 56 275
1699 3854 197 275
1897 3854 56 275
1954 3854 55 275
2011 3854 55 275
2067 3854 56 275
2124 3854 55 275
2181 3854 112 275
2294 3854 186 275
2481 3854 520 275
1566 4137 1435 131
