11 12 2256 202
11 217 2256 174
11 394 81 240
94 394 240 240
337 394 95 240
434 394 95 240
532 394 94 240
629 394 94 240
726 394 94 240
823 394 289 240
1115 394 442 240
1560 394 707 240
11 636 81 442
94 636 240 77
337 636 95 442
434 636 95 442
532 636 94 442
629 636 94 442
726 636 94 442
823 636 289 442
1115 636 442 442
1560 636 707 442
94 775 55 24
287 779 47 23
94 812 49 105
293 812 41 91
94 1014 73 64
222 1014 112 64
11 1081 81 438
94 1081 240 73
337 1081 95 438
434 1081 95 438
532 1081 94 438
629 1081 94 438
726 1081 94 438
823 1081 289 438
1115 1081 442 438
1560 1081 707 438
94 1214 44 29
289 1222 45 117
94 1243 43 91
94 1456 240 63
11 1530 2256 1692
