14 88 2877 248
14 337 2877 158
14 504 1434 104
1456 504 1435 104
14 610 71 144
87 610 55 144
143 610 197 144
342 610 55 144
398 610 56 144
455 610 55 144
512 610 55 144
568 610 56 144
625 610 112 144
739 610 185 144
926 610 522 144
1456 610 75 144
1532 610 56 144
1589 610 197 144
1787 610 56 144
1844 610 55 144
1901 610 55 144
1957 610 56 144
2014 610 56 144
2071 610 112 144
2184 610 186 144
2371 610 520 144
14 755 72 931
87 755 56 311
144 755 197 311
342 755 56 311
399 755 56 311
456 755 55 311
512 755 56 311
569 755 56 311
626 755 112 311
739 755 186 311
926 755 522 311
1456 755 75 1243
1532 755 56 311
1589 755 197 311
1787 755 56 311
1844 755 56 311
1901 755 55 311
1957 755 56 311
2014 755 56 311
2071 755 112 311
2184 755 186 311
2371 755 520 311
87 1067 56 311
144 1067 197 311
342 1067 56 311
399 1067 56 311
456 1067 55 311
512 1067 56 311
569 1067 56 311
626 1067 112 311
739 1067 186 311
926 1067 522 311
1532 1067 56 311
1589 1067 197 311
1787 1067 56 311
1844 1067 56 311
1901 1067 55 311
1957 1067 56 311
2014 1067 56 311
2071 1067 112 311
2184 1067 186 311
2371 1067 520 311
87 1379 56 307
144 1379 197 307
342 1379 56 307
399 1379 56 307
456 1379 55 307
512 1379 56 307
569 1379 56 307
626 1379 112 307
739 1379 186 307
926 1379 522 307
1532 1379 56 311
1589 1379 197 311
1787 1379 56 311
1844 1379 56 311
1901 1379 55 311
1957 1379 56 311
2014 1379 56 311
2071 1379 112 311
2184 1379 186 311
2371 1379 520 311
1532 1691 56 307
1589 1691 197 307
1787 1691 56 307
1844 1691 56 307
1901 1691 55 307
1957 1691 56 307
2014 1691 56 307
2071 1691 112 307
2184 1691 186 307
2371 1691 520 307
14 1694 1434 105
14 1800 71 145
87 1800 55 145
143 1800 197 145
342 1800 55 145
398 1800 56 145
455 1800 55 145
512 1800 55 145
568 1800 56 145
625 1800 112 145
739 1800 185 145
926 1800 522 145
14 1946 71 930
87 1946 55 310
143 1946 197 310
341 1946 56 310
398 1946 55 310
454 1946 56 310
511 1946 56 310
568 1946 55 310
625 1946 112 310
738 1946 186 310
925 1946 523 310
1456 2006 1435 105
1456 2112 75 144
1532 2112 56 144
1589 2112 197 144
1787 2112 56 144
1844 2112 55 144
1901 2112 55 144
1957 2112 56 144
2014 2112 56 144
2071 2112 112 144
2184 2112 186 144
2371 2112 520 144
87 2258 55 310
143 2258 197 310
341 2258 56 310
398 2258 55 310
454 2258 56 310
511 2258 56 310
568 2258 55 310
625 2258 112 310
738 2258 186 310
925 2258 523 310
1456 2258 75 618
1532 2258 56 310
1589 2258 197 310
1787 2258 56 310
1844 2258 56 310
1901 2258 55 310
1957 2258 56 310
2014 2258 56 310
2071 2258 112 310
2184 2258 186 310
2371 2258 520 310
87 2569 55 307
143 2569 197 307
341 2569 56 307
398 2569 55 307
454 2569 56 307
511 2569 56 307
568 2569 55 307
625 2569 112 307
738 2569 186 307
925 2569 523 307
1532 2569 56 307
1589 2569 197 307
1787 2569 56 307
1844 2569 56 307
1901 2569 55 307
1957 2569 56 307
2014 2569 56 307
2071 2569 112 307
2184 2569 186 307
2371 2569 520 307
14 2885 2877 1243
