10 9 1541 188
10 201 1541 150
10 356 55 229
67 356 202 229
271 356 55 229
328 356 55 229
384 356 55 229
441 356 55 229
498 356 55 229
554 356 191 229
747 356 276 229
1025 356 526 229
10 587 55 250
271 587 55 250
328 587 55 250
384 587 55 250
441 587 55 250
498 587 55 250
554 587 191 250
747 587 276 250
1025 587 526 250
242 652 27 159
67 654 24 159
10 839 55 250
271 839 55 250
328 839 55 250
384 839 55 250
441 839 55 250
498 839 55 250
554 839 191 250
747 839 276 250
1025 839 526 250
237 906 32 116
67 909 32 112
10 1091 1541 1100
