123 153 1968 197
123 353 1968 218
123 574 107 179
232 574 213 179
448 574 111 179
561 574 111 179
675 574 110 179
788 574 111 179
901 574 111 179
1015 574 241 179
1259 574 241 179
1502 574 589 179
123 755 107 338
232 755 213 338
448 755 111 338
561 755 111 338
675 755 110 338
788 755 111 338
901 755 111 338
1015 755 241 338
1259 755 241 338
1502 755 589 338
123 1095 107 338
232 1095 213 338
448 1095 111 338
561 1095 111 338
675 1095 110 338
788 1095 111 338
901 1095 111 338
1015 1095 241 338
1259 1095 241 338
1502 1095 589 338
123 1436 1968 1248
