11 12 1463 151
11 166 1463 213
11 382 61 65
75 382 212 65
290 382 76 65
369 382 57 65
429 382 43 65
475 382 54 65
531 382 58 65
592 382 111 65
705 382 167 65
874 382 600 65
11 450 61 337
75 450 212 337
290 450 76 337
369 450 57 337
429 450 43 337
475 450 54 337
531 450 58 337
592 450 111 337
705 450 167 337
874 450 600 337
11 790 61 337
75 790 212 337
290 790 76 337
369 790 57 337
429 790 43 337
475 790 54 337
531 790 58 337
592 790 111 337
705 790 167 337
874 790 600 337
11 1130 730 1439
744 1130 730 1439
