14 88 2877 277
14 366 2877 193
14 568 1434 109
1457 568 1434 109
14 678 71 174
86 678 56 174
143 678 197 174
342 678 55 174
398 678 56 174
455 678 56 174
512 678 55 174
568 678 56 174
625 678 112 174
738 678 186 174
926 678 522 174
1457 678 74 174
1532 678 56 174
1589 678 197 174
1787 678 56 174
1844 678 56 174
1901 678 55 174
1957 678 56 174
2014 678 56 174
2071 678 112 174
2184 678 186 174
2371 678 520 174
14 853 72 2121
87 853 55 424
143 853 198 424
342 853 55 424
398 853 56 424
455 853 56 424
512 853 55 424
569 853 55 424
625 853 113 424
739 853 186 424
926 853 522 424
1457 853 74 420
1532 853 56 420
1589 853 197 420
1787 853 56 420
1844 853 56 420
1901 853 55 420
1957 853 56 420
2014 853 56 420
2071 853 112 420
2184 853 186 420
2371 853 520 420
87 1278 55 424
143 1278 198 424
342 1278 55 424
398 1278 56 424
455 1278 56 424
512 1278 55 424
569 1278 55 424
625 1278 113 424
739 1278 186 424
926 1278 522 424
1457 1282 1434 109
1457 1392 74 174
1532 1392 56 174
1589 1392 197 174
1787 1392 56 174
1844 1392 56 174
1901 1392 55 174
1957 1392 56 174
2014 1392 56 174
2071 1392 112 174
2184 1392 186 174
2371 1392 520 174
1457 1567 74 421
1532 1567 56 421
1589 1567 197 421
1787 1567 56 421
1844 1567 56 421
1901 1567 55 421
1957 1567 56 421
2014 1567 56 421
2071 1567 112 421
2184 1567 186 421
2371 1567 520 421
87 1704 55 424
143 1704 198 424
342 1704 55 424
398 1704 56 424
455 1704 56 424
512 1704 55 424
569 1704 55 424
625 1704 113 424
739 1704 186 424
926 1704 522 424
1457 1996 1434 110
1457 2107 74 174
1532 2107 56 174
1589 2107 197 174
1787 2107 56 174
1844 2107 56 174
1901 2107 55 174
1957 2107 56 174
2014 2107 56 174
2071 2107 112 174
2184 2107 186 174
2371 2107 520 174
87 2129 55 424
143 2129 198 424
342 2129 55 424
398 2129 56 424
455 2129 56 424
512 2129 55 424
569 2129 55 424
625 2129 113 424
739 2129 186 424
926 2129 522 424
1457 2282 74 420
1532 2282 56 420
1589 2282 197 420
1787 2282 56 420
1844 2282 56 420
1901 2282 55 420
1957 2282 56 420
2014 2282 56 420
2071 2282 112 420
2184 2282 186 420
2371 2282 520 420
87 2554 55 420
143 2554 198 420
342 2554 55 420
398 2554 56 420
455 2554 56 420
512 2554 55 420
569 2554 55 420
625 2554 113 420
739 2554 186 420
926 2554 522 420
1457 2711 1434 109
1457 2821 74 174
1532 2821 56 174
1589 2821 197 174
1787 2821 56 174
1844 2821 56 174
1901 2821 55 174
1957 2821 56 174
2014 2821 56 174
2071 2821 112 174
2184 2821 186 174
2371 2821 520 174
14 2983 1434 109
1457 2996 74 420
1532 2996 56 420
1589 2996 197 420
1787 2996 56 420
1844 2996 56 420
1901 2996 55 420
1957 2996 56 420
2014 2996 56 420
2071 2996 112 420
2184 2996 186 420
2371 2996 520 420
14 3093 71 174
86 3093 56 174
143 3093 197 174
342 3093 55 174
398 3093 56 174
455 3093 56 174
512 3093 55 174
568 3093 56 174
625 3093 112 174
738 3093 186 174
926 3093 522 174
14 3268 71 849
86 3268 56 424
143 3268 197 424
342 3268 55 424
398 3268 56 424
455 3268 56 424
512 3268 55 424
568 3268 56 424
625 3268 112 424
738 3268 186 424
926 3268 522 424
1457 3425 1434 109
1457 3535 74 174
1532 3535 56 174
1589 3535 197 174
1787 3535 56 174
1844 3535 56 174
1901 3535 55 174
1957 3535 56 174
2014 3535 56 174
2071 3535 112 174
2184 3535 186 174
2371 3535 520 174
86 3693 56 424
143 3693 197 424
342 3693 55 424
398 3693 56 424
455 3693 56 424
512 3693 55 424
568 3693 56 424
625 3693 112 424
738 3693 186 424
926 3693 522 424
1457 3710 74 418
1532 3710 56 418
1589 3710 197 418
1787 3710 56 418
1844 3710 56 418
1901 3710 55 418
1957 3710 56 418
2014 3710 56 418
2071 3710 112 418
2184 3710 186 418
2371 3710 520 418
