107 212 2878 416
107 630 2878 221
107 863 1436 115
1549 863 1436 115
107 979 71 161
180 979 55 161
236 979 197 161
435 979 55 161
491 979 56 161
548 979 55 161
605 979 55 161
661 979 56 161
718 979 112 161
832 979 185 161
1019 979 524 161
1549 979 75 161
1625 979 55 161
1682 979 197 161
1880 979 56 161
1937 979 55 161
1994 979 55 161
2050 979 56 161
2107 979 55 161
2164 979 112 161
2277 979 186 161
2464 979 521 161
107 1141 71 449
179 1141 56 449
236 1141 197 449
435 1141 55 449
491 1141 56 449
548 1141 55 449
605 1141 55 449
661 1141 56 449
718 1141 112 449
831 1141 186 449
1019 1141 524 449
1549 1141 75 902
1625 1141 56 452
1682 1141 197 452
1880 1141 56 452
1937 1141 55 452
1994 1141 55 452
2050 1141 56 452
2107 1141 56 452
2164 1141 112 452
2277 1141 186 452
2464 1141 521 452
1625 1595 56 448
1682 1595 197 448
1880 1595 56 448
1937 1595 55 448
1994 1595 55 448
2050 1595 56 448
2107 1595 56 448
2164 1595 112 448
2277 1595 186 448
2464 1595 521 448
107 1598 1436 117
107 1716 71 161
180 1716 55 161
236 1716 197 161
435 1716 55 161
491 1716 56 161
548 1716 55 161
605 1716 55 161
661 1716 56 161
718 1716 112 161
832 1716 185 161
1019 1716 524 161
107 1878 71 902
179 1878 56 452
236 1878 197 452
435 1878 55 452
491 1878 56 452
548 1878 55 452
605 1878 55 452
661 1878 56 452
718 1878 112 452
831 1878 186 452
1019 1878 524 452
1549 2052 1436 728
179 2332 56 448
236 2332 197 448
435 2332 55 448
491 2332 56 448
548 2332 55 448
605 2332 55 448
661 2332 56 448
718 2332 112 448
831 2332 186 448
1019 2332 524 448
107 2789 2878 1463
