44 136 1593 179
44 317 1593 293
44 613 50 62
97 613 245 62
344 613 100 62
446 613 71 62
519 613 71 62
593 613 71 62
666 613 71 62
739 613 155 62
896 613 249 62
1148 613 489 62
44 677 50 430
97 677 245 430
344 677 100 430
446 677 71 430
519 677 72 430
593 677 71 430
666 677 71 430
739 677 155 430
896 677 249 430
1148 677 489 430
44 1110 50 430
97 1110 245 82
344 1110 100 430
446 1110 71 430
519 1110 72 430
593 1110 71 430
666 1110 71 430
739 1110 155 430
896 1110 249 430
1148 1110 489 430
97 1500 245 40
44 1542 1593 702
