14 89 2877 241
14 331 2877 143
14 483 1434 95
1457 483 1434 95
14 580 71 153
86 580 56 153
143 580 197 153
342 580 55 153
398 580 56 153
455 580 56 153
512 580 55 153
568 580 56 153
625 580 112 153
738 580 186 153
926 580 522 153
1457 580 74 153
1532 580 56 153
1589 580 197 153
1787 580 56 153
1844 580 56 153
1901 580 55 153
1957 580 56 153
2014 580 56 153
2071 580 112 153
2184 580 186 153
2371 580 520 153
14 734 71 846
86 734 56 424
143 734 197 424
342 734 55 424
398 734 56 424
455 734 56 424
512 734 55 424
568 734 56 424
625 734 112 424
738 734 186 424
926 734 522 424
1457 734 74 846
1532 734 56 424
1589 734 197 424
1787 734 56 424
1844 734 56 424
1901 734 55 424
1957 734 56 424
2014 734 56 424
2071 734 112 424
2184 734 186 424
2371 734 520 424
86 1159 56 421
143 1159 197 421
342 1159 55 421
398 1159 56 421
455 1159 56 421
512 1159 55 421
568 1159 56 421
625 1159 112 421
738 1159 186 421
926 1159 522 421
1532 1159 56 421
1589 1159 197 421
1787 1159 56 421
1844 1159 56 421
1901 1159 55 421
1957 1159 56 421
2014 1159 56 421
2071 1159 112 421
2184 1159 186 421
2371 1159 520 421
14 1588 71 842
86 1588 56 420
143 1588 197 420
342 1588 55 420
398 1588 56 420
455 1588 56 420
512 1588 55 420
568 1588 56 420
625 1588 112 420
738 1588 186 420
926 1588 522 420
1457 1588 74 1267
1532 1588 56 420
1589 1588 197 420
1787 1588 56 420
1844 1588 56 420
1901 1588 55 420
1957 1588 56 420
2014 1588 56 420
2071 1588 112 420
2184 1588 186 420
2371 1588 520 420
86 2010 56 420
143 2010 197 420
342 2010 55 420
398 2010 56 420
455 2010 56 420
512 2010 55 420
568 2010 56 420
625 2010 112 420
738 2010 186 420
926 2010 522 420
1532 2010 56 424
1589 2010 197 424
1787 2010 56 424
1844 2010 56 424
1901 2010 55 424
1957 2010 56 424
2014 2010 56 424
2071 2010 112 424
2184 2010 186 424
2371 2010 520 424
1532 2435 56 420
1589 2435 197 420
1787 2435 56 420
1844 2435 56 420
1901 2435 55 420
1957 2435 56 420
2014 2435 56 420
2071 2435 112 420
2184 2435 186 420
2371 2435 520 420
14 2438 71 842
86 2438 56 421
143 2438 197 421
342 2438 55 421
398 2438 56 421
455 2438 56 421
512 2438 55 421
568 2438 56 421
625 2438 112 421
738 2438 186 421
926 2438 522 421
86 2860 56 420
143 2860 197 420
342 2860 55 420
398 2860 56 420
455 2860 56 420
512 2860 55 420
568 2860 56 420
625 2860 112 420
738 2860 186 420
926 2860 522 420
1457 2864 1434 1264
14 3289 71 839
86 3289 56 420
143 3289 197 420
342 3289 55 420
398 3289 56 420
455 3289 56 420
512 3289 55 420
568 3289 56 420
625 3289 112 420
738 3289 186 420
926 3289 522 420
86 3710 56 418
143 3710 197 418
342 3710 55 418
398 3710 56 418
455 3710 56 418
512 3710 55 418
568 3710 56 418
625 3710 112 418
738 3710 186 418
926 3710 522 418
