122 152 1968 197
122 352 1968 218
122 573 107 179
231 573 213 179
447 573 111 179
560 573 111 179
674 573 110 179
787 573 111 179
900 573 111 179
1014 573 241 179
1258 573 241 179
1501 573 589 179
122 754 107 338
231 754 213 338
447 754 111 338
560 754 111 338
674 754 110 338
787 754 111 338
900 754 111 338
1014 754 241 338
1258 754 241 338
1501 754 589 338
122 1094 107 338
231 1094 213 338
447 1094 111 338
560 1094 111 338
674 1094 110 338
787 1094 111 338
900 1094 111 338
1014 1094 241 338
1258 1094 241 338
1501 1094 589 338
122 1435 1968 1248
