14 88 2877 277
14 366 2877 193
14 568 1434 80
1457 568 1434 80
14 649 71 112
86 649 56 112
143 649 197 112
342 649 55 112
398 649 56 112
455 649 56 112
512 649 55 112
568 649 56 112
625 649 112 112
738 649 186 112
926 649 522 112
1457 649 74 112
1532 649 56 112
1589 649 197 112
1787 649 56 112
1844 649 56 112
1901 649 55 112
1957 649 56 112
2014 649 56 112
2071 649 112 112
2184 649 186 112
2371 649 520 112
14 762 71 421
87 762 55 421
143 762 197 421
342 762 55 421
398 762 56 421
455 762 56 421
512 762 55 421
568 762 56 421
625 762 112 421
738 762 186 421
926 762 522 421
1457 763 74 845
1532 763 56 424
1589 763 197 424
1787 763 56 424
1844 763 56 424
1901 763 55 424
1958 763 55 424
2014 763 56 424
2071 763 112 424
2184 763 186 424
2371 763 520 424
1532 1188 56 420
1589 1188 197 420
1787 1188 56 420
1844 1188 56 420
1901 1188 55 420
1958 1188 55 420
2014 1188 56 420
2071 1188 112 420
2184 1188 186 420
2371 1188 520 420
14 1191 1434 80
14 1273 71 112
87 1273 55 112
143 1273 197 112
342 1273 55 112
398 1273 56 112
455 1273 56 112
512 1273 55 112
568 1273 56 112
625 1273 112 112
738 1273 186 112
926 1273 522 112
14 1386 71 420
87 1386 55 420
143 1386 197 420
342 1386 55 420
398 1386 56 420
455 1386 56 420
512 1386 55 420
568 1386 56 420
625 1386 112 420
738 1386 186 420
926 1386 522 420
1457 1617 1434 80
1457 1698 74 112
1532 1698 56 112
1589 1698 197 112
1787 1698 56 112
1844 1698 56 112
1901 1698 55 112
1957 1698 56 112
2014 1698 56 112
2071 1698 112 112
2184 1698 186 112
2371 1698 520 112
1457 1811 74 421
1532 1811 56 421
1589 1811 197 421
1787 1811 56 421
1844 1811 56 421
1901 1811 55 421
1958 1811 55 421
2014 1811 56 421
2071 1811 112 421
2184 1811 186 421
2371 1811 520 421
14 1815 1434 80
14 1896 71 112
86 1896 56 112
143 1896 197 112
342 1896 55 112
398 1896 56 112
455 1896 56 112
512 1896 55 112
568 1896 56 112
625 1896 112 112
738 1896 186 112
926 1896 522 112
14 2010 71 845
87 2010 55 424
143 2010 197 424
342 2010 55 424
398 2010 56 424
455 2010 56 424
512 2010 55 424
568 2010 56 424
625 2010 112 424
738 2010 186 424
926 2010 522 424
1457 2240 1434 80
1457 2322 74 112
1532 2322 56 112
1589 2322 197 112
1787 2322 56 112
1844 2322 56 112
1901 2322 55 112
1958 2322 55 112
2014 2322 56 112
2071 2322 112 112
2184 2322 186 112
2371 2322 520 112
87 2435 55 420
143 2435 197 420
342 2435 55 420
398 2435 56 420
455 2435 56 420
512 2435 55 420
568 2435 56 420
625 2435 112 420
738 2435 186 420
926 2435 522 420
1457 2435 74 420
1532 2435 56 420
1589 2435 197 420
1787 2435 56 420
1844 2435 56 420
1901 2435 55 420
1958 2435 55 420
2014 2435 56 420
2071 2435 112 420
2184 2435 186 420
2371 2435 520 420
14 2864 1434 80
1457 2864 1434 80
14 2945 71 112
86 2945 56 112
143 2945 197 112
342 2945 55 112
398 2945 56 112
455 2945 56 112
512 2945 55 112
568 2945 56 112
625 2945 112 112
738 2945 186 112
926 2945 522 112
1457 2945 74 112
1532 2945 56 112
1589 2945 197 112
1787 2945 56 112
1844 2945 56 112
1901 2945 55 112
1957 2945 56 112
2014 2945 56 112
2071 2945 112 112
2184 2945 186 112
2371 2945 520 112
14 3058 71 846
87 3058 55 424
143 3058 197 424
342 3058 55 424
398 3058 56 424
455 3058 56 424
512 3058 55 424
568 3058 56 424
625 3058 112 424
738 3058 186 424
926 3058 522 424
1457 3059 74 420
1532 3059 56 420
1589 3059 197 420
1787 3059 56 420
1844 3059 56 420
1901 3059 55 420
1958 3059 55 420
2014 3059 56 420
2071 3059 112 420
2184 3059 186 420
2371 3059 520 420
87 3484 55 420
143 3484 197 420
342 3484 55 420
398 3484 56 420
455 3484 56 420
512 3484 55 420
568 3484 56 420
625 3484 112 420
738 3484 186 420
926 3484 522 420
1457 3487 1434 641
14 3912 1434 216
