44 136 1593 179
44 317 1593 293
44 613 50 62
97 613 245 62
344 613 100 62
446 613 71 62
519 613 71 62
593 613 71 62
666 613 71 62
739 613 155 62
896 613 249 62
1148 613 489 62
44 677 50 430
97 677 245 68
344 677 100 430
446 677 71 430
519 677 72 430
593 677 71 430
666 677 71 430
739 677 155 430
896 677 249 430
1148 677 489 430
297 805 45 139
97 814 42 140
97 1065 244 42
44 1110 50 430
97 1110 245 72
344 1110 100 430
446 1110 71 430
519 1110 72 430
593 1110 71 430
666 1110 71 430
739 1110 155 430
896 1110 249 430
1148 1110 489 430
97 1255 38 29
321 1255 21 138
97 1290 33 25
97 1315 32 78
195 1491 31 49
257 1491 44 49
303 1491 38 49
44 1542 1593 702
