20 19 2860 80
20 103 45 81
70 103 46 81
121 103 199 81
325 103 46 81
376 103 41 81
421 103 41 81
467 103 40 81
512 103 41 81
557 103 449 81
1011 103 551 81
1566 103 1314 81
20 188 45 809
70 188 46 402
121 188 199 249
325 188 46 402
376 188 41 402
421 188 41 402
467 188 40 402
512 188 41 402
557 188 449 402
1011 188 551 402
1566 188 1314 402
121 535 199 55
70 595 46 402
121 595 199 316
325 595 46 402
376 595 41 402
421 595 41 402
467 595 40 402
512 595 41 402
557 595 449 402
1011 595 551 402
1566 595 1314 402
121 945 199 52
20 1001 2860 81
20 1086 300 31
322 1086 594 31
918 1086 529 31
1452 1086 303 31
1757 1086 593 31
2352 1086 528 31
20 1119 300 31
322 1119 594 31
918 1119 529 31
1452 1119 303 31
1757 1119 593 31
2352 1119 528 31
20 1152 300 30
322 1152 594 30
918 1152 529 30
1452 1152 303 30
1757 1152 593 30
2352 1152 528 30
20 1184 300 31
322 1184 594 31
918 1184 529 31
1452 1184 303 31
1757 1184 593 31
2352 1184 528 31
20 1217 300 30
322 1217 594 30
918 1217 529 30
1452 1217 303 30
1757 1217 593 30
2352 1217 528 30
20 1249 300 31
322 1249 594 31
918 1249 529 31
1452 1249 303 31
1757 1249 593 31
2352 1249 528 31
20 1282 300 30
322 1282 594 30
918 1282 529 30
1452 1282 303 30
1757 1282 593 30
2352 1282 528 30
20 1314 300 31
322 1314 594 31
918 1314 529 31
1452 1314 303 31
1757 1314 593 31
2352 1314 528 31
20 1347 300 30
322 1347 594 30
918 1347 529 30
1452 1347 303 30
1757 1347 593 30
2352 1347 528 30
20 1379 300 31
322 1379 594 31
918 1379 529 31
1452 1379 303 31
1757 1379 593 31
2352 1379 528 31
20 1412 300 30
322 1412 594 30
918 1412 529 30
1452 1412 303 30
1757 1412 593 30
2352 1412 528 30
20 1444 300 31
322 1444 594 31
918 1444 529 31
1452 1444 303 31
1757 1444 593 31
2352 1444 528 31
20 1477 300 31
322 1477 594 31
918 1477 529 31
1452 1477 303 31
1757 1477 593 31
2352 1477 528 31
20 1510 300 30
322 1510 594 30
918 1510 529 30
1452 1510 303 30
1757 1510 593 30
2352 1510 528 30
20 1542 300 31
322 1542 594 31
918 1542 529 31
1452 1542 303 31
1757 1542 593 31
2352 1542 528 31
20 1575 300 30
322 1575 594 30
918 1575 529 30
1452 1575 303 30
1757 1575 593 30
2352 1575 528 30
20 1607 300 31
322 1607 594 31
918 1607 529 31
1452 1607 303 31
1757 1607 593 31
2352 1607 528 31
20 1640 300 30
322 1640 594 30
918 1640 529 30
1452 1640 303 30
1757 1640 593 30
2352 1640 528 30
20 1672 300 31
322 1672 594 31
918 1672 529 31
1452 1672 303 31
1757 1672 593 31
2352 1672 528 31
20 1705 300 30
322 1705 594 30
918 1705 529 30
1452 1705 303 30
1757 1705 593 30
2352 1705 528 30
20 1737 300 31
322 1737 594 31
918 1737 529 31
1452 1737 303 31
1757 1737 593 31
2352 1737 528 31
20 1770 300 30
322 1770 594 30
918 1770 529 30
1452 1770 303 30
1757 1770 593 30
2352 1770 528 30
20 1802 300 31
322 1802 594 31
918 1802 529 31
1452 1802 303 31
1757 1802 593 31
2352 1802 528 31
20 1835 300 31
322 1835 594 31
918 1835 529 31
1452 1835 303 31
1757 1835 593 31
2352 1835 528 31
20 1868 300 30
322 1868 594 30
918 1868 529 30
1452 1868 303 30
1757 1868 593 30
2352 1868 528 30
20 1900 300 31
322 1900 594 31
918 1900 529 31
1452 1900 303 31
1757 1900 593 31
2352 1900 528 31
20 1933 300 30
322 1933 594 30
918 1933 529 30
1452 1933 303 30
1757 1933 593 30
2352 1933 528 30
20 1965 300 31
322 1965 594 31
918 1965 529 31
1452 1965 303 31
1757 1965 593 31
2352 1965 528 31
20 1998 300 30
322 1998 594 30
918 1998 529 30
1452 1998 303 30
1757 1998 593 30
2352 1998 528 30
20 2030 300 31
322 2030 594 31
918 2030 529 31
1452 2030 303 31
1757 2030 593 31
2352 2030 528 31
20 2063 300 30
322 2063 594 30
918 2063 529 30
1452 2063 303 30
1757 2063 593 30
2352 2063 528 30
20 2095 300 31
322 2095 594 31
918 2095 529 31
1452 2095 303 31
1757 2095 593 31
2352 2095 528 31
20 2128 300 30
322 2128 594 30
918 2128 529 30
1452 2128 303 30
1757 2128 593 30
2352 2128 528 30
20 2160 300 31
322 2160 594 31
918 2160 529 31
1452 2160 303 31
1757 2160 593 31
2352 2160 528 31
20 2193 300 30
322 2193 594 30
918 2193 529 30
1452 2193 303 30
1757 2193 593 30
2352 2193 528 30
20 2225 300 31
322 2225 594 31
918 2225 529 31
1452 2225 303 31
1757 2225 593 31
2352 2225 528 31
20 2258 300 31
322 2258 594 31
918 2258 529 31
1452 2258 303 31
1757 2258 593 31
2352 2258 528 31
20 2291 300 30
322 2291 594 30
918 2291 529 30
1452 2291 303 30
1757 2291 593 30
2352 2291 528 30
20 2323 300 31
322 2323 594 31
918 2323 529 31
1452 2323 303 31
1757 2323 593 31
2352 2323 528 31
20 2356 300 30
322 2356 594 30
918 2356 529 30
1452 2356 303 30
1757 2356 593 30
2352 2356 528 30
20 2388 300 31
322 2388 594 31
918 2388 529 31
1452 2388 303 31
1757 2388 593 31
2352 2388 528 31
20 2421 300 30
322 2421 594 30
918 2421 529 30
1452 2421 303 30
1757 2421 593 30
2352 2421 528 30
20 2453 300 31
322 2453 594 31
918 2453 529 31
1452 2453 303 31
1757 2453 593 31
2352 2453 528 31
20 2486 300 30
322 2486 594 30
918 2486 529 30
1452 2486 303 30
1757 2486 593 30
2352 2486 528 30
20 2518 300 31
322 2518 594 31
918 2518 529 31
1452 2518 303 31
1757 2518 593 31
2352 2518 528 31
20 2551 300 30
322 2551 594 30
918 2551 529 30
1452 2551 303 30
1757 2551 593 30
2352 2551 528 30
20 2583 300 31
322 2583 594 31
918 2583 529 31
1452 2583 303 31
1757 2583 593 31
2352 2583 528 31
20 2616 300 31
322 2616 594 31
918 2616 529 31
1452 2616 303 31
1757 2616 593 31
2352 2616 528 31
20 2649 300 30
322 2649 594 30
918 2649 529 30
1452 2649 303 30
1757 2649 593 30
2352 2649 528 30
20 2681 300 31
322 2681 594 31
918 2681 529 31
1452 2681 303 31
1757 2681 593 31
2352 2681 528 31
20 2714 300 30
322 2714 594 30
918 2714 529 30
1452 2714 303 30
1757 2714 593 30
2352 2714 528 30
20 2746 300 31
322 2746 594 31
918 2746 529 31
1452 2746 303 31
1757 2746 593 31
2352 2746 528 31
20 2779 300 30
322 2779 594 30
918 2779 529 30
1452 2779 303 30
1757 2779 593 30
2352 2779 528 30
20 2811 300 31
322 2811 594 31
918 2811 529 31
1452 2811 303 31
1757 2811 593 31
2352 2811 528 31
20 2844 300 30
322 2844 594 30
918 2844 529 30
1452 2844 303 30
1757 2844 593 30
2352 2844 528 30
20 2876 300 31
322 2876 594 31
918 2876 529 31
1452 2876 303 31
1757 2876 593 31
2352 2876 528 31
20 2909 300 30
322 2909 594 30
918 2909 529 30
1452 2909 303 30
1757 2909 593 30
2352 2909 528 30
20 2941 300 31
322 2941 594 31
918 2941 529 31
1452 2941 303 31
1757 2941 593 31
2352 2941 528 31
20 2974 300 30
322 2974 594 30
918 2974 529 30
1452 2974 303 30
1757 2974 593 30
2352 2974 528 30
20 3006 300 31
322 3006 594 31
918 3006 529 31
1452 3006 303 31
1757 3006 593 31
2352 3006 528 31
20 3039 300 31
322 3039 594 31
918 3039 529 31
1452 3039 303 31
1757 3039 593 31
2352 3039 528 31
20 3072 300 30
322 3072 594 30
918 3072 529 30
1452 3072 303 30
1757 3072 593 30
2352 3072 528 30
20 3104 300 31
322 3104 594 31
918 3104 529 31
1452 3104 303 31
1757 3104 593 31
2352 3104 528 31
20 3137 300 30
322 3137 594 30
918 3137 529 30
1452 3137 303 30
1757 3137 593 30
2352 3137 528 30
20 3169 300 31
322 3169 594 31
918 3169 529 31
1452 3169 303 31
1757 3169 593 31
2352 3169 528 31
20 3202 300 30
322 3202 594 30
918 3202 529 30
1452 3202 303 30
1757 3202 593 30
2352 3202 528 30
20 3234 300 31
322 3234 594 31
918 3234 529 31
1452 3234 303 31
1757 3234 593 31
2352 3234 528 31
20 3267 300 30
322 3267 594 30
918 3267 529 30
1452 3267 303 30
1757 3267 593 30
2352 3267 528 30
20 3299 300 31
322 3299 594 31
918 3299 529 31
1452 3299 303 31
1757 3299 593 31
2352 3299 528 31
20 3332 300 30
322 3332 594 30
918 3332 529 30
1452 3332 303 30
1757 3332 593 30
2352 3332 528 30
20 3364 300 31
322 3364 594 31
918 3364 529 31
1452 3364 303 31
1757 3364 593 31
2352 3364 528 31
20 3397 300 31
322 3397 594 31
918 3397 529 31
1452 3397 303 31
1757 3397 593 31
2352 3397 528 31
20 3430 300 30
322 3430 594 30
918 3430 529 30
1452 3430 303 30
1757 3430 593 30
2352 3430 528 30
20 3462 300 31
322 3462 594 31
918 3462 529 31
1452 3462 303 31
1757 3462 593 31
2352 3462 528 31
20 3495 300 30
322 3495 594 30
918 3495 529 30
1452 3495 303 30
1757 3495 593 30
2352 3495 528 30
20 3527 300 31
322 3527 594 31
918 3527 529 31
1452 3527 303 31
1757 3527 593 31
2352 3527 528 31
20 3560 300 30
322 3560 594 30
918 3560 529 30
1452 3560 303 30
1757 3560 593 30
2352 3560 528 30
20 3592 300 31
322 3592 594 31
918 3592 529 31
1452 3592 303 31
1757 3592 593 31
2352 3592 528 31
20 3625 300 30
322 3625 594 30
918 3625 529 30
1452 3625 303 30
1757 3625 593 30
2352 3625 528 30
20 3657 300 31
322 3657 594 31
918 3657 529 31
1452 3657 303 31
1757 3657 593 31
2352 3657 528 31
20 3690 300 30
322 3690 594 30
918 3690 529 30
1452 3690 303 30
1757 3690 593 30
2352 3690 528 30
20 3722 300 31
322 3722 594 31
918 3722 529 31
1452 3722 303 31
1757 3722 593 31
2352 3722 528 31
20 3755 300 30
322 3755 594 30
918 3755 529 30
1452 3755 303 30
1757 3755 593 30
2352 3755 528 30
20 3787 300 31
322 3787 594 31
918 3787 529 31
1452 3787 303 31
1757 3787 593 31
2352 3787 528 31
20 3820 300 31
322 3820 594 31
918 3820 529 31
1452 3820 303 31
1757 3820 593 31
2352 3820 528 31
20 3853 300 30
322 3853 594 30
918 3853 529 30
1452 3853 303 30
1757 3853 593 30
2352 3853 528 30
20 3885 300 31
322 3885 594 31
918 3885 529 31
1452 3885 303 31
1757 3885 593 31
2352 3885 528 31
20 3918 300 30
322 3918 594 30
918 3918 529 30
1452 3918 303 30
1757 3918 593 30
2352 3918 528 30
20 3950 300 31
322 3950 594 31
918 3950 529 31
1452 3950 303 31
1757 3950 593 31
2352 3950 528 31
20 3983 300 30
322 3983 594 30
918 3983 529 30
1452 3983 303 30
1757 3983 593 30
2352 3983 528 30
20 4015 300 31
322 4015 594 31
918 4015 529 31
1452 4015 303 31
1757 4015 593 31
2352 4015 528 31
20 4048 300 30
322 4048 594 30
918 4048 529 30
1452 4048 303 30
1757 4048 593 30
2352 4048 528 30
20 4080 300 30
322 4080 594 30
918 4080 529 30
1452 4080 303 30
1757 4080 593 30
2352 4080 528 30
