14 89 2877 333
14 423 2877 222
14 654 1434 96
1457 654 1434 95
14 751 71 153
86 751 56 153
143 751 197 153
342 751 55 153
398 751 56 153
455 751 56 153
512 751 55 153
568 751 56 153
625 751 112 153
738 751 186 153
926 751 522 153
1457 751 74 153
1532 751 56 153
1589 751 197 153
1787 751 56 153
1844 751 56 153
1901 751 55 153
1957 751 56 153
2014 751 56 153
2071 751 112 153
2184 751 186 153
2371 751 520 153
14 905 71 902
86 905 56 452
143 905 197 452
342 905 55 452
398 905 56 452
455 905 56 452
512 905 55 452
568 905 56 452
625 905 112 452
738 905 186 452
926 905 522 452
1457 905 74 902
1532 905 56 452
1589 905 197 452
1787 905 56 452
1844 905 56 452
1901 905 55 452
1957 905 56 452
2014 905 56 452
2071 905 112 452
2184 905 186 452
2371 905 520 452
86 1359 56 448
143 1359 197 448
342 1359 55 448
398 1359 56 448
455 1359 56 448
512 1359 55 448
568 1359 56 448
625 1359 112 448
738 1359 186 448
926 1359 522 448
1532 1359 56 448
1589 1359 197 448
1787 1359 56 448
1844 1359 56 448
1901 1359 55 448
1957 1359 56 448
2014 1359 56 448
2071 1359 112 448
2184 1359 186 448
2371 1359 520 448
14 1816 1434 96
1457 1816 1434 96
14 1913 71 153
86 1913 56 153
143 1913 197 153
342 1913 55 153
398 1913 56 153
455 1913 56 153
512 1913 55 153
568 1913 56 153
625 1913 112 153
738 1913 186 153
926 1913 522 153
1457 1913 74 153
1532 1913 56 153
1589 1913 197 153
1787 1913 56 153
1844 1913 56 153
1901 1913 55 153
1957 1913 56 153
2014 1913 56 153
2071 1913 112 153
2184 1913 186 153
2371 1913 520 153
14 2067 71 1356
86 2067 56 453
143 2067 197 453
342 2067 55 453
398 2067 56 453
455 2067 56 453
512 2067 55 453
568 2067 56 453
625 2067 112 453
738 2067 186 453
926 2067 522 453
1457 2067 74 1356
1532 2067 56 453
1589 2067 197 453
1787 2067 56 453
1844 2067 56 453
1901 2067 55 453
1957 2067 56 453
2014 2067 56 453
2071 2067 112 453
2184 2067 186 453
2371 2067 520 453
86 2521 56 452
143 2521 197 452
342 2521 55 452
398 2521 56 452
455 2521 56 452
512 2521 55 452
568 2521 56 452
625 2521 112 452
738 2521 186 452
926 2521 522 452
1532 2521 56 452
1589 2521 197 452
1787 2521 56 452
1844 2521 56 452
1901 2521 55 452
1957 2521 56 452
2014 2521 56 452
2071 2521 112 452
2184 2521 186 452
2371 2521 520 452
86 2974 56 449
143 2974 197 449
342 2974 55 449
398 2974 56 449
455 2974 56 449
512 2974 55 449
568 2974 56 449
625 2974 112 449
738 2974 186 449
926 2974 522 449
1532 2974 56 449
1589 2974 197 449
1787 2974 56 449
1844 2974 56 449
1901 2974 55 449
1957 2974 56 449
2014 2974 56 449
2071 2974 112 449
2184 2974 186 449
2371 2974 520 449
14 3432 1434 95
1457 3432 1434 697
14 3529 71 153
86 3529 56 153
143 3529 197 153
342 3529 55 153
398 3529 56 153
455 3529 56 153
512 3529 55 153
568 3529 56 153
625 3529 112 153
738 3529 186 153
926 3529 522 153
14 3683 71 446
86 3683 56 446
143 3683 197 446
342 3683 55 446
398 3683 56 446
455 3683 56 446
512 3683 55 446
568 3683 56 446
625 3683 112 446
738 3683 186 446
926 3683 522 446
