62 133 1633 141
62 277 1633 226
62 506 55 96
119 506 196 96
318 506 54 96
374 506 55 96
431 506 54 96
488 506 54 96
544 506 55 96
601 506 239 96
842 506 324 96
1168 506 527 96
62 605 55 312
119 605 196 41
318 605 54 312
374 605 55 312
431 605 54 312
488 605 54 312
544 605 55 312
601 605 239 312
842 605 324 312
1168 605 527 312
119 692 34 34
281 695 34 33
119 735 29 87
288 737 27 98
119 893 85 24
224 893 91 24
62 920 55 312
119 920 196 38
318 920 54 312
374 920 55 312
431 920 54 312
488 920 54 312
544 920 55 312
601 920 239 312
842 920 324 312
1168 920 527 312
119 1015 27 39
287 1019 28 32
289 1053 26 110
119 1055 25 105
245 1207 58 25
138 1208 46 24
62 1234 1633 1099
