107 212 2878 416
107 630 2878 221
107 864 1436 114
1549 864 1436 114
107 979 72 161
180 979 56 161
237 979 197 161
435 979 56 161
492 979 55 161
549 979 55 161
606 979 55 161
662 979 55 161
719 979 112 161
832 979 186 161
1019 979 524 161
1549 979 76 161
1627 979 55 161
1683 979 197 161
1882 979 55 161
1939 979 55 161
1995 979 55 161
2052 979 55 161
2109 979 55 161
2165 979 112 161
2279 979 185 161
2466 979 519 161
107 1141 72 449
180 1141 56 449
237 1141 197 449
435 1141 56 449
492 1141 55 449
549 1141 55 449
605 1141 56 449
662 1141 56 449
719 1141 112 449
832 1141 186 449
1019 1141 524 449
1549 1141 76 1809
1627 1141 55 452
1683 1141 198 452
1882 1141 55 452
1938 1141 56 452
1995 1141 56 452
2052 1141 55 452
2108 1141 56 452
2165 1141 112 452
2279 1141 185 452
2466 1141 519 452
1627 1595 55 452
1683 1595 198 452
1882 1595 55 452
1938 1595 56 452
1995 1595 56 452
2052 1595 55 452
2108 1595 56 452
2165 1595 112 452
2279 1595 185 452
2466 1595 519 452
107 1598 1436 117
107 1716 72 161
180 1716 56 161
237 1716 197 161
435 1716 56 161
492 1716 55 161
549 1716 55 161
606 1716 55 161
662 1716 55 161
719 1716 112 161
832 1716 186 161
1019 1716 524 161
107 1878 72 902
180 1878 56 452
237 1878 197 452
435 1878 56 452
492 1878 55 452
549 1878 55 452
605 1878 56 452
662 1878 56 452
719 1878 112 452
832 1878 186 452
1019 1878 524 452
1627 2048 55 453
1683 2048 198 453
1882 2048 55 453
1938 2048 56 453
1995 2048 56 453
2052 2048 55 453
2108 2048 56 453
2165 2048 112 453
2279 2048 185 453
2466 2048 519 453
180 2332 56 448
237 2332 197 448
435 2332 56 448
492 2332 55 448
549 2332 55 448
605 2332 56 448
662 2332 56 448
719 2332 112 448
832 2332 186 448
1019 2332 524 448
1627 2502 55 448
1683 2502 198 448
1882 2502 55 448
1938 2502 56 448
1995 2502 56 448
2052 2502 55 448
2108 2502 56 448
2165 2502 112 448
2279 2502 185 448
2466 2502 519 448
107 2789 1436 1463
1547 2959 1438 1293
