14 89 2878 214
14 304 2878 114
14 427 1435 72
1457 427 1435 72
14 501 72 102
87 501 56 102
144 501 197 102
342 501 56 102
399 501 56 102
456 501 55 102
512 501 56 102
569 501 56 102
626 501 140 102
767 501 198 102
966 501 483 102
1457 501 75 102
1533 501 56 102
1590 501 197 102
1788 501 56 102
1845 501 55 102
1902 501 55 102
1958 501 56 102
2015 501 55 102
2072 501 140 102
2213 501 198 102
2412 501 480 102
14 604 72 1200
87 604 56 401
144 604 197 401
342 604 56 401
399 604 56 401
456 604 55 401
512 604 56 401
569 604 56 401
626 604 140 401
768 604 197 401
966 604 483 401
1457 604 75 557
1533 604 56 280
1590 604 197 280
1788 604 56 280
1845 604 55 280
1902 604 55 280
1958 604 56 280
2015 604 55 280
2072 604 140 280
2213 604 198 280
2412 604 480 280
1533 885 56 276
1590 885 197 276
1788 885 56 276
1845 885 55 276
1902 885 55 276
1958 885 56 276
2015 885 55 276
2072 885 140 276
2213 885 198 276
2412 885 480 276
87 1006 56 400
144 1006 197 400
342 1006 56 400
399 1006 56 400
456 1006 55 400
512 1006 56 400
569 1006 56 400
626 1006 140 400
768 1006 197 400
966 1006 483 400
1457 1169 1435 73
1457 1243 75 103
1533 1243 56 103
1590 1243 197 103
1788 1243 56 103
1845 1243 55 103
1902 1243 55 103
1958 1243 56 103
2015 1243 55 103
2072 1243 140 103
2213 1243 198 103
2412 1243 480 103
1457 1347 75 556
1533 1347 56 279
1590 1347 197 279
1788 1347 56 279
1845 1347 55 279
1902 1347 55 279
1958 1347 56 279
2015 1347 55 279
2072 1347 140 279
2213 1347 198 279
2412 1347 480 279
87 1407 56 397
144 1407 197 397
342 1407 56 397
399 1407 56 397
456 1407 55 397
512 1407 56 397
569 1407 56 397
626 1407 140 397
768 1408 197 396
966 1408 483 396
1533 1627 56 276
1590 1627 197 276
1788 1627 56 276
1845 1627 55 276
1902 1627 55 276
1958 1627 56 276
2015 1627 55 276
2072 1627 140 276
2213 1627 198 276
2412 1627 480 276
14 1813 1435 73
14 1887 72 102
87 1887 56 102
144 1887 197 102
342 1887 56 102
399 1887 56 102
456 1887 55 102
512 1887 56 102
569 1887 56 102
626 1887 140 102
767 1887 198 102
966 1907 482 82
1457 1912 1435 73
1457 1986 75 102
1533 1986 56 102
1590 1986 197 102
1788 1986 56 102
1845 1986 55 102
1902 1986 55 102
1958 1986 56 102
2015 1986 55 102
2072 1986 140 102
2213 1986 198 102
2412 1986 480 102
14 1990 72 1399
87 1990 56 280
144 1990 197 280
342 1990 56 280
399 1990 56 280
456 1990 55 280
512 1990 56 280
569 1990 56 280
626 1990 140 280
767 1990 198 280
966 1990 483 280
1457 2089 75 557
1533 2089 56 280
1590 2089 197 280
1788 2089 56 280
1845 2089 55 280
1902 2089 55 280
1958 2089 56 280
2015 2089 55 280
2072 2089 140 280
2213 2089 198 280
2412 2089 480 280
87 2271 56 280
144 2271 197 280
342 2271 56 280
399 2271 56 280
456 2271 55 280
512 2271 56 280
569 2271 56 280
626 2271 140 280
767 2271 198 280
966 2271 483 280
1533 2370 56 276
1590 2370 197 276
1788 2370 56 276
1845 2370 55 276
1902 2370 55 276
1958 2370 56 276
2015 2370 55 276
2072 2370 140 276
2213 2370 198 276
2412 2370 480 276
87 2552 56 279
144 2552 197 279
342 2552 56 279
399 2552 56 279
456 2552 55 279
512 2552 56 279
569 2552 56 279
626 2552 140 279
767 2552 198 279
966 2552 483 279
1457 2654 1435 73
1457 2728 75 103
1533 2728 56 103
1590 2728 197 103
1788 2728 56 103
1845 2728 55 103
1902 2728 55 103
1958 2728 56 103
2015 2728 55 103
2072 2728 140 103
2213 2728 198 103
2412 2728 480 103
87 2832 56 280
144 2832 197 280
342 2832 56 280
399 2832 56 280
456 2832 55 280
512 2832 56 280
569 2832 56 280
626 2832 140 280
767 2832 198 280
966 2832 483 280
1457 2832 75 557
1533 2832 56 280
1590 2832 197 280
1788 2832 56 280
1845 2832 55 280
1902 2832 55 280
1958 2832 56 280
2015 2832 55 280
2072 2832 140 280
2213 2832 198 280
2412 2832 480 280
87 3113 56 276
144 3113 197 276
342 3113 56 276
399 3113 56 276
456 3113 55 276
512 3113 56 276
569 3113 56 276
626 3113 140 276
767 3113 198 276
966 3113 483 276
1533 3113 56 276
1590 3113 197 276
1788 3113 56 276
1845 3113 55 276
1902 3113 55 276
1958 3113 56 276
2015 3113 55 276
2072 3113 140 276
2213 3113 198 276
2412 3113 480 276
14 3397 1435 73
1457 3397 1435 73
14 3471 72 103
87 3471 56 103
144 3471 197 103
342 3471 56 103
399 3471 56 103
456 3471 55 103
512 3471 56 103
569 3471 56 103
626 3471 140 103
767 3471 198 103
966 3471 483 103
1457 3471 75 103
1533 3471 55 103
1590 3471 197 103
1788 3471 56 103
1845 3471 55 103
1901 3471 56 103
1958 3471 56 103
2015 3471 55 103
2071 3471 141 103
2213 3471 197 103
2412 3471 480 103
14 3575 72 554
87 3575 56 279
144 3575 197 279
342 3575 56 279
399 3575 56 279
456 3575 55 279
512 3575 56 279
569 3575 56 279
626 3575 140 279
767 3575 198 279
966 3575 483 279
1457 3575 75 554
1533 3575 55 279
1590 3575 197 279
1788 3575 56 279
1845 3575 55 279
1901 3575 56 279
1958 3575 56 279
2015 3575 55 279
2071 3575 141 279
2213 3575 197 279
2412 3575 480 279
87 3856 56 273
144 3856 197 273
342 3856 56 273
399 3856 56 273
456 3856 55 273
512 3856 56 273
569 3856 56 273
626 3856 140 273
767 3856 198 273
966 3856 483 273
1533 3856 55 273
1590 3856 197 273
1788 3856 56 273
1845 3856 55 273
1901 3856 56 273
1958 3856 56 273
2015 3856 55 273
2071 3856 141 273
2213 3856 197 273
2412 3856 480 273
