11 11 1463 152
11 165 1463 213
11 381 61 65
75 381 213 65
291 381 75 65
369 381 58 65
429 381 43 65
475 381 54 65
532 381 57 65
592 381 111 65
706 381 166 65
875 381 599 65
11 449 61 337
75 449 213 337
291 449 75 337
369 449 58 337
429 449 43 337
475 449 54 337
532 449 57 337
592 449 111 337
706 449 166 337
875 449 599 337
11 789 61 337
75 789 213 337
291 789 75 337
369 789 58 337
429 789 43 337
475 789 54 337
532 789 57 337
592 789 111 337
706 789 166 337
875 789 599 337
11 1128 730 1438
744 1128 730 1438
