44 136 1593 179
44 317 1593 293
44 613 50 62
97 613 245 62
344 613 100 62
446 613 71 62
519 613 71 62
593 613 71 62
666 613 71 62
739 613 155 62
896 613 249 62
1148 613 489 62
44 677 50 369
97 677 245 369
344 677 100 369
446 677 71 369
519 677 72 369
593 677 71 369
666 677 71 369
739 677 155 369
896 677 249 369
1148 677 489 369
44 1048 50 368
97 1048 245 38
344 1048 100 368
446 1048 71 368
519 1048 72 368
593 1048 71 368
666 1048 71 368
739 1048 155 368
896 1048 249 368
1148 1048 489 368
97 1139 47 150
289 1146 53 151
44 1418 1593 826
