107 212 2878 379
107 593 2878 202
107 806 1435 115
1549 806 1436 115
107 923 71 160
180 923 55 160
236 923 197 160
435 923 55 160
491 923 56 160
548 923 55 160
605 923 55 160
661 923 56 160
718 923 112 160
832 923 185 160
1019 923 523 160
1549 923 76 160
1626 923 55 160
1683 923 197 160
1881 923 55 160
1938 923 55 160
1995 923 55 160
2051 923 55 160
2108 923 55 160
2165 923 111 160
2278 923 186 160
2465 923 520 160
107 1085 71 448
180 1085 55 448
236 1085 197 448
435 1085 55 448
491 1085 56 448
548 1085 55 448
605 1085 55 448
661 1085 56 448
718 1085 112 448
831 1085 186 448
1019 1085 523 448
1549 1085 76 448
1626 1085 55 448
1683 1085 197 448
1881 1085 55 448
1938 1085 55 448
1994 1085 56 448
2051 1085 55 448
2108 1085 55 448
2165 1085 112 448
2278 1085 186 448
2465 1085 520 448
107 1542 1435 116
1549 1542 1436 116
107 1660 71 160
180 1660 55 160
236 1660 197 160
435 1660 55 160
491 1660 56 160
548 1660 55 160
605 1660 55 160
661 1660 56 160
718 1660 112 160
832 1660 185 160
1019 1660 523 160
1549 1660 76 160
1626 1660 55 160
1683 1660 197 160
1881 1660 55 160
1938 1660 55 160
1995 1660 55 160
2051 1660 55 160
2108 1660 55 160
2165 1660 111 160
2278 1660 186 160
2465 1660 520 160
107 1822 71 1355
180 1822 55 452
236 1822 197 452
435 1822 55 452
491 1822 56 452
548 1822 55 452
605 1822 55 452
661 1822 56 452
718 1822 112 452
831 1822 186 452
1019 1822 523 452
1549 1822 76 448
1626 1822 55 448
1683 1822 197 448
1881 1822 55 448
1938 1822 55 448
1994 1822 56 448
2051 1822 55 448
2108 1822 55 448
2165 1822 112 448
2278 1822 186 448
2465 1822 520 448
180 2275 55 452
236 2275 197 452
435 2275 55 452
491 2275 56 452
548 2275 55 452
605 2275 55 452
661 2275 56 452
718 2275 112 452
831 2275 186 452
1019 2275 523 452
1549 2279 1436 116
1549 2397 76 160
1626 2397 55 160
1683 2397 197 160
1881 2397 55 160
1938 2397 55 160
1995 2397 55 160
2051 2397 55 160
2108 2397 55 160
2165 2397 111 160
2278 2397 186 160
2465 2397 520 160
1549 2559 76 902
1626 2559 55 452
1683 2559 197 452
1881 2559 55 452
1938 2559 55 452
1994 2559 56 452
2051 2559 55 452
2108 2559 55 452
2165 2559 112 452
2278 2559 186 452
2465 2559 520 452
180 2729 55 448
236 2729 197 448
435 2729 55 448
491 2729 56 448
548 2729 55 448
605 2729 55 448
661 2729 56 448
718 2729 112 448
831 2729 186 448
1019 2729 523 448
1626 3012 55 449
1683 3012 197 449
1881 3012 55 449
1938 3012 55 449
1994 3012 56 449
2051 3012 55 449
2108 3012 55 449
2165 3012 112 449
2278 3012 186 449
2465 3012 520 449
107 3186 1435 279
107 3469 2878 783
