7 6 2891 413
7 423 2891 200
7 627 2891 58
7 689 63 145
71 689 246 145
318 689 44 145
363 689 44 145
409 689 44 145
454 689 44 145
499 689 44 145
545 689 174 145
721 689 259 145
981 689 461 145
1463 689 65 145
1529 689 246 145
1776 689 44 145
1821 689 44 145
1867 689 44 145
1912 689 44 145
1957 689 44 145
2003 689 174 145
2178 689 260 145
2439 689 459 145
7 836 63 519
71 836 246 519
318 836 44 519
363 836 44 519
409 836 44 519
454 836 44 519
499 836 44 519
545 836 174 519
721 836 259 519
981 836 461 519
1463 836 65 519
1529 836 246 519
1776 836 44 519
1821 836 44 519
1867 836 44 519
1912 836 44 519
1957 836 44 519
2003 836 174 519
2178 836 260 519
2439 836 459 519
7 1359 2891 58
7 1421 63 146
71 1421 246 146
318 1421 44 146
363 1421 44 146
409 1421 44 146
454 1421 44 146
499 1421 44 146
545 1421 174 146
721 1421 259 146
981 1421 461 146
1463 1421 65 146
1529 1421 246 146
1776 1421 44 146
1821 1421 44 146
1867 1421 44 146
1912 1421 44 146
1957 1421 44 146
2003 1421 174 146
2178 1421 260 146
2439 1421 459 146
7 1568 63 254
71 1568 246 254
318 1568 44 254
363 1568 44 254
409 1568 44 254
454 1568 44 254
499 1568 44 254
545 1568 174 254
721 1568 259 254
981 1568 461 254
1463 1568 65 254
1529 1568 246 254
1776 1568 44 254
1821 1568 44 254
1867 1568 44 254
1912 1568 44 254
1957 1568 44 254
2003 1568 174 254
2178 1568 260 254
2439 1568 459 254
7 1823 63 254
71 1823 246 254
318 1823 44 254
363 1823 44 254
409 1823 44 254
454 1823 44 254
499 1823 44 254
545 1823 174 254
721 1823 259 254
981 1823 461 254
1463 1823 65 250
1529 1823 246 250
1776 1823 44 250
1821 1823 44 250
1867 1823 44 250
1912 1823 44 250
1957 1823 44 250
2003 1823 174 250
2178 1823 260 250
2439 1823 459 250
7 2078 63 253
71 2078 246 253
318 2078 44 253
363 2078 44 253
409 2078 44 253
454 2078 44 253
499 2078 44 253
545 2078 174 253
721 2078 259 253
981 2078 461 253
1463 2078 1435 253
7 2335 2891 26
7 2365 1435 64
1463 2365 1435 64
7 2430 63 146
71 2430 246 146
318 2430 44 146
363 2430 44 146
409 2430 44 146
454 2430 44 146
499 2430 44 146
545 2430 174 146
721 2430 259 146
981 2430 461 146
1463 2430 65 146
1529 2430 246 146
1776 2430 44 146
1821 2430 44 146
1867 2430 44 146
1912 2430 44 146
1957 2430 44 146
2003 2430 174 146
2178 2430 260 146
2439 2430 459 146
7 2577 63 231
71 2577 246 231
318 2577 44 231
363 2577 44 231
409 2577 44 231
454 2577 44 231
499 2577 44 231
545 2577 174 231
721 2577 259 231
981 2577 461 231
1463 2577 65 231
1529 2577 246 231
1776 2577 44 231
1821 2577 44 231
1867 2577 44 231
1912 2577 44 231
1957 2577 44 231
2003 2577 174 231
2178 2577 260 231
2439 2577 459 231
7 2810 1435 66
1463 2810 1435 66
7 2878 63 146
71 2878 246 146
318 2878 44 146
363 2878 44 146
409 2878 44 146
454 2878 44 146
499 2878 44 146
545 2878 174 146
721 2878 259 146
981 2878 461 146
1463 2878 65 146
1529 2878 246 146
1776 2878 44 146
1821 2878 44 146
1867 2878 44 146
1912 2878 44 146
1957 2878 44 146
2003 2878 174 146
2178 2878 260 146
2439 2878 459 146
7 3025 63 231
71 3025 246 231
318 3025 44 231
363 3025 44 231
409 3025 44 231
454 3025 44 231
499 3025 44 231
545 3025 174 231
721 3025 259 231
981 3025 461 231
1463 3025 65 231
1529 3025 246 231
1776 3025 44 231
1821 3025 44 231
1867 3025 44 231
1912 3025 44 231
1957 3025 44 231
2003 3025 174 231
2178 3025 260 231
2439 3025 459 231
7 3258 63 231
71 3258 246 231
318 3258 44 231
363 3258 44 231
409 3258 44 231
454 3258 44 231
499 3258 44 231
545 3258 174 231
721 3258 259 231
981 3258 461 231
1463 3258 1435 66
1463 3326 65 146
1529 3326 246 146
1776 3326 44 146
1821 3326 44 146
1867 3326 44 146
1912 3326 44 146
1957 3326 44 146
2003 3326 174 146
2178 3326 260 146
2439 3326 459 146
1463 3473 65 231
1529 3473 246 231
1776 3473 44 231
1821 3473 44 231
1867 3473 44 231
1912 3473 44 231
1957 3473 44 231
2003 3473 174 231
2178 3473 260 231
2439 3473 459 231
7 3490 1435 67
7 3558 63 146
71 3558 246 146
318 3558 44 146
363 3558 44 146
409 3558 44 146
454 3558 44 146
499 3558 44 146
545 3558 174 146
721 3558 259 146
981 3558 461 146
7 3705 63 232
71 3705 246 232
318 3705 44 232
363 3705 44 232
409 3705 44 232
454 3705 44 232
499 3705 44 232
545 3705 174 232
721 3705 259 232
981 3705 461 232
1463 3705 65 231
1529 3705 246 231
1776 3705 44 231
1821 3705 44 231
1867 3705 44 231
1912 3705 44 231
1957 3705 44 231
2003 3705 174 231
2178 3705 260 231
2439 3705 459 231
7 3938 63 231
71 3938 246 231
318 3938 44 231
363 3938 44 231
409 3938 44 231
454 3938 44 231
499 3938 44 231
545 3938 174 231
721 3938 259 231
981 3938 461 231
1463 3940 1435 236
