10 9 1541 188
10 201 1541 150
10 356 55 229
67 356 202 229
271 356 55 229
328 356 55 229
384 356 55 229
441 356 55 229
498 356 55 229
554 356 191 229
747 356 276 229
1025 356 526 229
10 587 55 229
271 587 55 229
328 587 55 229
384 587 55 229
441 587 55 229
498 587 55 229
554 587 191 229
747 587 276 229
1025 587 526 229
67 641 42 121
227 645 42 32
229 679 40 83
10 818 55 229
271 818 55 229
328 818 55 229
384 818 55 229
441 818 55 229
498 818 55 229
554 818 191 229
747 818 276 229
1025 818 526 229
222 865 47 33
67 869 45 32
226 902 43 73
67 911 42 63
10 1049 1541 1142
