8 8 1486 136
8 145 1486 121
8 267 50 151
60 267 151 151
212 267 60 151
273 267 60 151
334 267 60 151
395 267 60 151
456 267 60 151
517 267 182 151
700 267 291 151
993 267 501 151
8 420 50 285
60 420 151 285
212 420 60 285
273 420 60 285
334 420 60 285
395 420 60 285
456 420 60 285
517 420 182 285
700 420 291 285
993 420 501 285
8 707 50 285
60 707 151 190
212 707 60 285
273 707 60 285
334 707 60 285
395 707 60 285
456 707 60 285
517 707 182 285
700 707 291 285
993 707 501 285
60 958 151 34
8 993 50 285
60 993 151 199
212 993 60 285
273 993 60 285
334 993 60 285
395 993 60 285
456 993 60 285
517 993 182 285
700 993 291 285
993 993 501 285
60 1205 151 73
8 1280 50 285
60 1280 151 45
212 1280 60 285
273 1280 60 285
334 1280 60 285
395 1280 60 285
456 1280 60 285
517 1280 182 285
700 1280 291 285
993 1280 501 285
60 1521 151 44
8 1567 50 285
60 1567 151 50
212 1567 60 285
273 1567 60 285
334 1567 60 285
395 1567 60 285
456 1567 60 285
517 1567 182 285
700 1567 291 285
993 1567 501 285
60 1822 151 30
8 1853 50 282
60 1853 151 193
212 1853 60 282
273 1853 60 282
334 1853 60 282
395 1853 60 282
456 1853 60 282
517 1853 182 282
700 1853 291 282
993 1853 501 282
60 2051 151 27
60 2080 151 55
