107 212 2878 416
107 630 2878 221
107 864 1435 114
1550 864 1435 114
107 979 72 161
180 979 56 161
237 979 197 161
435 979 56 161
492 979 56 161
549 979 55 161
605 979 56 161
662 979 56 161
719 979 112 161
832 979 186 161
1019 979 523 161
1550 979 75 161
1626 979 55 161
1683 979 197 161
1881 979 55 161
1938 979 55 161
1994 979 56 161
2051 979 55 161
2108 979 55 161
2165 979 111 161
2278 979 186 161
2465 979 520 161
107 1141 72 1356
180 1141 56 679
237 1141 197 679
435 1141 56 679
492 1141 55 679
549 1141 55 679
606 1141 55 679
662 1141 55 679
719 1141 112 679
832 1141 186 679
1019 1141 523 679
1550 1141 75 449
1626 1141 55 449
1683 1141 197 449
1881 1141 55 449
1938 1141 55 449
1994 1141 56 449
2051 1141 56 449
2108 1141 55 449
2164 1141 113 449
2278 1141 186 449
2465 1141 520 449
1550 1598 1435 117
1550 1716 75 161
1626 1716 55 161
1683 1716 197 161
1881 1716 55 161
1938 1716 55 161
1994 1716 56 161
2051 1716 55 161
2108 1716 55 161
2165 1716 111 161
2278 1716 186 161
2465 1716 520 161
180 1822 56 675
237 1822 197 675
435 1822 56 675
492 1822 55 675
549 1822 55 675
606 1822 55 675
662 1822 55 675
719 1822 112 675
832 1822 186 675
1019 1822 523 675
1550 1878 75 902
1626 1878 55 452
1683 1878 197 452
1881 1878 55 452
1938 1878 55 452
1994 1878 56 452
2051 1878 56 452
2108 1878 55 452
2164 1878 113 452
2278 1878 186 452
2465 1878 520 452
1626 2332 55 448
1683 2332 197 448
1881 2332 55 448
1938 2332 55 448
1994 2332 56 448
2051 2332 56 448
2108 2332 55 448
2164 2332 113 448
2278 2332 186 448
2465 2332 520 448
107 2505 1435 117
107 2623 72 161
180 2623 55 161
237 2623 197 161
436 2623 55 161
492 2623 55 161
549 2623 55 161
606 2623 55 161
662 2623 55 161
719 2623 112 161
832 2623 186 161
1019 2623 523 161
107 2785 72 1356
180 2785 56 453
237 2785 197 453
435 2785 56 453
492 2785 55 453
549 2785 55 453
605 2785 56 453
662 2785 56 453
719 2785 112 453
832 2785 186 453
1019 2785 523 453
1550 2789 1435 116
1550 2907 75 160
1626 2907 55 160
1683 2907 197 160
1881 2907 55 160
1938 2907 55 160
1994 2907 56 160
2051 2907 55 160
2108 2907 55 160
2165 2907 111 160
2278 2907 186 160
2465 2907 520 160
1550 3069 75 902
1626 3069 55 452
1683 3069 197 452
1881 3069 55 452
1938 3069 55 452
1994 3069 56 452
2051 3069 56 452
2108 3069 55 452
2164 3069 113 452
2278 3069 186 452
2465 3069 520 452
180 3239 56 452
237 3239 197 452
435 3239 56 452
492 3239 55 452
549 3239 55 452
605 3239 56 452
662 3239 56 452
719 3239 112 452
832 3239 186 452
1019 3239 523 452
1626 3522 55 449
1683 3522 197 449
1881 3522 55 449
1938 3522 55 449
1994 3522 56 449
2051 3522 56 449
2108 3522 55 449
2164 3522 113 449
2278 3522 186 449
2465 3522 520 449
180 3692 56 449
237 3692 197 449
435 3692 56 449
492 3692 55 449
549 3692 55 449
605 3692 56 449
662 3692 56 449
719 3692 112 449
832 3692 186 449
1019 3692 523 449
1550 3979 1435 273
107 4150 1435 102
