107 212 2878 416
107 630 2878 221
107 863 1435 115
1550 863 1435 115
107 979 71 161
179 979 56 161
236 979 197 161
435 979 55 161
491 979 56 161
548 979 55 161
605 979 55 161
661 979 56 161
718 979 112 161
831 979 186 161
1019 979 523 161
1550 979 74 161
1625 979 55 161
1682 979 197 161
1880 979 56 161
1937 979 55 161
1994 979 55 161
2050 979 56 161
2107 979 55 161
2164 979 112 161
2277 979 186 161
2464 979 521 161
107 1141 71 1356
180 1141 55 679
236 1141 197 679
435 1141 55 679
491 1141 56 679
548 1141 55 679
605 1141 55 679
662 1141 55 679
718 1141 112 679
832 1141 185 679
1019 1141 523 679
1550 1141 74 449
1625 1141 56 449
1682 1141 197 449
1880 1141 56 449
1937 1141 55 449
1994 1141 55 449
2050 1141 56 449
2107 1141 56 449
2164 1141 112 449
2277 1141 186 449
2464 1141 521 449
1550 1598 1435 117
1550 1716 74 161
1625 1716 55 161
1682 1716 197 161
1880 1716 56 161
1937 1716 55 161
1994 1716 55 161
2050 1716 56 161
2107 1716 55 161
2164 1716 112 161
2277 1716 186 161
2464 1716 521 161
180 1822 55 675
236 1822 197 675
435 1822 55 675
491 1822 56 675
548 1822 55 675
605 1822 55 675
662 1822 55 675
718 1822 112 675
832 1822 185 675
1019 1822 523 675
1550 1878 74 902
1625 1878 56 452
1682 1878 197 452
1880 1878 56 452
1937 1878 55 452
1994 1878 55 452
2050 1878 56 452
2107 1878 56 452
2164 1878 112 452
2277 1878 186 452
2464 1878 521 452
1625 2332 56 448
1682 2332 197 448
1880 2332 56 448
1937 2332 55 448
1994 2332 55 448
2050 2332 56 448
2107 2332 56 448
2164 2332 112 448
2277 2332 186 448
2464 2332 521 448
107 2505 1435 117
107 2623 71 161
180 2623 55 161
236 2623 197 161
435 2623 55 161
491 2623 56 161
548 2623 55 161
605 2623 55 161
661 2623 56 161
718 2623 112 161
832 2623 185 161
1019 2623 523 161
107 2785 71 902
179 2785 56 453
236 2785 197 453
435 2785 55 453
491 2785 56 453
548 2785 55 453
605 2785 55 453
661 2785 56 453
718 2785 112 453
831 2785 186 453
1019 2785 523 453
1550 2789 1435 116
1550 2907 74 160
1625 2907 55 160
1682 2907 197 160
1880 2907 56 160
1937 2907 55 160
1994 2907 55 160
2050 2907 56 160
2107 2907 55 160
2164 2907 112 160
2277 2907 186 160
2464 2907 521 160
1550 3069 74 448
1625 3069 56 448
1682 3069 197 448
1880 3069 56 448
1937 3069 55 448
1994 3069 55 448
2050 3069 56 448
2107 3069 56 448
2164 3069 112 448
2277 3069 186 448
2464 3069 521 448
179 3239 56 448
236 3239 197 448
435 3239 55 448
491 3239 56 448
548 3239 55 448
605 3239 55 448
661 3239 56 448
718 3239 112 448
831 3239 186 448
1019 3239 523 448
1550 3526 1435 116
1550 3644 74 160
1625 3644 55 160
1682 3644 197 160
1880 3644 56 160
1937 3644 55 160
1994 3644 55 160
2050 3644 56 160
2107 3644 55 160
2164 3644 112 160
2277 3644 186 160
2464 3644 521 160
107 3696 1435 556
1550 3806 74 446
1625 3806 56 446
1682 3806 197 446
1880 3806 56 446
1937 3806 55 446
1994 3806 55 446
2050 3806 56 446
2107 3806 56 446
2164 3806 112 446
2277 3806 186 446
2464 3806 521 446
