106 211 2878 333
106 545 2878 221
106 776 1435 95
1549 776 1435 95
106 873 72 153
179 873 56 153
236 873 197 153
434 873 56 153
491 873 56 153
548 873 55 153
605 873 55 153
661 873 56 153
718 873 112 153
831 873 186 153
1018 873 523 153
1549 873 75 153
1625 873 56 153
1682 873 197 153
1880 873 56 153
1937 873 55 153
1994 873 55 153
2050 873 56 153
2107 873 55 153
2164 873 112 153
2277 873 186 153
2464 873 520 153
106 1027 72 420
179 1027 56 420
236 1027 197 420
434 1027 56 420
491 1027 56 420
548 1027 55 420
605 1027 55 420
661 1027 56 420
718 1027 112 420
831 1027 186 420
1018 1027 523 420
1549 1027 75 420
1625 1027 56 420
1682 1027 197 420
1880 1027 56 420
1937 1027 55 420
1994 1027 55 420
2050 1027 56 420
2107 1027 55 420
2164 1027 112 420
2277 1027 186 420
2464 1027 520 420
106 1456 1435 96
1549 1456 1435 96
106 1553 72 153
179 1553 56 153
236 1553 197 153
434 1553 56 153
491 1553 56 153
548 1553 55 153
605 1553 55 153
661 1553 56 153
718 1553 112 153
831 1553 186 153
1018 1553 523 153
1549 1553 75 153
1625 1553 56 153
1682 1553 197 153
1880 1553 56 153
1937 1553 55 153
1994 1553 55 153
2050 1553 56 153
2107 1553 55 153
2164 1553 112 153
2277 1553 186 153
2464 1553 520 153
106 1707 72 846
179 1707 56 424
236 1707 197 424
434 1707 56 424
491 1707 56 424
548 1707 55 424
605 1707 55 424
661 1707 56 424
718 1707 112 424
831 1707 186 424
1018 1707 523 424
1549 1707 75 846
1625 1707 56 424
1682 1707 197 424
1880 1707 56 424
1937 1707 55 424
1994 1707 55 424
2050 1707 56 424
2107 1707 55 424
2164 1707 112 424
2277 1707 186 424
2464 1707 520 424
179 2133 56 420
236 2133 197 420
434 2133 56 420
491 2133 56 420
548 2133 55 420
605 2133 55 420
661 2133 56 420
718 2133 112 420
831 2133 186 420
1018 2133 523 420
1625 2133 56 420
1682 2133 197 420
1880 2133 56 420
1937 2133 55 420
1994 2133 55 420
2050 2133 56 420
2107 2133 55 420
2164 2133 112 420
2277 2133 186 420
2464 2133 520 420
106 2561 1435 96
1549 2561 1435 1690
106 2658 72 154
179 2658 56 154
236 2658 197 154
434 2658 56 154
491 2658 56 154
548 2658 55 154
605 2658 55 154
661 2658 56 154
718 2658 112 154
831 2658 186 154
1018 2658 523 154
106 2813 72 845
179 2813 56 424
236 2813 197 424
434 2813 56 424
491 2813 56 424
548 2813 55 424
605 2813 55 424
661 2813 56 424
718 2813 112 424
831 2813 186 424
1018 2813 523 424
179 3238 56 420
236 3238 197 420
434 3238 56 420
491 3238 56 420
548 3238 55 420
605 3238 55 420
661 3238 56 420
718 3238 112 420
831 3238 186 420
1018 3238 523 420
106 3667 1435 584
