20 19 2860 80
20 103 45 81
70 103 46 81
121 103 199 81
325 103 46 81
376 103 41 81
421 103 41 81
467 103 40 81
512 103 41 81
557 103 449 81
1011 103 551 81
1566 103 1314 81
20 188 45 358
70 188 46 358
121 188 199 44
325 188 46 358
376 188 41 358
421 188 41 358
467 188 40 358
512 188 41 358
557 188 449 358
1011 188 551 358
1566 188 1314 358
121 292 24 133
291 293 29 128
20 552 2860 86
20 643 300 36
322 643 594 36
918 643 529 36
1452 643 303 36
1757 643 593 36
2352 643 528 36
20 681 300 36
322 681 594 36
918 681 529 36
1452 681 303 36
1757 681 593 36
2352 681 528 36
20 719 300 35
322 719 594 35
918 719 529 35
1452 719 303 35
1757 719 593 35
2352 719 528 35
20 756 300 35
322 756 594 35
918 756 529 35
1452 756 303 35
1757 756 593 35
2352 756 528 35
20 793 300 36
322 793 594 36
918 793 529 36
1452 793 303 36
1757 793 593 36
2352 793 528 36
20 831 300 35
322 831 594 35
918 831 529 35
1452 831 303 35
1757 831 593 35
2352 831 528 35
20 868 300 35
322 868 594 35
918 868 529 35
1452 868 303 35
1757 868 593 35
2352 868 528 35
20 905 300 36
322 905 594 36
918 905 529 36
1452 905 303 36
1757 905 593 36
2352 905 528 36
20 943 300 35
322 943 594 35
918 943 529 35
1452 943 303 35
1757 943 593 35
2352 943 528 35
20 980 300 35
322 980 594 35
918 980 529 35
1452 980 303 35
1757 980 593 35
2352 980 528 35
20 1017 300 35
322 1017 594 35
918 1017 529 35
1452 1017 303 35
1757 1017 593 35
2352 1017 528 35
20 1054 300 36
322 1054 594 36
918 1054 529 36
1452 1054 303 36
1757 1054 593 36
2352 1054 528 36
20 1092 300 35
322 1092 594 35
918 1092 529 35
1452 1092 303 35
1757 1092 593 35
2352 1092 528 35
20 1129 300 35
322 1129 594 35
918 1129 529 35
1452 1129 303 35
1757 1129 593 35
2352 1129 528 35
20 1166 300 36
322 1166 594 36
918 1166 529 36
1452 1166 303 36
1757 1166 593 36
2352 1166 528 36
20 1204 300 35
322 1204 594 35
918 1204 529 35
1452 1204 303 35
1757 1204 593 35
2352 1204 528 35
20 1241 300 35
322 1241 594 35
918 1241 529 35
1452 1241 303 35
1757 1241 593 35
2352 1241 528 35
20 1278 300 36
322 1278 594 36
918 1278 529 36
1452 1278 303 36
1757 1278 593 36
2352 1278 528 36
20 1316 300 35
322 1316 594 35
918 1316 529 35
1452 1316 303 35
1757 1316 593 35
2352 1316 528 35
20 1353 300 35
322 1353 594 35
918 1353 529 35
1452 1353 303 35
1757 1353 593 35
2352 1353 528 35
20 1390 300 35
322 1390 594 35
918 1390 529 35
1452 1390 303 35
1757 1390 593 35
2352 1390 528 35
20 1427 300 36
322 1427 594 36
918 1427 529 36
1452 1427 303 36
1757 1427 593 36
2352 1427 528 36
20 1465 300 35
322 1465 594 35
918 1465 529 35
1452 1465 303 35
1757 1465 593 35
2352 1465 528 35
20 1502 300 35
322 1502 594 35
918 1502 529 35
1452 1502 303 35
1757 1502 593 35
2352 1502 528 35
20 1539 300 36
322 1539 594 36
918 1539 529 36
1452 1539 303 36
1757 1539 593 36
2352 1539 528 36
20 1577 300 35
322 1577 594 35
918 1577 529 35
1452 1577 303 35
1757 1577 593 35
2352 1577 528 35
20 1614 300 35
322 1614 594 35
918 1614 529 35
1452 1614 303 35
1757 1614 593 35
2352 1614 528 35
20 1651 300 36
322 1651 594 36
918 1651 529 36
1452 1651 303 36
1757 1651 593 36
2352 1651 528 36
20 1689 300 35
322 1689 594 35
918 1689 529 35
1452 1689 303 35
1757 1689 593 35
2352 1689 528 35
20 1726 300 35
322 1726 594 35
918 1726 529 35
1452 1726 303 35
1757 1726 593 35
2352 1726 528 35
20 1763 300 36
322 1763 594 36
918 1763 529 36
1452 1763 303 36
1757 1763 593 36
2352 1763 528 36
20 1801 300 35
322 1801 594 35
918 1801 529 35
1452 1801 303 35
1757 1801 593 35
2352 1801 528 35
20 1838 300 35
322 1838 594 35
918 1838 529 35
1452 1838 303 35
1757 1838 593 35
2352 1838 528 35
20 1875 300 35
322 1875 594 35
918 1875 529 35
1452 1875 303 35
1757 1875 593 35
2352 1875 528 35
20 1912 300 36
322 1912 594 36
918 1912 529 36
1452 1912 303 36
1757 1912 593 36
2352 1912 528 36
20 1950 300 35
322 1950 594 35
918 1950 529 35
1452 1950 303 35
1757 1950 593 35
2352 1950 528 35
20 1987 300 35
322 1987 594 35
918 1987 529 35
1452 1987 303 35
1757 1987 593 35
2352 1987 528 35
20 2024 300 36
322 2024 594 36
918 2024 529 36
1452 2024 303 36
1757 2024 593 36
2352 2024 528 36
20 2062 300 35
322 2062 594 35
918 2062 529 35
1452 2062 303 35
1757 2062 593 35
2352 2062 528 35
20 2099 300 35
322 2099 594 35
918 2099 529 35
1452 2099 303 35
1757 2099 593 35
2352 2099 528 35
20 2136 300 36
322 2136 594 36
918 2136 529 36
1452 2136 303 36
1757 2136 593 36
2352 2136 528 36
20 2174 300 35
322 2174 594 35
918 2174 529 35
1452 2174 303 35
1757 2174 593 35
2352 2174 528 35
20 2211 300 35
322 2211 594 35
918 2211 529 35
1452 2211 303 35
1757 2211 593 35
2352 2211 528 35
20 2248 300 35
322 2248 594 35
918 2248 529 35
1452 2248 303 35
1757 2248 593 35
2352 2248 528 35
20 2285 300 36
322 2285 594 36
918 2285 529 36
1452 2285 303 36
1757 2285 593 36
2352 2285 528 36
20 2323 300 35
322 2323 594 35
918 2323 529 35
1452 2323 303 35
1757 2323 593 35
2352 2323 528 35
20 2360 300 35
322 2360 594 35
918 2360 529 35
1452 2360 303 35
1757 2360 593 35
2352 2360 528 35
20 2397 300 36
322 2397 594 36
918 2397 529 36
1452 2397 303 36
1757 2397 593 36
2352 2397 528 36
20 2435 300 35
322 2435 594 35
918 2435 529 35
1452 2435 303 35
1757 2435 593 35
2352 2435 528 35
20 2472 300 35
322 2472 594 35
918 2472 529 35
1452 2472 303 35
1757 2472 593 35
2352 2472 528 35
20 2509 300 36
322 2509 594 36
918 2509 529 36
1452 2509 303 36
1757 2509 593 36
2352 2509 528 36
20 2547 300 35
322 2547 594 35
918 2547 529 35
1452 2547 303 35
1757 2547 593 35
2352 2547 528 35
20 2584 300 35
322 2584 594 35
918 2584 529 35
1452 2584 303 35
1757 2584 593 35
2352 2584 528 35
20 2621 300 36
322 2621 594 36
918 2621 529 36
1452 2621 303 36
1757 2621 593 36
2352 2621 528 36
20 2659 300 35
322 2659 594 35
918 2659 529 35
1452 2659 303 35
1757 2659 593 35
2352 2659 528 35
20 2696 300 35
322 2696 594 35
918 2696 529 35
1452 2696 303 35
1757 2696 593 35
2352 2696 528 35
20 2733 300 35
322 2733 594 35
918 2733 529 35
1452 2733 303 35
1757 2733 593 35
2352 2733 528 35
20 2770 300 36
322 2770 594 36
918 2770 529 36
1452 2770 303 36
1757 2770 593 36
2352 2770 528 36
20 2808 300 35
322 2808 594 35
918 2808 529 35
1452 2808 303 35
1757 2808 593 35
2352 2808 528 35
20 2845 300 35
322 2845 594 35
918 2845 529 35
1452 2845 303 35
1757 2845 593 35
2352 2845 528 35
20 2882 300 36
322 2882 594 36
918 2882 529 36
1452 2882 303 36
1757 2882 593 36
2352 2882 528 36
20 2920 300 35
322 2920 594 35
918 2920 529 35
1452 2920 303 35
1757 2920 593 35
2352 2920 528 35
20 2957 300 35
322 2957 594 35
918 2957 529 35
1452 2957 303 35
1757 2957 593 35
2352 2957 528 35
20 2994 300 36
322 2994 594 36
918 2994 529 36
1452 2994 303 36
1757 2994 593 36
2352 2994 528 36
20 3032 300 35
322 3032 594 35
918 3032 529 35
1452 3032 303 35
1757 3032 593 35
2352 3032 528 35
20 3069 300 35
322 3069 594 35
918 3069 529 35
1452 3069 303 35
1757 3069 593 35
2352 3069 528 35
20 3106 300 35
322 3106 594 35
918 3106 529 35
1452 3106 303 35
1757 3106 593 35
2352 3106 528 35
20 3143 300 36
322 3143 594 36
918 3143 529 36
1452 3143 303 36
1757 3143 593 36
2352 3143 528 36
20 3181 300 35
322 3181 594 35
918 3181 529 35
1452 3181 303 35
1757 3181 593 35
2352 3181 528 35
20 3218 300 35
322 3218 594 35
918 3218 529 35
1452 3218 303 35
1757 3218 593 35
2352 3218 528 35
20 3255 300 36
322 3255 594 36
918 3255 529 36
1452 3255 303 36
1757 3255 593 36
2352 3255 528 36
20 3293 300 35
322 3293 594 35
918 3293 529 35
1452 3293 303 35
1757 3293 593 35
2352 3293 528 35
20 3330 300 35
322 3330 594 35
918 3330 529 35
1452 3330 303 35
1757 3330 593 35
2352 3330 528 35
20 3367 300 36
322 3367 594 36
918 3367 529 36
1452 3367 303 36
1757 3367 593 36
2352 3367 528 36
20 3405 300 35
322 3405 594 35
918 3405 529 35
1452 3405 303 35
1757 3405 593 35
2352 3405 528 35
20 3442 300 35
322 3442 594 35
918 3442 529 35
1452 3442 303 35
1757 3442 593 35
2352 3442 528 35
20 3479 300 35
322 3479 594 35
918 3479 529 35
1452 3479 303 35
1757 3479 593 35
2352 3479 528 35
20 3516 300 36
322 3516 594 36
918 3516 529 36
1452 3516 303 36
1757 3516 593 36
2352 3516 528 36
20 3554 300 35
322 3554 594 35
918 3554 529 35
1452 3554 303 35
1757 3554 593 35
2352 3554 528 35
20 3591 300 35
322 3591 594 35
918 3591 529 35
1452 3591 303 35
1757 3591 593 35
2352 3591 528 35
20 3628 300 36
322 3628 594 36
918 3628 529 36
1452 3628 303 36
1757 3628 593 36
2352 3628 528 36
20 3666 300 35
322 3666 594 35
918 3666 529 35
1452 3666 303 35
1757 3666 593 35
2352 3666 528 35
20 3703 300 35
322 3703 594 35
918 3703 529 35
1452 3703 303 35
1757 3703 593 35
2352 3703 528 35
20 3740 300 36
322 3740 594 36
918 3740 529 36
1452 3740 303 36
1757 3740 593 36
2352 3740 528 36
20 3778 300 35
322 3778 594 35
918 3778 529 35
1452 3778 303 35
1757 3778 593 35
2352 3778 528 35
20 3815 300 35
322 3815 594 35
918 3815 529 35
1452 3815 303 35
1757 3815 593 35
2352 3815 528 35
20 3852 300 36
322 3852 594 36
918 3852 529 36
1452 3852 303 36
1757 3852 593 36
2352 3852 528 36
20 3890 300 35
322 3890 594 35
918 3890 529 35
1452 3890 303 35
1757 3890 593 35
2352 3890 528 35
20 3927 300 35
322 3927 594 35
918 3927 529 35
1452 3927 303 35
1757 3927 593 35
2352 3927 528 35
20 3964 300 35
322 3964 594 35
918 3964 529 35
1452 3964 303 35
1757 3964 593 35
2352 3964 528 35
20 4001 300 36
322 4001 594 36
918 4001 529 36
1452 4001 303 36
1757 4001 593 36
2352 4001 528 36
20 4039 300 35
322 4039 594 35
918 4039 529 35
1452 4039 303 35
1757 4039 593 35
2352 4039 528 35
20 4076 300 34
322 4076 594 34
918 4076 529 34
1452 4076 303 34
1757 4076 593 34
2352 4076 528 34
