107 212 2878 250
107 464 2878 134
107 606 1434 80
1550 606 1435 80
107 688 71 112
179 688 56 112
236 688 197 112
435 688 55 112
491 688 56 112
548 688 55 112
605 688 55 112
661 688 56 112
718 688 112 112
831 688 186 112
1018 688 523 112
1550 688 75 112
1626 688 55 112
1683 688 197 112
1881 688 56 112
1938 688 55 112
1994 688 56 112
2051 688 56 112
2108 688 55 112
2164 688 113 112
2278 688 186 112
2465 688 520 112
107 801 71 675
179 801 56 339
236 801 197 339
435 801 55 339
491 801 56 339
548 801 55 339
605 801 55 339
661 801 56 339
718 801 112 339
831 801 186 339
1018 801 523 339
1550 801 75 1016
1626 801 55 339
1683 801 197 339
1881 801 56 339
1938 801 55 339
1994 801 56 339
2051 801 56 339
2108 801 55 339
2164 801 113 339
2278 801 186 339
2465 801 520 339
179 1141 56 335
236 1141 197 335
435 1141 55 335
491 1141 56 335
548 1141 55 335
605 1141 55 335
661 1141 56 335
718 1141 112 335
831 1141 186 335
1018 1141 523 335
1626 1141 55 339
1683 1141 197 339
1881 1141 56 339
1938 1141 55 339
1994 1141 56 339
2051 1141 56 339
2108 1141 55 339
2164 1141 113 339
2278 1141 186 339
2465 1141 520 339
1626 1481 55 336
1683 1481 197 336
1881 1481 56 336
1938 1481 55 336
1994 1481 56 336
2051 1481 56 336
2108 1481 55 336
2164 1481 113 336
2278 1481 186 336
2465 1481 520 336
107 1485 1434 80
107 1566 71 113
179 1566 56 113
236 1566 197 113
435 1566 55 113
491 1566 56 113
548 1566 55 113
605 1566 55 113
661 1566 56 113
718 1566 112 113
831 1566 186 113
1018 1566 523 113
107 1680 71 1015
179 1680 56 339
236 1680 197 339
435 1680 55 339
491 1680 56 339
548 1680 55 339
605 1680 55 339
661 1680 56 339
718 1680 112 339
831 1680 186 339
1018 1680 523 339
1550 1825 75 672
1626 1825 55 335
1683 1825 197 335
1881 1825 56 335
1938 1825 55 335
1994 1825 56 335
2051 1825 56 335
2108 1825 55 335
2164 1825 113 335
2278 1825 186 335
2465 1825 520 335
179 2020 56 339
236 2020 197 339
435 2020 55 339
491 2020 56 339
548 2020 55 339
605 2020 55 339
661 2020 56 339
718 2020 112 339
831 2020 186 339
1018 2020 523 339
1626 2162 55 335
1683 2162 197 335
1881 2162 56 335
1938 2162 55 335
1994 2162 56 335
2051 2162 56 335
2108 2162 55 335
2164 2162 113 335
2278 2162 186 335
2465 2162 520 335
179 2360 56 335
236 2360 197 335
435 2360 55 335
491 2360 56 335
548 2360 55 335
605 2360 55 335
661 2360 56 335
718 2360 112 335
831 2360 186 335
1018 2360 523 335
1550 2505 75 332
1626 2505 55 332
1683 2505 197 332
1881 2505 56 332
1938 2505 55 332
1994 2505 56 332
2051 2505 56 332
2108 2505 55 332
2164 2505 113 332
2278 2505 186 332
2465 2505 520 332
107 2704 1434 80
107 2785 71 112
179 2785 56 112
236 2785 197 112
435 2785 55 112
491 2785 56 112
548 2785 55 112
605 2785 55 112
661 2785 56 112
718 2785 112 112
831 2785 186 112
1018 2785 523 112
1550 2846 75 671
1626 2846 55 335
1683 2846 197 335
1881 2846 56 335
1938 2846 55 335
1994 2846 56 335
2051 2846 56 335
2108 2846 55 335
2164 2846 113 335
2278 2846 186 335
2465 2846 520 335
107 2899 71 675
179 2899 56 339
236 2899 197 339
435 2899 55 339
491 2899 56 339
548 2899 55 339
605 2899 55 339
661 2899 56 339
718 2899 112 339
831 2899 186 339
1018 2899 523 339
1626 3182 55 335
1683 3182 197 335
1881 3182 56 335
1938 3182 55 335
1994 3182 56 335
2051 3182 56 335
2108 3182 55 335
2164 3182 113 335
2278 3182 186 335
2465 3182 520 335
179 3239 56 335
236 3239 197 335
435 3239 55 335
491 3239 56 335
548 3239 55 335
605 3239 55 335
661 3239 56 335
718 3239 112 335
831 3239 186 335
1018 3239 523 335
1550 3526 75 332
1626 3526 55 332
1683 3526 197 332
1881 3526 56 332
1938 3526 55 332
1994 3526 56 332
2051 3526 56 332
2108 3526 55 332
2164 3526 113 332
2278 3526 186 332
2465 3526 520 332
107 3583 71 669
179 3583 56 335
236 3583 197 335
435 3583 55 335
491 3583 56 335
548 3583 55 335
605 3583 55 335
661 3583 56 335
718 3583 112 335
831 3583 186 335
1018 3583 523 335
1550 3866 1435 386
179 3919 56 333
236 3919 197 333
435 3919 55 333
491 3919 56 333
548 3919 55 333
605 3919 55 333
661 3919 56 333
718 3919 112 333
831 3919 186 333
1018 3919 523 333
