106 211 2878 214
106 426 2878 114
106 549 1434 68
1549 549 1435 68
106 618 72 96
179 618 56 96
236 618 197 96
434 618 56 96
491 618 56 96
548 618 55 96
604 618 56 96
661 618 56 96
718 618 112 96
831 618 186 96
1018 618 522 96
1549 618 74 96
1624 618 56 96
1681 618 197 96
1880 618 55 96
1936 618 56 96
1993 618 56 96
2050 618 55 96
2106 618 56 96
2163 618 112 96
2276 618 186 96
2464 618 520 96
106 715 72 1186
179 715 56 396
236 715 197 396
434 715 56 396
491 715 56 396
548 715 55 396
604 715 56 396
661 715 56 396
718 715 112 396
831 715 186 396
1018 715 522 396
1549 715 74 789
1624 715 56 396
1681 715 197 396
1880 715 55 396
1936 715 56 396
1993 715 56 396
2050 715 55 396
2106 715 56 396
2163 715 112 396
2276 715 186 396
2464 715 520 396
179 1112 56 395
236 1112 197 395
434 1112 56 395
491 1112 56 395
548 1112 55 395
604 1112 56 395
661 1112 56 395
718 1112 112 395
831 1112 186 395
1018 1112 522 395
1624 1112 56 392
1681 1112 197 392
1880 1112 55 392
1936 1112 56 392
1993 1112 56 392
2050 1112 55 392
2106 1112 56 392
2163 1112 112 392
2276 1112 186 392
2464 1112 520 392
179 1509 56 392
236 1509 197 392
434 1509 56 392
491 1509 56 392
548 1509 55 392
604 1509 56 392
661 1509 56 392
718 1509 112 392
831 1509 186 392
1018 1509 522 392
1549 1512 1435 68
1549 1581 75 97
1625 1581 55 97
1682 1581 197 97
1880 1581 55 97
1937 1581 55 97
1993 1581 56 97
2050 1581 56 97
2107 1581 55 97
2163 1581 113 97
2277 1581 186 97
2464 1581 520 97
1549 1679 75 789
1625 1679 55 395
1682 1679 197 395
1880 1679 55 395
1937 1679 55 395
1993 1679 56 395
2050 1679 56 395
2107 1679 55 395
2163 1679 113 395
2277 1679 186 395
2464 1679 520 395
106 1909 1434 68
106 1978 72 96
179 1978 56 96
236 1978 197 96
434 1978 56 96
491 1978 56 96
548 1978 55 96
604 1978 56 96
661 1978 56 96
718 1978 112 96
831 1978 186 96
1018 1978 522 96
106 2076 72 1979
179 2076 56 395
236 2076 197 395
434 2076 56 395
491 2076 56 395
548 2076 55 395
604 2076 56 395
661 2076 56 395
718 2076 112 395
831 2076 186 395
1018 2076 522 395
1625 2076 55 392
1682 2076 197 392
1880 2076 55 392
1937 2076 55 392
1993 2076 56 392
2050 2076 56 392
2107 2076 55 392
2163 2076 113 392
2277 2076 186 392
2464 2076 520 392
179 2472 56 396
236 2472 197 396
434 2472 56 396
491 2472 56 396
548 2472 55 396
604 2472 56 396
661 2472 56 396
718 2472 112 396
831 2472 186 396
1018 2472 522 396
1549 2476 1435 68
1549 2545 74 96
1624 2545 56 96
1681 2545 197 96
1880 2545 55 96
1936 2545 56 96
1993 2545 56 96
2050 2545 55 96
2106 2545 56 96
2163 2545 112 96
2276 2545 186 96
2464 2545 520 96
1549 2642 74 392
1624 2642 56 392
1681 2642 197 392
1880 2642 55 392
1936 2642 56 392
1993 2642 56 392
2050 2642 55 392
2106 2642 56 392
2163 2642 112 392
2276 2642 186 392
2464 2642 520 392
179 2869 56 396
236 2869 197 396
434 2869 56 396
491 2869 56 396
548 2869 55 396
604 2869 56 396
661 2869 56 396
718 2869 112 396
831 2869 186 396
1018 2869 522 396
1549 3043 1435 68
1549 3112 74 96
1624 3112 56 96
1681 3112 197 96
1880 3112 55 96
1936 3112 56 96
1993 3112 56 96
2050 3112 55 96
2106 3112 56 96
2163 3112 112 96
2276 3112 186 96
2464 3112 520 96
1549 3209 74 392
1624 3209 56 392
1681 3209 197 392
1880 3209 55 392
1936 3209 56 392
1993 3209 56 392
2050 3209 55 392
2106 3209 56 392
2163 3209 112 392
2276 3209 186 392
2464 3209 520 392
179 3266 56 396
236 3266 197 396
434 3266 56 396
491 3266 56 396
548 3266 55 396
604 3266 56 396
661 3266 56 396
718 3266 112 396
831 3266 186 396
1018 3266 522 396
1549 3610 1435 641
179 3663 56 392
236 3663 197 392
434 3663 56 392
491 3663 56 392
548 3663 55 392
604 3663 56 392
661 3663 56 392
718 3663 112 392
831 3663 186 392
1018 3663 522 392
106 4063 1434 188
