12 11 1463 152
12 165 1463 213
12 381 61 65
76 381 212 65
291 381 75 65
369 381 58 65
430 381 43 65
475 381 54 65
532 381 58 65
593 381 110 65
706 381 166 65
875 381 600 65
12 449 61 337
76 449 212 337
291 449 75 337
369 449 58 337
430 449 43 337
475 449 54 337
532 449 58 337
593 449 110 337
706 449 166 337
875 449 600 337
12 789 61 337
76 789 212 337
291 789 75 337
369 789 58 337
430 789 43 337
475 789 54 337
532 789 58 337
593 789 110 337
706 789 166 337
875 789 600 337
12 1128 730 1438
745 1128 730 1438
