107 212 2878 269
107 482 2878 144
107 635 1434 92
1550 635 1435 92
107 728 72 128
180 728 56 128
237 728 197 128
435 728 56 128
492 728 56 128
549 728 55 128
605 728 56 128
662 728 56 128
719 728 112 128
832 728 186 128
1019 728 522 128
1550 728 74 128
1625 728 56 128
1682 728 197 128
1881 728 55 128
1937 728 56 128
1994 728 56 128
2051 728 55 128
2107 728 56 128
2164 728 112 128
2277 728 186 128
2465 728 520 128
107 858 72 675
180 858 56 339
237 858 197 339
435 858 56 339
492 858 56 339
549 858 55 339
605 858 56 339
662 858 56 339
719 858 112 339
832 858 186 339
1019 858 522 339
1550 858 74 675
1625 858 56 339
1682 858 197 339
1881 858 55 339
1937 858 56 339
1994 858 56 339
2051 858 55 339
2107 858 56 339
2164 858 112 339
2277 858 186 339
2465 858 520 339
180 1198 56 335
237 1198 197 335
435 1198 56 335
492 1198 56 335
549 1198 55 335
605 1198 56 335
662 1198 56 335
719 1198 112 335
832 1198 186 335
1019 1198 522 335
1625 1198 56 335
1682 1198 197 335
1881 1198 55 335
1937 1198 56 335
1994 1198 56 335
2051 1198 55 335
2107 1198 56 335
2164 1198 112 335
2277 1198 186 335
2465 1198 520 335
107 1542 1434 92
1550 1542 1435 92
107 1635 72 129
180 1635 56 129
237 1635 197 129
435 1635 56 129
492 1635 56 129
549 1635 55 129
605 1635 56 129
662 1635 56 129
719 1635 112 129
832 1635 186 129
1019 1635 522 129
1550 1635 74 129
1625 1635 56 129
1682 1635 197 129
1881 1635 55 129
1937 1635 56 129
1994 1635 56 129
2051 1635 55 129
2107 1635 56 129
2164 1635 112 129
2277 1635 186 129
2465 1635 520 129
107 1765 72 1015
180 1765 56 339
237 1765 197 339
435 1765 56 339
492 1765 56 339
549 1765 55 339
605 1765 56 339
662 1765 56 339
719 1765 112 339
832 1765 186 339
1019 1765 522 339
1550 1765 74 675
1625 1765 56 339
1682 1765 197 339
1881 1765 55 339
1937 1765 56 339
1994 1765 56 339
2051 1765 55 339
2107 1765 56 339
2164 1765 112 339
2277 1765 186 339
2465 1765 520 339
180 2105 56 339
237 2105 197 339
435 2105 56 339
492 2105 56 339
549 2105 55 339
605 2105 56 339
662 2105 56 339
719 2105 112 339
832 2105 186 339
1019 2105 522 339
1625 2105 56 335
1682 2105 197 335
1881 2105 55 335
1937 2105 56 335
1994 2105 56 335
2051 2105 55 335
2107 2105 56 335
2164 2105 112 335
2277 2105 186 335
2465 2105 520 335
180 2445 56 335
237 2445 197 335
435 2445 56 335
492 2445 56 335
549 2445 55 335
605 2445 56 335
662 2445 56 335
719 2445 112 335
832 2445 186 335
1019 2445 522 335
1550 2449 1435 92
1550 2542 74 129
1625 2542 56 129
1682 2542 197 129
1881 2542 55 129
1937 2542 56 129
1994 2542 56 129
2051 2542 55 129
2107 2542 56 129
2164 2542 112 129
2277 2542 186 129
2465 2542 520 129
1550 2672 74 675
1625 2672 56 339
1682 2672 197 339
1881 2672 55 339
1937 2672 56 339
1994 2672 56 339
2051 2672 55 339
2107 2672 56 339
2164 2672 112 339
2277 2672 186 339
2465 2672 520 339
107 2789 1434 92
107 2882 72 129
180 2882 56 129
237 2882 197 129
435 2882 56 129
492 2882 56 129
549 2882 55 129
605 2882 56 129
662 2882 56 129
719 2882 112 129
832 2882 186 129
1019 2882 522 129
107 3012 72 675
180 3012 56 339
237 3012 197 339
435 3012 56 339
492 3012 56 339
549 3012 55 339
605 3012 56 339
662 3012 56 339
719 3012 112 339
832 3012 186 339
1019 3012 522 339
1625 3012 56 335
1682 3012 197 335
1881 3012 55 335
1937 3012 56 335
1994 3012 56 335
2051 3012 55 335
2107 3012 56 335
2164 3012 112 335
2277 3012 186 335
2465 3012 520 335
180 3352 56 335
237 3352 197 335
435 3352 56 335
492 3352 56 335
549 3352 55 335
605 3352 56 335
662 3352 56 335
719 3352 112 335
832 3352 186 335
1019 3352 522 335
1550 3356 1435 92
1550 3449 74 129
1625 3449 56 129
1682 3449 197 129
1881 3449 55 129
1937 3449 56 129
1994 3449 56 129
2051 3449 55 129
2107 3449 56 129
2164 3449 112 129
2277 3449 186 129
2465 3449 520 129
1550 3579 74 335
1625 3579 56 335
1682 3579 197 335
1881 3579 55 335
1937 3579 56 335
1994 3579 56 335
2051 3579 55 335
2107 3579 56 335
2164 3579 112 335
2277 3579 186 335
2465 3579 520 335
107 3696 1434 92
107 3789 72 129
180 3789 56 129
237 3789 197 129
435 3789 56 129
492 3789 56 129
549 3789 55 129
605 3789 56 129
662 3789 56 129
719 3789 112 129
832 3789 186 129
1019 3789 522 129
107 3919 72 333
180 3919 56 333
237 3919 197 333
435 3919 56 333
492 3919 56 333
549 3919 55 333
605 3919 56 333
662 3919 56 333
719 3919 112 333
832 3919 186 333
1019 3919 522 333
1550 3923 1435 329
