14 89 2878 214
14 304 2878 114
14 427 1435 72
1457 427 1435 72
14 501 72 102
87 501 56 102
144 501 197 102
342 501 56 102
399 501 56 102
456 501 55 102
512 501 56 102
569 501 56 102
626 501 140 102
767 501 198 102
966 501 483 102
1457 501 75 102
1533 501 55 102
1590 501 197 102
1788 501 56 102
1845 501 55 102
1901 501 56 102
1958 501 56 102
2015 501 55 102
2071 501 141 102
2213 501 197 102
2412 501 480 102
14 604 72 1200
87 604 56 401
144 604 197 401
342 604 56 401
399 604 56 401
456 604 55 401
512 604 56 401
569 604 56 401
626 604 140 401
768 604 197 401
966 604 483 401
1457 604 75 556
1533 604 55 280
1590 604 197 280
1788 604 56 280
1845 604 55 280
1901 604 56 280
1958 604 56 280
2015 604 55 280
2071 604 141 280
2213 604 197 280
2412 604 480 280
1533 885 55 275
1590 885 197 275
1788 885 56 275
1845 885 55 275
1901 885 56 275
1958 885 56 275
2015 885 55 275
2071 885 141 275
2213 885 197 275
2412 885 480 275
87 1006 56 400
144 1006 197 400
342 1006 56 400
399 1006 56 400
456 1006 55 400
512 1006 56 400
569 1006 56 400
626 1006 140 400
768 1006 197 400
966 1006 483 158
966 1164 482 242
1457 1169 1435 73
1457 1243 75 103
1533 1243 55 103
1590 1243 197 103
1788 1243 56 103
1845 1243 55 103
1901 1243 56 103
1958 1243 56 103
2015 1243 55 103
2071 1243 141 103
2213 1243 197 103
2412 1243 480 103
1457 1347 75 276
1533 1347 55 276
1590 1347 197 276
1788 1347 56 276
1845 1347 55 276
1901 1347 56 276
1958 1347 56 276
2015 1347 55 276
2071 1347 141 276
2213 1347 197 276
2412 1347 480 276
87 1407 56 397
144 1407 197 397
342 1407 56 397
399 1407 56 397
456 1407 55 397
512 1407 56 397
569 1407 56 397
626 1407 140 397
768 1408 197 396
966 1408 483 218
966 1626 482 178
1457 1631 1435 72
1457 1705 74 102
1532 1705 56 102
1589 1705 197 102
1788 1705 55 102
1844 1705 56 102
1901 1705 56 102
1958 1705 55 102
2014 1705 56 102
2071 1705 141 102
2213 1705 197 102
2411 1705 481 102
1457 1809 74 276
1532 1809 56 276
1589 1809 197 276
1788 1809 55 276
1844 1809 56 276
1901 1809 56 276
1958 1809 55 276
2014 1809 56 276
2071 1809 141 276
2213 1809 197 276
2411 1809 481 276
14 1813 1435 73
14 1887 72 102
87 1887 56 102
144 1887 197 102
342 1887 56 102
399 1887 56 102
456 1887 55 102
512 1887 56 102
569 1887 56 102
626 1887 140 102
767 1887 198 102
966 1887 483 102
14 1990 72 1118
87 1990 56 280
144 1990 197 280
342 1990 56 280
399 1990 56 280
456 1990 55 280
512 1990 56 280
569 1990 56 280
626 1990 140 280
767 1990 198 280
966 1990 483 98
966 2088 482 182
1457 2093 1435 73
1457 2167 74 103
1532 2167 56 103
1589 2167 197 103
1788 2167 55 103
1844 2167 56 103
1901 2167 56 103
1958 2167 55 103
2014 2167 56 103
2071 2167 141 103
2213 2167 197 103
2411 2167 481 103
87 2271 56 280
144 2271 197 280
342 2271 56 280
399 2271 56 280
456 2271 55 280
512 2271 56 280
569 2271 56 280
626 2271 140 280
767 2271 198 280
966 2271 483 280
1457 2271 74 837
1532 2271 56 279
1589 2271 197 279
1788 2271 55 279
1844 2271 56 279
1901 2271 56 279
1958 2271 55 279
2014 2271 56 279
2071 2271 141 279
2213 2271 197 279
2411 2271 481 279
87 2552 56 279
144 2552 197 279
342 2552 56 279
399 2552 56 279
456 2552 55 279
512 2552 56 279
569 2552 56 279
626 2552 140 279
767 2552 198 279
966 2552 483 279
1532 2552 56 279
1589 2552 197 279
1788 2552 55 279
1844 2552 56 279
1901 2552 56 279
1958 2552 55 279
2014 2552 56 279
2071 2552 141 279
2213 2552 197 279
2411 2552 481 279
87 2832 56 276
144 2832 197 276
342 2832 56 276
399 2832 56 276
456 2832 55 276
512 2832 56 276
569 2832 56 276
626 2832 140 276
767 2832 198 276
966 2832 483 276
1532 2832 56 276
1589 2832 197 276
1788 2832 55 276
1844 2832 56 276
1901 2832 56 276
1958 2832 55 276
2014 2832 56 276
2071 2832 141 276
2213 2832 197 276
2411 2832 481 276
14 3117 1435 72
1457 3117 1435 1012
14 3191 72 102
87 3191 56 102
144 3191 197 102
342 3191 56 102
399 3191 55 102
455 3191 56 102
512 3191 56 102
569 3191 55 102
626 3191 140 102
767 3191 198 102
966 3191 483 102
14 3294 72 557
87 3294 56 280
144 3294 197 280
342 3294 56 280
399 3294 55 280
455 3294 56 280
512 3294 56 280
569 3294 55 280
626 3294 140 280
767 3294 198 280
966 3294 483 280
87 3575 56 276
144 3575 197 276
342 3575 56 276
399 3575 55 276
455 3575 56 276
512 3575 56 276
569 3575 55 276
626 3575 140 276
767 3575 198 276
966 3575 483 276
14 3859 1435 270
