12 12 2255 202
12 217 2255 173
12 393 79 240
93 393 240 240
336 393 95 240
433 393 95 240
531 393 94 240
628 393 94 240
725 393 94 240
822 393 289 240
1113 393 443 240
1559 393 708 240
12 636 79 442
93 636 240 93
336 636 95 442
433 636 95 442
531 636 94 442
628 636 94 442
725 636 94 442
822 636 289 442
1113 636 443 442
1559 636 708 442
93 1014 240 64
12 1081 79 437
93 1081 240 96
336 1081 95 437
433 1081 95 437
531 1081 94 437
628 1081 94 437
725 1081 94 437
822 1081 289 437
1113 1081 443 437
1559 1081 708 437
93 1455 240 63
12 1530 2255 1692
