14 88 2877 214
14 303 2877 114
14 426 1435 80
1457 426 1434 80
14 507 72 112
87 507 56 112
144 507 197 112
342 507 56 112
399 507 56 112
456 507 55 112
512 507 56 112
569 507 56 112
626 507 112 112
739 507 186 112
926 507 523 112
1457 507 75 112
1533 507 55 112
1590 507 197 112
1788 507 56 112
1845 507 55 112
1901 507 56 112
1958 507 56 112
2015 507 55 112
2071 507 113 112
2185 507 186 112
2372 507 519 112
14 621 72 1866
87 621 56 310
144 621 197 310
342 621 56 310
399 621 56 310
456 621 55 310
512 621 56 310
569 621 56 310
626 621 112 310
739 621 186 310
926 621 523 310
1457 621 75 307
1533 621 55 307
1590 621 197 307
1788 621 56 307
1845 621 55 307
1901 621 56 307
1958 621 56 307
2015 621 55 307
2071 621 113 307
2185 621 186 307
2372 621 519 307
87 932 56 311
144 932 197 311
342 932 56 311
399 932 56 311
456 932 55 311
512 932 56 311
569 932 56 311
626 932 112 311
739 932 186 311
926 932 523 311
1457 936 75 927
1533 936 55 307
1590 936 197 307
1788 936 56 307
1845 936 55 307
1901 936 56 307
1958 936 56 307
2015 936 55 307
2071 936 113 307
2185 936 186 307
2372 936 519 307
87 1244 56 311
144 1244 197 311
342 1244 56 311
399 1244 56 311
456 1244 55 311
512 1244 56 311
569 1244 56 311
626 1244 112 311
739 1244 186 311
926 1244 523 311
1533 1244 55 311
1590 1244 197 311
1788 1244 56 311
1845 1244 55 311
1901 1244 56 311
1958 1244 56 311
2015 1244 55 311
2071 1244 113 311
2185 1244 186 311
2372 1244 519 311
87 1556 56 311
144 1556 197 311
342 1556 56 311
399 1556 56 311
456 1556 55 311
512 1556 56 311
569 1556 56 311
626 1556 112 311
739 1556 186 311
926 1556 523 311
1533 1556 55 307
1590 1556 197 307
1788 1556 56 307
1845 1556 55 307
1901 1556 56 307
1958 1556 56 307
2015 1556 55 307
2071 1556 113 307
2185 1556 186 307
2372 1556 519 307
87 1868 56 311
144 1868 197 311
342 1868 56 311
399 1868 56 311
456 1868 55 311
512 1868 56 311
569 1868 56 311
626 1868 112 311
739 1868 186 311
926 1868 523 311
1457 1872 75 1238
1533 1872 55 307
1590 1872 197 307
1788 1872 56 307
1845 1872 55 307
1901 1872 56 307
1958 1872 56 307
2015 1872 55 307
2071 1872 113 307
2185 1872 186 307
2372 1872 519 307
87 2180 56 307
144 2180 197 307
342 2180 56 307
399 2180 56 307
456 2180 55 307
512 2180 56 307
569 2180 56 307
626 2180 112 307
739 2180 186 307
926 2180 523 307
1533 2180 55 310
1590 2180 197 310
1788 2180 56 310
1845 2180 55 310
1901 2180 56 310
1958 2180 56 310
2015 2180 55 310
2071 2180 113 310
2185 2180 186 310
2372 2180 519 310
1533 2491 55 311
1590 2491 197 311
1788 2491 56 311
1845 2491 55 311
1901 2491 56 311
1958 2491 56 311
2015 2491 55 311
2071 2491 113 311
2185 2491 186 311
2372 2491 519 311
14 2495 1435 80
14 2576 71 113
86 2576 56 113
143 2576 197 113
342 2576 55 113
398 2576 56 113
455 2576 56 113
512 2576 55 113
568 2576 56 113
625 2576 112 113
738 2576 186 113
926 2577 523 112
14 2690 71 619
86 2690 56 311
143 2690 197 311
342 2690 55 311
398 2690 56 311
455 2690 56 311
512 2690 55 311
568 2690 56 311
625 2690 112 311
738 2690 186 311
926 2690 523 311
1533 2803 55 307
1590 2803 197 307
1788 2803 56 307
1845 2803 55 307
1901 2803 56 307
1958 2803 56 307
2015 2803 55 307
2071 2803 113 307
2185 2803 186 307
2372 2803 519 307
86 3002 56 307
143 3002 197 307
342 3002 55 307
398 3002 56 307
455 3002 56 307
512 3002 55 307
568 3002 56 307
625 3002 112 307
738 3002 186 307
926 3002 523 307
1457 3119 75 927
1533 3119 55 307
1590 3119 197 307
1788 3119 56 307
1845 3119 55 307
1901 3119 56 307
1958 3119 56 307
2015 3119 55 307
2071 3119 113 307
2185 3119 186 307
2372 3119 519 307
14 3317 1435 80
14 3399 71 112
86 3399 56 112
143 3399 197 112
342 3399 55 112
398 3399 56 112
455 3399 56 112
512 3399 55 112
568 3399 56 112
625 3399 112 112
738 3399 186 112
926 3399 523 112
1533 3427 55 311
1590 3427 197 311
1788 3427 56 311
1845 3427 55 311
1901 3427 56 311
1958 3427 56 311
2015 3427 55 311
2071 3427 113 311
2185 3427 186 311
2372 3427 519 311
14 3512 71 616
86 3512 56 311
143 3512 197 311
342 3512 55 311
398 3512 56 311
455 3512 56 311
512 3512 55 311
568 3512 56 311
625 3512 112 311
738 3512 186 311
926 3512 523 311
1533 3739 55 307
1590 3739 197 307
1788 3739 56 307
1845 3739 55 307
1901 3739 56 307
1958 3739 56 307
2015 3739 55 307
2071 3739 113 307
2185 3739 186 307
2372 3739 519 307
86 3824 56 304
143 3824 197 304
342 3824 55 304
398 3824 56 304
455 3824 56 304
512 3824 55 304
568 3824 56 304
625 3824 112 304
738 3824 186 304
926 3824 523 304
1457 4054 1434 74
