165 167 3038 241
165 416 3038 140
165 564 1513 62
1686 564 1517 62
165 630 115 64
283 630 168 64
454 630 67 64
524 630 27 64
584 630 27 64
614 630 28 64
645 630 150 64
798 630 295 64
1096 630 582 64
1686 630 59 64
1748 630 55 64
1806 630 168 64
1977 630 67 64
2047 630 27 64
2077 630 27 64
2107 630 27 64
2137 630 28 64
2168 630 150 64
2321 630 295 64
2619 630 584 64
554 653 27 41
165 698 115 433
283 698 168 119
454 698 67 433
524 698 27 433
554 698 27 433
584 698 27 433
614 698 28 433
645 698 150 433
798 698 295 433
1096 698 582 433
1686 698 59 1061
1748 698 55 263
1806 698 168 32
1977 698 67 263
2047 698 27 263
2077 698 27 263
2107 698 27 263
2137 698 28 263
2168 698 150 263
2321 698 295 263
2619 698 584 263
283 862 25 22
1748 965 55 261
1806 965 168 261
1977 965 67 261
2047 965 27 261
2077 965 27 261
2107 965 27 261
2137 965 28 261
2168 965 150 261
2321 965 295 261
2619 965 584 261
283 1022 168 109
165 1135 115 432
283 1135 168 121
454 1135 67 432
524 1135 27 432
554 1135 27 432
584 1135 27 432
614 1135 28 432
645 1135 150 432
798 1135 295 432
1096 1135 582 432
1748 1230 55 263
1806 1230 168 263
1977 1230 67 263
2047 1230 27 263
2077 1230 27 263
2107 1230 27 263
2137 1230 28 263
2168 1230 150 263
2321 1230 295 263
2619 1230 584 263
283 1459 168 108
1748 1497 55 262
1806 1497 168 32
1977 1497 67 262
2047 1497 27 262
2077 1497 27 262
2107 1497 27 262
2137 1497 28 262
2168 1497 150 262
2321 1497 295 262
2619 1497 584 262
165 1571 115 431
283 1571 168 127
454 1571 67 431
524 1571 27 431
554 1571 27 214
584 1571 27 431
614 1571 28 431
645 1571 150 431
798 1571 295 431
1096 1571 582 431
1686 1763 59 528
1748 1763 55 262
1806 1763 168 31
1977 1763 67 262
2047 1763 27 262
2077 1763 27 262
2107 1763 27 262
2137 1763 28 262
2168 1763 150 262
2321 1763 295 262
2619 1763 584 262
554 1805 27 197
283 1900 168 102
165 2010 1513 62
1748 2029 55 262
1806 2029 168 26
1977 2029 67 262
2047 2029 27 262
2077 2029 27 262
2107 2029 27 262
2137 2029 28 262
2168 2029 150 262
2321 2029 295 262
2619 2029 584 262
165 2076 113 61
281 2076 168 61
452 2076 67 61
522 2076 27 61
552 2076 27 61
582 2076 27 61
612 2076 28 61
643 2076 150 61
796 2076 294 61
1093 2076 585 61
165 2141 113 221
452 2141 67 221
522 2141 27 221
552 2141 27 221
582 2141 27 221
612 2141 28 221
643 2141 150 221
796 2141 294 221
1093 2141 585 221
1806 2270 168 21
1686 2295 59 793
1748 2295 55 263
1806 2295 168 263
1977 2295 67 263
2047 2295 27 263
2077 2295 27 263
2107 2295 27 263
2137 2295 28 263
2168 2295 150 263
2321 2295 295 263
2619 2295 584 263
165 2366 113 221
452 2366 67 221
522 2366 27 221
552 2366 27 221
582 2366 27 221
612 2366 28 221
643 2366 150 221
796 2366 294 221
1093 2366 585 221
1748 2562 55 261
1806 2562 168 28
1977 2562 67 261
2047 2562 27 261
2077 2562 27 261
2107 2562 27 261
2137 2562 28 261
2168 2562 150 261
2321 2562 295 261
2619 2562 584 261
165 2591 113 222
452 2591 67 222
522 2591 27 222
552 2591 27 222
582 2591 27 222
612 2591 28 222
643 2591 150 222
796 2591 294 222
1093 2591 585 222
165 2817 113 221
452 2817 67 221
522 2817 27 221
552 2817 27 221
582 2817 27 221
612 2817 28 221
643 2817 150 221
796 2817 294 221
1093 2817 585 221
1748 2827 55 261
1806 2827 168 29
1977 2827 67 261
2047 2827 27 261
2077 2827 27 261
2107 2827 27 261
2137 2827 28 261
2168 2827 150 261
2321 2827 295 261
2619 2827 584 261
165 3042 113 221
452 3042 67 221
522 3042 27 221
552 3042 27 221
582 3042 27 221
612 3042 28 221
643 3042 150 221
796 3042 294 221
1093 3042 585 221
1686 3096 1517 1292
281 3129 33 21
165 3267 113 221
452 3267 67 221
522 3267 27 221
552 3267 27 221
582 3267 27 221
612 3267 28 221
643 3267 150 221
796 3267 294 221
1093 3267 585 221
165 3492 113 222
452 3492 67 222
522 3492 27 222
552 3492 27 222
582 3492 27 222
612 3492 28 222
643 3492 150 222
796 3492 294 222
1093 3492 585 222
165 3718 113 221
452 3718 67 221
522 3718 27 221
552 3718 27 221
582 3718 27 221
612 3718 28 221
643 3718 150 221
796 3718 294 221
1093 3718 585 221
165 3943 113 221
452 3943 67 221
522 3943 27 221
552 3943 27 221
582 3943 27 221
612 3943 28 221
643 3943 150 221
796 3943 294 221
1093 3943 585 221
165 4168 113 220
452 4168 67 220
522 4168 27 220
552 4168 27 220
582 4168 27 220
612 4168 28 220
643 4168 150 220
796 4168 294 220
1093 4168 585 220
165 4396 3038 202
