12 12 2255 202
12 217 2255 173
12 393 80 240
95 393 240 240
338 393 94 240
435 393 94 240
532 393 94 240
629 393 94 240
726 393 95 240
823 393 289 240
1115 393 442 240
1560 393 707 240
12 636 80 442
95 636 240 97
338 636 94 442
435 636 94 442
532 636 94 442
629 636 94 442
726 636 95 442
823 636 289 442
1115 636 442 442
1560 636 707 442
95 777 42 44
286 785 49 32
95 824 40 99
290 825 45 91
95 1014 239 64
12 1081 80 437
95 1081 240 93
338 1081 94 437
435 1081 94 437
532 1081 94 437
629 1081 94 437
726 1081 95 437
823 1081 289 437
1115 1081 442 437
1560 1081 707 437
95 1229 43 35
281 1234 54 21
293 1271 42 102
95 1277 34 101
95 1455 88 63
202 1455 21 63
227 1455 108 63
12 1530 2255 1692
