106 211 2878 333
106 545 2878 221
106 776 1435 95
1549 776 1435 95
106 873 72 153
179 873 56 153
236 873 197 153
434 873 56 153
491 873 56 153
548 873 55 153
605 873 55 153
661 873 56 153
718 873 112 153
831 873 186 153
1018 873 523 153
1549 873 75 153
1625 873 56 153
1682 873 197 153
1880 873 56 153
1937 873 55 153
1994 873 55 153
2050 873 56 153
2107 873 55 153
2164 873 112 153
2277 873 186 153
2464 873 520 153
106 1027 72 846
179 1027 56 424
236 1027 197 424
434 1027 56 424
491 1027 56 424
548 1027 55 424
605 1027 55 424
661 1027 56 424
718 1027 112 424
831 1027 186 424
1018 1027 523 424
1549 1027 75 1271
1625 1027 56 424
1682 1027 197 424
1880 1027 56 424
1937 1027 55 424
1994 1027 55 424
2050 1027 56 424
2107 1027 55 424
2164 1027 112 424
2277 1027 186 424
2464 1027 520 424
179 1452 56 421
236 1452 197 421
434 1452 56 421
491 1452 56 421
548 1452 55 421
605 1452 55 421
661 1452 56 421
718 1452 112 421
831 1452 186 421
1018 1452 523 421
1625 1452 56 424
1682 1452 197 424
1880 1452 56 424
1937 1452 55 424
1994 1452 55 424
2050 1452 56 424
2107 1452 55 424
2164 1452 112 424
2277 1452 186 424
2464 1452 520 424
1625 1877 56 421
1682 1877 197 421
1880 1877 56 421
1937 1877 55 421
1994 1877 55 421
2050 1877 56 421
2107 1877 55 421
2164 1877 112 421
2277 1877 186 421
2464 1877 520 421
106 1881 1435 96
106 1978 72 153
179 1978 56 153
236 1978 197 153
434 1978 56 153
491 1978 56 153
548 1978 55 153
605 1978 55 153
661 1978 56 153
718 1978 112 153
831 1978 186 153
1018 1978 523 153
106 2133 72 845
179 2133 56 424
236 2133 197 424
434 2133 56 424
491 2133 56 424
548 2133 55 424
605 2133 55 424
661 2133 56 424
718 2133 112 424
831 2133 186 424
1018 2133 523 424
1549 2306 1435 679
179 2558 56 420
236 2558 197 420
434 2558 56 420
491 2558 56 420
548 2558 55 420
605 2558 55 420
661 2558 56 420
718 2558 112 420
831 2558 186 420
1018 2558 523 420
106 2987 2878 1264
