15 90 2877 332
15 423 2877 222
15 654 1434 96
1458 654 1434 96
15 751 71 153
87 751 56 153
144 751 197 153
343 751 55 153
399 751 56 153
456 751 56 153
513 751 55 153
569 751 56 153
626 751 112 153
739 751 186 153
927 751 522 153
1458 751 74 153
1533 751 56 153
1590 751 197 153
1788 751 56 153
1845 751 56 153
1902 751 55 153
1958 751 56 153
2015 751 56 153
2072 751 112 153
2185 751 186 153
2372 751 520 153
15 905 71 902
87 905 56 452
144 905 197 452
343 905 55 452
399 905 56 452
456 905 56 452
513 905 55 452
569 905 56 452
626 905 112 452
739 905 186 452
927 905 522 452
1458 905 74 449
1533 905 56 449
1590 905 197 449
1788 905 56 449
1845 905 56 449
1902 905 55 449
1958 905 56 449
2015 905 56 449
2072 905 112 449
2185 905 186 449
2372 905 520 449
87 1359 56 448
144 1359 197 448
343 1359 55 448
399 1359 56 448
456 1359 56 448
513 1359 55 448
569 1359 56 448
626 1359 112 448
739 1359 186 448
927 1359 522 448
1458 1362 1434 96
1458 1459 74 154
1533 1459 56 154
1590 1459 197 154
1788 1459 56 154
1845 1459 56 154
1902 1459 55 154
1959 1459 55 154
2015 1459 56 154
2072 1459 112 154
2185 1459 186 154
2372 1459 520 154
1458 1614 74 902
1533 1614 56 452
1590 1614 197 452
1788 1614 56 452
1845 1614 56 452
1902 1614 55 452
1959 1614 55 452
2015 1614 56 452
2072 1614 112 452
2185 1614 186 452
2372 1614 520 452
15 1816 1434 96
15 1913 71 153
87 1913 56 153
144 1913 197 153
343 1913 55 153
399 1913 56 153
456 1913 56 153
513 1913 55 153
569 1913 56 153
626 1913 112 153
739 1913 186 153
927 1913 522 153
15 2067 71 1356
87 2067 56 453
144 2067 197 453
343 2067 55 453
399 2067 56 453
456 2067 56 453
513 2067 55 453
569 2067 56 453
626 2067 112 453
739 2067 186 453
927 2067 522 453
1533 2067 56 449
1590 2067 197 449
1788 2067 56 449
1845 2067 56 449
1902 2067 55 449
1959 2067 55 449
2015 2067 56 449
2072 2067 112 449
2185 2067 186 449
2372 2067 520 449
87 2521 56 452
144 2521 197 452
343 2521 55 452
399 2521 56 452
456 2521 56 452
513 2521 55 452
569 2521 56 452
626 2521 112 452
739 2521 186 452
927 2521 522 452
1458 2525 1434 96
1458 2622 74 153
1533 2622 56 153
1590 2622 197 153
1788 2622 56 153
1845 2622 56 153
1902 2622 55 153
1959 2622 55 153
2015 2622 56 153
2072 2622 112 153
2185 2622 186 153
2372 2622 520 153
1458 2776 74 903
1534 2776 55 453
1590 2776 198 453
1789 2776 55 453
1845 2776 56 453
1902 2776 56 453
1959 2776 55 453
2015 2776 56 453
2072 2776 112 453
2186 2776 185 453
2373 2776 519 453
87 2974 56 449
144 2974 197 449
343 2974 55 449
399 2974 56 449
456 2974 56 449
513 2974 55 449
569 2974 56 449
626 2974 112 449
739 2974 186 449
927 2974 522 449
1534 3230 55 449
1590 3230 198 449
1789 3230 55 449
1845 3230 56 449
1902 3230 56 449
1959 3230 55 449
2015 3230 56 449
2072 3230 112 449
2186 3230 185 449
2373 3230 519 449
15 3432 1434 697
1458 3687 1434 442
