20 19 2860 80
20 103 51 82
75 103 53 82
132 103 200 82
336 103 52 82
393 103 52 82
450 103 52 82
506 103 52 82
563 103 52 82
620 103 449 82
1073 103 493 82
1571 103 1309 82
20 189 51 402
75 189 53 402
132 189 200 149
336 189 52 402
393 189 52 402
450 189 52 402
506 189 52 402
563 189 52 402
620 189 449 402
1073 189 493 402
1571 189 1309 402
294 347 38 69
132 531 87 60
247 531 85 60
20 597 2860 82
20 684 300 31
322 684 594 31
918 684 529 31
1452 684 303 31
1757 684 593 31
2352 684 528 31
20 717 300 34
322 717 594 34
918 717 529 34
1452 717 303 34
1757 717 593 34
2352 717 528 34
20 753 300 35
322 753 594 35
918 753 529 35
1452 753 303 35
1757 753 593 35
2352 753 528 35
20 790 300 35
322 790 594 35
918 790 529 35
1452 790 303 35
1757 790 593 35
2352 790 528 35
20 827 300 35
322 827 594 35
918 827 529 35
1452 827 303 35
1757 827 593 35
2352 827 528 35
20 864 300 35
322 864 594 35
918 864 529 35
1452 864 303 35
1757 864 593 35
2352 864 528 35
20 901 300 35
322 901 594 35
918 901 529 35
1452 901 303 35
1757 901 593 35
2352 901 528 35
20 938 300 35
322 938 594 35
918 938 529 35
1452 938 303 35
1757 938 593 35
2352 938 528 35
20 975 300 35
322 975 594 35
918 975 529 35
1452 975 303 35
1757 975 593 35
2352 975 528 35
20 1012 300 35
322 1012 594 35
918 1012 529 35
1452 1012 303 35
1757 1012 593 35
2352 1012 528 35
20 1049 300 35
322 1049 594 35
918 1049 529 35
1452 1049 303 35
1757 1049 593 35
2352 1049 528 35
20 1086 300 35
322 1086 594 35
918 1086 529 35
1452 1086 303 35
1757 1086 593 35
2352 1086 528 35
20 1123 300 34
322 1123 594 34
918 1123 529 34
1452 1123 303 34
1757 1123 593 34
2352 1123 528 34
20 1159 300 35
322 1159 594 35
918 1159 529 35
1452 1159 303 35
1757 1159 593 35
2352 1159 528 35
20 1196 300 35
322 1196 594 35
918 1196 529 35
1452 1196 303 35
1757 1196 593 35
2352 1196 528 35
20 1233 300 35
322 1233 594 35
918 1233 529 35
1452 1233 303 35
1757 1233 593 35
2352 1233 528 35
20 1270 300 35
322 1270 594 35
918 1270 529 35
1452 1270 303 35
1757 1270 593 35
2352 1270 528 35
20 1307 300 35
322 1307 594 35
918 1307 529 35
1452 1307 303 35
1757 1307 593 35
2352 1307 528 35
20 1344 300 35
322 1344 594 35
918 1344 529 35
1452 1344 303 35
1757 1344 593 35
2352 1344 528 35
20 1381 300 35
322 1381 594 35
918 1381 529 35
1452 1381 303 35
1757 1381 593 35
2352 1381 528 35
20 1418 300 35
322 1418 594 35
918 1418 529 35
1452 1418 303 35
1757 1418 593 35
2352 1418 528 35
20 1455 300 35
322 1455 594 35
918 1455 529 35
1452 1455 303 35
1757 1455 593 35
2352 1455 528 35
20 1492 300 35
322 1492 594 35
918 1492 529 35
1452 1492 303 35
1757 1492 593 35
2352 1492 528 35
20 1529 300 34
322 1529 594 34
918 1529 529 34
1452 1529 303 34
1757 1529 593 34
2352 1529 528 34
20 1565 300 35
322 1565 594 35
918 1565 529 35
1452 1565 303 35
1757 1565 593 35
2352 1565 528 35
20 1602 300 35
322 1602 594 35
918 1602 529 35
1452 1602 303 35
1757 1602 593 35
2352 1602 528 35
20 1639 300 35
322 1639 594 35
918 1639 529 35
1452 1639 303 35
1757 1639 593 35
2352 1639 528 35
20 1676 300 35
322 1676 594 35
918 1676 529 35
1452 1676 303 35
1757 1676 593 35
2352 1676 528 35
20 1713 300 35
322 1713 594 35
918 1713 529 35
1452 1713 303 35
1757 1713 593 35
2352 1713 528 35
20 1750 300 35
322 1750 594 35
918 1750 529 35
1452 1750 303 35
1757 1750 593 35
2352 1750 528 35
20 1787 300 35
322 1787 594 35
918 1787 529 35
1452 1787 303 35
1757 1787 593 35
2352 1787 528 35
20 1824 300 35
322 1824 594 35
918 1824 529 35
1452 1824 303 35
1757 1824 593 35
2352 1824 528 35
20 1861 300 35
322 1861 594 35
918 1861 529 35
1452 1861 303 35
1757 1861 593 35
2352 1861 528 35
20 1898 300 34
322 1898 594 34
918 1898 529 34
1452 1898 303 34
1757 1898 593 34
2352 1898 528 34
20 1934 300 35
322 1934 594 35
918 1934 529 35
1452 1934 303 35
1757 1934 593 35
2352 1934 528 35
20 1971 300 35
322 1971 594 35
918 1971 529 35
1452 1971 303 35
1757 1971 593 35
2352 1971 528 35
20 2008 300 35
322 2008 594 35
918 2008 529 35
1452 2008 303 35
1757 2008 593 35
2352 2008 528 35
20 2045 300 35
322 2045 594 35
918 2045 529 35
1452 2045 303 35
1757 2045 593 35
2352 2045 528 35
20 2082 300 35
322 2082 594 35
918 2082 529 35
1452 2082 303 35
1757 2082 593 35
2352 2082 528 35
20 2119 300 35
322 2119 594 35
918 2119 529 35
1452 2119 303 35
1757 2119 593 35
2352 2119 528 35
20 2156 300 35
322 2156 594 35
918 2156 529 35
1452 2156 303 35
1757 2156 593 35
2352 2156 528 35
20 2193 300 35
322 2193 594 35
918 2193 529 35
1452 2193 303 35
1757 2193 593 35
2352 2193 528 35
20 2230 300 35
322 2230 594 35
918 2230 529 35
1452 2230 303 35
1757 2230 593 35
2352 2230 528 35
20 2267 300 35
322 2267 594 35
918 2267 529 35
1452 2267 303 35
1757 2267 593 35
2352 2267 528 35
20 2304 300 34
322 2304 594 34
918 2304 529 34
1452 2304 303 34
1757 2304 593 34
2352 2304 528 34
20 2340 300 35
322 2340 594 35
918 2340 529 35
1452 2340 303 35
1757 2340 593 35
2352 2340 528 35
20 2377 300 35
322 2377 594 35
918 2377 529 35
1452 2377 303 35
1757 2377 593 35
2352 2377 528 35
20 2414 300 35
322 2414 594 35
918 2414 529 35
1452 2414 303 35
1757 2414 593 35
2352 2414 528 35
20 2451 300 35
322 2451 594 35
918 2451 529 35
1452 2451 303 35
1757 2451 593 35
2352 2451 528 35
20 2488 300 35
322 2488 594 35
918 2488 529 35
1452 2488 303 35
1757 2488 593 35
2352 2488 528 35
20 2525 300 35
322 2525 594 35
918 2525 529 35
1452 2525 303 35
1757 2525 593 35
2352 2525 528 35
20 2562 300 35
322 2562 594 35
918 2562 529 35
1452 2562 303 35
1757 2562 593 35
2352 2562 528 35
20 2599 300 35
322 2599 594 35
918 2599 529 35
1452 2599 303 35
1757 2599 593 35
2352 2599 528 35
20 2636 300 35
322 2636 594 35
918 2636 529 35
1452 2636 303 35
1757 2636 593 35
2352 2636 528 35
20 2673 300 35
322 2673 594 35
918 2673 529 35
1452 2673 303 35
1757 2673 593 35
2352 2673 528 35
20 2710 300 34
322 2710 594 34
918 2710 529 34
1452 2710 303 34
1757 2710 593 34
2352 2710 528 34
20 2746 300 35
322 2746 594 35
918 2746 529 35
1452 2746 303 35
1757 2746 593 35
2352 2746 528 35
20 2783 300 35
322 2783 594 35
918 2783 529 35
1452 2783 303 35
1757 2783 593 35
2352 2783 528 35
20 2820 300 35
322 2820 594 35
918 2820 529 35
1452 2820 303 35
1757 2820 593 35
2352 2820 528 35
20 2857 300 35
322 2857 594 35
918 2857 529 35
1452 2857 303 35
1757 2857 593 35
2352 2857 528 35
20 2894 300 35
322 2894 594 35
918 2894 529 35
1452 2894 303 35
1757 2894 593 35
2352 2894 528 35
20 2931 300 35
322 2931 594 35
918 2931 529 35
1452 2931 303 35
1757 2931 593 35
2352 2931 528 35
20 2968 300 35
322 2968 594 35
918 2968 529 35
1452 2968 303 35
1757 2968 593 35
2352 2968 528 35
20 3005 300 35
322 3005 594 35
918 3005 529 35
1452 3005 303 35
1757 3005 593 35
2352 3005 528 35
20 3042 300 35
322 3042 594 35
918 3042 529 35
1452 3042 303 35
1757 3042 593 35
2352 3042 528 35
20 3079 300 35
322 3079 594 35
918 3079 529 35
1452 3079 303 35
1757 3079 593 35
2352 3079 528 35
20 3116 300 34
322 3116 594 34
918 3116 529 34
1452 3116 303 34
1757 3116 593 34
2352 3116 528 34
20 3152 300 35
322 3152 594 35
918 3152 529 35
1452 3152 303 35
1757 3152 593 35
2352 3152 528 35
20 3189 300 35
322 3189 594 35
918 3189 529 35
1452 3189 303 35
1757 3189 593 35
2352 3189 528 35
20 3226 300 35
322 3226 594 35
918 3226 529 35
1452 3226 303 35
1757 3226 593 35
2352 3226 528 35
20 3263 300 35
322 3263 594 35
918 3263 529 35
1452 3263 303 35
1757 3263 593 35
2352 3263 528 35
20 3300 300 35
322 3300 594 35
918 3300 529 35
1452 3300 303 35
1757 3300 593 35
2352 3300 528 35
20 3337 300 35
322 3337 594 35
918 3337 529 35
1452 3337 303 35
1757 3337 593 35
2352 3337 528 35
20 3374 300 35
322 3374 594 35
918 3374 529 35
1452 3374 303 35
1757 3374 593 35
2352 3374 528 35
20 3411 300 35
322 3411 594 35
918 3411 529 35
1452 3411 303 35
1757 3411 593 35
2352 3411 528 35
20 3448 300 35
322 3448 594 35
918 3448 529 35
1452 3448 303 35
1757 3448 593 35
2352 3448 528 35
20 3485 300 34
322 3485 594 34
918 3485 529 34
1452 3485 303 34
1757 3485 593 34
2352 3485 528 34
20 3521 300 35
322 3521 594 35
918 3521 529 35
1452 3521 303 35
1757 3521 593 35
2352 3521 528 35
20 3558 300 35
322 3558 594 35
918 3558 529 35
1452 3558 303 35
1757 3558 593 35
2352 3558 528 35
20 3595 300 35
322 3595 594 35
918 3595 529 35
1452 3595 303 35
1757 3595 593 35
2352 3595 528 35
20 3632 300 35
322 3632 594 35
918 3632 529 35
1452 3632 303 35
1757 3632 593 35
2352 3632 528 35
20 3669 300 35
322 3669 594 35
918 3669 529 35
1452 3669 303 35
1757 3669 593 35
2352 3669 528 35
20 3706 300 35
322 3706 594 35
918 3706 529 35
1452 3706 303 35
1757 3706 593 35
2352 3706 528 35
20 3743 300 35
322 3743 594 35
918 3743 529 35
1452 3743 303 35
1757 3743 593 35
2352 3743 528 35
20 3780 300 35
322 3780 594 35
918 3780 529 35
1452 3780 303 35
1757 3780 593 35
2352 3780 528 35
20 3817 300 35
322 3817 594 35
918 3817 529 35
1452 3817 303 35
1757 3817 593 35
2352 3817 528 35
20 3854 300 35
322 3854 594 35
918 3854 529 35
1452 3854 303 35
1757 3854 593 35
2352 3854 528 35
20 3891 300 34
322 3891 594 34
918 3891 529 34
1452 3891 303 34
1757 3891 593 34
2352 3891 528 34
20 3927 300 35
322 3927 594 35
918 3927 529 35
1452 3927 303 35
1757 3927 593 35
2352 3927 528 35
20 3964 300 35
322 3964 594 35
918 3964 529 35
1452 3964 303 35
1757 3964 593 35
2352 3964 528 35
20 4001 300 35
322 4001 594 35
918 4001 529 35
1452 4001 303 35
1757 4001 593 35
2352 4001 528 35
20 4038 300 35
322 4038 594 35
918 4038 529 35
1452 4038 303 35
1757 4038 593 35
2352 4038 528 35
20 4075 300 35
322 4075 594 35
918 4075 529 35
1452 4075 303 35
1757 4075 593 35
2352 4075 528 35
