6 6 2818 279
6 288 2818 195
6 486 2818 84
6 573 53 42
62 573 184 42
249 573 167 42
419 573 64 42
486 573 54 42
543 573 99 42
645 573 139 42
787 573 230 42
1020 573 282 42
1305 573 1519 42
6 618 53 246
62 618 184 246
249 618 167 246
419 618 64 246
486 618 54 246
543 618 99 246
645 618 139 246
787 618 230 246
1020 618 282 246
1305 618 1519 246
6 867 53 246
62 867 184 246
249 867 167 246
419 867 64 246
486 867 54 246
543 867 99 246
645 867 139 246
787 867 230 246
1020 867 282 246
1305 867 1519 246
6 1116 2818 83
6 1202 53 246
62 1202 184 246
249 1202 167 246
419 1202 64 246
486 1202 54 246
543 1202 99 246
645 1202 139 246
787 1202 230 246
1020 1202 282 246
1305 1202 1519 246
6 1451 53 247
62 1451 184 247
249 1451 167 247
419 1451 64 247
486 1451 54 247
543 1451 99 247
645 1451 139 247
787 1451 230 247
1020 1451 282 247
1305 1451 1519 247
6 1701 2818 83
6 1787 53 246
62 1787 184 246
249 1787 167 246
419 1787 64 246
486 1787 54 246
543 1787 99 246
645 1787 139 246
787 1787 230 246
1020 1787 282 246
1305 1787 1519 246
6 2036 2818 83
6 2122 53 246
62 2122 184 246
249 2122 167 246
419 2122 64 246
486 2122 54 246
543 2122 99 246
645 2122 139 246
787 2122 230 246
1020 2122 282 246
1305 2122 1519 246
6 2371 2818 83
6 2457 53 246
62 2457 184 246
249 2457 167 246
419 2457 64 246
486 2457 54 246
543 2457 99 246
645 2457 139 246
787 2457 230 246
1020 2457 282 246
1305 2457 1519 246
6 2706 53 247
62 2706 184 247
249 2706 167 247
419 2706 64 247
486 2706 54 247
543 2706 99 247
645 2706 139 247
787 2706 230 247
1020 2706 282 247
1305 2706 1519 247
6 2956 2818 83
6 3042 53 246
62 3042 184 246
249 3042 167 246
419 3042 64 246
486 3042 54 246
543 3042 99 246
645 3042 139 246
787 3042 230 246
1020 3042 282 246
1305 3042 1519 246
6 3291 2818 83
6 3377 53 246
62 3377 184 246
249 3377 167 246
419 3377 64 246
486 3377 54 246
543 3377 99 246
645 3377 139 246
787 3377 230 246
1020 3377 282 246
1305 3377 1519 246
6 3626 2818 83
6 3712 53 246
62 3712 184 246
249 3712 167 246
419 3712 64 246
486 3712 54 246
543 3712 99 246
645 3712 139 246
787 3712 230 246
1020 3712 282 246
1305 3712 1519 246
6 3961 2818 83
6 4047 53 245
62 4047 184 245
249 4047 167 245
419 4047 64 245
486 4047 54 245
543 4047 99 245
645 4047 139 245
787 4047 230 245
1020 4047 282 245
1305 4047 1519 245
