138 165 2244 220
138 387 2244 168
138 557 72 112
212 557 169 112
382 557 197 112
580 557 180 112
762 557 83 112
847 557 140 112
989 557 168 112
1159 557 168 112
1329 557 253 112
1584 557 798 112
138 670 72 271
212 670 169 271
382 670 197 271
580 670 180 271
762 670 83 271
847 670 140 271
989 670 168 271
1159 670 168 271
1329 670 253 271
1584 670 798 271
138 942 72 271
212 942 169 271
382 942 197 271
580 942 180 271
762 942 83 271
847 942 140 271
989 942 168 271
1159 942 168 271
1329 942 253 271
1584 942 798 271
138 1214 2244 112
138 1328 2244 111
138 1441 1123 1529
1263 1441 1119 1529
