110 187 2878 202
110 390 2878 69
110 468 1434 43
1553 468 1435 43
110 512 49 64
160 512 198 64
359 512 55 64
416 512 55 64
472 512 56 64
529 512 56 64
586 512 55 64
642 512 113 64
756 512 186 64
943 512 601 64
1553 512 52 64
1606 512 197 64
1805 512 55 64
1861 512 56 64
1918 512 56 64
1975 512 55 64
2031 512 56 64
2088 512 112 22
2201 512 186 28
2389 512 599 64
2201 547 186 29
2088 553 112 23
110 577 49 424
160 577 198 424
359 577 55 424
416 577 55 424
472 577 56 424
529 577 56 424
586 577 55 424
642 577 113 424
756 577 186 424
943 577 601 424
1553 577 52 254
1606 577 197 254
1805 577 55 254
1861 577 56 254
1918 577 56 254
1975 577 55 254
2031 577 56 254
2088 577 112 254
2201 577 186 254
2389 577 599 254
1553 832 52 254
1606 832 197 254
1805 832 55 254
1861 832 56 254
1918 832 56 254
1975 832 55 254
2031 832 56 254
2088 832 112 254
2201 832 186 254
2389 832 599 254
110 1002 49 424
160 1002 198 424
359 1002 55 424
416 1002 55 424
472 1002 56 424
529 1002 56 424
586 1002 55 424
642 1002 113 424
756 1002 186 424
943 1002 601 424
1553 1087 52 254
1606 1087 197 254
1805 1087 55 254
1861 1087 56 254
1918 1087 56 254
1975 1087 55 254
2031 1087 56 254
2088 1087 112 254
2201 1087 186 254
2389 1087 599 254
1553 1343 52 254
1606 1343 197 254
1805 1343 55 254
1861 1343 56 254
1918 1343 56 254
1975 1343 55 254
2031 1343 56 254
2088 1343 112 254
2201 1343 186 254
2389 1343 599 254
110 1428 49 420
160 1428 198 420
359 1428 55 420
416 1428 55 420
472 1428 56 420
529 1428 56 420
586 1428 55 420
642 1428 113 420
756 1428 186 420
943 1428 601 420
1553 1598 52 254
1606 1598 197 254
1805 1598 55 254
1861 1598 56 254
1918 1598 56 254
1975 1598 55 254
2031 1598 56 254
2088 1598 112 254
2201 1598 186 254
2389 1598 599 254
1553 1853 52 254
1606 1853 197 254
1805 1853 55 254
1861 1853 56 254
1918 1853 56 254
1975 1853 55 254
2031 1853 56 254
2088 1853 112 254
2201 1853 186 254
2389 1853 599 254
110 1856 1434 44
110 1901 49 64
160 1901 198 64
359 1901 55 64
416 1901 55 64
472 1901 56 64
529 1901 56 64
586 1901 55 64
642 1901 113 64
756 1901 186 64
943 1901 601 64
110 1966 49 254
160 1966 198 254
359 1966 55 254
416 1966 55 254
472 1966 56 254
529 1966 56 254
586 1966 55 254
642 1966 113 254
756 1966 186 254
943 1966 601 254
1553 2108 52 250
1606 2108 197 250
1805 2108 55 250
1861 2108 56 250
1918 2108 56 250
1975 2108 55 250
2031 2108 56 250
2088 2108 112 250
2201 2108 186 250
2389 2108 599 250
110 2221 49 254
160 2221 198 254
359 2221 55 254
416 2221 55 254
472 2221 56 254
529 2221 56 254
586 2221 55 254
642 2221 113 254
756 2221 186 254
943 2221 601 254
1553 2367 1435 43
1553 2412 52 63
1606 2412 197 63
1805 2412 55 63
1861 2412 56 63
1918 2412 56 63
1975 2412 55 63
2031 2412 56 63
2088 2412 112 63
2201 2412 186 63
2389 2412 599 63
110 2476 49 251
160 2476 198 251
359 2476 55 251
416 2476 55 251
472 2476 56 251
529 2476 56 251
586 2476 55 251
642 2476 113 251
756 2476 186 251
943 2476 601 251
1553 2476 52 254
1606 2476 197 254
1805 2476 55 254
1861 2476 56 254
1918 2476 56 254
1975 2476 55 254
2031 2476 56 254
2088 2476 112 254
2201 2476 186 254
2389 2476 599 254
1553 2732 52 250
1606 2732 197 250
1805 2732 55 250
1861 2732 56 250
1918 2732 56 250
1975 2732 55 250
2031 2732 56 250
2088 2732 112 250
2201 2732 186 250
2389 2732 599 250
110 2735 1434 44
110 2780 49 64
160 2780 198 64
359 2780 55 64
416 2780 55 64
472 2780 56 64
529 2780 56 64
586 2780 55 64
642 2780 113 64
756 2780 186 64
943 2780 601 64
110 2845 49 254
160 2845 198 254
359 2845 55 254
416 2845 55 254
472 2845 56 254
529 2845 56 254
586 2845 55 254
642 2845 113 254
756 2845 186 254
943 2845 601 254
1553 2990 1435 44
1553 3035 52 64
1606 3035 197 64
1805 3035 55 64
1861 3035 56 64
1918 3035 56 64
1975 3035 55 64
2031 3035 56 64
2088 3035 112 64
2201 3035 186 64
2389 3035 599 64
110 3100 49 254
160 3100 198 254
359 3100 55 254
416 3100 55 254
472 3100 56 254
529 3100 56 254
586 3100 55 254
642 3100 113 254
756 3100 186 254
943 3100 601 254
1553 3100 52 250
1606 3100 197 250
1805 3100 55 250
1861 3100 56 250
1918 3100 56 250
1975 3100 55 250
2031 3100 56 250
2088 3100 112 250
2201 3100 186 250
2389 3100 599 250
110 3355 49 250
160 3355 198 250
359 3355 55 250
416 3355 55 250
472 3355 56 250
529 3355 56 250
586 3355 55 250
642 3355 113 250
756 3355 186 250
943 3355 601 250
1553 3359 1435 44
1553 3404 52 63
1606 3404 197 63
1805 3404 55 63
1861 3404 56 63
1918 3404 56 63
1975 3404 55 63
2031 3404 56 63
2088 3404 112 63
2201 3404 186 63
2389 3404 599 63
1553 3469 52 250
1606 3469 197 250
1805 3469 55 250
1861 3469 56 250
1918 3469 56 250
1975 3469 55 250
2031 3469 56 250
2088 3469 112 250
2201 3469 186 250
2389 3469 599 250
110 3614 1434 44
110 3659 49 63
160 3659 198 63
359 3659 55 63
416 3659 55 63
472 3659 56 63
529 3659 56 63
586 3659 55 63
642 3659 113 63
756 3659 186 63
943 3659 601 63
110 3724 49 250
160 3724 198 250
359 3724 55 250
416 3724 55 250
472 3724 56 250
529 3724 56 250
586 3724 55 250
642 3724 113 250
756 3724 186 250
943 3724 601 250
1553 3727 1435 44
1553 3772 52 64
1606 3772 197 64
1805 3772 55 64
1861 3772 56 64
1918 3772 56 64
1975 3772 55 64
2031 3772 56 64
2088 3772 112 64
2201 3772 186 64
2389 3772 599 64
1553 3837 52 250
1606 3837 197 250
1805 3837 55 250
1861 3837 56 250
1918 3837 56 250
1975 3837 55 250
2031 3837 56 250
2088 3837 112 250
2201 3837 186 250
2389 3837 599 250
110 3982 1434 386
1553 4096 1435 272
