15 228 3451 423
15 653 3451 197
15 857 3451 66
15 925 55 49
72 925 197 49
271 925 100 49
373 925 100 49
475 925 55 49
531 925 101 49
633 925 101 49
735 925 214 49
951 925 242 49
1195 925 2271 49
15 976 55 225
271 976 100 225
373 976 100 225
475 976 55 225
531 976 101 225
633 976 101 225
735 976 214 225
951 976 242 225
1195 976 2271 225
72 1033 36 36
233 1035 36 31
72 1069 35 106
237 1072 32 109
15 1203 55 225
271 1203 100 225
373 1203 100 225
475 1203 55 225
531 1203 101 225
633 1203 101 225
735 1203 214 225
951 1203 242 225
1195 1203 2271 225
228 1260 41 129
72 1275 41 79
15 1430 55 225
270 1430 101 225
373 1430 100 225
475 1430 55 225
531 1430 101 225
633 1430 101 225
735 1430 214 225
951 1430 242 225
1195 1430 2271 225
225 1484 44 93
72 1486 40 92
15 1662 1722 66
1744 1662 1722 66
15 1730 55 49
72 1730 197 49
270 1730 101 49
373 1730 100 49
475 1730 55 49
531 1730 101 49
633 1730 101 49
735 1730 214 49
951 1730 242 49
1195 1730 542 49
1744 1730 55 49
1801 1730 197 49
2000 1730 100 49
2102 1730 100 49
2204 1730 55 49
2260 1730 101 49
2362 1730 101 49
2464 1730 214 49
2680 1730 242 49
2924 1730 542 49
15 1781 55 225
270 1781 101 225
373 1781 100 225
475 1781 55 225
531 1781 101 225
633 1781 101 225
735 1781 214 225
951 1781 242 225
1195 1781 542 225
1744 1781 55 225
2000 1781 100 225
2102 1781 100 225
2204 1781 55 225
2260 1781 101 225
2362 1781 101 225
2464 1781 214 225
2680 1781 242 225
2924 1781 542 225
1956 1830 42 32
1801 1834 40 29
235 1855 34 120
72 1867 23 116
1801 1868 37 109
1960 1869 38 103
1975 1976 23 24
15 2008 55 225
270 2008 101 225
373 2008 100 225
475 2008 55 225
531 2008 101 225
633 2008 101 225
735 2008 214 225
951 2008 242 225
1195 2008 542 225
1744 2013 1722 67
223 2066 46 26
1744 2081 55 50
1801 2081 197 50
2000 2081 100 50
2102 2081 100 50
2204 2081 55 50
2260 2081 101 50
2362 2081 101 50
2464 2081 214 50
2680 2081 242 50
2924 2081 542 50
224 2092 45 27
225 2119 44 22
1744 2132 55 226
2000 2132 100 226
2102 2132 100 226
2204 2132 55 226
2260 2132 101 226
2362 2132 101 226
2464 2132 214 226
2680 2132 242 226
2924 2132 542 226
1801 2180 42 108
1957 2188 41 105
15 2235 55 225
270 2235 101 225
373 2235 100 225
475 2235 55 225
531 2235 101 225
633 2235 101 225
735 2235 214 225
951 2235 242 225
1195 2235 542 225
72 2303 27 110
234 2305 35 99
1744 2359 55 225
2000 2359 100 225
2102 2359 100 225
2204 2359 55 225
2260 2359 101 225
2362 2359 101 225
2464 2359 214 225
2680 2359 242 225
2924 2359 542 225
1953 2414 45 27
1957 2445 41 73
1801 2446 41 74
15 2461 55 225
270 2461 101 225
373 2461 100 225
475 2461 55 225
531 2461 101 225
633 2461 101 225
735 2461 214 225
951 2461 242 225
1195 2461 542 225
225 2514 44 117
72 2515 39 118
1744 2592 1722 66
1744 2660 55 49
1801 2660 197 49
2000 2660 100 49
2102 2660 100 49
2204 2660 55 49
2260 2660 101 49
2362 2660 101 49
2464 2660 214 49
2680 2660 242 49
2924 2660 542 49
15 2688 55 225
270 2688 101 225
373 2688 100 225
475 2688 55 225
531 2688 101 225
633 2688 101 225
735 2688 214 225
951 2688 242 225
1195 2688 542 225
1744 2711 55 225
2000 2711 100 225
2102 2711 100 225
2204 2711 55 225
2260 2711 101 225
2362 2711 101 225
2464 2711 214 225
2680 2711 242 225
2924 2711 542 225
218 2739 51 24
1961 2761 37 106
72 2764 41 81
223 2764 46 81
1801 2769 39 98
15 2921 1722 66
1744 2943 1722 67
15 2989 55 49
72 2989 197 49
271 2989 100 49
373 2989 100 49
475 2989 55 49
531 2989 101 49
633 2989 101 49
735 2989 214 49
951 2989 242 49
1195 2989 542 49
1744 3011 55 50
1801 3011 197 50
2000 3011 100 50
2102 3011 100 50
2204 3011 55 50
2260 3011 101 50
2362 3011 101 50
2464 3011 214 50
2680 3011 242 50
2924 3011 542 50
15 3040 55 225
72 3040 197 198
270 3040 101 225
373 3040 100 225
475 3040 55 225
531 3040 101 225
633 3040 101 225
735 3040 214 225
951 3040 242 225
1195 3040 542 225
1744 3062 55 225
2000 3062 100 225
2102 3062 100 225
2204 3062 55 225
2260 3062 101 225
2362 3062 101 225
2464 3062 214 225
2680 3062 242 225
2924 3062 542 225
1801 3131 36 22
1967 3169 31 69
1801 3189 29 50
15 3266 55 225
270 3266 101 225
373 3266 100 225
475 3266 55 225
531 3266 101 225
633 3266 101 225
735 3266 214 225
951 3266 242 225
1195 3266 542 225
1744 3289 55 225
2000 3289 100 225
2102 3289 100 225
2204 3289 55 225
2260 3289 101 225
2362 3289 101 225
2464 3289 214 225
2680 3289 242 225
2924 3289 542 225
72 3318 42 38
233 3321 36 33
72 3361 34 94
242 3364 27 92
1801 3366 41 88
1956 3366 42 90
15 3499 1722 66
1744 3516 55 225
2000 3516 100 225
2102 3516 100 225
2204 3516 55 225
2260 3516 101 225
2362 3516 101 225
2464 3516 214 225
2680 3516 242 225
2924 3516 542 225
15 3567 55 49
72 3567 197 49
271 3567 100 49
373 3567 100 49
475 3567 55 49
531 3567 101 49
633 3567 101 49
735 3567 214 49
951 3567 242 49
1195 3567 542 49
1801 3569 31 118
1958 3575 40 107
15 3618 55 225
270 3618 101 225
373 3618 100 225
475 3618 55 225
531 3618 101 225
633 3618 101 225
735 3618 214 225
951 3618 242 225
1195 3618 542 225
1744 3748 1723 901
15 3850 1722 67
15 3918 55 50
72 3918 197 50
271 3918 100 50
373 3918 100 50
475 3918 55 50
531 3918 101 50
633 3918 101 50
735 3918 214 50
951 3918 242 50
1195 3918 542 50
15 3969 55 225
270 3969 101 225
373 3969 100 225
475 3969 55 225
531 3969 101 225
633 3969 101 225
735 3969 214 225
951 3969 242 225
1195 3969 542 225
15 4196 55 225
270 4196 101 225
373 4196 100 225
475 4196 55 225
531 4196 101 225
633 4196 101 225
735 4196 214 225
951 4196 242 225
1195 4196 542 225
72 4246 37 115
221 4250 48 26
223 4279 46 79
241 4365 28 35
15 4428 1729 221
