8 8 1486 136
8 145 1486 121
8 267 50 151
60 267 151 151
212 267 60 151
273 267 60 151
334 267 60 151
395 267 60 151
456 267 60 151
517 267 182 151
700 267 291 151
993 267 501 151
8 420 50 242
212 420 60 242
273 420 60 242
334 420 60 242
395 420 60 242
456 420 60 242
517 420 182 242
700 420 291 242
993 420 501 242
186 480 25 21
60 499 22 78
187 501 24 73
8 664 50 242
60 664 151 26
212 664 60 242
273 664 60 242
334 664 60 242
395 664 60 242
456 664 60 242
517 664 182 242
700 664 291 242
993 664 501 242
187 731 24 24
60 733 23 97
189 756 22 66
8 908 50 242
60 908 151 33
212 908 60 242
273 908 60 242
334 908 60 242
395 908 60 242
456 908 60 242
517 908 182 242
700 908 291 242
993 908 501 242
60 986 23 33
8 1152 1486 983
