8 8 1486 136
8 145 1486 121
8 267 50 112
60 267 151 112
212 267 60 112
273 267 51 112
326 267 51 112
378 267 51 112
431 267 51 112
484 267 156 112
642 267 250 112
894 267 600 112
8 381 50 262
60 381 151 217
212 381 60 262
273 381 51 262
326 381 51 262
378 381 51 262
431 381 51 262
484 381 156 262
642 381 250 262
894 381 600 262
60 598 149 45
8 644 50 262
60 644 151 26
212 644 60 262
273 644 51 262
326 644 51 262
378 644 51 262
431 644 51 262
484 644 156 262
642 644 250 262
894 644 600 262
8 908 1486 1227
