14 88 2877 333
14 422 2877 222
14 653 1434 96
1457 653 1434 96
14 750 71 153
86 750 56 153
143 750 197 153
342 750 55 153
398 750 56 153
455 750 56 153
512 750 55 153
568 750 56 153
625 750 112 153
738 750 186 153
926 750 522 153
1457 750 74 153
1532 750 56 153
1589 750 197 153
1787 750 56 153
1844 750 56 153
1901 750 55 153
1957 750 56 153
2014 750 56 153
2071 750 112 153
2184 750 186 153
2371 750 520 153
14 904 71 1809
86 904 56 452
143 904 197 452
342 904 55 452
398 904 56 452
455 904 56 452
512 904 55 452
568 904 56 452
625 904 112 452
738 904 186 452
926 904 522 452
1457 904 74 449
1532 904 56 449
1589 904 197 449
1787 904 56 449
1844 904 56 449
1901 904 55 449
1957 904 56 449
2014 904 56 449
2071 904 112 449
2184 904 186 449
2371 904 520 449
86 1358 56 452
143 1358 197 452
342 1358 55 452
398 1358 56 452
455 1358 56 452
512 1358 55 452
568 1358 56 452
625 1358 112 452
738 1358 186 452
926 1358 522 452
1457 1361 1434 96
1457 1458 74 154
1532 1458 56 154
1589 1458 197 154
1787 1458 56 154
1844 1458 56 154
1901 1458 55 154
1957 1458 56 154
2014 1458 56 154
2071 1458 112 154
2184 1458 186 154
2371 1458 520 154
1457 1613 74 902
1532 1613 56 452
1589 1613 197 452
1787 1613 56 452
1844 1613 56 452
1901 1613 55 452
1957 1613 56 452
2014 1613 56 452
2071 1613 112 452
2184 1613 186 452
2371 1613 520 452
86 1811 56 453
143 1811 197 453
342 1811 55 453
398 1811 56 453
455 1811 56 453
512 1811 55 453
568 1811 56 453
625 1811 112 453
738 1811 186 453
926 1811 522 453
1532 2066 56 449
1589 2066 197 449
1787 2066 56 449
1844 2066 56 449
1901 2066 55 449
1957 2066 56 449
2014 2066 56 449
2071 2066 112 449
2184 2066 186 449
2371 2066 520 449
86 2265 56 448
143 2265 197 448
342 2265 55 448
398 2265 56 448
455 2265 56 448
512 2265 55 448
568 2265 56 448
625 2265 112 448
738 2265 186 448
926 2265 522 448
1457 2523 1434 96
1457 2621 74 153
1532 2621 56 153
1589 2621 197 153
1787 2621 56 153
1844 2621 56 153
1901 2621 55 153
1957 2621 56 153
2014 2621 56 153
2071 2621 112 153
2184 2621 186 153
2371 2621 520 153
14 2722 1434 96
1457 2775 74 449
1532 2775 56 449
1589 2775 197 449
1787 2775 56 449
1844 2775 56 449
1901 2775 55 449
1957 2775 56 449
2014 2775 56 449
2071 2775 112 449
2184 2775 186 449
2371 2775 520 449
14 2819 71 153
86 2819 56 153
143 2819 197 153
342 2819 55 153
398 2819 56 153
455 2819 56 153
512 2819 55 153
568 2819 56 153
625 2819 112 153
738 2819 186 153
926 2819 522 153
14 2973 71 449
86 2973 56 449
143 2973 197 449
342 2973 55 449
398 2973 56 449
455 2973 56 449
512 2973 55 449
568 2973 56 449
625 2973 112 449
738 2973 186 449
926 2973 522 449
1457 3232 1434 896
14 3431 1434 95
14 3528 71 153
86 3528 56 153
143 3528 197 153
342 3528 55 153
398 3528 56 153
455 3528 56 153
512 3528 55 153
568 3528 56 153
625 3528 112 153
738 3528 186 153
926 3528 522 153
14 3682 71 446
86 3682 56 446
143 3682 197 446
342 3682 55 446
398 3682 56 446
455 3682 56 446
512 3682 55 446
568 3682 56 446
625 3682 112 446
738 3682 186 446
926 3682 522 446
