14 88 2877 277
14 366 2877 193
14 568 1434 95
1457 568 1434 95
14 665 71 153
86 665 56 153
143 665 197 153
342 665 55 153
398 665 56 153
455 665 56 153
512 665 55 153
568 665 56 153
625 665 112 153
738 665 186 153
926 665 522 153
1457 665 74 153
1532 665 56 153
1589 665 197 153
1787 665 56 153
1844 665 56 153
1901 665 55 153
1957 665 56 153
2014 665 56 153
2071 665 112 153
2184 665 186 153
2371 665 520 153
14 819 71 846
86 819 56 424
143 819 197 424
342 819 55 424
398 819 56 424
455 819 56 424
512 819 55 424
568 819 56 424
625 819 112 424
738 819 186 424
926 819 522 424
1457 819 74 420
1532 819 56 420
1589 819 197 420
1787 819 56 420
1844 819 56 420
1901 819 55 420
1957 819 56 420
2014 819 56 420
2071 819 112 420
2184 819 186 420
2371 819 520 420
86 1244 56 421
143 1244 197 421
342 1244 55 421
398 1244 56 421
455 1244 56 421
512 1244 55 421
568 1244 56 421
625 1244 112 421
738 1244 186 421
926 1244 522 421
1457 1248 1434 96
1457 1345 74 153
1532 1345 56 153
1589 1345 197 153
1787 1345 56 153
1844 1345 56 153
1901 1345 55 153
1957 1345 56 153
2014 1345 56 153
2071 1345 112 153
2184 1345 186 153
2371 1345 520 153
1457 1499 74 421
1532 1499 56 421
1589 1499 197 421
1787 1499 56 421
1844 1499 56 421
1901 1499 55 421
1957 1499 56 421
2014 1499 56 421
2071 1499 112 421
2184 1499 186 421
2371 1499 520 421
14 1673 1434 96
14 1770 71 153
86 1770 56 153
143 1770 197 153
342 1770 55 153
398 1770 56 153
455 1770 56 153
512 1770 55 153
568 1770 56 153
625 1770 112 153
738 1770 186 153
926 1770 522 153
14 1925 71 420
86 1925 56 420
143 1925 197 420
342 1925 55 420
398 1925 56 420
455 1925 56 420
512 1925 55 420
568 1925 56 420
625 1925 112 420
738 1925 186 420
926 1925 522 420
1457 1928 1434 96
1457 2025 74 154
1532 2025 56 154
1589 2025 197 154
1787 2025 56 154
1844 2025 56 154
1901 2025 55 154
1957 2025 56 154
2014 2025 56 154
2071 2025 112 154
2184 2025 186 154
2371 2025 520 154
1457 2180 74 845
1532 2180 56 424
1589 2180 197 424
1787 2180 56 424
1844 2180 56 424
1901 2180 55 424
1957 2180 56 424
2014 2180 56 424
2071 2180 112 424
2184 2180 186 424
2371 2180 520 424
14 2353 1434 96
14 2450 71 154
86 2450 56 154
143 2450 197 154
342 2450 55 154
398 2450 56 154
455 2450 56 154
512 2450 55 154
568 2450 56 154
625 2450 112 154
738 2450 186 154
926 2450 522 154
14 2605 71 420
86 2605 56 420
143 2605 197 420
342 2605 55 420
398 2605 56 420
455 2605 56 420
512 2605 55 420
568 2605 56 420
625 2605 112 420
738 2605 186 420
926 2605 522 420
1532 2605 56 420
1589 2605 197 420
1787 2605 56 420
1844 2605 56 420
1901 2605 55 420
1957 2605 56 420
2014 2605 56 420
2071 2605 112 420
2184 2605 186 420
2371 2605 520 420
14 3034 2877 1094
