14 88 2877 214
14 303 2877 114
14 426 1433 52
1456 426 1435 52
14 479 71 67
86 479 56 67
143 479 197 67
342 479 55 67
398 479 56 67
455 479 56 67
512 479 55 67
568 479 56 67
625 479 112 67
738 479 186 67
926 479 521 67
1456 479 75 67
1532 479 56 67
1589 479 197 67
1787 479 56 67
1844 479 56 67
1901 479 55 67
1957 479 56 67
2014 479 56 67
2071 479 112 67
2184 479 186 67
2371 479 520 67
14 547 71 279
86 547 56 279
143 547 197 279
342 547 55 279
398 547 56 279
455 547 56 279
512 547 55 279
568 547 56 279
625 547 112 279
738 547 186 279
926 547 521 279
1456 547 75 845
1532 547 56 282
1589 547 197 282
1787 547 56 282
1844 547 56 282
1901 547 55 282
1957 547 56 282
2014 547 56 282
2071 547 112 282
2184 547 186 282
2371 547 520 282
1532 830 56 283
1589 830 197 283
1787 830 56 283
1844 830 56 283
1901 830 55 283
1957 830 56 283
2014 830 56 283
2071 830 112 283
2184 830 186 283
2371 830 520 283
14 834 1433 52
14 887 71 67
86 887 56 67
143 887 197 67
342 887 55 67
398 887 56 67
455 887 56 67
512 887 55 67
568 887 56 67
625 887 112 67
738 887 186 67
926 887 521 67
14 955 71 279
86 955 56 279
143 955 197 279
342 955 55 279
398 955 56 279
455 955 56 279
512 955 55 279
568 955 56 279
625 955 112 279
738 955 186 279
926 955 521 279
1532 1114 56 278
1589 1114 197 278
1787 1114 56 278
1844 1114 56 278
1901 1114 55 278
1957 1114 56 278
2014 1114 56 278
2071 1114 112 278
2184 1114 186 278
2371 1114 520 278
14 1242 1433 52
14 1295 71 67
86 1295 56 67
143 1295 197 67
342 1295 55 67
398 1295 56 67
455 1295 56 67
512 1295 55 67
568 1295 56 67
625 1295 112 67
738 1295 186 67
926 1295 521 67
14 1363 71 562
86 1363 56 283
143 1363 197 283
342 1363 55 283
398 1363 56 283
455 1363 56 283
512 1363 55 283
568 1363 56 283
625 1363 112 283
738 1363 186 283
926 1363 521 283
1456 1401 1435 52
1456 1454 75 67
1532 1454 56 67
1589 1454 197 67
1787 1454 56 67
1844 1454 56 67
1901 1454 55 67
1957 1454 56 67
2014 1454 56 67
2071 1454 112 67
2184 1454 186 67
2371 1454 520 67
1456 1522 75 279
1532 1522 56 279
1589 1522 197 279
1787 1522 56 279
1844 1522 56 279
1901 1522 55 279
1957 1522 56 279
2014 1522 56 279
2071 1522 112 279
2184 1522 186 279
2371 1522 520 279
86 1647 56 278
143 1647 197 278
342 1647 55 278
398 1647 56 278
455 1647 56 278
512 1647 55 278
568 1647 56 278
625 1647 112 278
738 1647 186 278
926 1647 521 278
1456 1809 1435 52
1456 1862 75 67
1532 1862 56 67
1589 1862 197 67
1787 1862 56 67
1844 1862 56 67
1901 1862 55 67
1957 1862 56 67
2014 1862 56 67
2071 1862 112 67
2184 1862 186 67
2371 1862 520 67
1456 1930 74 846
1531 1930 56 283
1588 1930 197 283
1787 1930 55 283
1843 1930 56 283
1900 1930 56 283
1957 1930 55 283
2013 1930 56 283
2070 1930 112 283
2183 1930 186 283
2370 1930 521 283
14 1934 1433 52
14 1987 71 67
86 1987 56 67
143 1987 197 67
342 1987 55 67
398 1987 56 67
455 1987 56 67
512 1987 55 67
568 1987 56 67
625 1987 112 67
738 1987 186 67
926 1987 521 67
14 2055 71 1412
86 2055 55 282
142 2055 198 282
341 2055 55 282
398 2055 55 282
454 2055 56 282
511 2055 56 282
568 2055 55 282
624 2055 113 282
738 2055 186 282
925 2055 522 282
1531 2214 56 282
1588 2214 197 282
1787 2214 55 282
1843 2214 56 282
1900 2214 56 282
1957 2214 55 282
2013 2214 56 282
2070 2214 112 282
2183 2214 186 282
2370 2214 521 282
86 2338 55 283
142 2338 198 283
341 2338 55 283
398 2338 55 283
454 2338 56 283
511 2338 56 283
568 2338 55 283
624 2338 113 283
738 2338 186 283
925 2338 522 283
1531 2497 56 279
1588 2497 197 279
1787 2497 55 279
1843 2497 56 279
1900 2497 56 279
1957 2497 55 279
2013 2497 56 279
2070 2497 112 279
2183 2497 186 279
2370 2497 521 279
86 2622 55 282
142 2622 198 282
341 2622 55 282
398 2622 55 282
454 2622 56 282
511 2622 56 282
568 2622 55 282
624 2622 113 282
738 2622 186 282
925 2622 522 282
1456 2784 1435 52
1456 2837 75 67
1532 2837 56 67
1589 2837 197 67
1787 2837 56 67
1844 2837 56 67
1901 2837 55 67
1957 2837 56 67
2014 2837 56 67
2071 2837 112 67
2184 2837 186 67
2371 2837 520 67
86 2905 55 283
142 2905 198 283
341 2905 55 283
398 2905 55 283
454 2905 56 283
511 2905 56 283
568 2905 55 283
624 2905 113 283
738 2905 186 283
925 2905 522 283
1456 2905 74 279
1531 2905 56 279
1588 2905 197 279
1787 2905 55 279
1843 2905 56 279
1900 2905 56 279
1957 2905 55 279
2013 2905 56 279
2070 2905 112 279
2183 2905 186 279
2370 2905 521 279
86 3189 55 278
142 3189 198 278
341 3189 55 278
398 3189 55 278
454 3189 56 278
511 3189 56 278
568 3189 55 278
624 3189 113 278
738 3189 186 278
925 3189 522 278
1456 3192 1435 52
1456 3245 75 67
1532 3245 56 67
1589 3245 197 67
1787 3245 56 67
1844 3245 56 67
1901 3245 55 67
1957 3245 56 67
2014 3245 56 67
2071 3245 112 67
2184 3245 186 67
2371 3245 520 67
1456 3313 74 563
1531 3314 56 282
1588 3314 197 282
1787 3314 55 282
1843 3314 56 282
1900 3314 56 282
1957 3314 55 282
2013 3314 56 282
2070 3314 112 282
2183 3314 186 282
2370 3314 521 282
14 3476 1433 52
14 3529 71 67
86 3529 56 67
143 3529 197 67
342 3529 55 67
398 3529 56 67
455 3529 56 67
512 3529 55 67
568 3529 56 67
625 3529 112 67
738 3529 186 67
926 3529 521 67
14 3597 71 279
86 3597 55 279
142 3597 198 279
341 3597 55 279
398 3597 55 279
454 3597 56 279
511 3597 56 279
568 3597 55 279
624 3597 113 279
738 3597 186 279
925 3597 522 279
1531 3597 56 279
1588 3597 197 279
1787 3597 55 279
1843 3597 56 279
1900 3597 56 279
1957 3597 55 279
2013 3597 56 279
2070 3597 112 279
2183 3597 186 279
2370 3597 521 279
14 3884 2877 244
