8 8 1601 132
8 142 1601 128
8 272 51 167
61 272 168 167
231 272 64 167
297 272 63 167
362 272 64 167
428 272 63 167
493 272 63 167
558 272 206 167
766 272 292 167
1060 272 549 167
8 441 51 339
61 441 168 75
231 441 64 339
297 441 63 339
362 441 64 339
428 441 63 339
493 441 63 339
558 441 206 339
766 441 292 339
1060 441 549 339
61 558 26 110
201 576 28 84
94 711 28 69
188 711 41 69
8 782 51 335
61 782 168 335
231 782 64 335
297 782 63 335
362 782 64 335
428 782 63 335
493 782 63 335
558 782 206 335
766 782 292 335
1060 782 549 335
8 1125 1601 1194
