14 89 2877 305
14 395 2877 165
14 569 1434 104
1456 569 1435 104
14 674 71 145
86 674 56 145
143 674 197 145
342 674 55 145
398 674 56 145
455 674 56 145
512 674 55 145
568 674 56 145
625 674 112 145
738 674 186 145
926 674 522 145
1456 674 75 145
1532 674 56 145
1589 674 197 145
1787 674 56 145
1844 674 56 145
1901 674 55 145
1957 674 56 145
2014 674 56 145
2071 674 112 145
2184 674 186 145
2371 674 520 145
14 820 71 1866
87 820 55 622
143 820 197 622
342 820 55 622
398 820 56 622
455 820 56 622
512 820 55 622
568 820 56 622
625 820 112 622
738 820 186 622
926 820 522 622
1456 820 75 732
1532 820 56 367
1589 820 197 367
1787 820 56 367
1844 820 56 367
1901 820 55 367
1957 820 56 367
2014 820 56 367
2071 820 112 367
2184 820 186 367
2371 820 520 367
1532 1189 56 363
1589 1189 197 363
1787 1189 56 363
1844 1189 56 363
1901 1189 55 363
1957 1189 56 363
2014 1189 56 363
2071 1189 112 363
2184 1189 186 363
2371 1189 520 363
87 1444 55 622
143 1444 197 622
342 1444 55 622
398 1444 56 622
455 1444 56 622
512 1444 55 622
568 1444 56 622
625 1444 112 622
738 1444 186 622
926 1444 522 622
1456 1561 1435 104
1456 1666 75 145
1532 1666 56 145
1589 1666 197 145
1787 1666 56 145
1844 1666 56 145
1901 1666 55 145
1957 1666 56 145
2014 1666 56 145
2071 1666 112 145
2184 1666 186 145
2371 1666 520 145
1456 1812 75 878
1532 1812 56 368
1589 1812 197 368
1787 1812 56 368
1844 1812 56 368
1901 1812 55 368
1957 1812 56 368
2014 1812 56 368
2071 1812 112 368
2184 1812 186 368
2371 1812 520 368
87 2067 55 619
143 2067 197 619
342 2067 55 619
398 2067 56 619
455 2067 56 619
512 2067 55 619
568 2067 56 619
625 2067 112 619
738 2067 186 619
926 2067 522 619
1532 2181 56 367
1589 2181 197 367
1787 2181 56 367
1844 2181 56 367
1901 2181 55 367
1957 2181 56 367
2014 2181 56 367
2071 2181 112 367
2184 2181 186 367
2371 2181 520 367
1532 2549 56 364
1589 2549 197 364
1787 2549 56 364
1844 2549 56 364
1901 2549 55 364
1957 2549 56 364
2014 2549 56 364
2071 2549 112 364
2184 2549 186 364
2371 2549 520 364
1457 2690 74 223
14 2695 1434 104
14 2800 71 145
86 2800 56 145
143 2800 197 145
342 2800 55 145
398 2800 56 145
455 2800 56 145
512 2800 55 145
568 2800 56 145
625 2800 112 145
738 2800 186 145
926 2800 522 145
1456 2921 1435 105
14 2946 71 1101
86 2946 56 367
143 2946 197 367
342 2946 55 367
398 2946 56 367
455 2946 56 367
512 2946 55 367
568 2946 56 367
625 2946 112 367
738 2946 186 367
926 2946 522 367
1456 3027 75 145
1532 3027 56 145
1589 3027 197 145
1787 3027 56 145
1844 3027 56 145
1901 3027 55 145
1957 3027 56 145
2014 3027 56 145
2071 3027 112 145
2184 3027 186 145
2371 3027 520 145
1456 3173 75 732
1532 3173 56 367
1589 3173 197 367
1787 3173 56 367
1844 3173 56 367
1901 3173 55 367
1957 3173 56 367
2014 3173 56 367
2071 3173 112 367
2184 3173 186 367
2371 3173 520 367
86 3314 56 368
143 3314 197 368
342 3314 55 368
398 3314 56 368
455 3314 56 368
512 3314 55 368
568 3314 56 368
625 3314 112 368
738 3314 186 368
926 3314 522 368
1532 3541 56 364
1589 3541 197 364
1787 3541 56 364
1844 3541 56 364
1901 3541 55 364
1957 3541 56 364
2014 3541 56 364
2071 3541 112 364
2184 3541 186 364
2371 3541 520 364
86 3683 56 364
143 3683 197 364
342 3683 55 364
398 3683 56 364
455 3683 56 364
512 3683 55 364
568 3683 56 364
625 3683 112 364
738 3683 186 364
926 3683 522 364
1456 3913 1435 137
1457 4050 1434 79
14 4055 1434 74
