50 91 1603 132
50 225 1603 128
50 355 52 167
104 355 168 167
274 355 64 167
340 355 63 167
405 355 64 167
471 355 63 167
536 355 63 167
601 355 206 167
809 355 292 167
1103 355 550 167
50 524 52 339
104 524 168 67
274 524 64 339
340 524 63 339
405 524 64 339
471 524 63 339
536 524 63 339
601 524 206 339
809 524 292 339
1103 524 550 339
104 658 34 28
104 792 168 71
50 865 52 338
104 865 168 338
274 865 64 338
340 865 63 338
405 865 64 338
471 865 63 338
536 865 63 338
601 865 206 338
809 865 292 338
1103 865 550 338
50 1205 52 335
104 1205 168 72
274 1205 64 335
340 1205 63 335
405 1205 64 335
471 1205 63 335
536 1205 63 335
601 1205 206 335
809 1205 292 335
1103 1205 550 335
104 1347 28 22
104 1479 168 61
50 1548 1603 1194
